Total frames 464
Number of Targets 29
Target 1 (frames from 1 to 140)
Bounding Boxes (frame, x, y, width, height)
1	522	201	44	89
2	521	201	44	89
3	520	202	45	90
4	519	203	45	90
5	518	203	45	90
6	517	204	45	91
7	516	204	45	91
8	515	205	46	92
9	514	205	46	92
10	513	206	46	93
11	512	206	46	93
12	510	206	47	94
13	509	206	47	94
14	508	206	47	95
15	507	206	47	95
16	506	206	48	96
17	505	206	48	97
18	504	205	48	97
19	503	205	49	98
20	502	205	49	99
21	501	205	50	100
22	500	204	50	101
23	498	204	50	101
24	497	204	51	102
25	495	203	51	103
26	493	203	52	104
27	492	202	52	105
28	490	201	53	107
29	488	201	54	108
30	486	200	54	109
31	484	199	55	110
32	482	198	55	111
33	481	198	56	112
34	479	197	56	112
35	477	196	56	113
36	476	195	57	114
37	474	194	57	115
38	472	194	58	116
39	470	193	58	116
40	468	192	58	117
41	466	192	58	117
42	465	192	58	117
43	463	192	59	118
44	461	191	59	118
45	459	191	59	119
46	457	190	60	120
47	455	190	60	121
48	453	189	61	122
49	451	189	61	123
50	449	189	62	124
51	447	188	63	126
52	445	188	63	127
53	443	187	64	129
54	441	186	65	130
55	439	186	66	132
56	437	185	66	133
57	435	184	67	135
58	433	184	68	136
59	431	183	68	137
60	430	183	69	138
61	428	182	70	140
62	426	182	70	141
63	425	181	71	142
64	423	181	71	143
65	422	182	72	144
66	420	182	72	145
67	419	183	73	146
68	419	184	73	147
69	418	184	74	148
70	417	185	74	149
71	416	184	75	151
72	416	184	77	154
73	415	183	78	156
74	415	182	79	159
75	414	181	81	162
76	414	179	82	165
77	413	178	84	168
78	413	176	85	171
79	413	175	87	174
80	412	174	88	177
81	412	173	90	180
82	412	173	91	183
83	412	174	92	185
84	412	175	93	186
85	412	176	94	188
86	413	177	94	189
87	413	178	95	191
88	413	178	97	194
89	413	178	98	197
90	414	178	100	200
91	414	178	101	203
92	415	177	103	206
93	416	177	104	208
94	417	177	105	211
95	418	177	106	213
96	419	177	107	215
97	421	177	108	217
98	423	177	109	219
99	425	178	109	219
100	428	178	110	220
101	431	179	109	219
102	434	180	109	219
103	437	181	109	219
104	440	181	110	220
105	443	181	110	221
106	446	181	111	223
107	448	180	113	226
108	452	179	114	228
109	455	178	115	231
110	458	178	116	233
111	462	178	117	235
112	466	178	118	237
113	470	178	119	238
114	475	178	120	240
115	480	178	121	242
116	486	179	121	243
117	491	179	122	244
118	497	179	123	246
119	503	179	123	247
120	509	179	124	248
121	515	179	125	250
122	521	178	126	252
123	526	177	127	255
124	532	175	129	258
125	538	173	130	261
126	544	172	131	263
127	551	171	132	265
128	557	170	133	267
129	563	170	134	268
130	570	170	134	269
131	577	170	135	270
132	584	170	135	271
133	591	170	136	273
134	599	170	137	274
135	606	170	137	275
136	614	170	138	276
137	622	170	138	277
138	631	170	139	278
139	639	170	139	278
140	648	170	139	279
3D Trajetory (frame, x, z, height, pose)
1	2.76	9.06	1.65	2.00
2	2.75	9.05	1.62	2.00
3	2.75	9.06	1.62	2.00
4	2.74	8.99	1.62	2.00
5	2.72	8.93	1.64	2.00
6	2.73	8.92	1.64	2.00
7	2.72	8.88	1.65	2.00
8	2.73	8.86	1.65	2.00
9	2.72	8.81	1.66	2.00
10	2.72	8.80	1.64	2.00
11	2.69	8.74	1.64	2.00
12	2.67	8.68	1.65	2.00
13	2.68	8.66	1.66	2.00
14	2.67	8.62	1.67	2.00
15	2.66	8.57	1.67	2.00
16	2.66	8.52	1.68	2.00
17	2.66	8.48	1.68	2.00
18	2.66	8.43	1.69	2.00
19	2.68	8.45	1.68	2.00
20	2.68	8.41	1.69	2.00
21	2.67	8.37	1.68	2.00
22	2.67	8.33	1.70	2.00
23	2.65	8.26	1.71	2.00
24	2.65	8.22	1.73	2.00
25	2.64	8.17	1.73	2.00
26	2.64	8.10	1.75	2.00
27	2.63	8.04	1.76	2.00
28	2.62	7.99	1.76	2.00
29	2.62	7.97	1.75	2.00
30	2.63	7.89	1.75	2.00
31	2.62	7.84	1.76	2.00
32	2.61	7.78	1.77	2.00
33	2.60	7.71	1.77	2.00
34	2.59	7.62	1.79	2.00
35	2.58	7.53	1.79	2.00
36	2.57	7.47	1.79	2.00
37	2.57	7.42	1.77	2.00
38	2.58	7.43	1.76	2.00
39	2.58	7.40	1.77	2.00
40	2.56	7.34	1.79	2.00
41	2.56	7.28	1.79	2.00
42	2.55	7.27	1.79	2.00
43	2.56	7.25	1.79	2.00
44	2.58	7.30	1.79	2.00
45	2.57	7.26	1.80	2.00
46	2.58	7.25	1.82	2.00
47	2.57	7.18	1.81	2.00
48	2.58	7.14	1.81	2.00
49	2.59	7.11	1.82	2.00
50	2.58	7.05	1.83	2.00
51	2.55	6.95	1.86	2.00
52	2.54	6.88	1.87	2.00
53	2.54	6.86	1.86	2.00
54	2.55	6.82	1.86	2.00
55	2.54	6.73	1.87	2.00
56	2.55	6.69	1.87	2.00
57	2.55	6.63	1.89	2.00
58	2.54	6.58	1.90	2.00
59	2.55	6.52	1.92	2.00
60	2.56	6.49	1.92	2.00
61	2.56	6.43	1.92	2.00
62	2.55	6.40	1.91	2.00
63	2.56	6.35	1.93	2.00
64	2.57	6.30	1.94	2.00
65	2.56	6.27	1.95	2.00
66	2.55	6.23	1.94	2.00
67	2.56	6.18	1.94	4.00
68	2.56	6.14	1.92	4.00
69	2.54	6.07	1.93	4.00
70	2.55	6.00	1.93	2.00
71	2.53	5.95	1.93	2.00
72	2.53	5.89	1.93	2.00
73	2.53	5.81	1.94	2.00
74	2.51	5.71	1.95	2.00
75	2.53	5.66	1.98	2.00
76	2.51	5.58	2.00	2.00
77	2.49	5.49	2.03	4.00
78	2.48	5.41	2.04	4.00
79	2.48	5.35	2.05	4.00
80	2.48	5.28	2.05	4.00
81	2.48	5.20	2.06	4.00
82	2.46	5.13	2.05	4.00
83	2.45	5.07	2.05	2.00
84	2.43	4.99	2.04	2.00
85	2.42	4.92	2.04	2.00
86	2.40	4.84	2.04	2.00
87	2.39	4.77	2.04	2.00
88	2.38	4.71	2.03	2.00
89	2.39	4.70	2.01	2.00
90	2.41	4.68	2.01	2.00
91	2.43	4.63	2.02	2.00
92	2.40	4.50	2.05	1.00
93	2.36	4.36	2.05	1.00
94	2.33	4.29	2.06	1.00
95	2.31	4.19	2.08	1.00
96	2.30	4.12	2.08	1.00
97	2.35	4.16	2.04	1.00
98	2.39	4.14	2.03	1.00
99	2.40	4.10	2.02	1.00
100	2.43	4.08	2.02	1.00
101	2.45	4.03	2.02	1.00
102	2.46	4.00	2.02	1.00
103	2.49	3.96	2.01	1.00
104	2.52	3.93	2.01	1.00
105	2.55	3.89	2.01	1.00
106	2.57	3.84	2.01	1.00
107	2.59	3.80	2.00	1.00
108	2.59	3.74	2.03	1.00
109	2.61	3.70	2.02	1.00
110	2.62	3.65	2.01	1.00
111	2.63	3.58	2.02	1.00
112	2.66	3.51	2.04	1.00
113	2.66	3.45	2.04	1.00
114	2.68	3.40	2.03	1.00
115	2.70	3.34	2.04	1.00
116	2.75	3.34	1.98	1.00
117	2.78	3.29	1.97	1.00
118	2.81	3.24	1.97	1.00
119	2.84	3.18	1.97	1.00
120	2.87	3.13	1.97	1.00
121	2.90	3.06	1.99	1.00
122	2.92	3.02	1.99	1.00
123	2.95	2.98	1.99	1.00
124	2.99	2.94	2.00	1.00
125	3.00	2.90	2.01	1.00
126	3.03	2.85	2.02	1.00
127	3.06	2.81	2.01	1.00
128	3.09	2.77	2.02	2.00
129	3.12	2.73	2.02	2.00
130	3.15	2.68	2.03	2.00
131	3.19	2.62	2.02	1.00
132	3.24	2.61	1.98	1.00
133	3.29	2.57	1.97	1.00
134	3.32	2.54	1.98	1.00
135	3.35	2.51	2.00	1.00
136	3.37	2.47	2.00	1.00
137	3.41	2.43	1.99	1.00
138	3.46	2.38	2.00	1.00
139	3.52	2.34	2.01	1.00
140	3.56	2.29	2.00	1.00
Target 2 (frames from 1 to 103)
Bounding Boxes (frame, x, y, width, height)
1	724	180	84	169
2	723	181	83	167
3	722	183	83	166
4	721	184	82	164
5	719	185	81	163
6	718	186	81	162
7	717	186	81	162
8	715	186	81	162
9	714	186	81	162
10	712	186	81	162
11	710	185	82	164
12	707	183	83	166
13	705	181	84	168
14	703	180	85	170
15	701	178	85	171
16	699	177	86	173
17	697	176	87	174
18	694	176	87	174
19	691	176	87	175
20	689	176	87	175
21	686	176	87	175
22	683	176	87	175
23	680	176	87	175
24	678	177	87	175
25	675	177	87	175
26	671	177	87	175
27	668	177	87	175
28	666	176	87	175
29	663	176	87	175
30	660	175	88	176
31	658	174	88	177
32	656	173	88	177
33	653	173	88	177
34	651	171	89	178
35	649	170	89	179
36	647	169	90	180
37	645	169	90	180
38	643	169	90	180
39	641	169	90	180
40	639	169	89	179
41	637	169	89	179
42	634	169	89	178
43	631	170	88	177
44	628	170	88	176
45	625	171	88	176
46	622	171	87	174
47	619	172	86	173
48	616	172	86	173
49	613	173	86	172
50	609	174	85	171
51	605	174	85	171
52	602	174	85	171
53	598	174	85	171
54	594	174	85	170
55	591	175	85	170
56	587	175	85	171
57	584	175	85	171
58	581	174	86	172
59	579	174	86	173
60	576	173	87	174
61	573	173	87	175
62	571	172	88	176
63	569	173	88	177
64	567	173	88	177
65	565	173	89	178
66	563	174	89	178
67	561	175	89	178
68	559	177	88	177
69	557	178	88	177
70	555	179	88	177
71	552	180	88	177
72	550	180	88	177
73	547	180	89	178
74	544	181	89	178
75	542	181	89	178
76	539	181	89	179
77	536	181	89	179
78	533	181	89	179
79	530	181	89	179
80	526	182	89	179
81	523	183	89	179
82	519	184	89	179
83	515	184	89	179
84	512	185	89	179
85	509	186	90	180
86	506	187	90	180
87	503	188	90	181
88	500	189	90	181
89	498	189	91	182
90	496	189	91	183
91	493	190	91	183
92	491	190	92	184
93	489	190	92	184
94	488	191	92	184
95	487	192	92	184
96	486	193	91	183
97	486	194	91	182
98	486	196	90	181
99	486	198	90	180
100	487	199	89	178
101	488	201	88	177
102	489	204	87	175
103	490	206	86	173
3D Trajetory (frame, x, z, height, pose)
1	3.19	4.22	1.49	4.00
2	3.26	4.32	1.52	4.00
3	3.39	4.50	1.50	4.00
4	3.48	4.61	1.49	4.00
5	3.49	4.64	1.49	4.00
6	3.47	4.61	1.50	4.00
7	3.46	4.61	1.51	4.00
8	3.50	4.64	1.54	4.00
9	3.51	4.66	1.54	4.00
10	3.51	4.65	1.56	4.00
11	3.53	4.67	1.58	4.00
12	3.55	4.69	1.60	4.00
13	3.58	4.72	1.64	4.00
14	3.60	4.73	1.66	4.00
15	3.61	4.76	1.70	4.00
16	3.62	4.78	1.71	4.00
17	3.63	4.80	1.73	4.00
18	3.62	4.79	1.73	4.00
19	3.61	4.78	1.77	4.00
20	3.60	4.76	1.77	3.00
21	3.60	4.76	1.75	3.00
22	3.60	4.78	1.76	3.00
23	3.60	4.81	1.75	3.00
24	3.60	4.82	1.75	4.00
25	3.59	4.81	1.75	4.00
26	3.58	4.79	1.76	4.00
27	3.58	4.78	1.77	4.00
28	3.57	4.77	1.79	4.00
29	3.56	4.77	1.80	4.00
30	3.57	4.77	1.80	4.00
31	3.58	4.76	1.81	4.00
32	3.58	4.76	1.82	4.00
33	3.60	4.75	1.82	4.00
34	3.62	4.75	1.82	4.00
35	3.63	4.75	1.83	4.00
36	3.64	4.73	1.84	4.00
37	3.63	4.72	1.85	4.00
38	3.63	4.71	1.87	4.00
39	3.63	4.70	1.85	4.00
40	3.62	4.69	1.86	4.00
41	3.61	4.66	1.88	4.00
42	3.60	4.63	1.89	4.00
43	3.62	4.67	1.82	4.00
44	3.65	4.71	1.79	4.00
45	3.67	4.72	1.80	4.00
46	3.66	4.72	1.82	4.00
47	3.67	4.72	1.84	4.00
48	3.68	4.76	1.85	4.00
49	3.67	4.77	1.85	4.00
50	3.65	4.75	1.86	4.00
51	3.65	4.74	1.84	4.00
52	3.64	4.75	1.84	4.00
53	3.63	4.74	1.83	4.00
54	3.65	4.76	1.83	4.00
55	3.65	4.76	1.84	4.00
56	3.66	4.77	1.85	4.00
57	3.67	4.78	1.85	4.00
58	3.65	4.76	1.87	4.00
59	3.63	4.72	1.87	4.00
60	3.60	4.65	1.87	4.00
61	3.57	4.59	1.87	4.00
62	3.55	4.54	1.88	4.00
63	3.56	4.52	1.89	4.00
64	3.57	4.53	1.89	4.00
65	3.58	4.54	1.88	4.00
66	3.58	4.53	1.89	4.00
67	3.58	4.52	1.90	4.00
68	3.62	4.57	1.89	4.00
69	3.61	4.53	1.89	4.00
70	3.57	4.52	1.88	4.00
71	3.52	4.49	1.87	4.00
72	3.52	4.49	1.88	3.00
73	3.51	4.47	1.88	3.00
74	3.53	4.48	1.88	3.00
75	3.51	4.47	1.90	3.00
76	3.50	4.48	1.91	4.00
77	3.49	4.48	1.92	4.00
78	3.48	4.49	1.92	4.00
79	3.46	4.49	1.92	4.00
80	3.44	4.49	1.91	4.00
81	3.42	4.49	1.90	4.00
82	3.40	4.51	1.90	4.00
83	3.38	4.50	1.90	4.00
84	3.35	4.51	1.91	4.00
85	3.33	4.52	1.91	4.00
86	3.30	4.52	1.91	4.00
87	3.28	4.52	1.92	4.00
88	3.26	4.52	1.93	4.00
89	3.26	4.51	1.94	4.00
90	3.25	4.50	1.95	4.00
91	3.24	4.48	1.96	4.00
92	3.25	4.48	1.96	4.00
93	3.25	4.49	1.95	4.00
94	3.23	4.50	1.94	4.00
95	3.22	4.50	1.94	4.00
96	3.21	4.50	1.95	4.00
97	3.21	4.49	1.94	4.00
98	3.21	4.49	1.94	4.00
99	3.20	4.49	1.93	3.00
100	3.23	4.48	1.91	3.00
101	3.25	4.46	1.89	1.00
102	3.30	4.42	1.84	1.00
103	3.33	4.41	1.82	1.00
Target 3 (frames from 28 to 98)
Bounding Boxes (frame, x, y, width, height)
28	729	201	73	147
29	727	199	74	148
30	725	197	75	150
31	722	195	75	151
32	720	194	76	152
33	718	192	76	153
34	715	191	77	154
35	713	190	77	154
36	710	189	77	155
37	707	188	78	156
38	704	187	78	156
39	701	186	78	156
40	698	186	78	156
41	695	186	78	156
42	692	186	78	156
43	688	186	78	156
44	684	185	78	157
45	681	185	78	157
46	677	185	78	157
47	673	184	79	158
48	669	183	79	159
49	665	183	80	160
50	661	182	80	161
51	657	182	81	162
52	653	181	81	162
53	649	181	81	163
54	645	181	82	164
55	641	180	82	165
56	637	180	83	166
57	633	180	83	166
58	630	180	83	167
59	626	180	83	167
60	623	180	83	167
61	621	180	84	168
62	618	181	84	168
63	616	181	84	168
64	614	182	84	168
65	611	183	84	168
66	609	183	84	169
67	607	184	84	169
68	604	185	85	170
69	602	186	85	170
70	599	187	85	170
71	596	188	85	170
72	592	189	84	169
73	589	189	84	169
74	586	190	84	169
75	583	191	84	168
76	580	192	83	167
77	577	193	83	166
78	574	194	82	165
79	572	195	82	164
80	570	196	81	163
81	567	198	81	162
82	564	199	80	161
83	561	200	80	161
84	558	201	80	161
85	555	203	80	160
86	552	204	80	160
87	549	205	80	160
88	545	206	80	161
89	542	207	80	161
90	539	207	81	162
91	536	207	81	163
92	534	207	81	163
93	531	207	82	164
94	528	207	82	165
95	526	207	83	166
96	524	206	84	168
97	521	206	84	169
98	519	205	85	171
3D Trajetory (frame, x, z, height, pose)
28	4.24	4.84	1.57	4.00
29	4.37	4.97	1.57	4.00
30	4.38	4.95	1.56	4.00
31	4.38	4.94	1.59	4.00
32	4.38	4.91	1.63	4.00
33	4.37	4.88	1.66	4.00
34	4.37	4.87	1.67	4.00
35	4.39	4.87	1.65	4.00
36	4.39	4.86	1.68	4.00
37	4.39	4.85	1.69	4.00
38	4.39	4.85	1.69	4.00
39	4.38	4.84	1.70	4.00
40	4.37	4.82	1.69	4.00
41	4.37	4.81	1.67	4.00
42	4.36	4.81	1.68	4.00
43	4.35	4.80	1.69	4.00
44	4.33	4.80	1.70	4.00
45	4.32	4.79	1.70	4.00
46	4.31	4.78	1.71	4.00
47	4.30	4.77	1.72	4.00
48	4.28	4.75	1.73	4.00
49	4.27	4.76	1.73	4.00
50	4.25	4.75	1.75	4.00
51	4.25	4.73	1.77	4.00
52	4.24	4.71	1.77	4.00
53	4.22	4.69	1.77	3.00
54	4.19	4.68	1.78	3.00
55	4.18	4.65	1.78	3.00
56	4.15	4.61	1.81	3.00
57	4.12	4.59	1.80	3.00
58	4.09	4.56	1.80	3.00
59	4.07	4.53	1.79	4.00
60	4.05	4.51	1.79	4.00
61	4.03	4.48	1.80	4.00
62	4.05	4.48	1.80	4.00
63	4.04	4.45	1.80	4.00
64	4.04	4.44	1.79	4.00
65	4.04	4.42	1.79	4.00
66	4.05	4.41	1.78	3.00
67	4.04	4.39	1.78	3.00
68	4.01	4.39	1.80	3.00
69	4.00	4.36	1.80	3.00
70	3.96	4.33	1.80	3.00
71	3.95	4.34	1.80	3.00
72	3.94	4.35	1.81	3.00
73	3.91	4.35	1.80	3.00
74	3.90	4.36	1.80	3.00
75	3.93	4.39	1.79	3.00
76	3.90	4.37	1.78	3.00
77	3.91	4.40	1.77	3.00
78	3.89	4.39	1.77	3.00
79	3.89	4.41	1.77	3.00
80	3.88	4.42	1.77	3.00
81	3.87	4.41	1.76	3.00
82	3.87	4.43	1.75	3.00
83	3.86	4.44	1.74	3.00
84	3.85	4.45	1.74	3.00
85	3.84	4.46	1.73	3.00
86	3.82	4.46	1.73	3.00
87	3.79	4.47	1.76	3.00
88	3.77	4.47	1.77	3.00
89	3.73	4.47	1.77	3.00
90	3.71	4.47	1.77	3.00
91	3.68	4.48	1.77	3.00
92	3.66	4.46	1.78	3.00
93	3.65	4.46	1.78	3.00
94	3.63	4.44	1.79	3.00
95	3.61	4.43	1.80	3.00
96	3.60	4.41	1.82	3.00
97	3.59	4.39	1.82	3.00
98	3.58	4.39	1.81	3.00
Target 4 (frames from 46 to 70)
Bounding Boxes (frame, x, y, width, height)
46	343	201	35	71
47	340	200	35	71
48	338	200	36	72
49	335	200	36	73
50	333	199	37	74
51	330	199	37	74
52	328	199	37	75
53	325	199	37	75
54	323	199	37	75
55	320	199	38	76
56	318	199	38	76
57	316	199	38	76
58	314	199	38	76
59	312	199	37	75
60	309	200	37	75
61	307	200	37	75
62	306	200	37	75
63	304	201	37	75
64	302	201	37	75
65	300	202	37	75
66	298	202	37	75
67	297	203	37	75
68	295	203	37	75
69	294	204	37	75
70	292	205	37	75
3D Trajetory (frame, x, z, height, pose)
46	1.35	14.65	2.04	2.00
47	1.36	14.30	2.08	2.00
48	1.32	14.07	2.06	2.00
49	1.31	14.03	2.05	2.00
50	1.32	13.97	2.07	2.00
51	1.35	13.90	2.07	2.00
52	1.36	13.91	2.09	2.00
53	1.35	13.88	2.08	2.00
54	1.37	13.88	2.10	2.00
55	1.38	13.88	2.10	2.00
56	1.38	13.84	2.09	2.00
57	1.39	13.81	2.10	2.00
58	1.43	13.78	2.08	2.00
59	1.43	13.75	2.06	2.00
60	1.47	13.79	2.07	2.00
61	1.50	13.83	2.07	2.00
62	1.53	13.77	2.07	2.00
63	1.54	13.76	2.06	2.00
64	1.56	13.78	2.05	2.00
65	1.58	13.78	2.05	2.00
66	1.60	13.77	2.06	2.00
67	1.59	13.75	2.05	2.00
68	1.59	13.75	2.04	2.00
69	1.61	13.74	2.05	2.00
70	1.62	13.74	2.06	2.00
Target 5 (frames from 71 to 119)
Bounding Boxes (frame, x, y, width, height)
71	723	216	85	170
72	720	216	85	170
73	717	217	85	170
74	715	217	85	170
75	712	217	85	170
76	709	217	85	171
77	706	217	86	172
78	703	217	86	173
79	699	216	87	175
80	696	216	88	176
81	692	214	90	180
82	689	212	91	183
83	686	212	92	185
84	682	211	93	187
85	678	210	95	190
86	674	210	96	192
87	670	209	97	195
88	667	208	98	197
89	663	207	100	200
90	658	206	101	202
91	654	206	101	203
92	650	206	102	204
93	646	206	102	204
94	642	206	102	204
95	638	207	102	204
96	634	207	102	204
97	630	208	102	204
98	627	208	102	204
99	624	208	102	205
100	622	208	102	204
101	620	209	102	204
102	618	209	102	204
103	616	209	102	204
104	615	209	102	204
105	614	209	102	204
106	613	209	102	204
107	611	210	102	204
108	610	210	101	203
109	609	210	101	203
110	607	210	101	203
111	605	210	101	203
112	603	209	101	203
113	601	209	101	203
114	598	208	101	203
115	596	208	101	203
116	593	207	101	203
117	590	207	101	203
118	587	206	101	203
119	584	205	101	203
3D Trajetory (frame, x, z, height, pose)
71	4.34	3.26	1.61	3.00
72	4.30	3.23	1.43	3.00
73	4.30	3.27	1.42	3.00
74	4.27	3.24	1.44	3.00
75	4.24	3.23	1.46	3.00
76	4.21	3.21	1.47	3.00
77	4.20	3.19	1.48	3.00
78	4.19	3.17	1.51	3.00
79	4.17	3.14	1.53	3.00
80	4.15	3.14	1.54	3.00
81	4.12	3.14	1.54	3.00
82	4.10	3.13	1.55	3.00
83	4.06	3.12	1.56	3.00
84	4.03	3.11	1.57	3.00
85	4.00	3.10	1.59	3.00
86	3.96	3.08	1.62	3.00
87	3.93	3.06	1.64	3.00
88	3.93	3.07	1.67	3.00
89	3.91	3.07	1.69	1.00
90	3.90	3.08	1.70	1.00
91	3.87	3.09	1.70	1.00
92	3.84	3.09	1.72	1.00
93	3.83	3.08	1.73	1.00
94	3.80	3.07	1.73	1.00
95	3.77	3.08	1.74	1.00
96	3.75	3.11	1.71	1.00
97	3.72	3.12	1.70	1.00
98	3.71	3.13	1.69	4.00
99	3.71	3.13	1.72	4.00
100	3.70	3.12	1.74	4.00
101	3.70	3.12	1.74	2.00
102	3.69	3.12	1.73	2.00
103	3.69	3.12	1.75	2.00
104	3.69	3.11	1.75	2.00
105	3.70	3.11	1.74	2.00
106	3.70	3.10	1.74	2.00
107	3.71	3.11	1.72	2.00
108	3.70	3.12	1.72	2.00
109	3.70	3.12	1.74	1.00
110	3.72	3.14	1.74	1.00
111	3.72	3.12	1.76	1.00
112	3.71	3.16	1.76	1.00
113	3.71	3.15	1.76	1.00
114	3.72	3.14	1.76	1.00
115	3.72	3.14	1.77	1.00
116	3.72	3.19	1.79	1.00
117	3.71	3.22	1.81	1.00
118	3.71	3.27	1.79	2.00
119	3.72	3.29	1.80	3.00
Target 6 (frames from 73 to 398)
Bounding Boxes (frame, x, y, width, height)
73	287	211	37	74
74	285	210	37	74
75	283	209	37	74
76	282	209	37	75
77	280	208	37	75
78	278	208	37	75
79	277	208	38	76
80	275	208	38	76
81	274	208	38	76
82	273	208	38	76
83	271	209	38	76
84	270	210	38	77
85	269	211	38	77
86	268	212	38	77
87	267	213	38	77
88	266	214	38	77
89	265	214	38	77
90	264	215	39	78
91	263	215	39	78
92	262	216	39	78
93	262	216	39	79
94	261	216	39	79
95	260	216	40	80
96	260	216	40	80
97	259	216	40	80
98	258	216	40	80
99	258	216	40	80
100	257	216	40	80
101	257	216	40	80
102	256	217	40	80
103	255	217	40	81
104	254	217	40	81
105	254	217	40	81
106	253	217	40	81
107	252	217	40	81
108	251	217	40	81
109	250	216	41	82
110	249	216	41	82
111	249	216	41	82
112	248	216	41	82
113	248	216	41	82
114	247	215	41	82
115	247	215	41	83
116	246	215	41	83
117	246	215	41	83
118	246	214	41	83
119	245	214	41	83
120	245	214	42	84
121	245	214	42	84
122	245	214	42	84
123	244	214	42	84
124	244	214	42	84
125	244	213	42	84
126	244	213	42	84
127	244	213	42	85
128	243	213	42	85
129	243	213	42	85
130	243	213	42	85
131	243	212	42	85
132	243	212	43	86
133	243	212	43	86
134	243	212	43	86
135	242	212	43	86
136	242	212	43	86
137	242	212	43	87
138	242	213	43	87
139	242	213	43	87
140	242	213	43	87
141	242	213	43	87
142	241	213	43	87
143	241	213	43	87
144	241	214	43	87
145	241	214	43	87
146	240	214	43	87
147	240	214	43	87
148	239	214	44	88
149	239	214	44	88
150	238	214	44	88
151	238	214	44	89
152	237	214	44	89
153	237	214	44	89
154	236	214	45	90
155	236	214	45	90
156	236	215	45	90
157	235	215	45	90
158	235	215	45	90
159	235	215	45	91
160	235	215	45	91
161	235	216	45	91
162	235	216	45	91
163	235	216	45	91
164	235	216	45	91
165	234	216	45	91
166	234	216	45	91
167	234	216	45	91
168	234	216	46	92
169	234	217	46	92
170	233	216	46	92
171	233	216	46	93
172	232	216	46	93
173	231	216	47	94
174	230	216	47	94
175	230	216	47	94
176	229	216	47	95
177	228	216	47	95
178	227	215	47	95
179	226	215	48	96
180	225	215	48	96
181	224	215	48	97
182	223	215	48	97
183	222	215	49	98
184	221	214	49	98
185	220	214	49	98
186	219	214	49	99
187	217	214	49	99
188	216	214	50	100
189	214	213	50	100
190	213	213	50	101
191	211	213	50	101
192	210	213	50	101
193	208	212	51	102
194	207	212	51	102
195	206	212	51	103
196	204	211	51	103
197	203	211	52	104
198	202	210	52	104
199	201	210	52	105
200	200	209	52	105
201	199	209	53	106
202	198	208	53	106
203	197	208	53	106
204	196	208	53	106
205	195	207	53	107
206	194	207	53	107
207	193	206	53	107
208	192	206	53	107
209	192	206	54	108
210	191	205	54	108
211	191	205	54	109
212	191	205	54	109
213	190	204	54	109
214	190	204	55	110
215	190	204	55	110
216	191	204	55	110
217	191	204	55	110
218	191	204	55	110
219	191	204	55	110
220	191	204	54	109
221	191	204	54	109
222	192	204	54	109
223	192	205	54	109
224	192	205	54	109
225	193	205	54	109
226	193	205	54	109
227	194	205	54	109
228	194	204	54	109
229	194	204	55	110
230	194	203	55	110
231	195	203	55	111
232	195	202	56	112
233	195	202	56	113
234	195	201	57	114
235	195	200	57	115
236	195	199	58	116
237	195	199	58	117
238	196	198	59	118
239	196	198	59	119
240	197	198	60	120
241	198	197	60	121
242	199	197	60	121
243	199	196	61	122
244	200	196	61	123
245	201	195	62	124
246	202	194	62	125
247	203	194	63	126
248	205	194	63	127
249	206	194	63	127
250	207	194	63	127
251	209	194	63	127
252	210	195	63	127
253	211	195	63	127
254	212	196	63	126
255	213	197	63	126
256	214	198	62	125
257	215	198	62	125
258	216	199	62	125
259	216	199	62	125
260	217	199	62	125
261	217	199	63	126
262	217	199	63	127
263	218	198	63	127
264	218	198	64	128
265	219	198	64	129
266	219	197	65	130
267	219	197	65	130
268	220	197	65	131
269	220	197	66	132
270	220	197	66	133
271	220	196	67	134
272	220	196	67	135
273	220	196	67	135
274	220	196	68	136
275	220	196	68	136
276	221	196	68	136
277	221	196	68	136
278	221	196	68	137
279	221	196	68	137
280	221	196	69	138
281	221	196	69	139
282	221	195	70	140
283	221	194	70	141
284	220	194	71	142
285	220	193	71	143
286	219	192	72	145
287	219	191	73	146
288	219	190	74	148
289	218	189	74	149
290	218	189	75	150
291	218	188	75	151
292	218	188	76	152
293	218	188	76	152
294	218	188	76	153
295	218	188	76	153
296	218	187	77	154
297	218	187	77	154
298	219	187	77	155
299	220	187	77	155
300	220	187	78	156
301	221	187	78	157
302	222	187	78	157
303	223	187	79	158
304	224	186	79	159
305	225	186	80	160
306	227	186	80	161
307	228	185	81	162
308	230	185	81	163
309	231	184	82	164
310	232	184	82	165
311	233	184	83	166
312	234	184	83	167
313	234	184	84	168
314	235	184	84	168
315	236	184	84	169
316	237	184	85	170
317	238	184	85	170
318	238	184	85	171
319	239	184	86	172
320	240	184	86	172
321	240	184	86	173
322	241	184	87	174
323	242	184	87	174
324	243	185	87	175
325	244	185	87	175
326	244	185	87	175
327	245	186	87	175
328	246	186	88	176
329	247	186	88	176
330	248	187	88	176
331	250	187	88	177
332	251	187	88	177
333	253	187	89	178
334	255	186	89	179
335	257	186	90	180
336	258	186	90	181
337	260	186	91	182
338	261	185	91	183
339	263	185	92	184
340	264	185	92	185
341	265	184	93	186
342	266	184	93	187
343	267	185	93	187
344	267	185	93	187
345	268	185	93	187
346	269	186	93	187
347	270	186	93	186
348	271	187	93	186
349	272	187	93	186
350	273	187	93	186
351	275	187	93	187
352	276	187	94	188
353	277	186	94	188
354	279	186	94	189
355	281	185	95	190
356	282	184	96	192
357	284	183	96	193
358	286	182	97	194
359	288	182	98	196
360	290	181	98	197
361	292	180	99	198
362	294	180	99	199
363	296	179	100	200
364	298	178	101	202
365	300	178	101	203
366	302	177	102	204
367	304	176	103	206
368	305	175	104	208
369	307	174	105	210
370	308	173	106	212
371	310	172	107	214
372	311	170	108	217
373	313	169	109	219
374	315	168	110	221
375	317	167	111	223
376	319	167	112	225
377	321	166	113	227
378	323	165	114	229
379	325	164	115	231
380	327	163	116	233
381	330	163	117	234
382	332	163	117	235
383	335	164	117	234
384	338	165	116	233
385	340	166	116	233
386	343	166	116	232
387	345	167	116	232
388	347	167	116	232
389	349	167	116	233
390	349	165	118	236
391	349	163	120	240
392	348	160	122	244
393	347	156	125	250
394	346	152	128	256
395	344	147	131	263
396	342	141	135	270
397	339	135	139	279
398	336	129	144	288
3D Trajetory (frame, x, z, height, pose)
73	1.56	13.37	1.94	2.00
74	1.57	13.38	1.95	2.00
75	1.59	13.38	1.97	2.00
76	1.62	13.43	1.99	2.00
77	1.63	13.45	1.99	2.00
78	1.62	13.49	2.02	2.00
79	1.62	13.53	2.03	2.00
80	1.63	13.52	2.03	2.00
81	1.64	13.52	2.04	2.00
82	1.65	13.52	2.04	2.00
83	1.65	13.50	2.03	2.00
84	1.64	13.51	2.03	2.00
85	1.64	13.51	2.03	2.00
86	1.64	13.51	2.02	2.00
87	1.64	13.41	2.02	2.00
88	1.65	13.42	2.02	2.00
89	1.67	13.37	2.03	2.00
90	1.71	13.39	2.04	2.00
91	1.70	13.34	2.05	2.00
92	1.70	13.33	2.05	2.00
93	1.71	13.31	2.06	2.00
94	1.72	13.33	2.07	2.00
95	1.73	13.31	2.08	2.00
96	1.75	13.32	2.08	2.00
97	1.77	13.32	2.09	2.00
98	1.79	13.29	2.08	2.00
99	1.79	13.29	2.09	2.00
100	1.81	13.28	2.10	2.00
101	1.83	13.26	2.09	2.00
102	1.84	13.23	2.08	2.00
103	1.84	13.22	2.08	2.00
104	1.85	13.22	2.08	2.00
105	1.86	13.20	2.08	2.00
106	1.87	13.19	2.10	2.00
107	1.88	13.18	2.09	2.00
108	1.91	13.17	2.09	2.00
109	1.91	13.14	2.11	2.00
110	1.90	13.12	2.10	2.00
111	1.91	13.08	2.09	2.00
112	1.92	13.06	2.11	2.00
113	1.95	13.03	2.11	2.00
114	1.96	13.01	2.10	2.00
115	1.96	12.97	2.09	2.00
116	1.96	12.94	2.09	2.00
117	1.97	12.92	2.08	2.00
118	1.97	12.89	2.10	2.00
119	1.98	12.84	2.10	2.00
120	1.99	12.79	2.10	2.00
121	1.99	12.75	2.10	2.00
122	2.00	12.71	2.10	2.00
123	2.00	12.67	2.08	2.00
124	2.01	12.64	2.08	2.00
125	2.02	12.60	2.08	2.00
126	2.01	12.56	2.07	2.00
127	2.02	12.53	2.07	2.00
128	2.01	12.49	2.06	2.00
129	2.03	12.46	2.07	2.00
130	2.04	12.43	2.08	2.00
131	2.04	12.38	2.07	2.00
132	2.05	12.34	2.07	2.00
133	2.05	12.32	2.07	2.00
134	2.04	12.27	2.06	2.00
135	2.04	12.21	2.06	2.00
136	2.03	12.13	2.06	2.00
137	2.04	12.08	2.05	2.00
138	2.03	12.04	2.06	2.00
139	2.04	11.98	2.03	2.00
140	2.04	11.93	2.01	2.00
141	2.04	11.89	2.02	2.00
142	2.04	11.86	2.02	2.00
143	2.05	11.81	2.01	2.00
144	2.03	11.78	2.00	2.00
145	2.02	11.75	2.00	2.00
146	2.01	11.73	2.00	2.00
147	2.02	11.68	2.00	2.00
148	2.01	11.64	2.00	2.00
149	1.99	11.59	1.99	2.00
150	2.00	11.55	1.99	2.00
151	1.98	11.47	1.99	2.00
152	1.96	11.43	2.00	2.00
153	1.94	11.36	2.00	2.00
154	1.92	11.30	1.99	2.00
155	1.92	11.27	1.98	2.00
156	1.92	11.25	1.97	2.00
157	1.91	11.21	1.98	2.00
158	1.93	11.14	1.97	2.00
159	1.93	11.10	1.96	2.00
160	1.93	11.06	1.96	2.00
161	1.93	11.02	1.95	2.00
162	1.94	11.00	1.95	2.00
163	1.94	10.97	1.95	2.00
164	1.93	10.93	1.94	2.00
165	1.94	10.90	1.95	2.00
166	1.94	10.88	1.94	2.00
167	1.94	10.84	1.94	2.00
168	1.94	10.81	1.93	2.00
169	1.94	10.79	1.95	2.00
170	1.93	10.76	1.95	2.00
171	1.93	10.73	1.94	2.00
172	1.94	10.70	1.94	2.00
173	1.94	10.68	1.93	2.00
174	1.93	10.64	1.95	2.00
175	1.91	10.60	1.95	2.00
176	1.90	10.58	1.96	2.00
177	1.88	10.54	1.97	2.00
178	1.86	10.51	1.98	2.00
179	1.85	10.48	1.96	2.00
180	1.85	10.46	1.95	2.00
181	1.86	10.43	1.95	2.00
182	1.85	10.39	1.96	2.00
183	1.86	10.37	1.96	2.00
184	1.84	10.33	1.97	2.00
185	1.82	10.28	1.97	2.00
186	1.81	10.25	1.97	2.00
187	1.77	10.21	1.98	2.00
188	1.76	10.18	1.99	2.00
189	1.75	10.16	1.97	2.00
190	1.75	10.14	1.97	2.00
191	1.74	10.11	1.98	2.00
192	1.72	10.09	1.97	2.00
193	1.71	10.06	1.97	2.00
194	1.70	10.04	1.98	2.00
195	1.69	10.02	1.98	2.00
196	1.68	10.01	1.98	2.00
197	1.67	9.97	1.98	2.00
198	1.66	9.97	1.99	2.00
199	1.66	9.98	2.01	2.00
200	1.65	9.94	2.01	2.00
201	1.65	9.93	2.03	2.00
202	1.65	9.92	2.03	2.00
203	1.64	9.89	2.02	2.00
204	1.64	9.89	2.00	2.00
205	1.63	9.88	1.99	2.00
206	1.63	9.86	2.00	2.00
207	1.61	9.84	2.01	2.00
208	1.61	9.83	2.01	2.00
209	1.61	9.82	2.02	2.00
210	1.61	9.81	2.03	2.00
211	1.61	9.79	2.02	2.00
212	1.62	9.77	2.03	2.00
213	1.63	9.75	2.03	2.00
214	1.64	9.73	2.04	2.00
215	1.65	9.71	2.03	2.00
216	1.65	9.69	2.03	2.00
217	1.64	9.67	2.03	2.00
218	1.64	9.65	2.03	2.00
219	1.64	9.65	2.02	2.00
220	1.63	9.65	2.01	2.00
221	1.63	9.63	2.01	2.00
222	1.63	9.60	1.99	2.00
223	1.64	9.58	1.99	2.00
224	1.64	9.56	1.99	2.00
225	1.64	9.54	1.98	2.00
226	1.65	9.54	1.97	2.00
227	1.65	9.50	1.98	2.00
228	1.65	9.47	1.97	2.00
229	1.66	9.45	1.98	2.00
230	1.66	9.41	1.98	2.00
231	1.65	9.39	1.98	2.00
232	1.65	9.35	2.00	2.00
233	1.64	9.32	2.02	2.00
234	1.64	9.28	2.04	2.00
235	1.63	9.23	2.04	2.00
236	1.63	9.19	2.04	2.00
237	1.63	9.13	2.06	2.00
238	1.63	9.08	2.07	2.00
239	1.64	9.03	2.08	2.00
240	1.64	8.97	2.08	2.00
241	1.66	8.94	2.07	2.00
242	1.68	8.89	2.07	2.00
243	1.69	8.84	2.07	2.00
244	1.69	8.79	2.06	2.00
245	1.70	8.75	2.07	2.00
246	1.72	8.72	2.11	2.00
247	1.73	8.66	2.11	2.00
248	1.74	8.59	2.12	2.00
249	1.75	8.53	2.13	2.00
250	1.76	8.49	2.14	2.00
251	1.78	8.45	2.13	2.00
252	1.80	8.40	2.12	2.00
253	1.82	8.37	2.06	2.00
254	1.84	8.34	2.03	2.00
255	1.82	8.30	2.02	2.00
256	1.82	8.25	1.99	2.00
257	1.83	8.21	1.98	2.00
258	1.84	8.15	1.99	2.00
259	1.83	8.10	1.99	2.00
260	1.83	8.07	1.99	2.00
261	1.83	8.03	1.99	2.00
262	1.82	7.99	2.01	2.00
263	1.83	7.95	2.00	2.00
264	1.85	7.92	2.01	2.00
265	1.84	7.88	1.99	2.00
266	1.83	7.85	1.98	2.00
267	1.83	7.81	1.99	2.00
268	1.82	7.77	2.00	2.00
269	1.81	7.71	2.00	2.00
270	1.80	7.66	2.00	2.00
271	1.80	7.60	2.01	2.00
272	1.79	7.54	2.01	2.00
273	1.78	7.48	2.00	2.00
274	1.77	7.44	2.00	2.00
275	1.75	7.39	2.00	2.00
276	1.76	7.36	1.99	2.00
277	1.75	7.34	1.98	2.00
278	1.75	7.30	1.98	2.00
279	1.75	7.31	1.97	2.00
280	1.75	7.31	1.96	2.00
281	1.75	7.29	1.96	2.00
282	1.75	7.27	1.98	2.00
283	1.75	7.25	2.00	2.00
284	1.74	7.23	2.01	2.00
285	1.73	7.18	2.04	2.00
286	1.72	7.14	2.06	2.00
287	1.70	7.08	2.07	2.00
288	1.69	7.05	2.06	2.00
289	1.69	7.02	2.06	2.00
290	1.67	6.99	2.07	2.00
291	1.66	6.96	2.06	2.00
292	1.66	6.93	2.07	2.00
293	1.65	6.90	2.09	2.00
294	1.66	6.89	2.07	2.00
295	1.66	6.87	2.07	2.00
296	1.66	6.83	2.07	2.00
297	1.65	6.80	2.08	2.00
298	1.63	6.77	2.09	2.00
299	1.63	6.73	2.08	2.00
300	1.62	6.71	2.09	2.00
301	1.64	6.69	2.07	2.00
302	1.64	6.64	2.06	2.00
303	1.66	6.60	2.07	2.00
304	1.67	6.56	2.07	2.00
305	1.68	6.53	2.07	2.00
306	1.69	6.48	2.08	2.00
307	1.69	6.44	2.09	2.00
308	1.69	6.38	2.09	2.00
309	1.70	6.33	2.10	2.00
310	1.71	6.27	2.09	2.00
311	1.71	6.23	2.09	2.00
312	1.71	6.18	2.09	2.00
313	1.73	6.17	2.08	2.00
314	1.73	6.13	2.08	2.00
315	1.72	6.09	2.07	2.00
316	1.70	6.06	2.05	2.00
317	1.70	6.00	2.04	2.00
318	1.71	5.93	2.05	2.00
319	1.71	5.92	2.05	2.00
320	1.72	5.87	2.05	2.00
321	1.72	5.83	2.05	2.00
322	1.72	5.78	2.06	2.00
323	1.72	5.75	2.04	2.00
324	1.71	5.70	2.03	2.00
325	1.71	5.67	2.01	2.00
326	1.70	5.63	2.01	2.00
327	1.70	5.59	2.00	2.00
328	1.70	5.56	1.99	2.00
329	1.71	5.54	1.98	2.00
330	1.71	5.51	1.97	2.00
331	1.72	5.49	1.98	2.00
332	1.72	5.43	1.98	2.00
333	1.74	5.42	1.97	2.00
334	1.75	5.37	1.98	2.00
335	1.77	5.33	1.98	2.00
336	1.78	5.29	1.98	2.00
337	1.80	5.25	1.98	2.00
338	1.80	5.21	1.98	2.00
339	1.80	5.15	1.97	2.00
340	1.81	5.12	1.97	2.00
341	1.79	5.08	1.97	2.00
342	1.79	5.06	1.98	2.00
343	1.80	5.03	1.96	2.00
344	1.80	5.01	1.97	2.00
345	1.80	5.00	1.96	2.00
346	1.79	4.97	1.96	2.00
347	1.81	4.95	1.95	2.00
348	1.82	4.94	1.92	2.00
349	1.83	4.93	1.91	2.00
350	1.82	4.92	1.89	2.00
351	1.83	4.89	1.91	2.00
352	1.84	4.85	1.91	2.00
353	1.85	4.84	1.92	2.00
354	1.86	4.82	1.92	2.00
355	1.86	4.79	1.94	2.00
356	1.88	4.76	1.95	2.00
357	1.89	4.73	1.95	2.00
358	1.90	4.68	1.95	2.00
359	1.91	4.64	1.95	2.00
360	1.93	4.62	1.94	2.00
361	1.95	4.61	1.94	2.00
362	1.96	4.57	1.95	2.00
363	1.96	4.54	1.94	2.00
364	1.98	4.49	1.96	2.00
365	1.98	4.46	1.97	2.00
366	1.98	4.42	1.96	2.00
367	1.99	4.38	1.97	2.00
368	2.00	4.35	1.97	2.00
369	2.01	4.31	1.98	2.00
370	2.02	4.28	1.98	2.00
371	2.03	4.23	1.99	2.00
372	2.03	4.19	1.98	2.00
373	2.02	4.15	1.98	2.00
374	2.02	4.09	2.01	2.00
375	2.03	4.04	2.02	2.00
376	2.02	4.00	2.02	2.00
377	2.02	3.95	2.02	2.00
378	2.02	3.91	2.01	2.00
379	2.03	3.86	1.99	2.00
380	2.04	3.82	1.98	2.00
381	2.05	3.79	1.98	2.00
382	2.05	3.75	1.99	2.00
383	2.05	3.70	1.99	2.00
384	2.07	3.68	1.99	2.00
385	2.09	3.65	1.99	2.00
386	2.11	3.64	1.98	2.00
387	2.14	3.63	1.98	2.00
388	2.17	3.69	1.94	2.00
389	2.17	3.68	1.93	3.00
390	2.18	3.66	1.93	3.00
391	2.15	3.58	1.94	3.00
392	2.13	3.51	1.96	3.00
393	2.11	3.47	1.97	3.00
394	2.07	3.42	2.03	3.00
395	2.05	3.39	2.05	3.00
396	2.01	3.36	2.11	2.00
397	1.98	3.31	2.18	2.00
398	1.96	3.27	2.21	2.00
Target 7 (frames from 91 to 431)
Bounding Boxes (frame, x, y, width, height)
91	299	224	40	80
92	299	223	40	81
93	299	223	40	81
94	298	222	40	81
95	298	222	41	82
96	298	222	41	82
97	298	222	41	82
98	297	222	41	82
99	297	222	41	82
100	296	222	41	82
101	296	223	41	82
102	295	223	41	82
103	295	224	41	82
104	294	224	41	82
105	293	225	40	81
106	292	225	40	81
107	291	226	40	80
108	290	226	40	80
109	290	227	40	80
110	289	227	39	79
111	288	227	39	79
112	287	227	39	79
113	286	227	39	79
114	286	227	39	79
115	285	227	39	79
116	285	226	39	79
117	284	226	40	80
118	284	225	40	80
119	283	225	40	80
120	283	225	40	81
121	283	224	40	81
122	283	224	40	81
123	283	224	40	81
124	283	223	41	82
125	283	223	41	82
126	283	222	41	82
127	282	222	41	83
128	282	222	41	83
129	282	221	41	83
130	282	221	41	83
131	282	221	42	84
132	281	220	42	84
133	281	220	42	84
134	281	220	42	84
135	281	220	42	84
136	280	220	42	84
137	280	220	42	84
138	280	220	42	84
139	280	220	42	84
140	280	221	42	84
141	280	221	42	84
142	280	220	42	84
143	280	220	42	85
144	280	220	42	85
145	280	220	42	85
146	280	220	43	86
147	279	220	43	86
148	279	220	43	86
149	279	220	43	86
150	279	220	43	87
151	279	220	43	87
152	278	220	43	87
153	278	220	43	87
154	278	220	43	87
155	278	220	44	88
156	278	220	44	88
157	278	220	44	88
158	278	220	44	88
159	278	219	44	89
160	278	219	44	89
161	278	219	45	90
162	278	219	45	90
163	279	219	45	91
164	279	219	45	91
165	278	219	45	91
166	278	219	45	91
167	278	219	46	92
168	277	219	46	92
169	276	219	46	92
170	275	219	46	92
171	274	219	46	92
172	273	219	46	93
173	273	219	46	93
174	272	219	46	93
175	271	219	47	94
176	271	219	47	94
177	270	218	47	95
178	270	218	47	95
179	269	218	47	95
180	269	219	47	95
181	268	219	47	95
182	268	219	47	95
183	268	219	47	95
184	267	220	47	95
185	267	220	47	95
186	266	220	47	95
187	265	220	47	95
188	264	221	47	95
189	264	221	47	95
190	263	221	47	95
191	262	221	47	95
192	261	221	47	95
193	261	221	47	95
194	260	221	47	95
195	259	221	47	95
196	258	221	47	95
197	257	220	48	96
198	256	220	48	96
199	255	220	48	96
200	254	219	48	97
201	253	219	48	97
202	252	218	49	98
203	251	217	49	98
204	250	217	49	98
205	249	217	49	98
206	249	217	49	98
207	248	217	49	98
208	248	216	49	98
209	248	216	49	99
210	248	216	49	99
211	248	216	49	99
212	248	216	49	99
213	248	215	50	100
214	249	215	50	100
215	249	214	50	101
216	249	214	51	102
217	249	213	51	102
218	249	213	51	103
219	250	212	52	104
220	250	212	52	104
221	250	212	52	104
222	250	211	52	105
223	250	211	52	105
224	250	211	53	106
225	250	210	53	106
226	250	210	53	107
227	250	209	54	108
228	251	208	54	109
229	251	208	54	109
230	252	207	55	110
231	252	207	55	111
232	253	206	56	112
233	254	206	56	113
234	254	205	56	113
235	255	205	57	114
236	256	205	57	114
237	256	205	57	114
238	257	205	57	114
239	258	205	57	115
240	259	206	57	115
241	259	205	58	116
242	260	205	58	116
243	261	205	58	117
244	261	204	59	118
245	262	204	59	119
246	262	203	60	120
247	262	203	60	121
248	263	202	60	121
249	263	202	61	122
250	263	202	61	123
251	263	202	62	124
252	263	201	62	124
253	262	201	62	125
254	262	201	62	125
255	262	201	62	125
256	262	202	63	126
257	262	202	63	126
258	262	202	63	127
259	261	202	63	127
260	261	202	63	127
261	261	201	64	128
262	262	201	64	129
263	262	201	64	129
264	263	201	64	129
265	264	201	65	130
266	264	201	65	130
267	266	201	65	131
268	267	201	65	131
269	268	201	66	132
270	269	201	66	132
271	270	202	66	132
272	271	202	66	133
273	272	202	66	133
274	273	202	67	134
275	274	202	67	134
276	275	202	67	134
277	276	202	67	134
278	277	203	67	134
279	278	203	67	134
280	279	204	67	134
281	280	205	67	134
282	281	205	67	134
283	282	205	67	134
284	283	205	67	134
285	284	206	67	134
286	285	206	67	134
287	287	206	67	134
288	288	206	67	134
289	289	207	67	134
290	290	207	67	134
291	291	207	67	134
292	292	207	67	134
293	293	207	67	135
294	294	207	67	135
295	296	207	67	135
296	297	207	67	135
297	299	207	67	135
298	301	207	68	136
299	303	207	68	136
300	305	206	68	137
301	307	206	69	138
302	309	205	69	139
303	310	205	70	140
304	312	204	70	141
305	313	204	71	142
306	315	203	72	144
307	316	202	72	145
308	317	202	73	146
309	318	201	73	147
310	319	201	74	148
311	320	200	74	149
312	320	200	75	150
313	321	200	75	151
314	322	200	76	152
315	324	200	76	152
316	325	200	76	153
317	326	200	76	153
318	327	201	77	154
319	328	201	77	154
320	329	201	77	154
321	330	202	77	154
322	332	202	77	155
323	333	202	77	155
324	335	202	78	157
325	337	201	79	158
326	339	200	80	160
327	340	199	81	162
328	342	198	82	164
329	344	196	83	166
330	346	195	84	168
331	348	194	85	170
332	350	193	86	172
333	351	192	86	173
334	353	191	87	175
335	355	191	88	176
336	356	190	88	177
337	358	191	89	178
338	359	191	89	179
339	361	191	89	179
340	362	191	90	180
341	364	191	90	181
342	365	191	91	183
343	366	190	92	184
344	368	189	92	185
345	370	189	93	187
346	371	188	94	188
347	373	188	95	190
348	376	187	95	191
349	378	187	95	191
350	380	187	96	192
351	383	188	96	192
352	386	188	96	192
353	389	189	96	192
354	393	190	96	192
355	396	192	95	191
356	400	193	95	190
357	403	194	94	189
358	407	195	94	189
359	410	196	94	188
360	413	196	94	188
361	416	197	93	187
362	420	197	93	187
363	423	197	94	188
364	425	196	94	188
365	428	196	94	189
366	431	196	94	189
367	434	195	95	190
368	436	195	95	191
369	439	194	96	192
370	442	193	96	193
371	445	193	97	194
372	447	192	97	195
373	450	191	98	196
374	453	190	99	198
375	456	189	100	200
376	459	188	100	201
377	462	188	101	202
378	464	187	101	203
379	465	187	101	203
380	467	187	101	203
381	469	187	101	203
382	472	187	101	203
383	476	188	102	204
384	480	189	102	204
385	484	189	102	205
386	489	190	103	206
387	494	190	104	208
388	499	190	105	210
389	504	189	106	213
390	510	189	108	216
391	516	189	109	219
392	521	188	110	221
393	526	187	112	225
394	530	186	113	227
395	534	185	114	228
396	536	184	114	229
397	539	183	115	230
398	542	183	115	230
399	546	182	115	231
400	550	182	115	231
401	554	183	115	231
402	558	183	115	231
403	562	183	115	231
404	566	183	116	232
405	571	183	116	233
406	575	184	116	233
407	581	185	116	233
408	587	186	116	233
409	592	187	116	232
410	598	188	116	233
411	604	188	116	233
412	610	188	117	234
413	616	187	118	236
414	621	187	118	237
415	627	186	119	239
416	633	185	120	241
417	638	183	121	243
418	644	182	123	246
419	649	181	124	248
420	654	180	125	250
421	658	180	126	252
422	662	179	126	253
423	667	179	127	254
424	671	180	127	254
425	675	180	126	253
426	679	181	126	252
427	683	183	125	251
428	687	184	124	249
429	691	186	123	247
430	694	189	122	244
431	698	191	120	241
3D Trajetory (frame, x, z, height, pose)
91	2.10	10.56	1.72	2.00
92	2.23	11.21	1.82	2.00
93	2.29	11.36	1.84	2.00
94	2.33	11.44	1.86	2.00
95	2.35	11.41	1.86	2.00
96	2.36	11.31	1.86	2.00
97	2.36	11.25	1.85	2.00
98	2.40	11.30	1.87	2.00
99	2.41	11.25	1.87	2.00
100	2.42	11.24	1.88	2.00
101	2.41	11.15	1.87	2.00
102	2.43	11.21	1.86	2.00
103	2.43	11.19	1.85	2.00
104	2.44	11.20	1.84	2.00
105	2.44	11.18	1.84	2.00
106	2.46	11.15	1.82	2.00
107	2.46	11.13	1.81	2.00
108	2.47	11.14	1.79	2.00
109	2.46	11.15	1.79	2.00
110	2.47	11.16	1.78	2.00
111	2.47	11.17	1.77	2.00
112	2.49	11.15	1.78	2.00
113	2.48	11.13	1.77	2.00
114	2.49	11.13	1.78	2.00
115	2.47	11.11	1.77	2.00
116	2.49	11.09	1.78	2.00
117	2.51	11.08	1.79	2.00
118	2.51	11.07	1.79	2.00
119	2.52	11.05	1.79	2.00
120	2.53	11.04	1.79	2.00
121	2.54	11.02	1.80	2.00
122	2.54	11.01	1.81	2.00
123	2.55	11.00	1.82	2.00
124	2.55	10.98	1.82	2.00
125	2.56	10.96	1.82	2.00
126	2.57	10.96	1.81	2.00
127	2.59	10.94	1.81	2.00
128	2.61	10.95	1.82	2.00
129	2.62	10.94	1.83	2.00
130	2.62	10.93	1.84	2.00
131	2.62	10.91	1.85	2.00
132	2.61	10.89	1.86	2.00
133	2.61	10.86	1.86	2.00
134	2.61	10.86	1.85	2.00
135	2.60	10.85	1.85	2.00
136	2.62	10.84	1.83	2.00
137	2.63	10.83	1.83	2.00
138	2.63	10.81	1.83	2.00
139	2.64	10.79	1.83	2.00
140	2.64	10.76	1.82	2.00
141	2.64	10.74	1.83	2.00
142	2.64	10.71	1.82	2.00
143	2.66	10.71	1.84	2.00
144	2.65	10.68	1.84	2.00
145	2.65	10.66	1.83	2.00
146	2.65	10.64	1.84	2.00
147	2.65	10.62	1.85	2.00
148	2.65	10.60	1.85	2.00
149	2.65	10.58	1.85	2.00
150	2.65	10.56	1.85	2.00
151	2.65	10.53	1.85	2.00
152	2.64	10.50	1.85	2.00
153	2.64	10.49	1.84	2.00
154	2.63	10.46	1.85	2.00
155	2.63	10.43	1.85	2.00
156	2.63	10.41	1.85	2.00
157	2.63	10.38	1.86	2.00
158	2.63	10.35	1.85	2.00
159	2.65	10.34	1.86	2.00
160	2.66	10.31	1.86	2.00
161	2.67	10.27	1.87	2.00
162	2.68	10.23	1.87	2.00
163	2.69	10.19	1.88	2.00
164	2.70	10.16	1.89	2.00
165	2.70	10.13	1.89	2.00
166	2.67	10.08	1.89	2.00
167	2.67	10.04	1.88	2.00
168	2.65	10.02	1.87	2.00
169	2.64	10.04	1.84	2.00
170	2.63	10.02	1.85	2.00
171	2.62	10.01	1.87	2.00
172	2.61	9.98	1.88	2.00
173	2.60	9.96	1.89	2.00
174	2.59	9.94	1.89	2.00
175	2.58	9.92	1.89	2.00
176	2.57	9.88	1.88	2.00
177	2.57	9.85	1.88	2.00
178	2.57	9.82	1.89	2.00
179	2.57	9.79	1.88	2.00
180	2.58	9.76	1.89	2.00
181	2.58	9.72	1.88	2.00
182	2.58	9.68	1.88	2.00
183	2.58	9.64	1.88	2.00
184	2.56	9.63	1.86	2.00
185	2.56	9.60	1.84	2.00
186	2.55	9.57	1.84	2.00
187	2.54	9.55	1.83	2.00
188	2.53	9.52	1.82	2.00
189	2.53	9.51	1.83	2.00
190	2.53	9.49	1.81	2.00
191	2.52	9.48	1.82	2.00
192	2.52	9.46	1.82	2.00
193	2.51	9.44	1.81	2.00
194	2.52	9.43	1.79	2.00
195	2.51	9.40	1.80	2.00
196	2.51	9.37	1.80	2.00
197	2.52	9.34	1.80	2.00
198	2.50	9.32	1.80	2.00
199	2.50	9.33	1.81	2.00
200	2.48	9.31	1.82	2.00
201	2.48	9.30	1.82	2.00
202	2.47	9.28	1.83	2.00
203	2.46	9.30	1.83	2.00
204	2.46	9.28	1.83	2.00
205	2.46	9.28	1.83	2.00
206	2.45	9.25	1.83	2.00
207	2.45	9.23	1.83	2.00
208	2.45	9.22	1.83	2.00
209	2.46	9.21	1.82	2.00
210	2.46	9.18	1.81	2.00
211	2.47	9.15	1.80	2.00
212	2.48	9.10	1.81	2.00
213	2.48	9.06	1.82	2.00
214	2.48	9.02	1.82	2.00
215	2.48	8.99	1.84	2.00
216	2.48	8.97	1.85	2.00
217	2.48	8.93	1.85	2.00
218	2.48	8.89	1.85	2.00
219	2.48	8.88	1.86	2.00
220	2.47	8.84	1.87	2.00
221	2.47	8.82	1.86	2.00
222	2.46	8.78	1.86	2.00
223	2.46	8.77	1.86	2.00
224	2.46	8.74	1.87	2.00
225	2.45	8.72	1.86	2.00
226	2.44	8.69	1.86	2.00
227	2.44	8.68	1.86	2.00
228	2.44	8.62	1.87	2.00
229	2.44	8.58	1.89	2.00
230	2.43	8.55	1.92	2.00
231	2.44	8.51	1.93	2.00
232	2.44	8.48	1.95	2.00
233	2.46	8.45	1.93	2.00
234	2.46	8.41	1.94	2.00
235	2.46	8.38	1.93	2.00
236	2.46	8.35	1.93	2.00
237	2.45	8.32	1.92	2.00
238	2.46	8.27	1.93	2.00
239	2.46	8.23	1.92	2.00
240	2.46	8.19	1.91	2.00
241	2.46	8.16	1.92	2.00
242	2.47	8.10	1.92	2.00
243	2.48	8.06	1.92	2.00
244	2.49	8.01	1.92	2.00
245	2.49	7.97	1.92	2.00
246	2.48	7.92	1.93	2.00
247	2.48	7.87	1.95	2.00
248	2.47	7.83	1.96	2.00
249	2.46	7.79	1.96	2.00
250	2.45	7.74	1.97	2.00
251	2.43	7.69	1.96	2.00
252	2.43	7.66	1.95	2.00
253	2.41	7.62	1.94	2.00
254	2.40	7.57	1.93	2.00
255	2.39	7.52	1.93	2.00
256	2.38	7.49	1.93	2.00
257	2.38	7.47	1.93	2.00
258	2.37	7.43	1.92	2.00
259	2.35	7.41	1.94	2.00
260	2.35	7.38	1.92	2.00
261	2.34	7.34	1.92	2.00
262	2.32	7.30	1.94	2.00
263	2.31	7.27	1.92	2.00
264	2.31	7.23	1.92	2.00
265	2.32	7.19	1.92	2.00
266	2.33	7.15	1.91	2.00
267	2.33	7.11	1.92	2.00
268	2.34	7.09	1.92	2.00
269	2.35	7.05	1.91	2.00
270	2.35	7.00	1.91	2.00
271	2.35	6.95	1.90	2.00
272	2.36	6.92	1.89	2.00
273	2.36	6.86	1.90	2.00
274	2.35	6.81	1.90	2.00
275	2.35	6.77	1.89	2.00
276	2.35	6.75	1.88	2.00
277	2.36	6.71	1.87	2.00
278	2.36	6.67	1.87	2.00
279	2.37	6.64	1.86	2.00
280	2.37	6.62	1.86	2.00
281	2.36	6.60	1.85	2.00
282	2.37	6.58	1.84	2.00
283	2.37	6.55	1.82	2.00
284	2.39	6.52	1.83	2.00
285	2.39	6.52	1.81	2.00
286	2.42	6.50	1.81	2.00
287	2.42	6.47	1.83	2.00
288	2.44	6.45	1.84	2.00
289	2.44	6.41	1.85	2.00
290	2.45	6.39	1.84	2.00
291	2.45	6.37	1.82	2.00
292	2.46	6.36	1.81	2.00
293	2.47	6.35	1.79	2.00
294	2.47	6.35	1.79	2.00
295	2.48	6.34	1.80	2.00
296	2.46	6.32	1.81	2.00
297	2.49	6.28	1.80	2.00
298	2.52	6.23	1.82	2.00
299	2.54	6.18	1.83	2.00
300	2.55	6.16	1.84	2.00
301	2.56	6.14	1.82	2.00
302	2.58	6.11	1.82	2.00
303	2.61	6.07	1.82	2.00
304	2.64	6.03	1.84	2.00
305	2.64	5.99	1.86	2.00
306	2.63	5.95	1.88	2.00
307	2.63	5.92	1.87	2.00
308	2.61	5.89	1.87	1.00
309	2.60	5.86	1.87	1.00
310	2.61	5.83	1.87	2.00
311	2.63	5.79	1.90	2.00
312	2.63	5.74	1.88	2.00
313	2.63	5.69	1.88	2.00
314	2.63	5.65	1.88	2.00
315	2.63	5.62	1.87	2.00
316	2.63	5.57	1.88	2.00
317	2.62	5.52	1.87	2.00
318	2.61	5.49	1.87	2.00
319	2.61	5.46	1.85	2.00
320	2.61	5.42	1.85	2.00
321	2.61	5.36	1.84	2.00
322	2.61	5.32	1.84	2.00
323	2.61	5.29	1.83	2.00
324	2.61	5.26	1.83	2.00
325	2.61	5.24	1.84	2.00
326	2.63	5.17	1.83	2.00
327	2.65	5.13	1.83	2.00
328	2.65	5.08	1.84	2.00
329	2.64	5.04	1.88	2.00
330	2.65	5.00	1.90	2.00
331	2.66	4.95	1.93	2.00
332	2.67	4.90	1.94	2.00
333	2.66	4.86	1.93	2.00
334	2.67	4.81	1.91	2.00
335	2.68	4.76	1.93	2.00
336	2.68	4.73	1.91	2.00
337	2.69	4.69	1.91	2.00
338	2.69	4.65	1.91	2.00
339	2.68	4.61	1.91	2.00
340	2.67	4.58	1.91	2.00
341	2.67	4.53	1.88	2.00
342	2.66	4.49	1.90	1.00
343	2.65	4.44	1.88	1.00
344	2.65	4.40	1.90	1.00
345	2.66	4.37	1.89	1.00
346	2.66	4.33	1.90	1.00
347	2.67	4.30	1.91	1.00
348	2.67	4.27	1.92	1.00
349	2.68	4.23	1.92	1.00
350	2.68	4.18	1.91	1.00
351	2.69	4.14	1.90	1.00
352	2.71	4.11	1.88	1.00
353	2.73	4.09	1.87	1.00
354	2.73	4.05	1.86	1.00
355	2.76	4.02	1.84	1.00
356	2.76	3.99	1.82	1.00
357	2.78	3.95	1.81	1.00
358	2.81	3.92	1.80	1.00
359	2.83	3.89	1.79	1.00
360	2.85	3.87	1.78	1.00
361	2.87	3.86	1.77	1.00
362	2.90	3.86	1.76	1.00
363	2.91	3.82	1.77	1.00
364	2.92	3.79	1.78	2.00
365	2.93	3.75	1.78	2.00
366	2.97	3.76	1.77	2.00
367	2.98	3.71	1.78	2.00
368	2.99	3.68	1.78	2.00
369	3.00	3.67	1.79	2.00
370	3.02	3.64	1.79	2.00
371	3.05	3.63	1.80	2.00
372	3.06	3.60	1.79	2.00
373	3.09	3.57	1.79	2.00
374	3.10	3.54	1.80	1.00
375	3.10	3.51	1.80	1.00
376	3.11	3.48	1.81	1.00
377	3.12	3.45	1.82	1.00
378	3.12	3.42	1.82	1.00
379	3.13	3.37	1.82	1.00
380	3.14	3.32	1.83	1.00
381	3.15	3.29	1.83	1.00
382	3.15	3.27	1.80	1.00
383	3.14	3.26	1.80	1.00
384	3.22	3.37	1.78	1.00
385	3.24	3.37	1.78	1.00
386	3.25	3.34	1.77	4.00
387	3.21	3.15	1.76	4.00
388	3.14	2.89	1.72	3.00
389	3.15	2.83	1.73	1.00
390	3.18	2.81	1.75	1.00
391	3.19	2.77	1.76	1.00
392	3.20	2.74	1.77	1.00
393	3.20	2.71	1.77	1.00
394	3.21	2.69	1.78	1.00
395	3.23	2.65	1.76	1.00
396	3.23	2.62	1.77	1.00
397	3.25	2.59	1.75	1.00
398	3.27	2.57	1.74	1.00
399	3.30	2.51	1.75	1.00
400	3.31	2.45	1.77	2.00
401	3.33	2.42	1.76	1.00
402	3.34	2.37	1.74	1.00
403	3.37	2.34	1.73	1.00
404	3.39	2.31	1.73	1.00
405	3.41	2.27	1.71	1.00
406	3.43	2.24	1.70	1.00
407	3.43	2.20	1.70	1.00
408	3.44	2.16	1.69	1.00
409	3.46	2.12	1.69	1.00
410	3.46	2.08	1.69	1.00
411	3.46	2.04	1.69	1.00
412	3.52	2.00	1.67	1.00
413	3.57	1.98	1.65	1.00
414	3.58	1.93	1.64	2.00
415	3.58	1.89	1.64	2.00
416	3.59	1.84	1.65	2.00
417	3.58	1.80	1.67	1.00
418	3.58	1.75	1.67	1.00
419	3.57	1.71	1.69	1.00
420	3.58	1.68	1.69	2.00
421	3.61	1.66	1.67	2.00
422	3.61	1.63	1.68	2.00
423	3.61	1.59	1.69	1.00
424	3.62	1.57	1.67	1.00
425	3.62	1.56	1.64	1.00
426	3.63	1.54	1.63	1.00
427	3.64	1.53	1.59	1.00
428	3.69	1.52	1.61	2.00
429	3.69	1.51	1.61	2.00
430	3.71	1.50	1.62	2.00
431	3.77	1.50	1.59	2.00
Target 8 (frames from 106 to 127)
Bounding Boxes (frame, x, y, width, height)
106	698	200	81	162
107	696	200	81	162
108	694	200	81	163
109	691	200	81	163
110	689	200	81	163
111	686	199	82	164
112	683	199	82	164
113	681	199	82	164
114	678	199	82	164
115	675	199	82	164
116	671	199	81	163
117	668	200	81	163
118	664	200	81	162
119	661	200	81	162
120	658	200	81	162
121	655	200	81	162
122	652	199	81	162
123	649	199	81	162
124	647	199	80	161
125	644	199	80	161
126	641	199	80	161
127	638	199	80	161
3D Trajetory (frame, x, z, height, pose)
106	6.06	4.09	1.93	4.00
107	6.08	4.09	1.96	4.00
108	6.07	4.08	1.98	4.00
109	6.02	4.05	1.96	4.00
110	6.00	4.01	1.99	4.00
111	5.97	4.00	1.98	4.00
112	5.95	4.02	2.00	4.00
113	5.93	4.01	1.98	4.00
114	5.91	4.03	1.99	4.00
115	5.91	4.08	1.97	4.00
116	5.89	4.11	1.98	2.00
117	5.87	4.12	1.96	2.00
118	5.84	4.13	1.97	2.00
119	5.82	4.13	1.98	2.00
120	5.79	4.14	1.98	2.00
121	5.77	4.16	1.99	3.00
122	5.74	4.17	1.98	3.00
123	5.72	4.18	1.99	3.00
124	5.70	4.19	1.97	3.00
125	5.68	4.19	1.98	3.00
126	5.66	4.20	1.98	3.00
127	5.63	4.19	1.98	3.00
Target 9 (frames from 115 to 147)
Bounding Boxes (frame, x, y, width, height)
115	455	202	81	162
116	454	201	81	162
117	453	200	81	162
118	451	200	80	161
119	450	199	80	161
120	449	198	80	161
121	447	198	80	161
122	446	197	80	161
123	445	196	80	160
124	443	196	80	160
125	441	195	80	161
126	440	195	80	161
127	438	195	80	160
128	436	195	80	160
129	435	195	80	160
130	434	195	79	159
131	432	195	79	159
132	431	195	79	158
133	430	195	78	157
134	429	195	78	157
135	428	195	78	157
136	426	195	78	156
137	425	195	78	156
138	422	194	78	156
139	420	194	78	157
140	418	193	78	157
141	416	192	78	157
142	413	192	78	157
143	410	191	79	158
144	407	190	79	159
145	404	189	79	159
146	401	188	80	160
147	397	187	80	161
3D Trajetory (frame, x, z, height, pose)
115	3.32	4.91	1.95	4.00
116	3.46	5.15	1.94	4.00
117	3.52	5.22	1.97	4.00
118	3.52	5.23	1.98	4.00
119	3.54	5.24	1.99	3.00
120	3.60	5.31	2.02	3.00
121	3.59	5.35	2.02	3.00
122	3.57	5.36	2.01	3.00
123	3.55	5.36	2.02	4.00
124	3.53	5.39	2.03	4.00
125	3.50	5.37	2.04	4.00
126	3.52	5.41	2.05	4.00
127	3.51	5.41	2.05	4.00
128	3.50	5.42	2.06	4.00
129	3.51	5.44	2.06	4.00
130	3.52	5.47	2.05	2.00
131	3.52	5.49	2.02	2.00
132	3.53	5.53	2.02	3.00
133	3.52	5.55	2.03	3.00
134	3.52	5.57	2.04	3.00
135	3.51	5.59	2.03	4.00
136	3.50	5.61	2.05	4.00
137	3.50	5.64	2.05	4.00
138	3.51	5.66	2.07	4.00
139	3.51	5.67	2.08	4.00
140	3.51	5.70	2.08	4.00
141	3.48	5.73	2.09	4.00
142	3.45	5.77	2.11	4.00
143	3.43	5.80	2.12	4.00
144	3.39	5.83	2.12	4.00
145	3.38	5.87	2.14	4.00
146	3.38	5.91	2.16	4.00
147	3.38	5.93	2.18	4.00
Target 10 (frames from 130 to 285)
Bounding Boxes (frame, x, y, width, height)
130	540	205	89	179
131	539	203	90	180
132	538	202	91	182
133	536	201	91	183
134	535	200	92	184
135	534	199	92	185
136	532	198	92	185
137	531	198	92	185
138	530	197	92	185
139	528	197	92	185
140	527	198	91	183
141	525	199	91	182
142	524	200	90	181
143	522	201	90	180
144	521	202	89	179
145	519	202	89	178
146	518	203	88	177
147	516	203	88	177
148	515	203	88	176
149	514	203	88	176
150	512	203	88	176
151	511	203	88	176
152	509	202	88	176
153	507	202	88	177
154	505	201	88	177
155	503	201	88	176
156	501	201	88	176
157	499	201	88	176
158	497	201	87	175
159	495	200	87	175
160	492	200	87	174
161	490	200	87	174
162	488	201	86	173
163	486	201	86	172
164	484	201	85	171
165	483	202	85	170
166	482	202	85	170
167	480	202	84	169
168	479	202	84	168
169	478	202	83	167
170	477	202	83	166
171	475	202	83	166
172	473	203	82	165
173	471	203	82	164
174	469	204	81	163
175	467	204	81	162
176	465	204	80	161
177	462	204	80	161
178	459	205	80	160
179	456	205	80	160
180	454	205	80	160
181	451	206	79	159
182	448	206	79	159
183	446	206	79	158
184	443	206	79	158
185	441	206	78	157
186	439	207	78	156
187	436	207	77	155
188	434	207	77	154
189	432	208	76	153
190	429	208	76	152
191	427	209	75	151
192	424	209	75	150
193	422	208	75	150
194	419	208	74	149
195	416	208	74	149
196	413	207	74	149
197	410	206	74	149
198	408	205	75	150
199	405	205	75	150
200	403	204	75	150
201	400	203	75	150
202	398	203	75	150
203	396	202	75	150
204	394	201	75	150
205	392	201	75	150
206	390	200	75	151
207	388	200	75	151
208	386	199	75	151
209	384	198	76	152
210	381	197	76	153
211	379	196	77	154
212	376	195	77	155
213	374	194	78	156
214	372	192	78	157
215	369	191	79	158
216	368	191	79	158
217	366	191	79	158
218	365	191	79	158
219	364	191	78	157
220	364	192	78	156
221	363	193	77	154
222	363	194	76	153
223	363	194	76	152
224	362	195	75	151
225	362	195	75	150
226	362	196	75	150
227	361	196	74	149
228	361	195	74	149
229	361	195	74	149
230	361	195	75	150
231	361	194	75	150
232	361	193	75	151
233	361	193	75	151
234	361	192	75	151
235	361	192	75	151
236	361	193	75	151
237	360	193	75	150
238	360	194	74	149
239	359	194	74	149
240	359	194	74	148
241	358	194	74	148
242	357	194	74	148
243	356	194	73	147
244	354	194	73	147
245	353	194	73	147
246	351	194	73	147
247	350	194	73	146
248	349	194	73	146
249	347	194	73	146
250	345	194	72	145
251	343	194	72	144
252	341	195	71	143
253	339	195	71	142
254	336	196	70	141
255	334	197	69	139
256	333	198	69	138
257	331	199	68	136
258	329	200	67	135
259	328	200	67	134
260	327	200	67	134
261	326	200	66	133
262	326	200	66	133
263	326	200	66	132
264	326	200	66	132
265	326	200	65	131
266	326	200	65	131
267	325	200	65	130
268	325	200	65	130
269	325	200	64	129
270	324	200	64	129
271	323	201	64	128
272	322	202	63	126
273	322	203	62	125
274	321	204	62	124
275	320	204	61	123
276	320	205	61	122
277	319	205	60	121
278	319	206	60	120
279	318	206	60	120
280	318	206	60	120
281	318	206	60	120
282	317	206	60	120
283	317	205	60	120
284	317	205	60	120
285	317	205	60	121
3D Trajetory (frame, x, z, height, pose)
130	3.95	4.08	1.77	1.00
131	3.78	3.84	1.84	1.00
132	3.80	3.85	1.89	1.00
133	3.80	3.85	1.91	2.00
134	3.82	3.86	1.91	2.00
135	3.81	3.87	1.91	2.00
136	3.84	3.92	1.92	2.00
137	3.86	3.99	1.92	2.00
138	3.84	3.99	1.91	2.00
139	3.82	3.99	1.91	2.00
140	3.80	3.98	1.91	2.00
141	3.80	3.99	1.90	4.00
142	3.79	4.00	1.90	1.00
143	3.81	4.03	1.87	1.00
144	3.81	4.04	1.86	1.00
145	3.81	4.05	1.86	2.00
146	3.82	4.06	1.87	2.00
147	3.80	4.08	1.88	2.00
148	3.79	4.11	1.88	2.00
149	3.80	4.14	1.88	2.00
150	3.79	4.16	1.88	2.00
151	3.79	4.17	1.89	2.00
152	3.79	4.19	1.90	2.00
153	3.79	4.20	1.91	1.00
154	3.81	4.23	1.92	1.00
155	3.82	4.24	1.93	1.00
156	3.82	4.27	1.94	1.00
157	3.81	4.30	1.94	1.00
158	3.80	4.32	1.94	1.00
159	3.79	4.35	1.95	4.00
160	3.77	4.38	1.95	4.00
161	3.76	4.41	1.95	4.00
162	3.77	4.43	1.92	4.00
163	3.77	4.46	1.92	2.00
164	3.78	4.49	1.95	2.00
165	3.78	4.51	1.94	2.00
166	3.79	4.52	1.96	2.00
167	3.80	4.55	1.95	2.00
168	3.79	4.58	1.94	2.00
169	3.81	4.62	1.94	4.00
170	3.83	4.66	1.92	2.00
171	3.83	4.68	1.95	1.00
172	3.83	4.70	1.96	1.00
173	3.83	4.73	1.95	1.00
174	3.82	4.75	1.94	1.00
175	3.82	4.77	1.93	1.00
176	3.79	4.79	1.92	2.00
177	3.78	4.81	1.92	2.00
178	3.75	4.83	1.92	4.00
179	3.74	4.84	1.92	4.00
180	3.72	4.87	1.92	4.00
181	3.71	4.89	1.93	4.00
182	3.71	4.93	1.93	4.00
183	3.69	4.95	1.93	2.00
184	3.68	4.95	1.92	2.00
185	3.65	4.97	1.92	2.00
186	3.65	4.99	1.92	1.00
187	3.64	5.03	1.91	1.00
188	3.65	5.08	1.90	1.00
189	3.65	5.11	1.89	1.00
190	3.64	5.14	1.89	1.00
191	3.63	5.17	1.89	1.00
192	3.62	5.20	1.90	1.00
193	3.61	5.24	1.89	1.00
194	3.62	5.25	1.89	3.00
195	3.60	5.29	1.88	3.00
196	3.60	5.32	1.89	3.00
197	3.59	5.34	1.89	3.00
198	3.57	5.37	1.92	4.00
199	3.53	5.40	1.94	2.00
200	3.52	5.43	1.96	4.00
201	3.51	5.45	1.95	2.00
202	3.52	5.48	1.95	4.00
203	3.51	5.50	1.94	2.00
204	3.50	5.51	1.94	4.00
205	3.49	5.53	1.94	4.00
206	3.49	5.54	1.95	4.00
207	3.48	5.54	1.96	4.00
208	3.47	5.54	1.98	4.00
209	3.45	5.55	1.98	4.00
210	3.40	5.54	1.99	4.00
211	3.36	5.54	2.01	4.00
212	3.35	5.55	2.00	4.00
213	3.33	5.58	2.02	4.00
214	3.32	5.60	2.05	4.00
215	3.30	5.60	2.05	4.00
216	3.29	5.61	2.06	4.00
217	3.27	5.64	2.06	3.00
218	3.25	5.65	2.07	3.00
219	3.26	5.66	2.05	4.00
220	3.26	5.69	2.06	4.00
221	3.26	5.72	2.05	1.00
222	3.24	5.72	2.03	1.00
223	3.26	5.72	1.99	1.00
224	3.26	5.73	1.96	4.00
225	3.26	5.77	1.96	4.00
226	3.26	5.78	1.94	2.00
227	3.26	5.79	1.96	2.00
228	3.23	5.81	1.96	2.00
229	3.23	5.79	1.99	4.00
230	3.22	5.78	2.00	4.00
231	3.21	5.77	2.01	4.00
232	3.22	5.77	2.01	4.00
233	3.23	5.78	2.00	4.00
234	3.24	5.79	2.00	1.00
235	3.25	5.81	2.00	1.00
236	3.25	5.81	2.00	1.00
237	3.26	5.83	1.99	1.00
238	3.27	5.84	2.01	1.00
239	3.25	5.84	1.99	1.00
240	3.24	5.87	1.98	1.00
241	3.22	5.89	1.99	1.00
242	3.21	5.92	1.97	1.00
243	3.21	5.95	1.95	1.00
244	3.22	5.97	1.96	1.00
245	3.23	5.98	2.00	1.00
246	3.23	6.00	2.01	1.00
247	3.24	6.03	2.01	1.00
248	3.20	6.05	2.01	1.00
249	3.18	6.08	2.02	4.00
250	3.17	6.13	2.00	4.00
251	3.16	6.17	1.99	4.00
252	3.15	6.21	1.99	4.00
253	3.16	6.27	1.98	4.00
254	3.14	6.33	1.97	4.00
255	3.11	6.35	1.96	4.00
256	3.09	6.39	1.96	1.00
257	3.07	6.44	1.94	1.00
258	3.06	6.46	1.93	1.00
259	3.05	6.50	1.93	1.00
260	3.06	6.56	1.90	4.00
261	3.07	6.58	1.92	4.00
262	3.09	6.63	1.92	4.00
263	3.11	6.67	1.91	4.00
264	3.11	6.70	1.94	4.00
265	3.12	6.74	1.95	4.00
266	3.14	6.78	1.97	4.00
267	3.17	6.82	1.98	4.00
268	3.17	6.85	1.96	4.00
269	3.15	6.88	1.94	4.00
270	3.17	6.89	1.94	4.00
271	3.16	6.94	1.93	4.00
272	3.16	6.99	1.92	4.00
273	3.16	7.03	1.92	4.00
274	3.15	7.06	1.91	4.00
275	3.15	7.09	1.89	4.00
276	3.15	7.13	1.89	4.00
277	3.13	7.14	1.90	4.00
278	3.16	7.19	1.86	3.00
279	3.17	7.23	1.82	3.00
280	3.16	7.22	1.86	3.00
281	3.17	7.23	1.88	3.00
282	3.16	7.24	1.89	3.00
283	3.16	7.26	1.90	4.00
284	3.17	7.28	1.90	4.00
285	3.14	7.28	1.92	1.00
Target 11 (frames from 139 to 159)
Bounding Boxes (frame, x, y, width, height)
139	605	207	70	141
140	603	208	69	139
141	602	208	69	139
142	601	208	69	138
143	599	208	68	137
144	598	208	68	137
145	597	207	68	137
146	595	207	68	137
147	594	206	69	138
148	593	206	69	138
149	592	205	70	140
150	592	203	71	142
151	590	202	71	143
152	589	201	72	144
153	587	200	72	145
154	586	199	73	146
155	584	198	73	147
156	582	197	74	148
157	580	196	75	150
158	578	195	75	151
159	576	194	76	153
3D Trajetory (frame, x, z, height, pose)
139	5.69	4.71	1.89	1.00
140	5.82	4.84	1.91	2.00
141	5.86	4.90	1.89	2.00
142	5.85	4.91	1.90	2.00
143	5.85	4.92	1.89	2.00
144	5.87	4.96	1.91	2.00
145	5.89	4.99	1.92	2.00
146	5.87	5.00	1.91	2.00
147	5.87	5.01	1.92	2.00
148	5.87	5.02	1.93	2.00
149	5.88	5.03	1.94	2.00
150	5.86	5.01	1.98	2.00
151	5.84	5.00	2.01	2.00
152	5.84	4.99	2.03	2.00
153	5.83	4.97	2.05	2.00
154	5.82	4.96	2.05	2.00
155	5.81	4.96	2.08	2.00
156	5.76	4.95	2.09	3.00
157	5.74	4.95	2.12	3.00
158	5.71	5.03	2.10	3.00
159	5.69	5.10	2.07	3.00
Target 12 (frames from 148 to 285)
Bounding Boxes (frame, x, y, width, height)
148	692	205	83	166
149	689	203	84	169
150	686	201	85	171
151	683	200	86	172
152	680	198	87	174
153	677	197	87	175
154	674	196	88	176
155	671	196	88	177
156	668	195	88	177
157	665	195	89	178
158	662	195	88	177
159	659	195	88	177
160	657	196	88	176
161	654	196	88	176
162	651	197	87	175
163	648	198	87	174
164	645	198	86	173
165	643	199	86	172
166	640	199	86	172
167	637	199	85	171
168	635	199	85	171
169	632	198	85	171
170	630	198	85	171
171	627	198	85	171
172	625	197	85	171
173	622	197	85	171
174	619	197	85	170
175	616	198	84	169
176	613	198	84	169
177	610	198	84	168
178	607	198	84	168
179	603	199	83	167
180	599	199	83	167
181	596	199	83	166
182	592	199	83	166
183	588	199	83	166
184	585	199	83	166
185	582	198	83	166
186	579	198	83	166
187	576	198	83	166
188	574	198	83	166
189	571	198	82	165
190	569	198	82	164
191	566	199	81	163
192	564	199	81	162
193	562	200	80	161
194	559	200	80	160
195	557	200	80	160
196	554	200	79	159
197	551	200	79	158
198	549	199	79	158
199	546	199	79	158
200	543	198	79	158
201	540	198	79	158
202	537	197	78	157
203	534	197	78	157
204	531	197	78	156
205	528	198	77	155
206	524	198	77	154
207	521	199	76	152
208	518	200	75	150
209	515	201	74	149
210	512	202	73	147
211	509	203	73	146
212	506	203	72	145
213	504	203	72	144
214	501	203	71	143
215	499	203	71	143
216	497	202	71	143
217	495	202	71	143
218	493	201	71	143
219	491	201	71	143
220	489	201	71	143
221	487	201	71	143
222	485	200	71	143
223	484	200	71	142
224	482	200	71	142
225	480	200	71	142
226	478	200	71	142
227	477	200	70	141
228	475	200	70	141
229	474	199	70	141
230	473	199	70	140
231	471	199	70	140
232	470	199	69	139
233	468	200	69	139
234	467	200	69	138
235	465	201	68	136
236	464	202	67	135
237	462	202	67	134
238	461	203	66	132
239	459	204	65	131
240	457	205	65	130
241	455	205	64	129
242	452	205	64	129
243	450	205	64	128
244	448	205	64	128
245	446	204	64	128
246	443	204	64	128
247	441	203	64	129
248	440	203	64	129
249	438	202	64	129
250	436	202	64	129
251	435	202	64	129
252	433	201	64	129
253	432	201	64	129
254	430	201	64	128
255	429	201	64	128
256	427	201	64	128
257	425	201	63	127
258	424	201	63	127
259	422	201	63	127
260	421	201	63	127
261	419	201	63	126
262	418	201	63	126
263	416	202	62	125
264	415	202	62	124
265	414	203	62	124
266	412	203	61	123
267	411	203	61	122
268	409	204	60	121
269	408	204	60	121
270	406	205	60	120
271	404	205	59	119
272	403	205	59	119
273	401	206	59	119
274	399	205	59	118
275	397	205	59	118
276	395	205	59	118
277	393	205	59	118
278	391	205	59	118
279	389	204	59	119
280	387	204	59	119
281	386	203	59	119
282	384	203	60	120
283	382	202	60	120
284	380	202	60	121
285	378	201	61	122
3D Trajetory (frame, x, z, height, pose)
148	5.87	3.59	1.88	1.00
149	5.79	3.53	1.90	1.00
150	5.74	3.51	1.93	1.00
151	5.70	3.52	1.94	2.00
152	5.68	3.54	1.96	2.00
153	5.67	3.56	1.97	2.00
154	5.66	3.57	1.99	2.00
155	5.65	3.58	2.01	2.00
156	5.64	3.61	2.02	2.00
157	5.61	3.63	2.00	2.00
158	5.60	3.64	2.01	2.00
159	5.58	3.67	2.01	2.00
160	5.54	3.67	2.01	1.00
161	5.52	3.67	2.01	1.00
162	5.52	3.68	2.00	3.00
163	5.49	3.70	1.98	3.00
164	5.47	3.72	1.98	3.00
165	5.46	3.74	1.97	3.00
166	5.45	3.76	1.97	3.00
167	5.46	3.79	1.97	2.00
168	5.45	3.83	1.97	2.00
169	5.44	3.85	1.98	2.00
170	5.44	3.86	1.99	2.00
171	5.42	3.89	2.01	2.00
172	5.40	3.89	2.02	2.00
173	5.39	3.89	2.01	2.00
174	5.36	3.87	2.02	2.00
175	5.36	3.89	2.02	1.00
176	5.34	3.94	2.01	1.00
177	5.34	3.97	2.00	1.00
178	5.34	4.01	1.99	1.00
179	5.32	4.04	1.99	3.00
180	5.30	4.07	1.98	3.00
181	5.28	4.10	1.98	3.00
182	5.25	4.11	1.99	3.00
183	5.21	4.13	2.01	2.00
184	5.18	4.13	2.02	2.00
185	5.16	4.14	2.02	2.00
186	5.16	4.17	2.02	2.00
187	5.14	4.19	2.02	2.00
188	5.11	4.19	2.01	1.00
189	5.10	4.21	2.01	1.00
190	5.11	4.24	2.01	1.00
191	5.11	4.25	1.99	1.00
192	5.10	4.27	2.00	1.00
193	5.10	4.29	1.99	1.00
194	5.09	4.32	1.99	1.00
195	5.10	4.36	1.99	2.00
196	5.09	4.38	1.99	2.00
197	5.09	4.41	1.98	2.00
198	5.08	4.42	1.98	2.00
199	5.08	4.44	1.99	2.00
200	5.07	4.47	1.99	2.00
201	5.04	4.50	2.00	2.00
202	5.02	4.52	2.02	2.00
203	5.01	4.54	2.01	2.00
204	5.01	4.57	2.01	2.00
205	4.99	4.60	2.00	2.00
206	4.97	4.63	2.02	1.00
207	4.96	4.66	1.98	1.00
208	4.94	4.72	1.96	1.00
209	4.92	4.76	1.93	3.00
210	4.91	4.81	1.92	3.00
211	4.90	4.84	1.90	3.00
212	4.89	4.87	1.91	3.00
213	4.88	4.89	1.89	3.00
214	4.88	4.91	1.90	2.00
215	4.86	4.93	1.91	2.00
216	4.83	4.94	1.93	2.00
217	4.83	4.97	1.94	2.00
218	4.83	5.00	1.93	2.00
219	4.81	5.03	1.94	2.00
220	4.79	5.05	1.94	2.00
221	4.76	5.07	1.94	2.00
222	4.75	5.09	1.95	2.00
223	4.74	5.13	1.93	2.00
224	4.74	5.14	1.92	2.00
225	4.73	5.17	1.92	2.00
226	4.73	5.20	1.92	3.00
227	4.71	5.22	1.92	3.00
228	4.70	5.25	1.93	3.00
229	4.68	5.27	1.94	3.00
230	4.68	5.30	1.94	3.00
231	4.67	5.33	1.96	2.00
232	4.67	5.35	1.95	2.00
233	4.68	5.37	1.94	2.00
234	4.69	5.41	1.93	2.00
235	4.67	5.45	1.92	2.00
236	4.67	5.49	1.91	2.00
237	4.68	5.53	1.89	1.00
238	4.67	5.57	1.88	1.00
239	4.67	5.62	1.88	2.00
240	4.65	5.67	1.86	2.00
241	4.65	5.72	1.86	2.00
242	4.64	5.76	1.86	2.00
243	4.64	5.78	1.86	3.00
244	4.61	5.81	1.87	3.00
245	4.61	5.85	1.88	3.00
246	4.59	5.88	1.89	3.00
247	4.59	5.91	1.90	3.00
248	4.57	5.93	1.92	3.00
249	4.56	5.96	1.92	3.00
250	4.56	5.99	1.93	2.00
251	4.55	6.03	1.94	2.00
252	4.54	6.06	1.93	2.00
253	4.54	6.10	1.93	2.00
254	4.54	6.11	1.94	2.00
255	4.53	6.13	1.93	2.00
256	4.53	6.15	1.92	2.00
257	4.51	6.18	1.93	2.00
258	4.51	6.21	1.93	2.00
259	4.50	6.23	1.94	2.00
260	4.48	6.28	1.94	2.00
261	4.47	6.31	1.94	2.00
262	4.46	6.34	1.94	2.00
263	4.45	6.37	1.94	2.00
264	4.45	6.40	1.94	2.00
265	4.44	6.42	1.93	2.00
266	4.44	6.46	1.92	2.00
267	4.45	6.50	1.90	2.00
268	4.43	6.52	1.90	3.00
269	4.42	6.57	1.89	3.00
270	4.40	6.60	1.88	3.00
271	4.39	6.62	1.88	3.00
272	4.36	6.66	1.90	3.00
273	4.33	6.68	1.90	2.00
274	4.30	6.73	1.89	2.00
275	4.29	6.76	1.88	2.00
276	4.28	6.80	1.88	2.00
277	4.27	6.81	1.90	2.00
278	4.26	6.84	1.90	2.00
279	4.24	6.84	1.92	2.00
280	4.22	6.88	1.92	2.00
281	4.21	6.92	1.92	2.00
282	4.20	6.95	1.92	2.00
283	4.17	6.96	1.94	4.00
284	4.15	6.98	1.96	1.00
285	4.11	7.01	2.00	1.00
Target 13 (frames from 178 to 278)
Bounding Boxes (frame, x, y, width, height)
178	525	203	82	164
179	523	203	82	165
180	521	203	82	165
181	519	203	82	165
182	517	203	82	165
183	514	203	82	165
184	512	203	82	165
185	509	203	82	165
186	507	203	82	164
187	504	203	81	163
188	501	204	81	162
189	498	204	80	161
190	495	205	80	160
191	492	205	79	159
192	489	206	79	158
193	486	207	78	156
194	484	208	77	155
195	482	208	76	153
196	480	209	76	152
197	478	209	75	151
198	477	208	75	151
199	475	208	75	151
200	474	207	75	151
201	472	206	75	151
202	471	206	76	152
203	470	205	76	152
204	468	204	76	153
205	467	203	76	153
206	465	203	77	154
207	463	202	77	154
208	460	202	77	154
209	458	201	77	154
210	455	201	77	154
211	452	201	76	153
212	449	201	76	153
213	445	200	76	153
214	442	200	76	152
215	439	199	76	152
216	435	199	76	152
217	432	198	76	152
218	428	198	76	152
219	425	198	75	151
220	422	198	75	150
221	420	198	75	150
222	418	198	74	149
223	416	198	74	148
224	414	199	74	148
225	413	199	73	147
226	412	199	73	147
227	411	199	73	146
228	410	199	73	146
229	409	199	72	145
230	409	199	72	145
231	408	199	72	145
232	408	199	72	145
233	407	199	72	145
234	407	199	72	145
235	406	198	72	145
236	405	198	72	145
237	404	198	72	145
238	402	198	73	146
239	401	197	73	146
240	400	197	73	146
241	399	197	73	146
242	398	196	73	146
243	397	197	73	146
244	396	198	72	145
245	395	199	71	143
246	394	200	71	142
247	393	201	70	140
248	393	203	69	138
249	393	204	68	136
250	393	205	67	134
251	392	207	66	133
252	391	207	65	131
253	391	208	65	130
254	389	208	65	130
255	388	208	65	130
256	387	207	65	130
257	386	207	65	130
258	384	206	65	130
259	383	205	65	131
260	381	205	65	131
261	380	205	65	130
262	378	205	65	130
263	377	204	64	129
264	375	204	65	130
265	374	203	65	130
266	373	203	65	130
267	372	202	65	131
268	371	202	65	131
269	370	201	66	132
270	369	199	66	133
271	369	198	67	134
272	369	197	68	136
273	368	195	68	137
274	368	194	69	139
275	368	192	70	141
276	369	190	71	143
277	369	188	72	145
278	369	186	73	147
3D Trajetory (frame, x, z, height, pose)
178	4.39	4.47	1.92	2.00
179	4.40	4.41	1.95	3.00
180	4.36	4.38	1.96	3.00
181	4.34	4.35	1.95	1.00
182	4.33	4.37	1.95	1.00
183	4.33	4.40	1.95	1.00
184	4.33	4.44	1.94	1.00
185	4.31	4.47	1.94	1.00
186	4.29	4.49	1.95	3.00
187	4.26	4.49	1.97	3.00
188	4.24	4.53	1.95	3.00
189	4.24	4.55	1.94	3.00
190	4.21	4.59	1.92	3.00
191	4.21	4.61	1.91	3.00
192	4.20	4.64	1.90	3.00
193	4.19	4.66	1.90	3.00
194	4.18	4.68	1.90	3.00
195	4.18	4.71	1.89	2.00
196	4.18	4.74	1.87	2.00
197	4.19	4.76	1.86	2.00
198	4.19	4.79	1.85	2.00
199	4.19	4.80	1.87	1.00
200	4.19	4.81	1.86	1.00
201	4.19	4.82	1.87	1.00
202	4.19	4.83	1.89	1.00
203	4.19	4.83	1.91	3.00
204	4.18	4.84	1.91	3.00
205	4.17	4.81	1.93	4.00
206	4.15	4.83	1.94	4.00
207	4.14	4.85	1.93	4.00
208	4.12	4.88	1.91	4.00
209	4.12	4.90	1.92	3.00
210	4.10	4.91	1.92	3.00
211	4.08	4.93	1.93	3.00
212	4.06	4.97	1.93	3.00
213	4.03	5.01	1.94	3.00
214	4.02	5.05	1.94	3.00
215	4.01	5.07	1.95	3.00
216	3.98	5.12	1.95	3.00
217	3.95	5.16	1.94	3.00
218	3.92	5.21	1.96	3.00
219	3.90	5.25	1.96	3.00
220	3.88	5.28	1.97	3.00
221	3.86	5.32	1.97	3.00
222	3.85	5.35	1.96	3.00
223	3.83	5.39	1.96	3.00
224	3.81	5.42	1.94	3.00
225	3.82	5.42	1.92	3.00
226	3.81	5.44	1.91	3.00
227	3.79	5.46	1.93	3.00
228	3.78	5.46	1.93	2.00
229	3.78	5.47	1.91	2.00
230	3.78	5.48	1.92	2.00
231	3.78	5.48	1.94	2.00
232	3.77	5.49	1.93	2.00
233	3.76	5.50	1.92	2.00
234	3.73	5.51	1.91	1.00
235	3.74	5.52	1.91	3.00
236	3.73	5.53	1.92	4.00
237	3.73	5.53	1.93	3.00
238	3.73	5.54	1.95	4.00
239	3.72	5.56	1.94	4.00
240	3.70	5.58	1.92	4.00
241	3.67	5.60	1.93	4.00
242	3.67	5.61	1.94	4.00
243	3.66	5.61	1.95	3.00
244	3.65	5.63	1.95	3.00
245	3.66	5.64	1.95	3.00
246	3.69	5.66	1.93	4.00
247	3.68	5.70	1.91	4.00
248	3.66	5.72	1.89	4.00
249	3.64	5.76	1.88	4.00
250	3.68	5.83	1.79	4.00
251	3.71	5.84	1.76	4.00
252	3.70	5.87	1.77	4.00
253	3.70	5.88	1.80	4.00
254	3.69	5.92	1.82	4.00
255	3.73	5.93	1.81	4.00
256	3.72	5.95	1.82	4.00
257	3.71	5.98	1.83	4.00
258	3.69	6.02	1.85	4.00
259	3.66	6.04	1.86	4.00
260	3.66	6.08	1.86	4.00
261	3.65	6.10	1.87	4.00
262	3.65	6.14	1.87	4.00
263	3.67	6.18	1.86	1.00
264	3.69	6.22	1.86	1.00
265	3.68	6.27	1.87	1.00
266	3.67	6.30	1.88	1.00
267	3.67	6.32	1.88	1.00
268	3.65	6.35	1.89	1.00
269	3.64	6.36	1.91	1.00
270	3.62	6.36	1.97	1.00
271	3.61	6.28	1.99	1.00
272	3.61	6.28	2.00	1.00
273	3.60	6.30	1.99	1.00
274	3.59	6.28	2.00	1.00
275	3.63	6.30	2.04	1.00
276	3.65	6.30	2.07	1.00
277	3.67	6.30	2.10	1.00
278	3.68	6.31	2.12	1.00
Target 14 (frames from 203 to 235)
Bounding Boxes (frame, x, y, width, height)
203	322	204	59	118
204	321	203	60	121
205	320	201	62	124
206	319	200	63	126
207	318	199	64	129
208	316	198	65	130
209	315	198	66	132
210	313	197	66	133
211	312	197	67	134
212	310	197	67	135
213	308	197	67	134
214	306	198	67	134
215	304	198	67	134
216	302	199	66	133
217	300	199	66	132
218	298	200	65	131
219	296	201	65	130
220	294	201	65	130
221	293	201	65	130
222	292	200	65	130
223	291	200	65	130
224	291	200	65	130
225	290	200	64	129
226	290	200	64	129
227	289	200	64	128
228	288	200	64	128
229	288	200	63	127
230	287	201	63	126
231	286	201	62	125
232	286	202	62	124
233	285	203	61	123
234	284	203	61	122
235	284	204	60	120
3D Trajetory (frame, x, z, height, pose)
203	3.46	8.05	2.00	4.00
204	3.39	7.84	2.06	4.00
205	3.28	7.61	2.05	4.00
206	3.24	7.51	2.05	4.00
207	3.16	7.32	2.05	4.00
208	3.11	7.23	2.06	2.00
209	3.08	7.17	2.07	2.00
210	3.06	7.16	2.08	2.00
211	3.05	7.12	2.10	2.00
212	3.04	7.09	2.10	2.00
213	3.01	7.09	2.08	2.00
214	2.98	7.10	2.06	2.00
215	2.93	7.13	2.01	2.00
216	2.90	7.13	2.00	2.00
217	2.86	7.15	1.98	2.00
218	2.83	7.17	1.98	2.00
219	2.79	7.17	1.98	2.00
220	2.76	7.17	1.99	2.00
221	2.74	7.17	1.98	4.00
222	2.76	7.27	1.98	2.00
223	2.76	7.27	1.97	2.00
224	2.77	7.31	1.99	2.00
225	2.77	7.30	1.99	2.00
226	2.77	7.30	2.00	2.00
227	2.78	7.32	2.02	2.00
228	2.77	7.35	2.01	2.00
229	2.77	7.41	1.98	2.00
230	2.76	7.48	1.97	2.00
231	2.75	7.51	1.94	4.00
232	2.74	7.54	1.93	4.00
233	2.73	7.56	1.93	3.00
234	2.71	7.58	1.94	3.00
235	2.71	7.59	1.93	3.00
Target 15 (frames from 252 to 296)
Bounding Boxes (frame, x, y, width, height)
252	574	191	95	190
253	568	191	95	190
254	561	190	95	190
255	555	190	95	190
256	549	189	94	189
257	543	189	94	189
258	537	188	94	188
259	531	188	93	187
260	525	188	93	187
261	519	187	93	186
262	512	188	91	183
263	506	188	91	182
264	501	188	90	180
265	495	188	89	179
266	490	188	89	178
267	485	188	88	177
268	480	188	88	176
269	475	188	87	175
270	471	189	87	174
271	466	189	86	173
272	461	189	86	172
273	456	189	85	171
274	452	190	84	169
275	447	191	84	168
276	442	191	83	166
277	437	192	82	164
278	433	192	81	163
279	428	193	81	162
280	424	193	80	160
281	420	194	79	159
282	416	194	79	158
283	411	195	78	157
284	407	195	78	156
285	402	195	77	155
286	398	195	77	154
287	393	195	77	154
288	389	195	76	153
289	384	195	76	153
290	380	194	76	152
291	376	194	76	152
292	371	193	76	152
293	367	193	76	152
294	362	192	76	153
295	358	191	76	153
296	353	190	76	153
3D Trajetory (frame, x, z, height, pose)
252	4.47	3.40	1.86	3.00
253	4.29	3.29	1.88	3.00
254	4.25	3.28	1.91	3.00
255	4.24	3.34	1.92	3.00
256	4.17	3.37	1.90	3.00
257	4.09	3.37	1.91	3.00
258	4.04	3.43	1.91	3.00
259	4.09	3.54	1.91	3.00
260	4.10	3.62	1.93	3.00
261	4.09	3.70	1.94	3.00
262	4.12	3.81	1.96	3.00
263	4.12	3.93	1.95	3.00
264	4.09	3.99	1.93	3.00
265	4.01	4.00	1.95	3.00
266	3.98	4.06	1.95	3.00
267	3.95	4.10	1.95	3.00
268	3.93	4.15	1.95	3.00
269	3.90	4.20	1.95	3.00
270	3.88	4.25	1.95	3.00
271	3.86	4.30	1.95	3.00
272	3.83	4.36	1.95	3.00
273	3.82	4.42	1.96	3.00
274	3.78	4.49	1.94	4.00
275	3.75	4.55	1.94	4.00
276	3.73	4.60	1.95	4.00
277	3.70	4.68	1.93	3.00
278	3.67	4.74	1.92	3.00
279	3.65	4.80	1.92	3.00
280	3.61	4.86	1.93	3.00
281	3.60	4.92	1.92	3.00
282	3.59	4.99	1.91	3.00
283	3.57	5.04	1.90	3.00
284	3.56	5.10	1.94	3.00
285	3.53	5.15	1.97	3.00
286	3.50	5.22	1.95	3.00
287	3.48	5.32	1.90	3.00
288	3.44	5.37	1.94	3.00
289	3.38	5.46	1.95	3.00
290	3.35	5.52	1.96	3.00
291	3.33	5.57	1.97	3.00
292	3.29	5.62	1.97	3.00
293	3.26	5.67	2.00	3.00
294	3.24	5.72	1.99	1.00
295	3.20	5.75	2.01	1.00
296	3.18	5.79	2.03	1.00
Target 16 (frames from 313 to 332)
Bounding Boxes (frame, x, y, width, height)
313	210	211	43	86
314	209	211	43	86
315	208	211	43	87
316	207	210	43	87
317	206	210	43	87
318	205	210	43	87
319	203	210	44	88
320	202	210	44	88
321	201	209	44	88
322	200	209	44	88
323	198	209	44	88
324	197	209	44	88
325	196	209	44	89
326	194	209	44	89
327	193	209	44	89
328	192	209	44	89
329	190	209	44	89
330	189	209	44	89
331	188	209	44	89
332	187	209	44	89
3D Trajetory (frame, x, z, height, pose)
313	2.21	11.71	1.95	2.00
314	2.25	11.87	1.97	2.00
315	2.27	11.92	1.97	4.00
316	2.26	11.90	1.99	4.00
317	2.22	11.94	2.00	4.00
318	2.19	11.94	2.01	4.00
319	2.15	11.89	2.02	4.00
320	2.12	11.90	2.03	4.00
321	2.10	11.90	2.02	4.00
322	2.08	11.91	2.02	4.00
323	2.04	11.90	1.99	4.00
324	2.00	11.89	1.99	2.00
325	1.99	11.88	1.98	2.00
326	1.95	11.85	1.99	2.00
327	1.91	11.81	2.00	2.00
328	1.88	11.82	2.01	2.00
329	1.85	11.82	2.00	2.00
330	1.84	11.83	2.00	2.00
331	1.81	11.85	1.99	2.00
332	1.78	11.87	1.98	1.00
Target 17 (frames from 330 to 391)
Bounding Boxes (frame, x, y, width, height)
330	217	207	64	128
331	212	207	64	128
332	208	206	64	129
333	204	206	65	130
334	200	205	65	130
335	196	205	65	131
336	192	205	65	131
337	188	204	65	131
338	184	204	65	131
339	180	204	66	132
340	175	204	66	132
341	171	204	66	132
342	167	204	66	132
343	162	204	66	132
344	158	204	65	131
345	155	204	65	131
346	151	204	65	130
347	147	204	65	130
348	144	204	65	130
349	141	204	64	129
350	138	204	64	129
351	135	203	64	129
352	132	203	64	129
353	129	203	64	129
354	127	202	64	129
355	124	202	64	129
356	121	202	64	129
357	118	202	64	128
358	114	202	64	128
359	110	201	64	128
360	105	201	64	128
361	100	201	64	128
362	95	201	64	128
363	89	200	64	129
364	84	200	64	129
365	79	199	64	129
366	75	199	64	129
367	71	199	64	129
368	66	200	64	129
369	62	200	64	128
370	58	201	64	128
371	55	202	63	127
372	53	203	62	125
373	50	205	61	123
374	48	206	60	121
375	46	207	59	119
376	43	208	59	118
377	41	209	58	117
378	38	209	58	116
379	34	210	57	115
380	31	209	57	115
381	28	208	58	116
382	25	206	58	117
383	21	205	59	118
384	18	204	59	118
385	15	203	59	119
386	12	202	60	120
387	9	201	60	120
388	6	200	60	121
389	3	198	61	123
390	0	197	62	124
391	-3	195	62	125
3D Trajetory (frame, x, z, height, pose)
330	1.57	7.23	1.82	3.00
331	1.58	7.29	1.84	3.00
332	1.54	7.34	1.84	1.00
333	1.50	7.32	1.86	1.00
334	1.45	7.37	1.84	1.00
335	1.41	7.38	1.82	1.00
336	1.34	7.38	1.84	1.00
337	1.27	7.41	1.85	3.00
338	1.21	7.46	1.85	3.00
339	1.17	7.49	1.87	3.00
340	1.13	7.55	1.89	3.00
341	1.10	7.56	1.89	3.00
342	1.04	7.61	1.87	3.00
343	1.00	7.64	1.87	3.00
344	0.95	7.66	1.88	3.00
345	0.88	7.69	1.88	1.00
346	0.83	7.75	1.86	1.00
347	0.79	7.79	1.86	1.00
348	0.76	7.87	1.84	3.00
349	0.72	7.94	1.85	3.00
350	0.67	8.00	1.86	3.00
351	0.63	8.03	1.87	3.00
352	0.60	8.08	1.89	3.00
353	0.58	8.08	1.91	3.00
354	0.57	8.07	1.91	3.00
355	0.54	8.07	1.90	3.00
356	0.50	8.19	1.89	3.00
357	0.45	8.26	1.89	1.00
358	0.38	8.27	1.90	1.00
359	0.32	8.33	1.89	1.00
360	0.28	8.39	1.89	1.00
361	0.23	8.47	1.86	1.00
362	0.19	8.50	1.88	3.00
363	0.10	8.51	1.90	3.00
364	0.02	8.52	1.92	3.00
365	-0.07	8.52	1.94	3.00
366	-0.12	8.56	1.92	3.00
367	-0.16	8.60	1.93	3.00
368	-0.21	8.63	1.90	3.00
369	-0.25	8.67	1.89	3.00
370	-0.27	8.71	1.89	3.00
371	-0.31	8.74	1.88	3.00
372	-0.35	8.79	1.86	3.00
373	-0.40	8.85	1.84	3.00
374	-0.45	8.89	1.81	3.00
375	-0.51	8.94	1.80	3.00
376	-0.54	8.97	1.78	3.00
377	-0.56	8.98	1.76	3.00
378	-0.60	9.04	1.77	3.00
379	-0.62	9.18	1.70	3.00
380	-0.68	9.26	1.71	3.00
381	-0.72	9.30	1.74	3.00
382	-0.76	9.32	1.78	3.00
383	-0.80	9.34	1.81	3.00
384	-0.85	9.37	1.84	3.00
385	-0.87	9.41	1.87	3.00
386	-0.91	9.45	1.91	3.00
387	-0.96	9.46	1.93	3.00
388	-1.00	9.50	1.96	3.00
389	-1.03	9.56	1.97	3.00
390	-1.05	9.67	1.90	3.00
391	-1.11	9.77	1.84	3.00
Target 18 (frames from 334 to 343)
Bounding Boxes (frame, x, y, width, height)
334	336	216	47	95
335	335	214	49	99
336	335	213	50	101
337	335	213	51	103
338	335	213	51	103
339	335	214	50	101
340	335	215	50	100
341	336	217	49	98
342	336	219	48	96
343	337	221	46	93
3D Trajetory (frame, x, z, height, pose)
334	3.97	8.59	1.76	4.00
335	3.77	8.15	1.78	4.00
336	3.72	8.00	1.80	2.00
337	3.71	7.98	1.81	2.00
338	3.70	7.94	1.81	2.00
339	3.74	8.01	1.80	2.00
340	3.76	8.06	1.76	2.00
341	3.76	8.12	1.70	2.00
342	3.78	8.13	1.70	2.00
343	3.80	8.16	1.70	2.00
Target 19 (frames from 348 to 378)
Bounding Boxes (frame, x, y, width, height)
348	704	187	108	216
349	698	187	108	217
350	692	187	109	218
351	687	187	109	219
352	681	187	109	219
353	676	187	110	220
354	671	187	110	220
355	666	187	110	220
356	661	186	110	220
357	656	186	110	220
358	651	185	110	221
359	646	184	110	221
360	642	185	110	221
361	638	185	110	220
362	633	185	109	219
363	629	185	109	218
364	625	186	108	216
365	620	187	107	215
366	616	187	107	214
367	612	187	106	213
368	607	187	106	213
369	603	186	106	213
370	598	187	106	212
371	594	187	105	211
372	589	187	105	210
373	585	187	104	209
374	581	187	104	209
375	576	187	104	208
376	572	187	103	207
377	567	187	103	207
378	563	187	103	206
3D Trajetory (frame, x, z, height, pose)
348	4.77	2.22	1.89	1.00
349	4.57	2.16	1.85	1.00
350	4.62	2.27	1.78	3.00
351	4.55	2.27	1.82	3.00
352	4.51	2.30	1.81	3.00
353	4.45	2.30	1.83	3.00
354	4.42	2.33	1.82	3.00
355	4.35	2.33	1.82	3.00
356	4.37	2.38	1.82	2.00
357	4.35	2.40	1.83	2.00
358	4.31	2.42	1.85	3.00
359	4.27	2.43	1.85	3.00
360	4.19	2.41	1.85	1.00
361	4.13	2.40	1.85	1.00
362	4.11	2.44	1.84	3.00
363	4.11	2.49	1.85	3.00
364	4.15	2.57	1.82	3.00
365	4.14	2.60	1.81	3.00
366	4.11	2.62	1.80	3.00
367	4.10	2.63	1.79	3.00
368	4.07	2.65	1.81	3.00
369	4.04	2.68	1.80	3.00
370	4.02	2.70	1.81	3.00
371	4.00	2.71	1.82	3.00
372	3.95	2.73	1.83	3.00
373	3.89	2.75	1.86	4.00
374	3.87	2.76	1.86	4.00
375	3.87	2.79	1.86	1.00
376	3.88	2.85	1.83	1.00
377	3.88	2.90	1.79	1.00
378	3.90	3.00	1.76	1.00
Target 20 (frames from 347 to 394)
Bounding Boxes (frame, x, y, width, height)
347	252	221	41	83
348	251	219	43	86
349	250	218	44	88
350	249	217	45	90
351	248	216	46	92
352	247	215	47	94
353	246	214	47	95
354	245	213	48	96
355	244	213	48	97
356	243	213	49	98
357	242	213	49	98
358	242	213	49	98
359	241	213	49	98
360	240	214	49	98
361	240	214	49	98
362	240	215	48	97
363	239	216	48	96
364	239	216	48	96
365	238	217	47	95
366	238	217	47	95
367	237	217	47	94
368	236	217	47	94
369	235	217	47	95
370	234	217	47	95
371	233	217	48	96
372	231	216	48	97
373	230	216	48	97
374	230	215	49	98
375	229	215	49	98
376	229	216	49	98
377	229	216	49	98
378	229	216	48	97
379	229	217	48	96
380	229	218	47	95
381	229	218	47	95
382	229	219	47	94
383	229	219	47	94
384	229	220	46	93
385	229	220	46	93
386	228	220	46	92
387	228	220	46	92
388	227	220	46	92
389	226	220	46	92
390	226	219	46	92
391	225	219	46	93
392	224	218	46	93
393	223	218	46	93
394	222	217	47	94
3D Trajetory (frame, x, z, height, pose)
347	2.71	10.02	1.67	2.00
348	2.70	9.98	1.70	4.00
349	2.66	9.83	1.78	4.00
350	2.63	9.76	1.78	4.00
351	2.61	9.67	1.78	4.00
352	2.61	9.61	1.79	4.00
353	2.56	9.55	1.79	4.00
354	2.52	9.46	1.80	4.00
355	2.45	9.30	1.81	4.00
356	2.42	9.22	1.81	4.00
357	2.39	9.12	1.81	4.00
358	2.37	9.10	1.79	4.00
359	2.34	9.06	1.78	2.00
360	2.31	9.03	1.77	2.00
361	2.31	9.01	1.76	2.00
362	2.30	9.02	1.75	2.00
363	2.31	9.05	1.73	2.00
364	2.32	9.07	1.70	2.00
365	2.32	9.06	1.70	2.00
366	2.32	9.07	1.69	2.00
367	2.28	9.05	1.69	2.00
368	2.26	9.04	1.68	2.00
369	2.24	9.01	1.69	2.00
370	2.22	9.00	1.68	2.00
371	2.19	8.99	1.70	2.00
372	2.17	8.97	1.71	2.00
373	2.16	8.94	1.72	2.00
374	2.15	8.91	1.71	2.00
375	2.13	8.88	1.71	2.00
376	2.12	8.82	1.72	2.00
377	2.09	8.81	1.71	2.00
378	2.09	8.78	1.72	2.00
379	2.10	8.78	1.68	2.00
380	2.11	8.77	1.65	2.00
381	2.11	8.78	1.62	2.00
382	2.13	8.78	1.59	2.00
383	2.14	8.77	1.58	2.00
384	2.13	8.76	1.58	2.00
385	2.11	8.76	1.58	4.00
386	2.09	8.76	1.60	4.00
387	2.07	8.76	1.61	4.00
388	2.05	8.74	1.62	4.00
389	2.05	8.74	1.62	4.00
390	2.06	8.80	1.61	2.00
391	2.06	8.84	1.62	2.00
392	2.06	8.84	1.62	2.00
393	2.06	8.87	1.61	2.00
394	2.06	8.89	1.60	2.00
Target 21 (frames from 368 to 393)
Bounding Boxes (frame, x, y, width, height)
368	272	213	47	95
369	271	214	47	95
370	271	214	47	95
371	270	214	47	95
372	269	215	47	95
373	268	215	47	95
374	268	215	47	95
375	267	216	47	95
376	266	216	47	95
377	265	216	47	95
378	265	216	47	95
379	264	216	47	95
380	263	216	47	95
381	262	216	47	94
382	262	216	47	94
383	261	217	47	94
384	260	217	47	94
385	259	217	47	94
386	258	217	47	94
387	257	217	47	94
388	256	217	47	94
389	255	216	47	94
390	254	216	47	94
391	253	216	47	95
392	251	215	47	95
393	250	215	48	96
3D Trajetory (frame, x, z, height, pose)
368	3.01	9.29	1.81	4.00
369	2.95	9.14	1.78	4.00
370	2.85	8.88	1.73	4.00
371	2.82	8.83	1.71	4.00
372	2.82	8.84	1.71	4.00
373	2.81	8.84	1.72	2.00
374	2.80	8.81	1.73	2.00
375	2.78	8.77	1.74	2.00
376	2.74	8.77	1.75	2.00
377	2.73	8.76	1.73	2.00
378	2.72	8.77	1.72	4.00
379	2.69	8.75	1.68	4.00
380	2.68	8.75	1.66	4.00
381	2.67	8.76	1.65	4.00
382	2.66	8.76	1.65	2.00
383	2.66	8.76	1.64	4.00
384	2.66	8.75	1.66	2.00
385	2.64	8.71	1.68	2.00
386	2.63	8.69	1.68	2.00
387	2.60	8.69	1.67	2.00
388	2.57	8.69	1.65	2.00
389	2.55	8.67	1.65	2.00
390	2.53	8.66	1.66	2.00
391	2.51	8.67	1.66	2.00
392	2.49	8.66	1.66	2.00
393	2.47	8.65	1.65	2.00
Target 22 (frames from 394 to 448)
Bounding Boxes (frame, x, y, width, height)
394	376	174	116	232
395	379	171	118	237
396	381	168	120	241
397	384	165	122	245
398	386	163	124	249
399	389	160	126	253
400	392	158	128	257
401	395	155	130	260
402	398	153	132	264
403	401	151	133	267
404	406	149	135	270
405	410	147	137	274
406	413	145	138	277
407	416	144	140	280
408	419	143	141	282
409	422	143	142	284
410	425	144	142	285
411	428	144	142	285
412	430	145	142	285
413	433	146	142	284
414	436	147	142	284
415	440	147	142	284
416	443	147	142	285
417	447	147	143	286
418	452	146	144	288
419	457	145	144	289
420	463	144	145	291
421	469	143	146	293
422	476	142	148	296
423	482	140	149	298
424	489	139	150	301
425	497	139	151	303
426	504	138	152	304
427	512	138	153	306
428	519	138	153	307
429	527	139	153	307
430	534	139	154	308
431	541	138	154	309
432	548	139	154	309
433	555	139	154	309
434	561	139	154	309
435	568	140	154	308
436	575	141	153	307
437	583	142	153	306
438	591	143	152	305
439	599	144	152	305
440	606	145	152	304
441	614	146	151	302
442	621	147	150	301
443	629	148	149	299
444	636	149	149	298
445	644	151	148	296
446	651	152	147	294
447	659	153	146	292
448	667	155	144	289
3D Trajetory (frame, x, z, height, pose)
394	2.34	3.37	1.87	2.00
395	2.27	3.29	1.91	2.00
396	2.23	3.26	1.92	2.00
397	2.21	3.22	1.91	2.00
398	2.22	3.15	1.89	2.00
399	2.30	3.09	1.91	2.00
400	2.32	3.05	1.91	2.00
401	2.34	2.99	1.93	2.00
402	2.34	2.95	1.92	2.00
403	2.37	2.90	1.93	2.00
404	2.39	2.84	1.97	2.00
405	2.39	2.78	1.99	1.00
406	2.39	2.71	1.98	1.00
407	2.39	2.65	2.00	1.00
408	2.39	2.60	1.99	1.00
409	2.41	2.61	1.98	1.00
410	2.42	2.59	1.97	1.00
411	2.43	2.57	1.96	1.00
412	2.43	2.54	1.95	2.00
413	2.41	2.53	1.92	2.00
414	2.42	2.50	1.90	2.00
415	2.44	2.46	1.90	2.00
416	2.45	2.42	1.90	2.00
417	2.47	2.39	1.90	2.00
418	2.50	2.36	1.90	1.00
419	2.51	2.32	1.90	1.00
420	2.52	2.28	1.92	1.00
421	2.54	2.24	1.92	1.00
422	2.56	2.19	1.91	1.00
423	2.58	2.15	1.90	1.00
424	2.59	2.11	1.90	1.00
425	2.62	2.08	1.89	1.00
426	2.65	2.02	1.89	1.00
427	2.67	1.98	1.89	1.00
428	2.69	1.94	1.89	1.00
429	2.70	1.91	1.89	1.00
430	2.73	1.87	1.89	1.00
431	2.77	1.84	1.89	2.00
432	2.81	1.82	1.86	2.00
433	2.83	1.80	1.85	2.00
434	2.85	1.78	1.85	2.00
435	2.88	1.76	1.86	2.00
436	2.90	1.73	1.85	1.00
437	2.93	1.71	1.85	1.00
438	2.97	1.69	1.84	1.00
439	2.99	1.64	1.83	3.00
440	3.04	1.62	1.82	3.00
441	3.08	1.60	1.80	2.00
442	3.13	1.58	1.79	2.00
443	3.17	1.54	1.78	2.00
444	3.20	1.52	1.78	2.00
445	3.23	1.50	1.79	2.00
446	3.28	1.49	1.77	2.00
447	3.32	1.49	1.76	2.00
448	3.37	1.50	1.75	1.00
Target 23 (frames from 401 to 464)
Bounding Boxes (frame, x, y, width, height)
401	226	141	138	277
402	217	142	138	276
403	208	143	137	274
404	199	145	136	273
405	190	146	135	270
406	181	147	134	268
407	172	149	132	265
408	164	150	130	261
409	156	152	129	258
410	148	154	127	254
411	140	157	124	248
412	131	160	120	241
413	124	163	117	235
414	117	165	114	228
415	111	168	111	222
416	106	169	109	218
417	100	169	107	215
418	94	169	106	212
419	89	169	105	210
420	84	168	104	209
421	79	167	103	207
422	75	166	103	206
423	71	165	102	205
424	67	165	101	203
425	64	165	100	201
426	62	166	99	198
427	60	167	97	194
428	58	169	95	191
429	56	170	93	187
430	54	172	91	183
431	52	173	89	179
432	50	175	87	175
433	47	176	86	172
434	45	178	84	169
435	43	179	83	166
436	40	180	81	163
437	38	181	80	161
438	36	181	79	158
439	33	182	78	156
440	31	182	77	155
441	29	182	76	153
442	28	183	75	151
443	26	183	74	149
444	24	184	73	147
445	22	184	72	145
446	21	185	71	143
447	19	185	70	141
448	18	186	70	140
449	16	186	69	138
450	15	186	68	137
451	14	187	67	135
452	12	187	67	134
453	11	187	66	133
454	9	187	66	132
455	8	188	65	130
456	6	188	64	129
457	5	189	63	127
458	4	190	62	125
459	3	190	62	124
460	2	191	61	122
461	1	192	60	120
462	-1	193	59	118
463	-2	194	58	116
464	-3	195	57	114
3D Trajetory (frame, x, z, height, pose)
401	1.21	3.62	1.99	3.00
402	1.20	3.63	1.99	3.00
403	1.19	3.63	2.01	3.00
404	1.14	3.62	2.01	3.00
405	1.13	3.62	2.01	3.00
406	1.06	3.65	2.04	3.00
407	0.98	3.76	2.03	3.00
408	0.91	3.86	2.01	3.00
409	0.85	3.98	1.97	3.00
410	0.81	4.06	1.95	3.00
411	0.77	4.18	1.92	4.00
412	0.72	4.32	1.93	4.00
413	0.70	4.43	1.91	4.00
414	0.67	4.56	1.89	1.00
415	0.64	4.67	1.87	3.00
416	0.61	4.79	1.87	2.00
417	0.57	4.87	1.89	4.00
418	0.52	4.98	1.90	4.00
419	0.49	5.09	1.92	4.00
420	0.47	5.20	1.91	4.00
421	0.44	5.32	1.91	4.00
422	0.40	5.39	1.94	4.00
423	0.36	5.46	1.96	4.00
424	0.34	5.55	1.97	4.00
425	0.32	5.63	1.99	4.00
426	0.30	5.72	1.99	4.00
427	0.28	5.84	1.98	4.00
428	0.26	5.96	1.97	4.00
429	0.24	6.08	1.97	4.00
430	0.22	6.21	1.95	4.00
431	0.19	6.35	1.93	4.00
432	0.16	6.50	1.91	4.00
433	0.13	6.66	1.89	4.00
434	0.10	6.76	1.90	4.00
435	0.06	6.92	1.91	4.00
436	0.04	6.99	1.93	4.00
437	0.01	7.08	1.94	4.00
438	-0.02	7.20	1.93	4.00
439	-0.05	7.31	1.94	4.00
440	-0.07	7.43	1.92	4.00
441	-0.10	7.55	1.90	4.00
442	-0.13	7.66	1.91	4.00
443	-0.16	7.78	1.92	4.00
444	-0.18	7.89	1.91	4.00
445	-0.21	8.01	1.90	4.00
446	-0.25	8.13	1.91	4.00
447	-0.27	8.24	1.93	4.00
448	-0.28	8.36	1.93	4.00
449	-0.30	8.45	1.93	4.00
450	-0.34	8.58	1.92	4.00
451	-0.36	8.69	1.92	4.00
452	-0.38	8.80	1.92	4.00
453	-0.39	8.91	1.91	4.00
454	-0.41	9.02	1.91	4.00
455	-0.43	9.12	1.92	4.00
456	-0.46	9.22	1.94	4.00
457	-0.50	9.33	1.94	4.00
458	-0.52	9.46	1.94	4.00
459	-0.56	9.57	1.94	4.00
460	-0.59	9.69	1.91	4.00
461	-0.62	9.80	1.89	4.00
462	-0.66	9.91	1.89	4.00
463	-0.68	10.03	1.86	4.00
464	-0.69	10.15	1.84	4.00
Target 24 (frames from 402 to 433)
Bounding Boxes (frame, x, y, width, height)
402	298	207	42	84
403	297	206	42	85
404	297	206	42	85
405	297	206	43	86
406	297	205	43	86
407	296	205	43	87
408	296	205	43	87
409	296	205	43	87
410	295	205	43	87
411	295	205	43	87
412	295	205	43	87
413	294	205	43	87
414	294	206	43	86
415	294	206	43	86
416	293	206	43	86
417	292	206	43	86
418	291	206	43	86
419	290	206	43	86
420	289	206	43	86
421	288	205	43	87
422	287	204	43	87
423	285	204	44	88
424	284	203	44	88
425	283	203	44	89
426	282	203	44	89
427	281	203	44	89
428	280	203	44	89
429	279	203	44	89
430	278	203	44	89
431	277	203	44	89
432	276	203	44	89
433	275	203	44	89
3D Trajetory (frame, x, z, height, pose)
402	4.35	10.49	1.86	2.00
403	4.35	10.50	1.88	2.00
404	4.36	10.49	1.91	2.00
405	4.36	10.50	1.93	2.00
406	4.38	10.49	1.96	2.00
407	4.39	10.49	1.96	2.00
408	4.40	10.49	1.98	2.00
409	4.41	10.46	1.97	2.00
410	4.42	10.46	1.96	2.00
411	4.42	10.45	1.96	2.00
412	4.43	10.46	1.94	2.00
413	4.42	10.45	1.93	2.00
414	4.40	10.45	1.91	2.00
415	4.40	10.44	1.91	2.00
416	4.40	10.43	1.92	2.00
417	4.40	10.42	1.91	2.00
418	4.41	10.43	1.91	2.00
419	4.40	10.44	1.89	2.00
420	4.38	10.43	1.91	2.00
421	4.36	10.42	1.91	2.00
422	4.33	10.42	1.93	2.00
423	4.30	10.41	1.95	2.00
424	4.26	10.41	1.97	2.00
425	4.23	10.39	1.97	2.00
426	4.21	10.38	1.97	2.00
427	4.16	10.36	1.97	3.00
428	4.14	10.34	1.96	3.00
429	4.10	10.31	1.96	3.00
430	4.08	10.29	1.95	3.00
431	4.05	10.27	1.93	4.00
432	4.02	10.28	1.91	4.00
433	3.99	10.27	1.89	4.00
Target 25 (frames from 407 to 464)
Bounding Boxes (frame, x, y, width, height)
407	242	205	46	92
408	243	205	46	92
409	243	205	46	92
410	243	204	46	92
411	243	204	46	93
412	243	204	46	92
413	243	204	46	92
414	243	205	46	92
415	243	205	46	92
416	243	205	46	92
417	243	205	46	92
418	243	206	45	91
419	243	206	45	91
420	242	206	45	91
421	242	207	45	90
422	241	207	45	90
423	241	207	45	90
424	241	207	45	90
425	240	207	44	89
426	240	207	44	89
427	240	208	44	89
428	239	208	44	88
429	239	208	44	88
430	239	208	44	88
431	238	209	43	87
432	238	209	43	87
433	238	209	43	87
434	237	210	43	86
435	237	210	43	86
436	236	210	43	86
437	236	210	43	86
438	236	210	43	86
439	235	210	43	86
440	235	210	43	86
441	235	210	43	86
442	235	210	43	86
443	235	210	43	86
444	235	210	43	86
445	235	210	43	86
446	234	210	42	85
447	234	210	42	85
448	234	210	42	84
449	233	211	42	84
450	233	211	42	84
451	232	211	42	84
452	231	211	41	83
453	231	211	41	83
454	230	211	42	84
455	229	210	42	84
456	228	210	42	84
457	228	210	42	84
458	227	210	42	84
459	227	210	42	84
460	226	210	42	84
461	226	210	42	84
462	225	210	42	84
463	225	210	42	84
464	225	209	42	84
3D Trajetory (frame, x, z, height, pose)
407	3.19	10.36	1.90	4.00
408	3.18	10.32	1.92	4.00
409	3.17	10.26	1.93	4.00
410	3.18	10.24	1.93	4.00
411	3.19	10.22	1.92	4.00
412	3.20	10.20	1.91	4.00
413	3.22	10.19	1.90	4.00
414	3.23	10.19	1.90	4.00
415	3.24	10.17	1.89	4.00
416	3.24	10.15	1.90	4.00
417	3.24	10.15	1.89	4.00
418	3.25	10.15	1.89	4.00
419	3.25	10.14	1.87	4.00
420	3.25	10.13	1.86	4.00
421	3.25	10.12	1.84	4.00
422	3.25	10.13	1.84	4.00
423	3.24	10.13	1.83	4.00
424	3.22	10.12	1.82	4.00
425	3.21	10.10	1.83	4.00
426	3.18	10.12	1.81	4.00
427	3.17	10.10	1.81	4.00
428	3.16	10.10	1.81	4.00
429	3.16	10.08	1.81	4.00
430	3.15	10.09	1.80	4.00
431	3.16	10.11	1.79	4.00
432	3.14	10.13	1.77	4.00
433	3.12	10.11	1.76	4.00
434	3.10	10.10	1.75	2.00
435	3.09	10.13	1.74	2.00
436	3.09	10.13	1.74	2.00
437	3.08	10.15	1.74	2.00
438	3.07	10.15	1.74	2.00
439	3.06	10.15	1.75	2.00
440	3.05	10.14	1.76	2.00
441	3.04	10.12	1.76	2.00
442	3.04	10.11	1.76	2.00
443	3.03	10.11	1.76	2.00
444	3.03	10.12	1.76	2.00
445	3.03	10.12	1.73	2.00
446	3.04	10.13	1.72	4.00
447	3.03	10.15	1.71	4.00
448	3.02	10.15	1.72	4.00
449	3.02	10.16	1.71	4.00
450	3.01	10.16	1.70	4.00
451	3.02	10.19	1.70	4.00
452	3.01	10.22	1.70	4.00
453	2.99	10.24	1.70	4.00
454	2.98	10.25	1.70	4.00
455	2.96	10.26	1.70	4.00
456	2.95	10.27	1.71	2.00
457	2.94	10.29	1.71	2.00
458	2.93	10.29	1.73	2.00
459	2.92	10.31	1.72	2.00
460	2.92	10.32	1.72	2.00
461	2.91	10.33	1.72	2.00
462	2.91	10.33	1.72	4.00
463	2.90	10.35	1.71	4.00
464	2.90	10.36	1.71	4.00
Target 26 (frames from 410 to 464)
Bounding Boxes (frame, x, y, width, height)
410	219	210	42	84
411	218	211	42	84
412	218	211	42	84
413	217	211	41	83
414	216	211	41	83
415	215	212	41	83
416	215	212	41	83
417	214	212	41	83
418	213	212	41	83
419	213	212	41	83
420	212	211	41	83
421	211	211	42	84
422	211	211	42	84
423	210	210	42	84
424	210	210	42	84
425	209	210	42	85
426	209	209	42	85
427	208	209	42	85
428	207	208	43	86
429	206	208	43	86
430	206	208	43	86
431	205	208	43	86
432	204	208	43	86
433	203	208	43	86
434	202	208	43	86
435	202	208	43	86
436	201	208	43	86
437	200	208	43	86
438	199	208	43	86
439	198	208	43	86
440	198	208	43	86
441	197	208	43	86
442	196	208	43	86
443	196	208	43	86
444	195	208	43	86
445	194	208	43	86
446	194	208	42	85
447	193	208	42	85
448	192	209	42	85
449	191	209	42	84
450	191	209	42	84
451	190	210	42	84
452	189	210	42	84
453	188	210	42	84
454	188	210	42	84
455	187	210	42	84
456	186	210	41	83
457	186	210	41	83
458	186	210	41	83
459	186	210	41	83
460	186	210	41	83
461	186	210	41	83
462	186	210	41	82
463	186	210	41	82
464	186	210	41	82
3D Trajetory (frame, x, z, height, pose)
410	2.84	10.91	1.82	4.00
411	2.83	10.89	1.80	4.00
412	2.79	10.88	1.78	4.00
413	2.81	10.89	1.76	4.00
414	2.83	10.88	1.78	4.00
415	2.83	10.87	1.78	4.00
416	2.81	10.86	1.78	4.00
417	2.80	10.84	1.77	4.00
418	2.79	10.83	1.77	4.00
419	2.79	10.83	1.76	4.00
420	2.79	10.83	1.76	4.00
421	2.79	10.83	1.76	4.00
422	2.78	10.83	1.76	4.00
423	2.77	10.84	1.78	4.00
424	2.75	10.83	1.79	4.00
425	2.74	10.83	1.81	1.00
426	2.73	10.82	1.81	4.00
427	2.73	10.82	1.81	1.00
428	2.70	10.81	1.80	4.00
429	2.70	10.82	1.80	1.00
430	2.67	10.82	1.80	4.00
431	2.64	10.82	1.82	4.00
432	2.63	10.84	1.81	4.00
433	2.61	10.83	1.82	4.00
434	2.59	10.83	1.83	4.00
435	2.56	10.83	1.81	4.00
436	2.55	10.83	1.80	4.00
437	2.54	10.83	1.81	4.00
438	2.53	10.84	1.80	4.00
439	2.52	10.83	1.80	4.00
440	2.48	10.83	1.81	4.00
441	2.48	10.83	1.81	4.00
442	2.46	10.82	1.80	4.00
443	2.43	10.84	1.78	4.00
444	2.41	10.84	1.78	4.00
445	2.41	10.83	1.79	4.00
446	2.39	10.82	1.79	4.00
447	2.38	10.82	1.76	4.00
448	2.36	10.81	1.76	4.00
449	2.36	10.82	1.76	4.00
450	2.34	10.81	1.75	4.00
451	2.32	10.82	1.74	4.00
452	2.30	10.83	1.72	4.00
453	2.29	10.83	1.71	4.00
454	2.28	10.85	1.71	4.00
455	2.28	10.86	1.73	2.00
456	2.28	10.89	1.72	2.00
457	2.27	10.91	1.73	2.00
458	2.26	10.93	1.77	2.00
459	2.27	10.94	1.75	2.00
460	2.27	10.95	1.74	2.00
461	2.27	10.96	1.74	2.00
462	2.26	10.97	1.72	2.00
463	2.27	10.98	1.71	2.00
464	2.27	11.00	1.69	2.00
Target 27 (frames from 411 to 437)
Bounding Boxes (frame, x, y, width, height)
411	24	211	38	76
412	20	210	38	76
413	16	210	38	77
414	13	210	38	77
415	10	209	39	78
416	8	209	39	78
417	5	209	39	79
418	3	209	39	79
419	2	208	39	79
420	0	208	39	79
421	-1	208	39	79
422	-2	208	39	79
423	-3	208	39	79
424	-3	208	39	79
425	-3	208	39	78
426	-2	208	39	78
427	-1	208	39	78
428	0	208	39	78
429	1	207	39	79
430	2	206	39	79
431	3	206	39	79
432	5	205	40	80
433	6	204	40	81
434	8	203	40	81
435	10	202	41	82
436	12	201	41	83
437	15	200	42	84
3D Trajetory (frame, x, z, height, pose)
411	-0.89	15.01	1.85	3.00
412	-0.89	14.98	1.85	3.00
413	-0.88	14.98	1.86	3.00
414	-0.91	14.99	1.89	3.00
415	-0.97	15.01	1.87	3.00
416	-1.02	14.99	1.90	3.00
417	-1.04	14.99	1.89	3.00
418	-1.06	14.98	1.92	3.00
419	-1.10	14.98	1.94	3.00
420	-1.13	14.98	1.92	3.00
421	-1.15	14.99	1.90	3.00
422	-1.16	15.00	1.87	3.00
423	-1.18	15.01	1.88	3.00
424	-1.16	15.01	1.88	3.00
425	-1.15	15.03	1.90	1.00
426	-1.14	15.09	1.90	1.00
427	-1.15	15.12	1.88	1.00
428	-1.12	15.21	1.90	1.00
429	-1.13	15.23	1.90	1.00
430	-1.12	15.27	1.92	1.00
431	-1.11	15.30	1.93	1.00
432	-1.04	15.43	2.01	2.00
433	-1.02	15.48	2.04	3.00
434	-1.01	15.51	2.05	3.00
435	-0.95	15.57	2.07	4.00
436	-0.92	15.61	2.08	4.00
437	-0.88	15.60	2.10	4.00
Target 28 (frames from 418 to 464)
Bounding Boxes (frame, x, y, width, height)
418	423	192	78	157
419	422	194	77	155
420	420	194	77	154
421	419	195	76	153
422	417	196	76	152
423	414	196	75	151
424	412	196	75	151
425	409	196	75	151
426	406	195	76	152
427	403	195	76	153
428	399	194	76	153
429	395	193	77	155
430	391	191	78	157
431	387	189	80	160
432	382	188	81	163
433	378	186	82	165
434	373	184	83	167
435	369	183	85	170
436	365	181	86	172
437	362	180	86	173
438	358	180	87	174
439	356	180	87	175
440	354	181	87	174
441	352	182	86	173
442	351	184	85	171
443	350	186	84	169
444	349	187	83	167
445	348	188	83	166
446	347	189	83	166
447	346	189	82	165
448	345	188	83	166
449	343	187	84	168
450	341	185	85	170
451	339	183	86	173
452	337	180	88	177
453	335	176	90	181
454	332	172	93	186
455	329	168	95	191
456	326	165	97	195
457	323	161	100	200
458	320	157	102	204
459	317	154	104	209
460	314	150	107	214
461	311	146	109	218
462	307	141	112	224
463	304	137	114	229
464	300	132	117	234
3D Trajetory (frame, x, z, height, pose)
418	3.72	4.54	1.78	2.00
419	3.63	4.40	1.77	2.00
420	3.59	4.33	1.74	2.00
421	3.61	4.36	1.74	2.00
422	3.75	4.57	1.74	2.00
423	3.71	4.60	1.74	3.00
424	3.61	4.55	1.74	3.00
425	3.56	4.54	1.74	3.00
426	3.51	4.53	1.74	3.00
427	3.47	4.50	1.74	2.00
428	3.42	4.53	1.74	2.00
429	3.38	4.56	1.74	2.00
430	3.33	4.57	1.75	4.00
431	3.29	4.56	1.77	4.00
432	3.25	4.55	1.77	1.00
433	3.20	4.54	1.80	1.00
434	3.12	4.53	1.83	3.00
435	3.05	4.52	1.85	3.00
436	2.99	4.50	1.87	3.00
437	2.91	4.47	1.88	3.00
438	2.86	4.46	1.89	3.00
439	2.83	4.46	1.87	3.00
440	2.82	4.48	1.84	3.00
441	2.80	4.48	1.81	2.00
442	2.80	4.47	1.80	2.00
443	2.78	4.49	1.78	2.00
444	2.77	4.49	1.76	2.00
445	2.76	4.50	1.74	1.00
446	2.76	4.52	1.73	1.00
447	2.74	4.52	1.71	1.00
448	2.72	4.54	1.72	1.00
449	2.71	4.53	1.74	1.00
450	2.70	4.52	1.76	1.00
451	2.65	4.49	1.82	1.00
452	2.63	4.44	1.84	1.00
453	2.60	4.42	1.86	3.00
454	2.58	4.40	1.87	3.00
455	2.55	4.39	1.89	2.00
456	2.51	4.36	1.95	3.00
457	2.46	4.30	1.99	2.00
458	2.42	4.29	2.03	3.00
459	2.38	4.27	2.06	3.00
460	2.35	4.26	2.09	1.00
461	2.32	4.24	2.12	1.00
462	2.29	4.23	2.15	1.00
463	2.28	4.24	2.17	1.00
464	2.25	4.22	2.18	1.00
Target 29 (frames from 442 to 464)
Bounding Boxes (frame, x, y, width, height)
442	268	207	41	82
443	267	207	41	83
444	266	207	41	83
445	265	206	42	84
446	264	206	42	84
447	264	205	42	84
448	263	205	42	85
449	262	205	42	85
450	262	204	42	85
451	261	204	43	86
452	260	204	43	86
453	260	203	43	86
454	259	203	43	87
455	258	203	43	87
456	258	202	43	87
457	257	202	43	87
458	257	202	43	87
459	256	202	43	87
460	256	202	43	87
461	255	202	43	87
462	255	202	43	86
463	254	203	43	86
464	254	203	43	86
3D Trajetory (frame, x, z, height, pose)
442	3.95	10.83	1.83	2.00
443	3.91	10.73	1.83	2.00
444	3.91	10.72	1.87	2.00
445	3.88	10.68	1.87	2.00
446	3.88	10.71	1.87	2.00
447	3.84	10.67	1.87	2.00
448	3.82	10.69	1.84	2.00
449	3.81	10.68	1.87	2.00
450	3.80	10.68	1.87	2.00
451	3.79	10.68	1.88	2.00
452	3.78	10.69	1.90	2.00
453	3.77	10.69	1.90	2.00
454	3.77	10.70	1.90	2.00
455	3.76	10.71	1.90	2.00
456	3.75	10.71	1.91	2.00
457	3.75	10.73	1.93	2.00
458	3.74	10.72	1.93	2.00
459	3.74	10.72	1.93	2.00
460	3.73	10.75	1.92	2.00
461	3.71	10.75	1.92	2.00
462	3.69	10.76	1.91	3.00
463	3.68	10.79	1.90	3.00
464	3.65	10.84	1.89	3.00
