Total frames 193
Number of Targets 8
Target 1 (frames from 1 to 193)
Bounding Boxes (frame, x, y, width, height)
1	174	221	67	134
2	174	222	67	134
3	174	222	67	135
4	174	222	67	135
5	174	223	68	136
6	174	223	68	136
7	174	224	68	137
8	174	224	68	137
9	174	224	69	138
10	174	225	69	138
11	174	225	69	139
12	173	226	69	139
13	173	227	69	139
14	173	227	70	140
15	173	227	70	140
16	173	227	70	140
17	173	227	70	141
18	172	227	70	141
19	172	227	71	142
20	172	226	71	142
21	172	225	71	143
22	171	224	71	143
23	171	223	72	144
24	170	222	72	145
25	170	221	73	146
26	169	220	73	147
27	168	218	74	148
28	168	217	75	150
29	167	215	75	151
30	167	214	76	152
31	166	213	77	154
32	166	212	77	155
33	166	212	78	156
34	167	211	78	157
35	167	211	79	158
36	168	210	79	158
37	168	210	79	159
38	169	210	80	160
39	169	209	80	160
40	169	209	80	161
41	169	209	80	161
42	169	209	81	162
43	169	209	81	163
44	169	209	81	163
45	168	209	81	163
46	167	209	82	164
47	166	209	82	164
48	165	209	82	164
49	165	209	82	164
50	164	209	81	163
51	164	210	81	163
52	163	210	81	162
53	163	211	81	162
54	164	211	80	161
55	164	212	80	161
56	164	212	80	160
57	165	213	80	160
58	166	213	80	160
59	166	213	80	160
60	167	214	80	160
61	168	214	79	159
62	168	215	79	159
63	168	215	79	159
64	168	216	79	158
65	168	216	79	158
66	168	216	79	158
67	168	216	79	159
68	167	217	79	159
69	167	217	79	159
70	166	217	79	159
71	166	217	79	159
72	166	218	80	160
73	166	218	80	160
74	166	217	80	160
75	166	217	80	160
76	167	217	80	160
77	167	217	80	160
78	168	218	79	159
79	169	218	79	159
80	170	218	79	159
81	171	218	79	158
82	173	219	79	158
83	174	219	78	157
84	175	220	78	156
85	177	220	78	156
86	178	221	77	155
87	179	221	77	155
88	180	221	77	154
89	181	222	76	153
90	182	222	76	153
91	183	223	76	152
92	184	223	75	151
93	185	223	75	150
94	186	223	75	150
95	187	223	74	149
96	187	223	74	148
97	188	223	74	148
98	188	223	74	148
99	188	222	74	148
100	188	222	74	149
101	187	221	74	149
102	186	220	75	150
103	185	220	75	151
104	184	219	75	151
105	182	218	76	152
106	181	218	76	152
107	180	218	76	152
108	178	218	76	152
109	178	218	75	151
110	177	218	75	151
111	177	218	75	150
112	176	218	74	149
113	176	219	74	149
114	176	220	74	148
115	176	220	73	147
116	175	221	73	146
117	175	222	73	146
118	174	222	72	145
119	172	222	72	145
120	171	222	72	145
121	170	222	72	145
122	168	222	73	146
123	167	221	73	146
124	165	220	73	146
125	164	219	73	147
126	162	218	74	148
127	161	217	74	148
128	160	215	74	149
129	158	214	75	150
130	158	213	75	150
131	157	212	75	150
132	156	212	75	150
133	156	212	75	150
134	155	211	75	150
135	155	212	74	149
136	155	212	74	149
137	155	212	74	149
138	156	212	74	149
139	156	212	74	149
140	156	212	74	149
141	156	212	74	149
142	156	212	75	150
143	156	212	75	151
144	156	212	76	152
145	155	211	76	153
146	154	211	77	154
147	153	211	78	156
148	152	211	78	157
149	151	211	79	158
150	149	211	79	158
151	148	211	79	159
152	146	212	79	159
153	145	212	80	160
154	143	213	80	160
155	141	213	80	160
156	140	214	80	160
157	138	214	80	160
158	136	214	80	160
159	134	214	80	160
160	132	214	80	160
161	131	213	80	161
162	129	213	80	161
163	127	213	80	161
164	126	212	81	162
165	124	212	81	162
166	122	211	81	163
167	120	211	81	163
168	119	211	82	164
169	118	210	82	165
170	116	210	83	166
171	115	211	83	166
172	113	211	83	167
173	112	211	84	168
174	110	211	84	168
175	109	211	84	169
176	108	211	85	170
177	107	211	85	171
178	106	211	86	172
179	105	210	86	172
180	104	210	86	173
181	102	210	86	173
182	101	209	87	174
183	100	209	87	175
184	99	209	88	176
185	98	208	88	176
186	97	208	88	177
187	96	207	89	178
188	94	206	89	178
189	93	206	89	179
190	92	205	90	180
191	91	204	90	180
192	90	203	90	181
193	89	203	91	182
3D Trajetory (frame, x, z, height, pose)
1	-2.02	6.73	1.79	2.00
2	-2.00	6.70	1.80	2.00
3	-1.99	6.67	1.81	2.00
4	-1.99	6.67	1.82	2.00
5	-1.99	6.68	1.84	2.00
6	-2.01	6.70	1.84	2.00
7	-2.03	6.72	1.84	2.00
8	-2.02	6.68	1.84	2.00
9	-2.01	6.64	1.83	2.00
10	-2.01	6.61	1.83	2.00
11	-2.00	6.58	1.83	2.00
12	-2.00	6.57	1.83	2.00
13	-2.00	6.56	1.83	2.00
14	-1.98	6.49	1.82	2.00
15	-1.95	6.42	1.81	2.00
16	-1.96	6.43	1.81	2.00
17	-1.96	6.43	1.82	2.00
18	-1.96	6.43	1.82	2.00
19	-1.97	6.43	1.83	2.00
20	-1.97	6.42	1.83	2.00
21	-1.97	6.41	1.84	2.00
22	-1.97	6.40	1.84	2.00
23	-1.97	6.39	1.84	2.00
24	-1.95	6.35	1.85	2.00
25	-1.93	6.31	1.85	2.00
26	-1.92	6.28	1.85	2.00
27	-1.91	6.26	1.86	2.00
28	-1.90	6.24	1.87	2.00
29	-1.90	6.23	1.87	2.00
30	-1.89	6.20	1.88	2.00
31	-1.87	6.17	1.89	2.00
32	-1.88	6.16	1.91	2.00
33	-1.88	6.15	1.92	2.00
34	-1.89	6.13	1.93	2.00
35	-1.89	6.12	1.94	2.00
36	-1.89	6.11	1.94	2.00
37	-1.89	6.10	1.95	2.00
38	-1.90	6.09	1.95	2.00
39	-1.90	6.08	1.95	2.00
40	-1.91	6.07	1.96	2.00
41	-1.91	6.06	1.96	2.00
42	-1.91	6.04	1.96	2.00
43	-1.92	6.03	1.96	2.00
44	-1.92	6.01	1.97	2.00
45	-1.92	5.99	1.97	2.00
46	-1.92	5.97	1.97	2.00
47	-1.92	5.96	1.98	2.00
48	-1.91	5.95	1.97	2.00
49	-1.91	5.95	1.97	2.00
50	-1.91	5.94	1.94	2.00
51	-1.92	5.93	1.92	2.00
52	-1.91	5.92	1.92	2.00
53	-1.91	5.92	1.92	2.00
54	-1.90	5.91	1.92	2.00
55	-1.89	5.91	1.91	2.00
56	-1.89	5.90	1.90	2.00
57	-1.88	5.90	1.89	2.00
58	-1.88	5.89	1.88	2.00
59	-1.87	5.88	1.87	2.00
60	-1.87	5.87	1.87	2.00
61	-1.86	5.85	1.87	2.00
62	-1.86	5.84	1.87	2.00
63	-1.87	5.83	1.88	2.00
64	-1.87	5.83	1.87	2.00
65	-1.87	5.83	1.86	2.00
66	-1.87	5.82	1.85	2.00
67	-1.87	5.82	1.84	2.00
68	-1.87	5.80	1.84	2.00
69	-1.87	5.79	1.84	2.00
70	-1.86	5.77	1.84	2.00
71	-1.86	5.76	1.84	2.00
72	-1.85	5.74	1.85	2.00
73	-1.85	5.73	1.85	2.00
74	-1.84	5.73	1.85	2.00
75	-1.84	5.73	1.84	2.00
76	-1.83	5.72	1.84	2.00
77	-1.83	5.71	1.84	2.00
78	-1.82	5.71	1.83	2.00
79	-1.82	5.71	1.82	2.00
80	-1.82	5.72	1.82	2.00
81	-1.82	5.72	1.81	2.00
82	-1.81	5.73	1.81	2.00
83	-1.80	5.74	1.80	2.00
84	-1.78	5.75	1.81	2.00
85	-1.77	5.75	1.81	2.00
86	-1.76	5.77	1.81	2.00
87	-1.76	5.78	1.80	2.00
88	-1.75	5.80	1.79	2.00
89	-1.75	5.81	1.78	2.00
90	-1.75	5.82	1.78	2.00
91	-1.74	5.83	1.77	2.00
92	-1.74	5.84	1.78	2.00
93	-1.74	5.86	1.78	2.00
94	-1.74	5.87	1.78	2.00
95	-1.74	5.89	1.77	2.00
96	-1.74	5.91	1.77	2.00
97	-1.74	5.92	1.76	2.00
98	-1.74	5.93	1.76	2.00
99	-1.74	5.93	1.77	2.00
100	-1.74	5.94	1.76	2.00
101	-1.74	5.95	1.76	2.00
102	-1.75	5.95	1.78	2.00
103	-1.75	5.94	1.80	2.00
104	-1.77	5.94	1.81	2.00
105	-1.79	5.95	1.82	2.00
106	-1.81	5.95	1.84	2.00
107	-1.82	5.94	1.85	2.00
108	-1.85	5.95	1.83	2.00
109	-1.87	5.96	1.82	2.00
110	-1.88	5.97	1.81	2.00
111	-1.89	5.99	1.80	2.00
112	-1.90	6.00	1.79	2.00
113	-1.91	6.01	1.77	2.00
114	-1.92	6.02	1.78	2.00
115	-1.93	6.02	1.79	2.00
116	-1.94	6.03	1.79	2.00
117	-1.95	6.03	1.78	2.00
118	-1.97	6.04	1.78	2.00
119	-1.99	6.04	1.78	2.00
120	-1.99	6.04	1.77	2.00
121	-2.00	6.05	1.76	2.00
122	-2.00	6.05	1.75	2.00
123	-2.01	6.06	1.75	2.00
124	-2.02	6.05	1.77	2.00
125	-2.03	6.05	1.79	2.00
126	-2.05	6.04	1.81	2.00
127	-2.07	6.04	1.82	2.00
128	-2.08	6.04	1.83	2.00
129	-2.10	6.03	1.83	2.00
130	-2.11	6.03	1.82	2.00
131	-2.12	6.03	1.82	2.00
132	-2.13	6.03	1.82	2.00
133	-2.14	6.02	1.82	2.00
134	-2.15	6.03	1.81	2.00
135	-2.17	6.03	1.81	2.00
136	-2.17	6.02	1.81	2.00
137	-2.18	6.01	1.81	2.00
138	-2.19	5.99	1.81	2.00
139	-2.19	5.97	1.81	2.00
140	-2.19	5.97	1.79	2.00
141	-2.19	5.96	1.78	2.00
142	-2.19	5.92	1.79	2.00
143	-2.19	5.89	1.80	2.00
144	-2.19	5.86	1.80	2.00
145	-2.20	5.84	1.80	2.00
146	-2.20	5.82	1.81	2.00
147	-2.20	5.79	1.82	2.00
148	-2.20	5.76	1.83	2.00
149	-2.20	5.74	1.84	2.00
150	-2.20	5.71	1.85	2.00
151	-2.20	5.68	1.85	2.00
152	-2.20	5.66	1.84	2.00
153	-2.21	5.65	1.83	2.00
154	-2.23	5.66	1.83	2.00
155	-2.24	5.67	1.82	2.00
156	-2.25	5.65	1.81	2.00
157	-2.26	5.64	1.81	2.00
158	-2.27	5.60	1.81	2.00
159	-2.27	5.57	1.80	2.00
160	-2.28	5.54	1.80	2.00
161	-2.29	5.51	1.80	2.00
162	-2.29	5.49	1.79	2.00
163	-2.30	5.47	1.78	2.00
164	-2.30	5.45	1.78	2.00
165	-2.31	5.42	1.78	2.00
166	-2.31	5.40	1.78	2.00
167	-2.30	5.38	1.78	2.00
168	-2.31	5.37	1.78	2.00
169	-2.31	5.35	1.77	2.00
170	-2.31	5.33	1.77	2.00
171	-2.31	5.30	1.77	2.00
172	-2.31	5.27	1.78	2.00
173	-2.31	5.24	1.78	2.00
174	-2.30	5.21	1.78	2.00
175	-2.29	5.18	1.78	2.00
176	-2.30	5.17	1.77	2.00
177	-2.31	5.16	1.77	2.00
178	-2.30	5.14	1.77	2.00
179	-2.30	5.12	1.77	2.00
180	-2.29	5.10	1.78	2.00
181	-2.29	5.09	1.78	2.00
182	-2.29	5.07	1.78	2.00
183	-2.29	5.05	1.78	2.00
184	-2.29	5.02	1.77	2.00
185	-2.28	4.99	1.77	2.00
186	-2.28	4.97	1.77	2.00
187	-2.28	4.94	1.77	2.00
188	-2.28	4.93	1.77	2.00
189	-2.27	4.91	1.76	2.00
190	-2.26	4.89	1.76	2.00
191	-2.25	4.86	1.76	2.00
192	-2.25	4.84	1.76	2.00
193	-2.24	4.81	1.76	2.00
Target 2 (frames from 1 to 193)
Bounding Boxes (frame, x, y, width, height)
1	239	227	60	121
2	239	228	61	122
3	240	229	61	122
4	240	230	61	122
5	240	231	61	123
6	240	232	61	123
7	240	232	61	123
8	239	233	62	124
9	239	233	62	124
10	238	234	62	125
11	238	234	63	126
12	237	234	63	126
13	236	234	63	127
14	235	234	64	128
15	233	234	64	128
16	232	234	64	129
17	231	234	64	129
18	230	234	65	130
19	229	233	65	130
20	227	233	65	131
21	226	232	65	131
22	224	232	65	131
23	223	231	65	131
24	222	231	65	131
25	220	231	65	131
26	219	231	65	131
27	218	231	65	131
28	217	230	65	131
29	216	230	65	131
30	215	230	65	131
31	215	230	65	131
32	215	230	65	131
33	215	230	65	131
34	216	230	66	132
35	217	230	66	132
36	218	230	66	132
37	219	230	66	133
38	220	230	66	133
39	222	230	66	133
40	223	230	67	134
41	224	230	67	134
42	224	230	67	135
43	225	230	67	135
44	225	229	68	136
45	225	229	68	136
46	225	229	68	137
47	224	229	68	137
48	223	228	69	138
49	222	228	69	138
50	222	227	69	139
51	221	227	69	139
52	221	226	69	139
53	220	226	70	140
54	220	226	70	140
55	220	226	70	141
56	220	225	70	141
57	220	225	71	142
58	220	225	71	143
59	221	224	71	143
60	221	224	72	144
61	222	224	72	144
62	222	224	72	144
63	223	224	72	144
64	223	225	72	144
65	223	225	72	144
66	223	226	72	144
67	223	227	72	144
68	224	227	71	143
69	224	228	71	143
70	224	229	71	142
71	224	230	70	141
72	225	231	70	141
73	225	232	70	140
74	226	232	69	139
75	226	233	69	138
76	227	233	69	138
77	228	234	68	137
78	229	234	68	137
79	229	235	68	136
80	230	235	68	136
81	230	235	67	135
82	230	236	67	135
83	231	236	67	135
84	231	236	67	135
85	231	237	67	134
86	231	237	67	134
87	231	237	67	134
88	231	238	67	134
89	232	238	66	133
90	232	238	66	133
91	232	239	66	133
92	233	238	66	133
93	233	238	66	133
94	234	238	66	133
95	234	237	67	134
96	235	236	67	134
97	235	236	67	134
98	236	235	67	135
99	236	235	68	136
100	236	234	68	136
101	236	233	68	137
102	236	233	68	137
103	237	233	69	138
104	237	232	69	138
105	237	232	69	138
106	237	232	69	138
107	237	232	69	138
108	238	232	69	138
109	238	232	68	137
110	239	232	68	137
111	240	232	68	136
112	240	233	68	136
113	241	233	67	135
114	241	234	67	134
115	241	235	66	133
116	241	236	66	133
117	241	236	66	132
118	240	237	65	131
119	240	238	65	130
120	239	239	65	130
121	238	239	64	129
122	238	240	64	128
123	237	240	64	128
124	237	240	63	127
125	237	239	63	127
126	236	238	63	127
127	236	238	63	127
128	236	237	63	127
129	237	236	63	127
130	237	235	63	127
131	237	234	63	127
132	237	233	63	127
133	238	233	63	127
134	238	232	63	127
135	238	232	63	127
136	238	231	64	128
137	238	231	64	128
138	239	230	64	129
139	238	230	65	130
140	238	229	66	132
141	238	228	67	134
142	237	226	68	136
143	236	225	69	138
144	235	224	70	140
145	234	222	71	142
146	233	221	72	145
147	231	220	73	147
148	230	220	74	148
149	229	219	75	150
150	227	219	76	152
151	226	218	76	153
152	225	218	77	154
153	224	218	77	155
154	223	219	78	156
155	222	219	78	156
156	221	219	78	156
157	220	219	78	157
158	219	220	78	157
159	219	220	78	157
160	218	220	78	157
161	217	220	78	157
162	216	220	78	157
163	215	220	78	157
164	214	221	78	157
165	212	221	78	157
166	210	221	78	157
167	208	221	79	158
168	207	221	79	158
169	205	221	79	159
170	203	221	79	159
171	202	222	80	160
172	199	222	80	161
173	198	223	80	161
174	196	223	81	162
175	194	223	81	163
176	192	223	81	163
177	191	223	82	164
178	190	223	82	165
179	188	222	83	166
180	187	222	83	166
181	185	222	83	167
182	184	221	84	168
183	182	221	84	168
184	181	221	84	169
185	179	220	85	170
186	178	219	85	171
187	176	218	86	172
188	175	217	86	173
189	173	216	87	174
190	171	215	87	175
191	170	213	88	177
192	168	212	89	178
193	167	210	89	179
3D Trajetory (frame, x, z, height, pose)
1	-1.23	7.14	1.77	2.00
2	-1.25	7.14	1.75	2.00
3	-1.26	7.14	1.72	2.00
4	-1.24	7.05	1.71	2.00
5	-1.22	6.97	1.70	2.00
6	-1.22	6.95	1.72	2.00
7	-1.23	6.93	1.73	2.00
8	-1.23	6.92	1.72	2.00
9	-1.24	6.91	1.72	2.00
10	-1.24	6.88	1.73	2.00
11	-1.25	6.84	1.74	2.00
12	-1.26	6.84	1.73	2.00
13	-1.27	6.83	1.73	2.00
14	-1.28	6.81	1.74	2.00
15	-1.29	6.79	1.74	2.00
16	-1.30	6.79	1.75	2.00
17	-1.30	6.79	1.76	2.00
18	-1.32	6.74	1.76	2.00
19	-1.34	6.69	1.75	2.00
20	-1.34	6.65	1.75	2.00
21	-1.35	6.61	1.74	2.00
22	-1.36	6.60	1.74	2.00
23	-1.38	6.59	1.73	2.00
24	-1.39	6.58	1.73	2.00
25	-1.39	6.57	1.73	2.00
26	-1.40	6.55	1.72	2.00
27	-1.41	6.54	1.72	2.00
28	-1.42	6.52	1.71	2.00
29	-1.43	6.51	1.71	2.00
30	-1.42	6.49	1.70	2.00
31	-1.42	6.48	1.70	2.00
32	-1.42	6.46	1.70	2.00
33	-1.42	6.45	1.69	2.00
34	-1.42	6.44	1.70	2.00
35	-1.42	6.43	1.71	2.00
36	-1.42	6.42	1.70	2.00
37	-1.42	6.41	1.70	2.00
38	-1.42	6.40	1.70	2.00
39	-1.41	6.39	1.70	2.00
40	-1.40	6.38	1.72	2.00
41	-1.40	6.37	1.73	4.00
42	-1.39	6.36	1.73	4.00
43	-1.39	6.35	1.73	4.00
44	-1.39	6.34	1.73	4.00
45	-1.39	6.34	1.74	2.00
46	-1.38	6.33	1.74	2.00
47	-1.38	6.32	1.74	2.00
48	-1.38	6.30	1.74	2.00
49	-1.38	6.28	1.75	2.00
50	-1.37	6.28	1.75	2.00
51	-1.37	6.27	1.75	2.00
52	-1.37	6.25	1.75	2.00
53	-1.36	6.24	1.74	2.00
54	-1.36	6.21	1.75	2.00
55	-1.36	6.19	1.75	2.00
56	-1.35	6.18	1.75	2.00
57	-1.35	6.17	1.76	2.00
58	-1.34	6.16	1.76	2.00
59	-1.34	6.15	1.75	2.00
60	-1.33	6.14	1.76	2.00
61	-1.33	6.13	1.77	2.00
62	-1.33	6.10	1.78	2.00
63	-1.33	6.08	1.78	2.00
64	-1.32	6.06	1.77	2.00
65	-1.32	6.05	1.75	2.00
66	-1.31	6.03	1.74	2.00
67	-1.29	6.02	1.72	2.00
68	-1.30	6.02	1.72	2.00
69	-1.30	6.02	1.72	2.00
70	-1.29	6.02	1.71	2.00
71	-1.29	6.02	1.70	2.00
72	-1.29	6.01	1.70	2.00
73	-1.28	6.00	1.70	2.00
74	-1.27	6.00	1.68	2.00
75	-1.27	6.01	1.67	2.00
76	-1.27	6.00	1.66	2.00
77	-1.26	6.00	1.65	2.00
78	-1.26	6.00	1.64	2.00
79	-1.26	6.01	1.63	2.00
80	-1.25	6.00	1.62	2.00
81	-1.25	6.00	1.62	2.00
82	-1.25	5.99	1.62	2.00
83	-1.25	5.98	1.63	2.00
84	-1.25	5.97	1.63	2.00
85	-1.25	5.96	1.63	2.00
86	-1.26	5.97	1.62	2.00
87	-1.26	5.99	1.61	2.00
88	-1.26	5.99	1.60	2.00
89	-1.26	5.99	1.59	2.00
90	-1.26	5.99	1.59	2.00
91	-1.25	5.98	1.59	2.00
92	-1.25	5.98	1.60	2.00
93	-1.25	5.98	1.60	2.00
94	-1.24	5.98	1.60	2.00
95	-1.24	5.98	1.60	2.00
96	-1.23	5.98	1.61	2.00
97	-1.23	5.98	1.61	2.00
98	-1.22	5.97	1.63	2.00
99	-1.21	5.97	1.64	2.00
100	-1.21	5.97	1.63	2.00
101	-1.21	5.97	1.63	2.00
102	-1.19	5.97	1.63	2.00
103	-1.18	5.97	1.63	2.00
104	-1.18	5.96	1.65	2.00
105	-1.18	5.96	1.67	2.00
106	-1.18	5.96	1.66	2.00
107	-1.17	5.96	1.66	2.00
108	-1.17	5.97	1.65	2.00
109	-1.17	5.98	1.65	2.00
110	-1.17	5.99	1.64	2.00
111	-1.17	5.99	1.63	2.00
112	-1.17	6.00	1.63	2.00
113	-1.17	6.01	1.63	2.00
114	-1.17	6.01	1.62	2.00
115	-1.17	6.01	1.61	2.00
116	-1.17	6.00	1.60	2.00
117	-1.17	6.00	1.58	2.00
118	-1.18	6.00	1.58	2.00
119	-1.18	6.00	1.58	2.00
120	-1.20	6.01	1.58	2.00
121	-1.21	6.02	1.57	2.00
122	-1.22	6.03	1.56	2.00
123	-1.23	6.05	1.54	2.00
124	-1.22	6.06	1.54	2.00
125	-1.21	6.07	1.53	2.00
126	-1.22	6.08	1.54	2.00
127	-1.22	6.09	1.55	4.00
128	-1.22	6.10	1.56	4.00
129	-1.22	6.11	1.57	4.00
130	-1.23	6.12	1.57	4.00
131	-1.23	6.13	1.58	4.00
132	-1.24	6.13	1.57	4.00
133	-1.24	6.14	1.57	4.00
134	-1.25	6.14	1.57	4.00
135	-1.25	6.14	1.57	4.00
136	-1.25	6.13	1.57	4.00
137	-1.26	6.12	1.57	4.00
138	-1.26	6.10	1.58	4.00
139	-1.26	6.08	1.58	4.00
140	-1.26	6.05	1.59	4.00
141	-1.26	6.02	1.61	4.00
142	-1.27	5.97	1.63	4.00
143	-1.29	5.93	1.65	4.00
144	-1.29	5.89	1.67	4.00
145	-1.30	5.85	1.68	4.00
146	-1.30	5.82	1.70	4.00
147	-1.31	5.79	1.71	4.00
148	-1.31	5.76	1.73	4.00
149	-1.31	5.73	1.75	4.00
150	-1.32	5.71	1.75	4.00
151	-1.32	5.68	1.75	4.00
152	-1.32	5.67	1.75	4.00
153	-1.32	5.65	1.75	4.00
154	-1.32	5.63	1.76	4.00
155	-1.31	5.61	1.76	4.00
156	-1.31	5.57	1.76	4.00
157	-1.30	5.53	1.76	4.00
158	-1.30	5.51	1.75	4.00
159	-1.31	5.50	1.73	4.00
160	-1.31	5.46	1.72	4.00
161	-1.31	5.43	1.70	4.00
162	-1.31	5.41	1.70	4.00
163	-1.31	5.40	1.71	2.00
164	-1.31	5.35	1.69	2.00
165	-1.31	5.30	1.67	2.00
166	-1.32	5.27	1.67	2.00
167	-1.32	5.24	1.66	2.00
168	-1.33	5.22	1.66	2.00
169	-1.35	5.19	1.65	2.00
170	-1.35	5.15	1.65	2.00
171	-1.35	5.11	1.64	2.00
172	-1.36	5.09	1.65	2.00
173	-1.36	5.07	1.65	2.00
174	-1.37	5.06	1.65	2.00
175	-1.37	5.04	1.65	2.00
176	-1.39	5.01	1.64	2.00
177	-1.40	4.98	1.64	2.00
178	-1.40	4.97	1.64	2.00
179	-1.41	4.95	1.65	2.00
180	-1.41	4.93	1.65	2.00
181	-1.41	4.91	1.64	2.00
182	-1.41	4.90	1.65	2.00
183	-1.42	4.88	1.65	2.00
184	-1.42	4.85	1.65	2.00
185	-1.43	4.82	1.65	2.00
186	-1.43	4.80	1.65	2.00
187	-1.43	4.78	1.65	2.00
188	-1.44	4.76	1.65	2.00
189	-1.44	4.75	1.64	2.00
190	-1.45	4.73	1.65	2.00
191	-1.45	4.71	1.65	2.00
192	-1.45	4.69	1.67	2.00
193	-1.45	4.66	1.69	2.00
Target 3 (frames from 13 to 49)
Bounding Boxes (frame, x, y, width, height)
13	526	237	53	106
14	524	235	53	106
15	523	234	53	107
16	522	233	53	107
17	521	233	54	108
18	520	232	54	108
19	520	231	54	109
20	519	230	54	109
21	519	229	54	109
22	518	229	54	109
23	518	228	54	109
24	518	228	54	109
25	518	227	54	108
26	518	227	54	108
27	519	227	54	108
28	519	226	54	108
29	519	226	54	108
30	519	226	53	107
31	519	226	53	107
32	520	226	53	107
33	520	225	54	108
34	521	225	54	108
35	521	225	54	108
36	521	225	54	109
37	522	224	54	109
38	522	224	55	110
39	522	223	55	111
40	522	223	56	112
41	522	222	56	112
42	522	222	56	113
43	521	222	56	113
44	521	222	57	114
45	520	221	57	114
46	519	221	57	115
47	518	221	57	115
48	517	221	57	115
49	516	221	57	115
3D Trajetory (frame, x, z, height, pose)
13	3.18	8.41	1.76	3.00
14	3.17	8.36	1.77	3.00
15	3.16	8.31	1.79	3.00
16	3.17	8.36	1.81	3.00
17	3.18	8.41	1.84	3.00
18	3.16	8.43	1.84	3.00
19	3.13	8.45	1.84	3.00
20	3.13	8.45	1.84	3.00
21	3.12	8.46	1.84	1.00
22	3.12	8.47	1.85	1.00
23	3.12	8.48	1.85	3.00
24	3.12	8.49	1.85	3.00
25	3.11	8.50	1.84	3.00
26	3.15	8.46	1.84	3.00
27	3.19	8.42	1.83	3.00
28	3.19	8.42	1.83	3.00
29	3.19	8.42	1.82	3.00
30	3.19	8.41	1.82	3.00
31	3.20	8.40	1.81	1.00
32	3.18	8.44	1.82	1.00
33	3.17	8.48	1.83	1.00
34	3.16	8.48	1.83	1.00
35	3.16	8.48	1.82	3.00
36	3.15	8.48	1.84	3.00
37	3.15	8.47	1.85	3.00
38	3.13	8.46	1.87	3.00
39	3.10	8.46	1.89	3.00
40	3.09	8.46	1.89	3.00
41	3.07	8.46	1.89	3.00
42	3.06	8.45	1.90	3.00
43	3.05	8.45	1.91	3.00
44	3.03	8.44	1.92	3.00
45	3.02	8.44	1.92	3.00
46	3.00	8.44	1.93	3.00
47	2.98	8.43	1.94	3.00
48	2.98	8.42	1.93	3.00
49	2.98	8.41	1.91	3.00
Target 4 (frames from 17 to 53)
Bounding Boxes (frame, x, y, width, height)
17	493	231	63	126
18	493	230	63	127
19	493	229	64	128
20	492	228	65	130
21	491	227	65	131
22	491	226	66	132
23	490	225	66	133
24	489	224	67	134
25	488	224	68	136
26	486	223	68	137
27	484	222	69	138
28	482	221	70	140
29	480	220	70	141
30	477	220	71	142
31	475	220	71	143
32	474	220	72	144
33	473	220	72	144
34	472	221	72	145
35	471	221	72	145
36	471	221	73	146
37	471	221	73	147
38	471	220	73	147
39	471	219	74	148
40	472	219	74	149
41	472	218	75	150
42	473	217	75	151
43	473	216	76	152
44	474	215	77	154
45	473	214	77	154
46	473	213	77	155
47	472	212	78	156
48	472	212	78	156
49	471	211	78	156
50	469	211	78	157
51	468	210	78	157
52	467	210	78	157
53	465	210	78	157
3D Trajetory (frame, x, z, height, pose)
17	2.29	7.04	1.81	2.00
18	2.30	7.06	1.81	2.00
19	2.31	7.08	1.82	2.00
20	2.32	7.04	1.81	2.00
21	2.32	6.99	1.81	2.00
22	2.28	6.92	1.81	2.00
23	2.24	6.85	1.81	1.00
24	2.21	6.78	1.82	1.00
25	2.17	6.71	1.83	1.00
26	2.14	6.65	1.83	1.00
27	2.11	6.60	1.83	1.00
28	2.07	6.54	1.83	1.00
29	2.04	6.47	1.83	2.00
30	2.00	6.41	1.83	2.00
31	1.95	6.36	1.83	2.00
32	1.92	6.30	1.82	2.00
33	1.89	6.25	1.82	2.00
34	1.84	6.22	1.81	2.00
35	1.80	6.20	1.80	2.00
36	1.79	6.20	1.81	2.00
37	1.78	6.21	1.81	2.00
38	1.77	6.22	1.82	2.00
39	1.76	6.23	1.83	2.00
40	1.76	6.24	1.85	2.00
41	1.76	6.24	1.87	2.00
42	1.77	6.26	1.89	2.00
43	1.79	6.27	1.90	2.00
44	1.79	6.26	1.91	2.00
45	1.78	6.25	1.92	2.00
46	1.79	6.25	1.94	2.00
47	1.80	6.25	1.95	2.00
48	1.78	6.24	1.95	2.00
49	1.77	6.23	1.95	2.00
50	1.76	6.22	1.96	2.00
51	1.76	6.22	1.96	2.00
52	1.74	6.21	1.94	2.00
53	1.72	6.21	1.92	2.00
Target 5 (frames from 21 to 57)
Bounding Boxes (frame, x, y, width, height)
21	263	241	43	86
22	261	239	43	86
23	259	238	43	87
24	258	236	43	87
25	256	235	43	87
26	255	234	43	87
27	254	233	44	88
28	254	233	44	88
29	253	232	44	88
30	253	231	44	88
31	253	231	44	88
32	254	231	44	88
33	254	231	44	88
34	255	231	43	87
35	256	231	43	87
36	258	232	43	87
37	259	231	43	87
38	260	231	44	88
39	261	231	44	88
40	262	231	44	88
41	262	231	44	88
42	263	231	44	88
43	263	231	44	88
44	264	231	44	88
45	264	231	44	88
46	263	231	44	88
47	263	231	44	88
48	262	231	44	88
49	262	231	44	88
50	262	231	44	88
51	261	231	44	88
52	261	231	44	88
53	261	230	43	87
54	260	230	43	87
55	259	230	43	87
56	259	230	43	87
57	258	229	43	87
3D Trajetory (frame, x, z, height, pose)
21	-1.56	9.94	1.70	2.00
22	-1.57	9.92	1.71	2.00
23	-1.58	9.91	1.73	2.00
24	-1.59	9.94	1.74	2.00
25	-1.60	9.98	1.75	2.00
26	-1.61	9.95	1.75	2.00
27	-1.63	9.93	1.75	2.00
28	-1.63	9.96	1.76	2.00
29	-1.64	9.99	1.77	2.00
30	-1.64	9.99	1.77	2.00
31	-1.64	9.99	1.77	2.00
32	-1.64	10.00	1.76	2.00
33	-1.65	10.02	1.76	2.00
34	-1.66	10.06	1.76	2.00
35	-1.67	10.10	1.75	2.00
36	-1.66	10.10	1.76	2.00
37	-1.65	10.09	1.77	2.00
38	-1.66	10.08	1.78	2.00
39	-1.66	10.07	1.78	2.00
40	-1.67	10.09	1.78	2.00
41	-1.67	10.10	1.79	2.00
42	-1.68	10.09	1.79	2.00
43	-1.68	10.09	1.80	2.00
44	-1.68	10.10	1.80	2.00
45	-1.68	10.12	1.79	2.00
46	-1.67	10.13	1.79	2.00
47	-1.67	10.13	1.80	2.00
48	-1.67	10.14	1.79	2.00
49	-1.67	10.15	1.79	2.00
50	-1.68	10.16	1.78	2.00
51	-1.68	10.17	1.77	2.00
52	-1.68	10.17	1.78	2.00
53	-1.68	10.17	1.79	2.00
54	-1.68	10.18	1.79	2.00
55	-1.68	10.18	1.79	2.00
56	-1.68	10.18	1.79	2.00
57	-1.69	10.18	1.78	2.00
Target 6 (frames from 83 to 193)
Bounding Boxes (frame, x, y, width, height)
83	377	221	51	102
84	375	222	51	102
85	374	223	51	102
86	372	224	50	101
87	370	225	50	101
88	368	226	50	101
89	366	226	50	101
90	364	227	50	101
91	362	227	50	101
92	360	227	50	101
93	358	226	50	101
94	356	226	50	101
95	354	226	50	101
96	352	225	50	101
97	350	225	50	101
98	348	225	50	101
99	346	225	50	101
100	344	225	50	100
101	342	225	50	100
102	340	225	50	100
103	338	225	50	100
104	336	225	50	100
105	334	226	49	99
106	332	226	49	99
107	331	226	49	99
108	330	225	49	99
109	329	225	49	99
110	328	225	50	100
111	328	224	50	101
112	327	223	50	101
113	326	223	51	102
114	325	222	51	103
115	325	222	52	104
116	324	222	52	104
117	322	221	52	105
118	321	221	52	105
119	319	221	52	105
120	317	222	52	104
121	315	222	52	104
122	314	223	51	103
123	312	223	51	103
124	311	223	51	102
125	309	222	51	102
126	308	222	50	101
127	307	221	50	101
128	306	221	50	101
129	305	220	51	102
130	304	220	51	102
131	303	219	51	102
132	303	219	51	102
133	301	219	51	102
134	300	218	51	102
135	299	219	50	101
136	298	219	50	101
137	297	219	50	101
138	297	220	50	100
139	298	220	50	100
140	298	221	49	99
141	299	221	49	99
142	300	222	49	99
143	301	222	49	98
144	303	223	49	98
145	304	223	49	98
146	305	224	49	98
147	307	224	49	98
148	308	225	49	98
149	308	226	49	98
150	308	226	49	98
151	307	227	49	98
152	307	227	49	98
153	306	227	49	98
154	305	227	49	98
155	304	227	49	98
156	303	227	49	98
157	302	227	49	98
158	301	227	49	98
159	300	227	49	98
160	300	227	48	97
161	299	226	48	97
162	298	226	48	97
163	297	225	48	97
164	296	225	48	97
165	295	224	48	97
166	294	224	48	96
167	293	223	48	96
168	292	223	48	97
169	292	223	48	97
170	291	222	48	97
171	290	222	48	97
172	289	223	48	97
173	288	223	48	97
174	287	223	48	97
175	287	223	48	97
176	286	222	48	97
177	285	222	48	97
178	285	222	49	98
179	284	222	49	98
180	284	222	49	98
181	283	221	49	98
182	282	221	49	98
183	282	221	49	98
184	281	221	49	98
185	280	220	49	98
186	279	220	49	98
187	278	219	49	98
188	277	219	49	98
189	276	218	49	98
190	275	217	49	98
191	273	216	49	98
192	272	216	49	98
193	271	215	49	98
3D Trajetory (frame, x, z, height, pose)
83	0.67	9.79	2.07	3.00
84	0.59	9.57	1.96	3.00
85	0.51	9.35	1.86	3.00
86	0.51	9.28	1.83	3.00
87	0.50	9.22	1.81	3.00
88	0.43	9.16	1.83	3.00
89	0.35	9.09	1.85	3.00
90	0.33	9.21	1.87	3.00
91	0.31	9.32	1.88	3.00
92	0.28	9.21	1.88	3.00
93	0.24	9.10	1.88	3.00
94	0.19	9.09	1.86	3.00
95	0.15	9.08	1.84	3.00
96	0.12	9.12	1.83	3.00
97	0.09	9.17	1.82	3.00
98	0.05	9.15	1.83	3.00
99	0.01	9.13	1.83	1.00
100	-0.04	9.17	1.84	1.00
101	-0.10	9.22	1.86	1.00
102	-0.13	9.21	1.85	1.00
103	-0.16	9.20	1.85	1.00
104	-0.19	9.19	1.84	1.00
105	-0.21	9.19	1.84	1.00
106	-0.23	9.20	1.84	1.00
107	-0.25	9.21	1.84	1.00
108	-0.28	9.19	1.83	1.00
109	-0.31	9.16	1.81	1.00
110	-0.33	9.16	1.81	1.00
111	-0.35	9.17	1.81	1.00
112	-0.36	9.17	1.84	1.00
113	-0.37	9.18	1.87	1.00
114	-0.38	9.11	1.89	1.00
115	-0.39	9.03	1.90	1.00
116	-0.40	9.02	1.90	1.00
117	-0.42	9.00	1.91	1.00
118	-0.44	9.03	1.91	1.00
119	-0.47	9.06	1.90	1.00
120	-0.49	9.08	1.90	1.00
121	-0.52	9.09	1.90	1.00
122	-0.56	9.11	1.89	1.00
123	-0.59	9.12	1.87	1.00
124	-0.62	9.15	1.86	1.00
125	-0.64	9.18	1.85	2.00
126	-0.66	9.18	1.85	2.00
127	-0.67	9.17	1.85	2.00
128	-0.68	9.16	1.86	2.00
129	-0.69	9.16	1.87	2.00
130	-0.71	9.15	1.88	2.00
131	-0.73	9.14	1.88	2.00
132	-0.76	9.14	1.88	2.00
133	-0.79	9.13	1.88	2.00
134	-0.81	9.12	1.86	2.00
135	-0.84	9.11	1.85	2.00
136	-0.87	9.10	1.84	2.00
137	-0.91	9.09	1.83	1.00
138	-0.94	9.08	1.82	1.00
139	-0.97	9.07	1.80	3.00
140	-1.01	9.07	1.80	3.00
141	-1.05	9.08	1.80	3.00
142	-0.98	9.04	1.80	3.00
143	-0.91	8.99	1.80	1.00
144	-0.90	8.99	1.78	1.00
145	-0.88	8.98	1.76	2.00
146	-0.88	8.97	1.76	2.00
147	-0.87	8.96	1.76	2.00
148	-0.87	8.98	1.75	2.00
149	-0.86	8.99	1.75	2.00
150	-0.87	9.01	1.76	2.00
151	-0.87	9.02	1.77	2.00
152	-0.86	9.00	1.77	2.00
153	-0.85	8.98	1.78	2.00
154	-0.86	8.99	1.77	2.00
155	-0.87	8.99	1.77	2.00
156	-0.89	8.99	1.77	2.00
157	-0.91	8.99	1.77	2.00
158	-0.92	9.00	1.77	2.00
159	-0.93	9.01	1.77	2.00
160	-0.96	9.04	1.77	2.00
161	-0.98	9.07	1.76	2.00
162	-0.99	9.08	1.76	2.00
163	-0.99	9.08	1.76	2.00
164	-1.00	9.10	1.76	2.00
165	-1.01	9.11	1.75	2.00
166	-1.02	9.12	1.76	2.00
167	-1.04	9.12	1.77	2.00
168	-1.05	9.12	1.77	2.00
169	-1.06	9.12	1.77	2.00
170	-1.07	9.13	1.78	2.00
171	-1.07	9.13	1.78	2.00
172	-1.08	9.13	1.77	2.00
173	-1.09	9.13	1.77	2.00
174	-1.10	9.13	1.78	2.00
175	-1.11	9.14	1.79	2.00
176	-1.12	9.14	1.79	2.00
177	-1.13	9.15	1.79	2.00
178	-1.14	9.15	1.79	2.00
179	-1.14	9.14	1.80	2.00
180	-1.15	9.15	1.80	2.00
181	-1.15	9.15	1.80	2.00
182	-1.16	9.16	1.80	2.00
183	-1.17	9.18	1.80	2.00
184	-1.18	9.18	1.80	2.00
185	-1.19	9.18	1.80	2.00
186	-1.21	9.18	1.80	2.00
187	-1.22	9.19	1.80	2.00
188	-1.24	9.19	1.80	2.00
189	-1.25	9.19	1.80	2.00
190	-1.27	9.19	1.80	2.00
191	-1.29	9.19	1.80	2.00
192	-1.31	9.20	1.80	2.00
193	-1.32	9.20	1.80	2.00
Target 7 (frames from 87 to 113)
Bounding Boxes (frame, x, y, width, height)
87	415	229	50	100
88	415	229	50	100
89	416	228	50	100
90	416	228	50	100
91	415	227	50	100
92	415	226	49	99
93	415	226	49	99
94	414	226	49	99
95	414	225	49	99
96	413	225	49	99
97	412	225	49	98
98	411	225	49	98
99	410	225	49	98
100	409	225	49	98
101	408	225	48	97
102	406	225	48	97
103	405	224	48	97
104	403	224	48	97
105	402	224	48	97
106	401	224	48	97
107	400	224	48	97
108	399	224	48	97
109	398	223	48	97
110	397	223	48	97
111	397	223	48	97
112	396	222	48	97
113	395	222	48	97
3D Trajetory (frame, x, z, height, pose)
87	1.26	8.93	1.78	1.00
88	1.27	9.06	1.80	1.00
89	1.29	9.20	1.83	1.00
90	1.29	9.21	1.84	1.00
91	1.29	9.23	1.85	2.00
92	1.29	9.32	1.86	2.00
93	1.29	9.42	1.87	2.00
94	1.28	9.45	1.87	2.00
95	1.28	9.48	1.88	2.00
96	1.26	9.49	1.88	2.00
97	1.24	9.50	1.88	2.00
98	1.22	9.54	1.87	2.00
99	1.20	9.58	1.85	2.00
100	1.18	9.59	1.85	2.00
101	1.17	9.61	1.85	2.00
102	1.14	9.61	1.86	2.00
103	1.12	9.61	1.87	2.00
104	1.09	9.63	1.88	2.00
105	1.06	9.66	1.88	3.00
106	1.05	9.66	1.88	3.00
107	1.03	9.67	1.88	3.00
108	1.01	9.68	1.89	3.00
109	1.00	9.69	1.89	3.00
110	0.99	9.71	1.89	3.00
111	0.99	9.73	1.89	3.00
112	0.95	9.75	1.89	3.00
113	0.92	9.76	1.89	3.00
Target 8 (frames from 89 to 171)
Bounding Boxes (frame, x, y, width, height)
89	161	225	57	115
90	161	226	57	115
91	161	226	57	114
92	161	226	57	114
93	160	226	57	114
94	160	226	57	114
95	160	227	57	114
96	159	227	57	114
97	159	227	57	114
98	159	227	57	114
99	158	227	56	113
100	158	227	56	113
101	157	227	56	113
102	156	227	56	113
103	156	227	57	114
104	155	226	57	114
105	154	225	58	116
106	153	225	58	117
107	152	224	59	118
108	151	223	59	119
109	150	222	60	120
110	149	222	61	122
111	149	221	61	123
112	148	221	62	124
113	148	220	63	126
114	147	220	63	127
115	147	220	64	128
116	146	220	65	130
117	145	219	65	131
118	143	219	66	132
119	141	219	66	133
120	139	219	67	135
121	137	218	68	136
122	135	217	69	138
123	132	216	70	140
124	130	215	71	142
125	127	214	72	144
126	124	212	73	146
127	122	211	74	148
128	119	209	75	150
129	117	208	76	152
130	115	206	77	154
131	113	204	78	157
132	112	203	79	159
133	110	201	80	161
134	109	200	81	162
135	107	200	81	163
136	106	200	82	164
137	104	200	82	164
138	103	201	82	164
139	101	201	81	163
140	100	202	81	163
141	98	204	81	162
142	97	205	80	160
143	95	207	79	159
144	94	209	78	157
145	93	211	77	154
146	91	213	76	152
147	89	215	75	150
148	88	217	74	149
149	85	218	74	148
150	83	220	73	147
151	80	221	73	146
152	78	222	73	146
153	75	223	73	146
154	71	224	73	146
155	68	224	73	146
156	65	224	73	146
157	61	224	73	147
158	58	223	74	148
159	55	223	74	148
160	53	222	74	149
161	50	221	74	149
162	48	221	75	150
163	45	221	75	150
164	43	221	75	150
165	40	221	75	150
166	37	221	75	150
167	35	221	74	149
168	33	221	74	149
169	30	222	74	148
170	28	222	74	148
171	25	223	73	147
3D Trajetory (frame, x, z, height, pose)
89	-2.90	8.01	1.79	4.00
90	-2.87	7.93	1.80	4.00
91	-2.84	7.85	1.82	2.00
92	-2.84	7.81	1.83	2.00
93	-2.83	7.77	1.84	2.00
94	-2.84	7.76	1.83	2.00
95	-2.85	7.74	1.83	4.00
96	-2.87	7.76	1.80	4.00
97	-2.89	7.78	1.76	4.00
98	-2.90	7.78	1.75	4.00
99	-2.92	7.78	1.74	2.00
100	-2.90	7.78	1.75	2.00
101	-2.89	7.77	1.77	2.00
102	-2.89	7.76	1.77	2.00
103	-2.90	7.76	1.78	2.00
104	-2.89	7.72	1.78	2.00
105	-2.89	7.69	1.79	2.00
106	-2.89	7.63	1.80	2.00
107	-2.90	7.58	1.81	2.00
108	-2.88	7.52	1.82	2.00
109	-2.86	7.47	1.82	2.00
110	-2.85	7.42	1.82	2.00
111	-2.84	7.37	1.83	2.00
112	-2.82	7.31	1.83	2.00
113	-2.80	7.25	1.84	2.00
114	-2.79	7.19	1.84	2.00
115	-2.79	7.13	1.84	2.00
116	-2.76	7.05	1.84	2.00
117	-2.73	6.96	1.84	2.00
118	-2.71	6.88	1.85	2.00
119	-2.69	6.79	1.85	2.00
120	-2.68	6.76	1.85	2.00
121	-2.68	6.73	1.86	2.00
122	-2.71	6.73	1.85	2.00
123	-2.73	6.74	1.85	2.00
124	-2.71	6.62	1.86	2.00
125	-2.69	6.51	1.87	2.00
126	-2.67	6.39	1.89	2.00
127	-2.65	6.27	1.90	3.00
128	-2.66	6.24	1.91	3.00
129	-2.67	6.20	1.92	3.00
130	-2.67	6.15	1.92	3.00
131	-2.66	6.11	1.93	3.00
132	-2.66	6.06	1.93	3.00
133	-2.65	6.02	1.94	3.00
134	-2.66	5.98	1.94	3.00
135	-2.66	5.94	1.93	3.00
136	-2.67	5.88	1.94	3.00
137	-2.67	5.82	1.95	3.00
138	-2.67	5.77	1.95	3.00
139	-2.67	5.72	1.95	3.00
140	-2.72	5.73	1.91	3.00
141	-2.77	5.74	1.88	4.00
142	-2.82	5.76	1.85	4.00
143	-2.86	5.78	1.82	4.00
144	-2.89	5.77	1.81	4.00
145	-2.92	5.77	1.80	4.00
146	-2.93	5.75	1.80	4.00
147	-2.94	5.74	1.81	4.00
148	-2.99	5.78	1.77	4.00
149	-3.05	5.82	1.73	4.00
150	-3.08	5.82	1.73	4.00
151	-3.11	5.82	1.72	3.00
152	-3.12	5.81	1.72	3.00
153	-3.13	5.80	1.72	3.00
154	-3.16	5.78	1.71	3.00
155	-3.19	5.75	1.70	3.00
156	-3.21	5.73	1.71	3.00
157	-3.23	5.71	1.71	3.00
158	-3.25	5.69	1.72	3.00
159	-3.27	5.67	1.72	4.00
160	-3.29	5.65	1.72	4.00
161	-3.31	5.63	1.71	2.00
162	-3.32	5.62	1.71	2.00
163	-3.33	5.60	1.70	1.00
164	-3.34	5.58	1.70	1.00
165	-3.34	5.57	1.70	3.00
166	-3.35	5.55	1.70	3.00
167	-3.36	5.53	1.70	3.00
168	-3.39	5.52	1.68	3.00
169	-3.42	5.51	1.65	1.00
170	-3.43	5.50	1.64	1.00
171	-3.44	5.49	1.63	1.00
