Total frames 469
Number of Targets 12
Target 1 (frames from 1 to 395)
Bounding Boxes (frame, x, y, width, height)
1	403	98	129	259
2	403	98	130	260
3	404	97	130	261
4	404	96	131	262
5	404	95	131	263
6	404	94	131	263
7	404	93	132	264
8	404	92	132	265
9	404	91	133	266
10	404	90	133	266
11	403	87	134	268
12	402	85	135	270
13	402	84	135	270
14	401	83	135	271
15	401	82	135	271
16	401	82	135	271
17	400	82	135	271
18	400	82	135	270
19	400	82	135	270
20	400	83	135	270
21	399	83	135	270
22	399	84	134	269
23	399	84	134	269
24	398	85	134	269
25	398	85	134	269
26	397	86	134	269
27	397	86	134	269
28	397	86	134	269
29	397	86	134	269
30	397	86	134	269
31	397	86	134	269
32	397	86	134	269
33	397	86	134	269
34	397	87	134	269
35	398	87	134	268
36	398	88	133	267
37	398	88	133	266
38	398	89	133	266
39	398	89	132	265
40	398	90	132	264
41	398	90	131	263
42	398	91	131	262
43	398	92	130	261
44	399	92	130	260
45	399	93	129	259
46	400	93	129	259
47	401	93	129	258
48	401	93	129	258
49	401	93	129	258
50	402	94	129	258
51	402	94	129	258
52	402	94	129	258
53	403	94	129	258
54	403	93	129	258
55	403	93	129	258
56	403	93	129	259
57	402	92	129	259
58	402	92	130	260
59	401	92	130	260
60	401	92	130	261
61	400	91	131	262
62	400	91	131	263
63	399	91	131	263
64	399	91	131	263
65	398	91	132	264
66	398	90	132	264
67	398	90	131	263
68	398	90	131	263
69	398	90	131	263
70	398	90	131	262
71	398	91	130	261
72	399	91	130	260
73	399	91	130	260
74	399	91	129	259
75	399	91	129	259
76	399	91	129	259
77	399	91	129	259
78	399	90	129	259
79	400	90	130	260
80	400	90	130	260
81	400	90	130	260
82	400	91	130	261
83	400	91	130	261
84	400	91	131	262
85	400	91	131	262
86	400	91	131	263
87	401	91	131	263
88	401	91	132	264
89	401	91	132	264
90	401	91	132	265
91	401	91	132	265
92	401	91	133	266
93	401	91	133	266
94	401	91	133	266
95	400	91	133	266
96	400	92	133	266
97	400	92	133	266
98	400	93	133	266
99	399	94	133	266
100	399	94	133	266
101	399	95	133	266
102	399	95	133	266
103	399	95	133	266
104	398	95	133	266
105	398	95	133	266
106	398	95	133	266
107	398	95	133	266
108	398	94	133	266
109	398	93	133	266
110	398	92	133	267
111	398	91	133	267
112	398	90	134	268
113	398	89	134	269
114	398	89	134	269
115	399	88	134	269
116	399	88	135	270
117	399	88	135	270
118	399	89	135	270
119	400	89	134	269
120	400	89	134	269
121	401	90	134	268
122	401	90	133	267
123	401	91	133	267
124	401	92	133	266
125	402	92	132	265
126	402	92	132	265
127	402	92	132	265
128	402	91	132	265
129	403	91	133	266
130	403	91	133	267
131	403	91	133	267
132	403	91	134	268
133	403	91	134	268
134	403	91	134	268
135	403	91	134	269
136	403	91	134	269
137	403	91	134	269
138	403	91	135	270
139	402	91	135	270
140	402	91	135	270
141	402	91	135	270
142	401	91	135	270
143	401	91	135	271
144	401	91	135	271
145	400	91	135	271
146	400	91	135	271
147	400	91	135	271
148	400	91	135	270
149	400	91	135	270
150	400	91	135	270
151	400	91	135	270
152	400	91	135	270
153	399	92	134	269
154	399	92	134	269
155	398	92	134	269
156	397	92	134	269
157	396	93	134	269
158	395	94	134	268
159	394	95	133	267
160	393	95	133	266
161	393	96	132	265
162	392	98	131	263
163	391	99	131	262
164	391	100	130	260
165	390	101	129	258
166	389	103	128	256
167	389	104	127	254
168	388	105	126	252
169	388	106	125	250
170	387	107	124	248
171	387	107	123	247
172	387	108	123	246
173	388	108	122	244
174	388	108	122	244
175	388	108	121	243
176	389	109	121	242
177	390	109	120	241
178	390	108	120	241
179	391	108	120	240
180	391	108	120	240
181	392	107	120	241
182	392	107	120	241
183	392	106	120	241
184	392	105	121	242
185	393	105	121	243
186	393	104	122	244
187	393	103	122	245
188	393	103	123	246
189	394	102	123	247
190	395	101	124	248
191	395	101	124	249
192	396	101	124	249
193	397	102	124	249
194	398	103	124	248
195	399	104	124	248
196	400	105	123	247
197	400	105	123	247
198	401	106	123	246
199	401	107	123	246
200	401	108	123	246
201	401	108	123	246
202	401	109	123	247
203	400	109	123	247
204	400	108	124	248
205	400	108	124	249
206	399	108	125	250
207	399	107	125	251
208	399	107	126	252
209	398	106	126	252
210	398	106	126	252
211	398	106	126	252
212	398	106	126	252
213	399	106	126	252
214	399	106	125	251
215	400	106	125	251
216	400	106	125	251
217	401	106	125	251
218	402	106	125	251
219	402	106	125	251
220	403	106	125	251
221	404	105	125	251
222	405	105	126	252
223	405	105	126	252
224	405	104	126	252
225	405	103	126	253
226	405	103	126	253
227	404	102	126	253
228	404	101	127	254
229	403	101	127	255
230	403	100	127	255
231	402	100	128	256
232	401	100	128	257
233	401	100	129	258
234	400	100	129	258
235	399	100	129	259
236	399	101	129	259
237	399	102	129	259
238	399	102	129	259
239	399	103	129	258
240	400	105	128	256
241	400	106	127	254
242	401	108	126	252
243	401	109	124	249
244	402	111	123	246
245	403	112	121	243
246	404	113	120	241
247	405	114	119	239
248	406	114	118	237
249	407	114	118	236
250	408	114	118	236
251	409	114	118	236
252	409	113	118	237
253	409	112	119	238
254	410	111	120	240
255	410	110	121	242
256	410	109	122	244
257	409	108	123	246
258	409	107	123	247
259	409	107	124	249
260	408	106	125	251
261	408	105	126	252
262	408	105	127	254
263	407	104	127	255
264	406	103	128	257
265	405	103	129	258
266	405	102	129	259
267	404	101	130	260
268	403	101	131	262
269	402	100	131	263
270	402	100	132	264
271	401	99	133	266
272	401	98	133	267
273	400	97	134	269
274	400	96	135	270
275	400	96	135	271
276	399	95	136	272
277	399	95	136	273
278	400	94	137	274
279	400	94	137	275
280	400	93	138	276
281	400	93	138	276
282	400	92	138	277
283	400	91	138	277
284	400	91	139	278
285	401	90	139	278
286	401	90	139	278
287	401	90	139	278
288	401	90	139	278
289	401	90	139	278
290	401	90	139	278
291	400	90	139	278
292	400	90	139	278
293	400	90	139	278
294	400	91	138	277
295	400	91	138	277
296	400	92	138	277
297	400	92	138	277
298	400	92	138	277
299	400	92	139	278
300	400	92	139	278
301	400	91	139	279
302	400	91	140	280
303	400	91	140	280
304	400	90	140	281
305	399	90	141	282
306	399	89	141	283
307	398	88	142	284
308	398	88	142	285
309	398	87	142	285
310	398	87	143	286
311	398	86	143	287
312	398	86	143	287
313	398	86	144	288
314	399	85	144	288
315	399	85	144	288
316	400	85	144	288
317	400	85	144	288
318	400	86	143	287
319	401	86	143	286
320	401	87	142	284
321	402	89	141	282
322	402	91	140	280
323	402	93	138	277
324	403	95	136	273
325	403	98	134	269
326	404	100	133	266
327	405	102	131	263
328	406	104	130	260
329	407	106	129	258
330	408	107	128	256
331	408	108	127	254
332	409	108	126	253
333	410	108	126	252
334	410	108	125	251
335	410	108	125	251
336	410	108	125	251
337	410	107	125	251
338	410	107	126	252
339	410	106	126	252
340	410	106	126	253
341	410	105	127	254
342	409	105	127	255
343	408	104	128	257
344	408	103	129	259
345	407	102	131	262
346	406	101	132	264
347	405	100	133	266
348	404	98	134	269
349	403	97	135	271
350	402	95	137	274
351	401	93	138	276
352	400	92	139	279
353	399	90	140	281
354	398	88	141	282
355	398	87	142	284
356	397	86	143	286
357	397	84	144	288
358	397	83	144	289
359	396	82	145	291
360	396	81	146	292
361	395	80	147	294
362	395	80	147	295
363	395	79	148	296
364	395	78	148	297
365	395	78	148	297
366	395	78	148	297
367	395	78	148	297
368	396	78	148	296
369	396	79	147	295
370	396	79	147	294
371	396	79	146	293
372	396	80	146	292
373	396	80	145	291
374	395	81	145	290
375	395	81	144	289
376	395	82	144	288
377	394	82	143	287
378	394	82	143	287
379	394	82	143	286
380	395	82	143	286
381	397	82	143	286
382	398	82	142	285
383	399	81	142	285
384	401	81	142	285
385	403	80	142	284
386	405	80	142	284
387	406	79	142	284
388	407	79	142	284
389	409	78	142	285
390	410	78	142	285
391	411	77	143	286
392	412	77	143	286
393	413	76	143	287
394	415	76	144	288
395	416	75	144	289
3D Trajetory (frame, x, z, height, pose)
1	0.71	3.08	1.68	4.00
2	0.72	3.10	1.63	4.00
3	0.72	3.12	1.58	4.00
4	0.73	3.11	1.60	4.00
5	0.74	3.10	1.61	4.00
6	0.74	3.10	1.63	4.00
7	0.73	3.10	1.64	4.00
8	0.73	3.10	1.65	4.00
9	0.72	3.11	1.66	4.00
10	0.72	3.10	1.67	4.00
11	0.71	3.10	1.68	4.00
12	0.70	3.09	1.68	4.00
13	0.70	3.09	1.67	4.00
14	0.70	3.09	1.68	4.00
15	0.70	3.08	1.68	4.00
16	0.70	3.09	1.68	4.00
17	0.70	3.10	1.68	4.00
18	0.70	3.10	1.68	4.00
19	0.71	3.09	1.68	4.00
20	0.71	3.09	1.68	4.00
21	0.71	3.09	1.68	4.00
22	0.71	3.09	1.68	4.00
23	0.71	3.09	1.67	4.00
24	0.71	3.09	1.67	4.00
25	0.72	3.10	1.67	4.00
26	0.71	3.09	1.67	4.00
27	0.71	3.09	1.67	4.00
28	0.71	3.08	1.67	4.00
29	0.71	3.08	1.67	4.00
30	0.71	3.08	1.67	4.00
31	0.71	3.07	1.67	4.00
32	0.71	3.08	1.67	4.00
33	0.71	3.08	1.67	4.00
34	0.70	3.08	1.67	4.00
35	0.70	3.08	1.66	4.00
36	0.70	3.08	1.66	4.00
37	0.70	3.08	1.66	4.00
38	0.70	3.08	1.65	4.00
39	0.70	3.09	1.63	4.00
40	0.70	3.09	1.63	4.00
41	0.70	3.09	1.63	4.00
42	0.70	3.09	1.63	4.00
43	0.70	3.10	1.62	4.00
44	0.71	3.10	1.62	4.00
45	0.72	3.10	1.62	4.00
46	0.72	3.10	1.62	4.00
47	0.72	3.11	1.62	4.00
48	0.72	3.11	1.61	4.00
49	0.72	3.12	1.61	4.00
50	0.73	3.12	1.62	4.00
51	0.73	3.12	1.62	4.00
52	0.73	3.13	1.63	4.00
53	0.73	3.13	1.63	4.00
54	0.73	3.13	1.63	4.00
55	0.73	3.14	1.63	4.00
56	0.73	3.14	1.63	4.00
57	0.73	3.13	1.63	4.00
58	0.73	3.13	1.64	4.00
59	0.73	3.12	1.64	4.00
60	0.73	3.13	1.64	4.00
61	0.73	3.13	1.64	4.00
62	0.72	3.12	1.65	4.00
63	0.72	3.11	1.65	4.00
64	0.71	3.10	1.65	4.00
65	0.71	3.09	1.64	4.00
66	0.71	3.09	1.64	4.00
67	0.71	3.08	1.64	4.00
68	0.71	3.09	1.64	4.00
69	0.71	3.10	1.64	4.00
70	0.71	3.10	1.63	4.00
71	0.71	3.11	1.63	4.00
72	0.71	3.11	1.63	4.00
73	0.72	3.12	1.62	4.00
74	0.72	3.12	1.63	4.00
75	0.72	3.12	1.63	4.00
76	0.72	3.12	1.63	4.00
77	0.72	3.12	1.62	4.00
78	0.72	3.12	1.63	4.00
79	0.73	3.12	1.63	4.00
80	0.72	3.13	1.63	4.00
81	0.71	3.13	1.64	4.00
82	0.72	3.13	1.64	4.00
83	0.72	3.13	1.65	4.00
84	0.72	3.12	1.64	4.00
85	0.72	3.12	1.64	4.00
86	0.72	3.11	1.64	4.00
87	0.71	3.10	1.64	4.00
88	0.71	3.10	1.64	4.00
89	0.71	3.10	1.64	4.00
90	0.71	3.10	1.64	4.00
91	0.71	3.09	1.65	4.00
92	0.71	3.09	1.65	4.00
93	0.70	3.08	1.65	4.00
94	0.70	3.08	1.64	4.00
95	0.69	3.07	1.64	4.00
96	0.69	3.07	1.64	4.00
97	0.68	3.07	1.65	4.00
98	0.68	3.07	1.64	4.00
99	0.68	3.07	1.64	4.00
100	0.68	3.07	1.64	4.00
101	0.68	3.07	1.64	4.00
102	0.67	3.08	1.63	4.00
103	0.67	3.08	1.63	4.00
104	0.67	3.08	1.63	4.00
105	0.67	3.08	1.64	4.00
106	0.67	3.08	1.64	4.00
107	0.67	3.07	1.65	4.00
108	0.67	3.08	1.65	4.00
109	0.67	3.09	1.65	4.00
110	0.67	3.09	1.65	4.00
111	0.67	3.09	1.65	4.00
112	0.68	3.09	1.66	4.00
113	0.68	3.10	1.66	4.00
114	0.68	3.09	1.67	4.00
115	0.68	3.09	1.67	4.00
116	0.68	3.10	1.68	4.00
117	0.68	3.10	1.68	4.00
118	0.69	3.09	1.68	4.00
119	0.69	3.08	1.68	4.00
120	0.69	3.09	1.67	4.00
121	0.69	3.10	1.66	4.00
122	0.69	3.11	1.66	4.00
123	0.69	3.11	1.65	4.00
124	0.69	3.11	1.65	4.00
125	0.69	3.11	1.65	4.00
126	0.70	3.11	1.65	4.00
127	0.71	3.11	1.65	4.00
128	0.71	3.11	1.65	4.00
129	0.71	3.10	1.65	4.00
130	0.71	3.10	1.66	4.00
131	0.71	3.10	1.66	4.00
132	0.72	3.10	1.67	4.00
133	0.72	3.09	1.67	4.00
134	0.72	3.08	1.67	4.00
135	0.73	3.08	1.66	4.00
136	0.72	3.07	1.66	4.00
137	0.72	3.07	1.66	4.00
138	0.71	3.07	1.66	4.00
139	0.71	3.07	1.66	4.00
140	0.71	3.07	1.66	4.00
141	0.71	3.06	1.66	4.00
142	0.71	3.05	1.66	4.00
143	0.70	3.05	1.66	4.00
144	0.70	3.05	1.66	4.00
145	0.69	3.04	1.67	2.00
146	0.70	3.05	1.66	2.00
147	0.70	3.05	1.65	2.00
148	0.70	3.04	1.65	2.00
149	0.70	3.04	1.65	2.00
150	0.70	3.04	1.65	2.00
151	0.70	3.04	1.65	4.00
152	0.70	3.04	1.64	4.00
153	0.70	3.04	1.64	4.00
154	0.69	3.04	1.64	4.00
155	0.69	3.03	1.65	4.00
156	0.68	3.04	1.65	4.00
157	0.68	3.05	1.65	4.00
158	0.68	3.05	1.65	4.00
159	0.67	3.05	1.64	1.00
160	0.67	3.06	1.64	1.00
161	0.67	3.06	1.64	1.00
162	0.66	3.06	1.63	1.00
163	0.66	3.07	1.62	1.00
164	0.65	3.08	1.61	1.00
165	0.64	3.10	1.60	1.00
166	0.64	3.10	1.60	1.00
167	0.63	3.11	1.59	1.00
168	0.63	3.12	1.58	1.00
169	0.62	3.13	1.57	3.00
170	0.61	3.14	1.57	3.00
171	0.61	3.15	1.56	2.00
172	0.61	3.16	1.56	2.00
173	0.60	3.18	1.55	2.00
174	0.61	3.18	1.56	2.00
175	0.62	3.19	1.56	3.00
176	0.62	3.20	1.56	3.00
177	0.63	3.20	1.56	1.00
178	0.64	3.21	1.56	1.00
179	0.64	3.21	1.56	1.00
180	0.65	3.22	1.56	1.00
181	0.65	3.23	1.55	3.00
182	0.65	3.23	1.56	3.00
183	0.65	3.23	1.56	2.00
184	0.65	3.23	1.57	2.00
185	0.65	3.23	1.57	3.00
186	0.66	3.23	1.58	3.00
187	0.67	3.23	1.59	3.00
188	0.67	3.22	1.60	3.00
189	0.67	3.21	1.60	3.00
190	0.67	3.21	1.60	3.00
191	0.67	3.20	1.61	3.00
192	0.68	3.20	1.60	3.00
193	0.69	3.20	1.60	3.00
194	0.69	3.19	1.60	3.00
195	0.70	3.18	1.59	3.00
196	0.70	3.17	1.58	3.00
197	0.70	3.17	1.57	3.00
198	0.70	3.16	1.56	3.00
199	0.70	3.16	1.55	1.00
200	0.70	3.16	1.55	1.00
201	0.70	3.15	1.55	3.00
202	0.70	3.15	1.55	3.00
203	0.70	3.14	1.56	3.00
204	0.70	3.13	1.57	3.00
205	0.70	3.13	1.57	2.00
206	0.70	3.12	1.57	2.00
207	0.70	3.12	1.57	2.00
208	0.69	3.11	1.58	2.00
209	0.69	3.11	1.59	2.00
210	0.69	3.11	1.58	2.00
211	0.69	3.11	1.58	2.00
212	0.69	3.11	1.58	2.00
213	0.69	3.12	1.57	2.00
214	0.69	3.12	1.58	2.00
215	0.69	3.13	1.58	2.00
216	0.70	3.13	1.58	2.00
217	0.72	3.14	1.57	2.00
218	0.72	3.13	1.58	2.00
219	0.72	3.12	1.58	4.00
220	0.72	3.13	1.58	4.00
221	0.73	3.13	1.57	4.00
222	0.72	3.13	1.58	4.00
223	0.72	3.13	1.59	4.00
224	0.73	3.12	1.59	4.00
225	0.73	3.12	1.59	4.00
226	0.73	3.12	1.59	4.00
227	0.73	3.12	1.59	4.00
228	0.72	3.12	1.59	4.00
229	0.71	3.12	1.59	2.00
230	0.71	3.11	1.60	2.00
231	0.71	3.11	1.60	1.00
232	0.70	3.10	1.60	1.00
233	0.70	3.09	1.60	4.00
234	0.70	3.08	1.60	4.00
235	0.69	3.07	1.60	4.00
236	0.69	3.06	1.60	4.00
237	0.69	3.05	1.60	4.00
238	0.69	3.05	1.60	4.00
239	0.69	3.05	1.59	4.00
240	0.69	3.06	1.58	4.00
241	0.69	3.07	1.58	2.00
242	0.69	3.08	1.57	2.00
243	0.70	3.09	1.56	2.00
244	0.70	3.11	1.55	2.00
245	0.71	3.12	1.54	2.00
246	0.72	3.16	1.53	2.00
247	0.72	3.20	1.51	2.00
248	0.72	3.21	1.51	2.00
249	0.72	3.21	1.51	2.00
250	0.72	3.21	1.52	2.00
251	0.73	3.22	1.52	2.00
252	0.73	3.21	1.53	2.00
253	0.73	3.20	1.54	2.00
254	0.73	3.19	1.54	2.00
255	0.73	3.17	1.55	2.00
256	0.72	3.16	1.55	2.00
257	0.72	3.16	1.56	4.00
258	0.72	3.15	1.57	4.00
259	0.71	3.13	1.58	4.00
260	0.71	3.12	1.58	4.00
261	0.71	3.11	1.58	4.00
262	0.70	3.11	1.58	4.00
263	0.69	3.10	1.59	4.00
264	0.69	3.10	1.59	4.00
265	0.68	3.09	1.60	4.00
266	0.68	3.08	1.60	4.00
267	0.68	3.07	1.61	4.00
268	0.67	3.07	1.62	4.00
269	0.66	3.07	1.62	2.00
270	0.66	3.06	1.63	2.00
271	0.65	3.06	1.63	2.00
272	0.66	3.04	1.63	2.00
273	0.66	3.03	1.63	2.00
274	0.66	3.02	1.63	2.00
275	0.66	3.02	1.64	2.00
276	0.66	3.01	1.64	2.00
277	0.66	3.00	1.64	2.00
278	0.66	2.99	1.65	2.00
279	0.66	2.98	1.66	2.00
280	0.65	2.99	1.66	2.00
281	0.65	2.99	1.65	2.00
282	0.66	2.99	1.65	2.00
283	0.66	2.99	1.65	2.00
284	0.67	2.99	1.66	2.00
285	0.67	2.99	1.67	1.00
286	0.67	2.99	1.68	1.00
287	0.68	3.00	1.68	1.00
288	0.68	3.00	1.68	1.00
289	0.67	3.00	1.68	1.00
290	0.67	3.00	1.68	1.00
291	0.67	2.99	1.68	1.00
292	0.67	3.00	1.67	1.00
293	0.66	3.00	1.66	2.00
294	0.66	2.99	1.66	2.00
295	0.66	2.98	1.66	2.00
296	0.66	2.98	1.66	2.00
297	0.66	2.97	1.66	2.00
298	0.66	2.98	1.66	2.00
299	0.67	2.98	1.66	2.00
300	0.66	2.98	1.66	2.00
301	0.66	2.98	1.66	2.00
302	0.66	2.97	1.66	2.00
303	0.66	2.97	1.67	1.00
304	0.66	2.96	1.68	1.00
305	0.66	2.95	1.69	1.00
306	0.66	2.95	1.68	1.00
307	0.65	2.94	1.68	1.00
308	0.65	2.94	1.68	1.00
309	0.65	2.94	1.69	1.00
310	0.65	2.94	1.69	1.00
311	0.65	2.93	1.69	1.00
312	0.65	2.93	1.69	1.00
313	0.66	2.93	1.70	1.00
314	0.66	2.93	1.69	1.00
315	0.67	2.93	1.69	1.00
316	0.67	2.92	1.69	1.00
317	0.67	2.92	1.69	3.00
318	0.67	2.91	1.69	3.00
319	0.67	2.91	1.69	3.00
320	0.67	2.91	1.67	3.00
321	0.67	2.92	1.66	3.00
322	0.66	2.93	1.65	3.00
323	0.66	2.94	1.64	3.00
324	0.66	2.95	1.63	3.00
325	0.66	2.96	1.61	3.00
326	0.67	2.98	1.60	3.00
327	0.67	2.99	1.58	1.00
328	0.68	3.01	1.56	1.00
329	0.69	3.03	1.55	1.00
330	0.69	3.04	1.55	1.00
331	0.70	3.05	1.55	1.00
332	0.70	3.05	1.55	1.00
333	0.70	3.05	1.55	1.00
334	0.71	3.06	1.56	1.00
335	0.71	3.06	1.56	1.00
336	0.71	3.07	1.56	1.00
337	0.70	3.07	1.56	1.00
338	0.70	3.08	1.55	1.00
339	0.70	3.08	1.55	2.00
340	0.70	3.08	1.56	2.00
341	0.70	3.08	1.57	2.00
342	0.70	3.08	1.58	2.00
343	0.70	3.08	1.58	2.00
344	0.69	3.05	1.59	2.00
345	0.69	3.03	1.59	1.00
346	0.69	3.00	1.60	1.00
347	0.68	2.97	1.61	1.00
348	0.67	2.96	1.61	1.00
349	0.66	2.95	1.62	1.00
350	0.65	2.95	1.62	1.00
351	0.64	2.95	1.63	1.00
352	0.63	2.94	1.64	1.00
353	0.63	2.93	1.64	1.00
354	0.63	2.92	1.65	1.00
355	0.63	2.91	1.66	1.00
356	0.63	2.90	1.67	1.00
357	0.63	2.88	1.68	1.00
358	0.62	2.89	1.68	1.00
359	0.62	2.89	1.69	1.00
360	0.62	2.89	1.69	1.00
361	0.62	2.88	1.69	1.00
362	0.62	2.87	1.70	1.00
363	0.61	2.86	1.70	1.00
364	0.61	2.86	1.70	1.00
365	0.61	2.85	1.70	1.00
366	0.61	2.85	1.70	1.00
367	0.62	2.85	1.71	1.00
368	0.62	2.84	1.70	1.00
369	0.62	2.84	1.70	1.00
370	0.62	2.85	1.69	1.00
371	0.62	2.85	1.68	1.00
372	0.62	2.87	1.67	1.00
373	0.62	2.88	1.66	1.00
374	0.62	2.88	1.66	1.00
375	0.61	2.89	1.67	1.00
376	0.61	2.88	1.67	1.00
377	0.60	2.87	1.66	1.00
378	0.60	2.87	1.67	1.00
379	0.60	2.86	1.67	1.00
380	0.61	2.88	1.66	1.00
381	0.61	2.90	1.66	1.00
382	0.62	2.90	1.65	1.00
383	0.62	2.90	1.65	1.00
384	0.63	2.90	1.65	1.00
385	0.64	2.91	1.66	1.00
386	0.63	2.91	1.66	1.00
387	0.63	2.91	1.66	1.00
388	0.63	2.91	1.66	1.00
389	0.63	2.91	1.66	1.00
390	0.63	2.90	1.66	1.00
391	0.63	2.90	1.66	1.00
392	0.63	2.91	1.67	1.00
393	0.63	2.92	1.67	1.00
394	0.63	2.90	1.67	1.00
395	0.62	2.88	1.66	1.00
Target 2 (frames from 1 to 469)
Bounding Boxes (frame, x, y, width, height)
1	109	118	119	238
2	110	118	119	238
3	110	117	119	239
4	111	117	120	240
5	111	117	120	241
6	111	116	121	242
7	112	115	121	242
8	112	114	121	243
9	112	114	122	244
10	112	113	122	245
11	112	111	122	245
12	112	108	123	246
13	112	107	123	247
14	112	105	124	248
15	112	104	124	248
16	111	104	124	248
17	110	103	124	249
18	109	103	124	249
19	108	104	124	248
20	106	105	124	248
21	105	105	124	248
22	103	106	124	248
23	102	107	124	248
24	100	108	124	249
25	99	109	124	249
26	97	109	124	249
27	96	110	124	249
28	95	111	124	249
29	95	111	124	249
30	94	111	124	249
31	93	112	124	248
32	93	112	124	248
33	92	112	124	248
34	91	112	124	248
35	89	112	124	248
36	88	111	124	249
37	87	111	124	249
38	85	110	125	250
39	84	109	125	251
40	82	108	126	252
41	81	107	127	254
42	80	106	127	255
43	79	105	128	256
44	79	104	128	257
45	79	104	128	257
46	79	104	128	257
47	80	104	128	257
48	80	105	128	256
49	81	106	127	255
50	82	107	127	254
51	84	107	126	253
52	85	108	126	253
53	86	109	126	252
54	87	109	125	251
55	88	110	125	251
56	89	110	125	251
57	89	110	125	250
58	90	111	125	250
59	90	111	125	250
60	91	111	125	250
61	91	111	125	250
62	91	111	125	250
63	92	111	125	250
64	92	111	125	250
65	92	111	125	250
66	92	111	124	249
67	91	110	125	250
68	91	110	125	250
69	90	109	125	250
70	89	109	125	251
71	88	108	125	251
72	88	108	126	252
73	87	107	126	253
74	86	106	127	254
75	85	106	127	255
76	84	106	128	256
77	83	106	128	256
78	83	106	128	257
79	83	106	128	257
80	84	106	128	257
81	84	107	128	257
82	85	108	128	256
83	86	109	128	256
84	87	109	128	256
85	88	110	127	255
86	89	110	127	255
87	90	111	127	255
88	91	111	127	255
89	92	111	127	254
90	92	111	127	255
91	93	111	127	255
92	93	111	127	254
93	93	111	127	254
94	94	111	127	254
95	94	112	126	253
96	94	112	126	253
97	94	113	126	252
98	93	114	126	252
99	93	115	125	251
100	92	116	125	250
101	91	116	124	249
102	91	117	124	248
103	90	117	123	247
104	89	118	123	247
105	89	117	123	246
106	88	117	123	246
107	88	116	123	246
108	87	116	123	246
109	88	115	123	246
110	88	114	123	246
111	89	113	123	246
112	89	113	123	246
113	90	112	123	246
114	91	112	123	246
115	91	111	123	246
116	92	111	123	247
117	92	111	123	247
118	92	111	123	247
119	92	110	124	248
120	92	110	124	248
121	92	109	125	250
122	92	108	125	251
123	91	107	126	253
124	91	106	127	255
125	90	105	128	257
126	89	103	129	259
127	89	103	130	260
128	89	102	131	262
129	88	102	131	263
130	88	102	132	264
131	88	102	132	264
132	89	103	132	264
133	89	103	132	264
134	89	104	132	264
135	90	105	131	263
136	91	106	131	262
137	92	107	130	261
138	93	108	130	260
139	93	109	129	259
140	94	110	129	258
141	95	110	128	257
142	96	111	127	255
143	97	112	127	254
144	97	112	126	253
145	98	113	125	251
146	98	114	125	250
147	99	114	124	249
148	99	114	124	248
149	99	115	123	247
150	99	115	123	246
151	99	115	123	246
152	98	115	123	246
153	98	115	123	247
154	97	115	123	247
155	96	114	124	248
156	95	114	124	249
157	94	114	125	250
158	94	114	125	251
159	93	114	126	253
160	93	114	126	253
161	93	114	127	254
162	93	115	127	254
163	93	115	127	254
164	94	116	127	254
165	94	116	126	253
166	95	116	126	252
167	95	117	125	251
168	96	118	125	250
169	97	118	125	250
170	97	118	124	249
171	98	118	124	249
172	99	117	124	249
173	99	117	124	249
174	99	117	124	249
175	100	117	124	248
176	100	117	124	248
177	101	116	124	248
178	101	115	124	249
179	101	115	124	249
180	101	114	125	250
181	101	114	125	251
182	100	113	125	251
183	100	113	126	252
184	100	112	126	253
185	99	111	127	254
186	99	111	127	255
187	99	110	128	256
188	99	109	128	257
189	99	108	129	259
190	99	107	130	260
191	99	107	130	260
192	98	106	130	261
193	98	106	130	261
194	98	106	131	262
195	97	105	131	262
196	96	105	131	263
197	96	105	131	263
198	95	105	131	263
199	94	106	131	263
200	94	106	131	263
201	93	107	131	263
202	93	108	131	262
203	93	108	131	262
204	93	109	130	261
205	93	110	130	260
206	93	111	129	259
207	94	111	129	258
208	94	111	129	258
209	94	111	128	257
210	94	111	128	257
211	95	111	128	257
212	95	111	128	257
213	95	111	128	257
214	95	111	128	257
215	95	111	128	257
216	95	111	128	257
217	95	110	128	257
218	96	110	128	257
219	96	111	128	257
220	96	111	128	256
221	97	111	127	255
222	98	112	127	254
223	98	113	126	252
224	99	114	125	250
225	100	114	124	249
226	100	115	123	247
227	101	115	123	246
228	101	115	123	246
229	101	115	122	245
230	101	115	122	245
231	100	114	122	245
232	99	114	123	246
233	98	114	123	247
234	96	113	124	248
235	95	112	125	250
236	93	111	125	251
237	91	111	126	252
238	89	111	126	252
239	87	111	126	253
240	85	111	126	253
241	83	111	126	253
242	82	111	126	252
243	81	112	125	251
244	80	112	125	250
245	79	113	124	249
246	79	114	124	248
247	78	114	123	246
248	78	115	122	245
249	78	115	122	244
250	77	116	122	244
251	77	116	122	244
252	77	116	122	244
253	76	115	122	244
254	76	115	122	245
255	76	114	123	246
256	76	113	123	246
257	76	113	123	247
258	77	113	124	248
259	78	113	124	248
260	79	113	124	248
261	80	113	124	248
262	81	114	124	248
263	83	114	123	247
264	84	115	123	246
265	86	115	123	246
266	87	116	122	245
267	88	116	122	244
268	88	117	122	244
269	89	118	121	243
270	89	118	121	242
271	89	118	121	242
272	89	119	120	241
273	89	119	120	240
274	89	119	120	240
275	90	119	119	239
276	90	120	119	238
277	90	120	119	238
278	91	119	119	238
279	92	119	119	238
280	92	119	119	238
281	93	118	119	239
282	93	118	120	240
283	94	117	120	240
284	94	116	120	241
285	94	116	121	242
286	93	116	121	243
287	93	115	121	243
288	93	115	122	244
289	92	115	122	245
290	92	114	122	245
291	92	114	123	246
292	92	114	123	246
293	92	113	123	246
294	92	113	123	246
295	92	113	123	247
296	92	113	123	247
297	93	113	123	247
298	93	113	124	248
299	93	113	124	248
300	93	113	124	248
301	93	113	124	249
302	92	113	124	249
303	92	113	124	249
304	92	113	124	249
305	91	113	125	250
306	91	113	125	250
307	91	112	125	251
308	91	112	125	251
309	90	111	126	252
310	90	110	127	254
311	90	110	127	255
312	90	109	128	256
313	90	109	128	257
314	91	108	128	257
315	92	108	128	257
316	93	108	128	257
317	94	108	128	256
318	95	109	128	256
319	97	109	127	255
320	98	110	127	254
321	98	110	126	253
322	99	111	126	252
323	99	112	125	251
324	99	112	125	250
325	98	113	125	250
326	97	113	124	249
327	96	114	124	249
328	95	114	124	249
329	94	114	124	249
330	93	115	124	248
331	93	115	124	248
332	92	116	123	247
333	92	116	122	245
334	92	117	122	244
335	93	117	121	243
336	94	117	121	242
337	95	117	121	242
338	95	117	121	242
339	96	116	121	242
340	97	115	121	243
341	97	115	121	243
342	98	114	122	244
343	98	113	122	245
344	98	112	123	246
345	99	111	123	247
346	99	111	123	247
347	99	110	123	247
348	100	110	123	246
349	100	111	122	245
350	100	111	121	243
351	100	112	120	241
352	100	113	119	239
353	100	114	118	237
354	100	115	117	234
355	99	116	116	233
356	99	117	115	231
357	98	117	115	230
358	98	117	114	229
359	98	117	114	229
360	97	117	114	228
361	97	116	114	229
362	97	116	114	229
363	97	115	115	230
364	97	114	115	231
365	97	113	116	232
366	96	112	116	233
367	95	110	117	235
368	94	109	118	236
369	94	108	119	238
370	93	107	119	239
371	92	106	120	240
372	92	105	121	242
373	91	104	122	244
374	91	103	123	246
375	91	102	124	248
376	91	101	125	251
377	91	100	126	253
378	91	99	127	255
379	91	98	128	257
380	93	97	129	258
381	94	96	129	259
382	96	95	129	259
383	98	94	129	259
384	99	94	129	259
385	102	94	129	259
386	105	93	129	259
387	110	94	129	259
388	115	94	129	258
389	121	94	129	259
390	127	94	129	259
391	133	94	130	260
392	138	94	130	261
393	142	94	131	262
394	146	93	132	264
395	149	92	132	265
396	152	91	132	265
397	155	91	132	264
398	158	91	131	262
399	160	91	129	258
400	161	92	126	253
401	162	92	124	249
402	162	93	122	244
403	163	95	119	239
404	164	97	117	234
405	165	98	115	230
406	166	99	113	226
407	167	100	112	224
408	167	101	111	222
409	167	100	110	221
410	166	99	111	222
411	166	98	112	224
412	165	95	113	226
413	164	93	114	229
414	163	90	116	232
415	163	87	117	235
416	162	83	119	238
417	162	79	120	241
418	162	76	122	244
419	161	73	123	247
420	161	71	125	250
421	161	68	126	253
422	161	66	128	256
423	161	65	130	260
424	161	63	131	263
425	160	62	132	265
426	160	62	134	268
427	159	61	135	271
428	158	60	136	273
429	158	60	138	276
430	157	59	139	278
431	156	59	140	280
432	155	58	140	281
433	154	58	141	282
434	154	58	141	283
435	153	58	141	283
436	153	58	141	283
437	153	58	141	282
438	153	58	141	282
439	153	59	140	281
440	154	60	139	279
441	154	61	139	278
442	155	62	138	276
443	155	63	137	274
444	156	64	136	273
445	156	65	136	272
446	157	65	135	271
447	157	66	135	270
448	157	66	135	270
449	157	66	135	270
450	156	66	135	270
451	156	66	135	271
452	155	66	135	271
453	154	65	135	271
454	153	65	135	271
455	152	65	135	271
456	152	64	135	271
457	151	64	135	270
458	151	64	134	269
459	152	64	134	268
460	153	65	133	267
461	154	65	133	267
462	155	65	133	267
463	155	65	133	267
464	156	64	133	267
465	158	64	133	267
466	159	64	133	267
467	160	64	133	267
468	162	64	134	268
469	164	64	134	268
3D Trajetory (frame, x, z, height, pose)
1	-1.15	3.19	1.51	4.00
2	-1.14	3.15	1.50	4.00
3	-1.13	3.11	1.50	4.00
4	-1.14	3.12	1.50	4.00
5	-1.14	3.13	1.50	4.00
6	-1.14	3.12	1.50	4.00
7	-1.14	3.11	1.51	4.00
8	-1.13	3.11	1.51	4.00
9	-1.12	3.11	1.51	4.00
10	-1.12	3.11	1.51	4.00
11	-1.12	3.10	1.52	4.00
12	-1.12	3.10	1.53	4.00
13	-1.13	3.10	1.54	2.00
14	-1.13	3.11	1.54	2.00
15	-1.13	3.13	1.55	4.00
16	-1.13	3.12	1.55	4.00
17	-1.13	3.12	1.54	4.00
18	-1.14	3.11	1.55	4.00
19	-1.14	3.11	1.56	2.00
20	-1.14	3.11	1.54	2.00
21	-1.15	3.12	1.53	4.00
22	-1.16	3.10	1.53	4.00
23	-1.16	3.09	1.53	4.00
24	-1.16	3.09	1.52	4.00
25	-1.16	3.08	1.52	4.00
26	-1.16	3.07	1.52	4.00
27	-1.16	3.06	1.52	4.00
28	-1.17	3.06	1.52	4.00
29	-1.17	3.06	1.52	4.00
30	-1.17	3.06	1.52	4.00
31	-1.18	3.06	1.52	4.00
32	-1.19	3.06	1.51	4.00
33	-1.20	3.05	1.50	4.00
34	-1.20	3.05	1.50	4.00
35	-1.21	3.05	1.49	4.00
36	-1.21	3.05	1.50	4.00
37	-1.22	3.04	1.51	4.00
38	-1.22	3.04	1.51	4.00
39	-1.23	3.04	1.52	4.00
40	-1.24	3.04	1.53	4.00
41	-1.24	3.04	1.53	4.00
42	-1.24	3.03	1.54	4.00
43	-1.24	3.03	1.54	4.00
44	-1.24	3.02	1.55	4.00
45	-1.24	3.02	1.55	4.00
46	-1.24	3.02	1.55	4.00
47	-1.24	3.02	1.55	4.00
48	-1.24	3.03	1.54	4.00
49	-1.24	3.03	1.54	4.00
50	-1.23	3.04	1.54	4.00
51	-1.23	3.04	1.53	4.00
52	-1.22	3.05	1.53	4.00
53	-1.22	3.05	1.52	4.00
54	-1.22	3.05	1.52	4.00
55	-1.22	3.05	1.52	4.00
56	-1.21	3.05	1.52	4.00
57	-1.21	3.05	1.52	4.00
58	-1.20	3.05	1.52	4.00
59	-1.20	3.05	1.52	4.00
60	-1.19	3.05	1.53	4.00
61	-1.19	3.06	1.53	4.00
62	-1.19	3.06	1.52	4.00
63	-1.19	3.06	1.52	4.00
64	-1.19	3.06	1.52	4.00
65	-1.19	3.06	1.52	4.00
66	-1.19	3.06	1.52	4.00
67	-1.20	3.06	1.52	4.00
68	-1.19	3.05	1.51	4.00
69	-1.19	3.05	1.51	4.00
70	-1.19	3.04	1.52	4.00
71	-1.19	3.04	1.52	4.00
72	-1.20	3.03	1.52	4.00
73	-1.20	3.03	1.52	4.00
74	-1.20	3.02	1.53	4.00
75	-1.21	3.02	1.53	4.00
76	-1.21	3.02	1.53	4.00
77	-1.21	3.01	1.53	4.00
78	-1.20	3.01	1.53	4.00
79	-1.20	3.00	1.53	4.00
80	-1.20	3.00	1.54	4.00
81	-1.21	3.00	1.54	4.00
82	-1.20	3.00	1.53	4.00
83	-1.19	3.00	1.51	4.00
84	-1.19	2.99	1.52	4.00
85	-1.18	2.99	1.52	4.00
86	-1.18	2.99	1.52	4.00
87	-1.17	3.00	1.51	4.00
88	-1.17	3.00	1.51	4.00
89	-1.18	3.00	1.51	4.00
90	-1.17	3.00	1.52	4.00
91	-1.17	3.00	1.52	4.00
92	-1.17	3.00	1.52	4.00
93	-1.18	3.00	1.53	4.00
94	-1.18	3.00	1.52	4.00
95	-1.18	3.00	1.52	4.00
96	-1.18	3.00	1.52	4.00
97	-1.18	3.00	1.51	4.00
98	-1.19	3.01	1.50	4.00
99	-1.19	3.01	1.50	4.00
100	-1.20	3.02	1.50	4.00
101	-1.22	3.02	1.50	4.00
102	-1.23	3.03	1.50	4.00
103	-1.24	3.04	1.50	4.00
104	-1.25	3.05	1.50	4.00
105	-1.26	3.06	1.50	4.00
106	-1.26	3.07	1.51	4.00
107	-1.27	3.08	1.51	4.00
108	-1.27	3.08	1.51	4.00
109	-1.27	3.08	1.51	4.00
110	-1.27	3.09	1.51	4.00
111	-1.27	3.09	1.52	4.00
112	-1.26	3.09	1.53	4.00
113	-1.26	3.10	1.53	4.00
114	-1.25	3.10	1.53	4.00
115	-1.25	3.10	1.53	4.00
116	-1.25	3.10	1.53	4.00
117	-1.25	3.10	1.53	4.00
118	-1.25	3.11	1.53	4.00
119	-1.25	3.11	1.53	4.00
120	-1.26	3.11	1.54	4.00
121	-1.26	3.11	1.55	4.00
122	-1.25	3.10	1.55	4.00
123	-1.25	3.09	1.56	4.00
124	-1.24	3.08	1.57	4.00
125	-1.23	3.07	1.57	4.00
126	-1.22	3.05	1.58	4.00
127	-1.22	3.04	1.59	4.00
128	-1.21	3.03	1.59	4.00
129	-1.20	3.02	1.59	4.00
130	-1.21	3.02	1.59	4.00
131	-1.21	3.02	1.59	4.00
132	-1.20	3.01	1.59	4.00
133	-1.19	3.01	1.58	4.00
134	-1.19	3.00	1.58	4.00
135	-1.18	2.99	1.58	4.00
136	-1.18	2.99	1.57	4.00
137	-1.17	2.99	1.56	4.00
138	-1.17	3.00	1.56	4.00
139	-1.17	3.00	1.55	4.00
140	-1.17	3.01	1.55	4.00
141	-1.17	3.02	1.55	4.00
142	-1.17	3.02	1.54	4.00
143	-1.16	3.02	1.53	4.00
144	-1.17	3.03	1.53	4.00
145	-1.17	3.03	1.52	4.00
146	-1.17	3.04	1.52	4.00
147	-1.17	3.04	1.51	4.00
148	-1.17	3.05	1.51	4.00
149	-1.17	3.06	1.51	4.00
150	-1.17	3.06	1.50	4.00
151	-1.18	3.06	1.50	4.00
152	-1.18	3.06	1.50	4.00
153	-1.18	3.07	1.50	4.00
154	-1.18	3.06	1.51	4.00
155	-1.18	3.06	1.51	4.00
156	-1.18	3.05	1.51	4.00
157	-1.18	3.04	1.51	4.00
158	-1.18	3.03	1.52	4.00
159	-1.17	3.02	1.53	4.00
160	-1.17	3.01	1.53	4.00
161	-1.16	3.00	1.53	4.00
162	-1.16	3.00	1.52	4.00
163	-1.15	3.00	1.52	4.00
164	-1.15	3.00	1.51	4.00
165	-1.15	3.00	1.51	4.00
166	-1.15	3.00	1.51	4.00
167	-1.15	3.01	1.51	4.00
168	-1.15	3.01	1.50	4.00
169	-1.15	3.01	1.49	4.00
170	-1.15	3.01	1.49	4.00
171	-1.15	3.02	1.50	4.00
172	-1.15	3.02	1.50	4.00
173	-1.15	3.02	1.50	4.00
174	-1.15	3.02	1.50	4.00
175	-1.15	3.03	1.50	4.00
176	-1.15	3.03	1.51	4.00
177	-1.14	3.04	1.51	4.00
178	-1.14	3.04	1.51	4.00
179	-1.14	3.04	1.51	4.00
180	-1.14	3.04	1.51	4.00
181	-1.14	3.04	1.51	4.00
182	-1.14	3.04	1.51	4.00
183	-1.14	3.03	1.51	4.00
184	-1.14	3.02	1.53	4.00
185	-1.13	3.01	1.54	4.00
186	-1.13	3.01	1.54	4.00
187	-1.13	3.01	1.54	4.00
188	-1.13	3.01	1.54	4.00
189	-1.13	3.01	1.55	4.00
190	-1.13	3.01	1.56	4.00
191	-1.13	3.01	1.57	4.00
192	-1.13	3.01	1.57	4.00
193	-1.12	3.01	1.57	4.00
194	-1.13	3.00	1.57	4.00
195	-1.13	3.00	1.57	4.00
196	-1.13	2.99	1.57	4.00
197	-1.13	2.99	1.57	4.00
198	-1.14	2.99	1.57	4.00
199	-1.14	2.99	1.56	4.00
200	-1.14	2.99	1.56	4.00
201	-1.14	2.98	1.56	4.00
202	-1.14	2.99	1.56	4.00
203	-1.15	2.99	1.57	4.00
204	-1.15	3.00	1.56	4.00
205	-1.15	3.00	1.55	4.00
206	-1.15	3.01	1.55	4.00
207	-1.15	3.01	1.54	4.00
208	-1.15	3.01	1.54	4.00
209	-1.15	3.02	1.54	4.00
210	-1.15	3.02	1.54	4.00
211	-1.15	3.02	1.54	4.00
212	-1.15	3.02	1.54	4.00
213	-1.15	3.03	1.55	4.00
214	-1.15	3.03	1.55	4.00
215	-1.15	3.03	1.55	4.00
216	-1.14	3.02	1.55	4.00
217	-1.14	3.02	1.55	4.00
218	-1.14	3.02	1.55	4.00
219	-1.15	3.03	1.55	4.00
220	-1.15	3.03	1.54	4.00
221	-1.16	3.04	1.53	4.00
222	-1.16	3.04	1.54	4.00
223	-1.15	3.04	1.55	4.00
224	-1.16	3.05	1.54	4.00
225	-1.16	3.06	1.53	4.00
226	-1.17	3.08	1.52	4.00
227	-1.17	3.09	1.51	4.00
228	-1.17	3.09	1.50	4.00
229	-1.17	3.09	1.49	4.00
230	-1.17	3.09	1.50	4.00
231	-1.17	3.09	1.51	4.00
232	-1.17	3.08	1.52	4.00
233	-1.18	3.08	1.52	4.00
234	-1.18	3.07	1.53	4.00
235	-1.18	3.06	1.53	4.00
236	-1.20	3.06	1.53	4.00
237	-1.21	3.06	1.53	4.00
238	-1.22	3.06	1.54	4.00
239	-1.24	3.06	1.55	4.00
240	-1.24	3.06	1.55	4.00
241	-1.24	3.06	1.55	4.00
242	-1.26	3.07	1.54	4.00
243	-1.27	3.08	1.54	4.00
244	-1.28	3.08	1.54	4.00
245	-1.29	3.07	1.53	4.00
246	-1.29	3.07	1.53	4.00
247	-1.30	3.08	1.52	4.00
248	-1.32	3.09	1.51	4.00
249	-1.33	3.11	1.51	4.00
250	-1.34	3.11	1.51	4.00
251	-1.35	3.12	1.50	4.00
252	-1.35	3.11	1.51	4.00
253	-1.35	3.09	1.51	4.00
254	-1.35	3.09	1.51	4.00
255	-1.35	3.08	1.52	4.00
256	-1.35	3.07	1.53	4.00
257	-1.35	3.07	1.53	4.00
258	-1.35	3.07	1.54	4.00
259	-1.34	3.07	1.54	4.00
260	-1.34	3.08	1.53	4.00
261	-1.33	3.08	1.53	4.00
262	-1.33	3.08	1.53	4.00
263	-1.32	3.08	1.52	4.00
264	-1.32	3.08	1.52	4.00
265	-1.31	3.08	1.51	4.00
266	-1.31	3.09	1.52	4.00
267	-1.30	3.09	1.52	4.00
268	-1.30	3.09	1.52	4.00
269	-1.31	3.10	1.51	4.00
270	-1.31	3.10	1.51	4.00
271	-1.31	3.10	1.51	4.00
272	-1.31	3.11	1.51	4.00
273	-1.31	3.12	1.51	4.00
274	-1.31	3.12	1.50	4.00
275	-1.31	3.12	1.49	4.00
276	-1.31	3.13	1.49	4.00
277	-1.31	3.13	1.49	4.00
278	-1.31	3.13	1.49	4.00
279	-1.30	3.13	1.50	4.00
280	-1.29	3.13	1.50	4.00
281	-1.29	3.13	1.50	4.00
282	-1.29	3.13	1.51	4.00
283	-1.28	3.13	1.51	4.00
284	-1.28	3.13	1.52	4.00
285	-1.28	3.12	1.52	4.00
286	-1.28	3.12	1.52	4.00
287	-1.28	3.12	1.52	4.00
288	-1.27	3.11	1.52	4.00
289	-1.27	3.10	1.53	4.00
290	-1.28	3.10	1.53	4.00
291	-1.28	3.10	1.53	4.00
292	-1.27	3.10	1.53	4.00
293	-1.27	3.10	1.53	4.00
294	-1.27	3.10	1.53	4.00
295	-1.26	3.10	1.54	4.00
296	-1.26	3.10	1.54	4.00
297	-1.26	3.10	1.54	4.00
298	-1.26	3.09	1.53	4.00
299	-1.26	3.08	1.53	4.00
300	-1.26	3.08	1.53	4.00
301	-1.26	3.08	1.53	4.00
302	-1.26	3.07	1.54	4.00
303	-1.26	3.07	1.55	4.00
304	-1.26	3.07	1.54	4.00
305	-1.26	3.07	1.54	4.00
306	-1.26	3.07	1.54	4.00
307	-1.27	3.07	1.54	4.00
308	-1.26	3.06	1.54	4.00
309	-1.26	3.06	1.54	4.00
310	-1.25	3.06	1.55	4.00
311	-1.25	3.05	1.56	4.00
312	-1.24	3.04	1.56	4.00
313	-1.23	3.03	1.56	4.00
314	-1.23	3.02	1.56	4.00
315	-1.22	3.01	1.57	4.00
316	-1.22	3.00	1.57	4.00
317	-1.21	3.00	1.57	4.00
318	-1.21	3.01	1.56	4.00
319	-1.21	3.03	1.54	4.00
320	-1.20	3.03	1.53	4.00
321	-1.19	3.04	1.53	4.00
322	-1.19	3.04	1.52	4.00
323	-1.19	3.04	1.52	4.00
324	-1.20	3.03	1.52	4.00
325	-1.20	3.02	1.52	4.00
326	-1.21	3.02	1.52	4.00
327	-1.21	3.01	1.52	4.00
328	-1.22	3.01	1.51	4.00
329	-1.22	3.02	1.51	4.00
330	-1.23	3.02	1.51	4.00
331	-1.24	3.03	1.51	4.00
332	-1.25	3.04	1.51	4.00
333	-1.25	3.04	1.50	4.00
334	-1.25	3.05	1.50	4.00
335	-1.26	3.05	1.49	4.00
336	-1.26	3.06	1.49	4.00
337	-1.26	3.07	1.50	4.00
338	-1.26	3.08	1.49	4.00
339	-1.27	3.10	1.49	4.00
340	-1.26	3.11	1.49	4.00
341	-1.26	3.11	1.50	4.00
342	-1.24	3.10	1.52	4.00
343	-1.23	3.08	1.54	4.00
344	-1.23	3.08	1.55	4.00
345	-1.23	3.08	1.55	4.00
346	-1.23	3.09	1.55	4.00
347	-1.23	3.10	1.55	4.00
348	-1.24	3.11	1.54	4.00
349	-1.24	3.11	1.54	4.00
350	-1.25	3.12	1.53	4.00
351	-1.26	3.13	1.52	4.00
352	-1.27	3.15	1.51	4.00
353	-1.29	3.17	1.50	4.00
354	-1.30	3.18	1.49	4.00
355	-1.31	3.19	1.48	4.00
356	-1.32	3.20	1.49	4.00
357	-1.32	3.20	1.49	4.00
358	-1.33	3.21	1.49	4.00
359	-1.34	3.21	1.48	4.00
360	-1.35	3.23	1.48	4.00
361	-1.36	3.24	1.48	4.00
362	-1.36	3.24	1.49	4.00
363	-1.35	3.23	1.50	4.00
364	-1.34	3.23	1.51	4.00
365	-1.33	3.23	1.51	4.00
366	-1.34	3.23	1.52	4.00
367	-1.34	3.23	1.52	4.00
368	-1.34	3.21	1.53	4.00
369	-1.34	3.19	1.53	4.00
370	-1.34	3.18	1.54	4.00
371	-1.33	3.17	1.54	4.00
372	-1.33	3.15	1.54	4.00
373	-1.33	3.14	1.55	4.00
374	-1.32	3.13	1.55	4.00
375	-1.31	3.11	1.55	4.00
376	-1.29	3.10	1.55	4.00
377	-1.27	3.09	1.55	4.00
378	-1.25	3.06	1.57	4.00
379	-1.24	3.03	1.58	4.00
380	-1.23	3.02	1.59	4.00
381	-1.23	3.02	1.59	3.00
382	-1.23	3.02	1.59	3.00
383	-1.23	3.02	1.59	4.00
384	-1.22	3.02	1.60	4.00
385	-1.22	3.02	1.60	4.00
386	-1.20	3.03	1.58	4.00
387	-1.19	3.05	1.57	1.00
388	-1.18	3.04	1.57	1.00
389	-1.18	3.04	1.57	1.00
390	-1.14	2.98	1.57	1.00
391	-1.10	2.92	1.57	1.00
392	-1.02	2.92	1.56	1.00
393	-0.95	2.93	1.56	1.00
394	-0.94	2.93	1.57	1.00
395	-0.93	2.93	1.57	4.00
396	-0.92	2.94	1.58	4.00
397	-0.92	2.94	1.59	4.00
398	-0.95	2.97	1.59	4.00
399	-0.98	3.00	1.59	3.00
400	-0.98	3.02	1.59	3.00
401	-0.99	3.04	1.59	2.00
402	-1.01	3.10	1.56	2.00
403	-1.04	3.15	1.54	4.00
404	-1.05	3.21	1.52	4.00
405	-1.06	3.27	1.50	4.00
406	-1.07	3.30	1.49	4.00
407	-1.09	3.33	1.48	4.00
408	-1.08	3.33	1.50	4.00
409	-1.08	3.33	1.51	4.00
410	-1.09	3.33	1.53	4.00
411	-1.09	3.34	1.54	4.00
412	-1.11	3.35	1.56	4.00
413	-1.12	3.36	1.57	4.00
414	-1.11	3.35	1.59	4.00
415	-1.10	3.33	1.61	4.00
416	-1.10	3.32	1.62	4.00
417	-1.09	3.31	1.63	4.00
418	-1.08	3.30	1.65	4.00
419	-1.07	3.28	1.66	4.00
420	-1.05	3.26	1.67	4.00
421	-1.04	3.25	1.68	4.00
422	-1.03	3.23	1.70	4.00
423	-1.01	3.21	1.71	4.00
424	-1.00	3.20	1.71	4.00
425	-1.00	3.19	1.72	4.00
426	-0.99	3.18	1.73	4.00
427	-0.98	3.17	1.75	4.00
428	-0.97	3.16	1.76	4.00
429	-0.97	3.15	1.77	4.00
430	-0.96	3.13	1.78	4.00
431	-0.95	3.12	1.78	4.00
432	-0.94	3.11	1.78	4.00
433	-0.93	3.10	1.77	4.00
434	-0.93	3.10	1.78	4.00
435	-0.92	3.09	1.79	4.00
436	-0.92	3.10	1.78	4.00
437	-0.92	3.11	1.78	4.00
438	-0.92	3.11	1.77	4.00
439	-0.92	3.11	1.76	4.00
440	-0.92	3.11	1.76	4.00
441	-0.92	3.11	1.75	4.00
442	-0.92	3.11	1.74	4.00
443	-0.92	3.11	1.74	4.00
444	-0.92	3.12	1.73	4.00
445	-0.92	3.13	1.73	4.00
446	-0.93	3.14	1.72	4.00
447	-0.93	3.15	1.71	4.00
448	-0.93	3.15	1.71	4.00
449	-0.93	3.16	1.71	4.00
450	-0.94	3.14	1.72	4.00
451	-0.94	3.12	1.73	4.00
452	-0.95	3.12	1.73	4.00
453	-0.95	3.12	1.73	4.00
454	-0.96	3.12	1.73	4.00
455	-0.96	3.13	1.73	4.00
456	-0.97	3.13	1.72	4.00
457	-0.98	3.14	1.72	4.00
458	-0.98	3.15	1.72	4.00
459	-0.98	3.16	1.71	4.00
460	-0.97	3.16	1.71	4.00
461	-0.96	3.16	1.71	4.00
462	-0.96	3.16	1.71	4.00
463	-0.95	3.16	1.71	4.00
464	-0.95	3.16	1.71	4.00
465	-0.94	3.16	1.71	4.00
466	-0.93	3.16	1.71	4.00
467	-0.93	3.15	1.72	4.00
468	-0.93	3.15	1.72	4.00
469	-0.94	3.15	1.71	4.00
Target 3 (frames from 1 to 391)
Bounding Boxes (frame, x, y, width, height)
1	158	106	128	256
2	159	107	126	253
3	161	109	125	250
4	162	110	124	248
5	163	110	123	247
6	164	110	123	246
7	164	110	123	246
8	165	109	123	247
9	165	107	124	248
10	165	105	124	249
11	165	102	126	252
12	164	98	127	255
13	164	94	129	259
14	163	90	132	264
15	161	86	134	269
16	159	82	137	274
17	157	78	139	279
18	155	75	142	284
19	153	73	144	288
20	151	71	145	291
21	150	70	146	293
22	148	70	147	294
23	147	70	147	294
24	146	71	147	294
25	145	72	147	294
26	145	72	146	293
27	144	73	146	293
28	144	73	146	292
29	144	74	146	292
30	145	74	145	291
31	145	75	145	290
32	145	76	144	289
33	145	76	144	288
34	146	77	143	286
35	146	78	142	285
36	146	79	141	282
37	147	81	140	280
38	147	82	139	278
39	147	83	138	276
40	148	85	137	274
41	148	86	136	272
42	148	87	135	270
43	147	87	134	269
44	147	88	134	268
45	148	88	134	268
46	148	89	133	267
47	148	89	133	267
48	148	89	133	267
49	149	90	133	266
50	149	90	133	266
51	149	90	133	266
52	150	90	133	266
53	150	90	133	266
54	150	90	133	266
55	150	90	133	266
56	150	90	133	266
57	150	90	133	266
58	150	90	133	266
59	150	90	133	266
60	150	89	133	266
61	150	89	133	266
62	149	89	133	266
63	149	89	133	266
64	149	88	133	266
65	149	88	133	266
66	148	88	133	266
67	148	88	132	265
68	148	87	132	265
69	148	87	132	265
70	148	87	132	265
71	147	87	132	264
72	147	87	132	264
73	147	87	132	264
74	147	86	131	263
75	146	86	131	263
76	146	86	131	263
77	146	86	132	264
78	145	86	132	264
79	145	86	132	265
80	145	85	133	266
81	145	85	133	267
82	145	84	134	268
83	145	84	134	269
84	145	83	135	270
85	145	83	135	271
86	145	82	136	272
87	145	82	136	273
88	145	82	137	274
89	145	81	137	275
90	146	81	137	275
91	146	82	137	275
92	147	82	137	275
93	147	82	137	274
94	147	83	137	274
95	148	83	136	273
96	148	84	136	273
97	148	85	136	272
98	149	85	136	272
99	149	86	135	271
100	149	86	135	270
101	150	87	134	269
102	150	88	134	268
103	151	89	133	267
104	151	89	133	266
105	151	90	132	265
106	151	90	132	264
107	152	91	131	263
108	152	91	131	262
109	152	91	130	261
110	152	91	130	260
111	153	91	129	259
112	153	90	129	259
113	153	90	129	259
114	153	89	129	259
115	154	88	130	260
116	154	88	130	260
117	155	87	130	261
118	156	87	130	261
119	157	86	131	262
120	158	85	131	263
121	159	85	132	264
122	159	84	132	264
123	160	84	132	265
124	160	83	133	266
125	160	83	133	266
126	160	83	133	266
127	160	82	133	266
128	159	82	133	266
129	159	82	133	266
130	158	83	133	266
131	157	83	133	266
132	156	83	133	266
133	155	83	133	266
134	154	83	133	266
135	154	83	133	266
136	153	84	132	265
137	153	84	132	265
138	153	84	132	265
139	153	84	132	264
140	153	84	132	264
141	153	84	131	263
142	152	84	131	263
143	152	84	131	262
144	153	84	131	262
145	153	84	130	261
146	153	84	130	261
147	153	83	130	261
148	153	83	130	261
149	153	83	130	260
150	153	83	130	260
151	153	83	130	260
152	154	84	129	259
153	154	84	129	258
154	154	85	129	258
155	154	85	129	258
156	153	86	128	257
157	153	86	128	257
158	153	87	128	257
159	152	87	128	257
160	152	87	128	257
161	152	87	128	257
162	152	87	128	257
163	152	87	128	257
164	152	86	128	257
165	152	86	128	257
166	152	86	128	257
167	153	86	128	257
168	153	85	128	257
169	154	85	128	257
170	154	85	128	257
171	155	84	128	257
172	155	84	128	257
173	156	83	128	257
174	156	83	129	258
175	156	82	129	258
176	156	81	129	259
177	156	81	129	259
178	156	80	130	260
179	156	80	130	260
180	156	80	130	261
181	155	80	130	261
182	155	80	131	262
183	155	80	131	262
184	155	80	131	262
185	154	80	131	263
186	154	81	131	263
187	154	81	131	263
188	154	82	131	263
189	154	82	131	263
190	153	83	131	263
191	153	83	131	263
192	153	83	131	263
193	152	84	131	263
194	152	84	132	264
195	152	84	132	264
196	151	85	132	264
197	151	85	132	264
198	151	85	132	264
199	151	85	132	265
200	150	86	132	265
201	150	86	132	265
202	151	87	132	265
203	151	87	132	264
204	151	88	132	264
205	151	89	131	263
206	152	90	131	262
207	152	90	131	262
208	152	91	130	261
209	153	91	130	261
210	153	91	130	261
211	153	91	130	261
212	153	90	130	261
213	153	90	131	262
214	152	90	131	262
215	152	89	131	263
216	152	89	132	264
217	152	88	132	264
218	152	88	132	265
219	152	88	132	265
220	152	88	132	265
221	152	87	132	265
222	153	88	132	265
223	153	88	132	264
224	154	88	132	264
225	154	88	131	263
226	154	87	131	262
227	154	87	131	262
228	155	88	130	261
229	155	88	130	260
230	155	88	129	259
231	155	88	129	258
232	154	89	128	257
233	154	89	128	257
234	154	90	128	256
235	153	90	128	256
236	152	89	128	256
237	151	88	128	257
238	150	87	129	258
239	149	86	130	260
240	148	85	130	261
241	147	83	132	264
242	146	81	133	266
243	145	80	134	268
244	144	79	135	270
245	144	78	135	271
246	144	77	136	272
247	145	77	136	273
248	145	77	136	273
249	146	77	137	274
250	146	78	137	274
251	147	78	137	274
252	147	79	137	274
253	147	79	137	274
254	147	79	137	274
255	147	79	137	274
256	147	79	137	274
257	146	80	137	275
258	146	80	137	275
259	146	79	138	276
260	147	79	138	277
261	148	79	138	277
262	148	79	139	278
263	149	78	139	279
264	150	78	140	280
265	152	78	140	281
266	153	78	141	282
267	153	78	141	283
268	154	78	142	284
269	155	78	142	284
270	155	78	142	285
271	156	78	143	286
272	156	77	143	286
273	157	77	143	286
274	157	78	143	286
275	157	78	143	286
276	158	78	142	285
277	159	78	142	284
278	160	79	142	284
279	161	80	141	282
280	161	80	140	281
281	162	81	140	280
282	162	82	139	279
283	163	83	138	277
284	163	84	138	276
285	164	84	137	275
286	164	85	137	274
287	164	85	137	274
288	164	86	137	274
289	164	86	137	274
290	164	86	137	274
291	164	86	137	274
292	164	86	137	274
293	165	86	136	273
294	165	87	136	273
295	165	87	136	273
296	164	87	136	273
297	164	87	136	273
298	164	87	137	274
299	163	87	137	274
300	163	87	137	275
301	162	86	138	276
302	162	86	138	277
303	161	85	139	278
304	160	85	139	279
305	160	85	140	280
306	159	84	140	281
307	159	84	141	282
308	159	84	141	282
309	159	85	141	282
310	159	85	140	281
311	159	85	140	281
312	159	85	140	281
313	160	85	140	280
314	160	86	140	280
315	160	86	139	279
316	161	85	139	278
317	162	85	138	277
318	162	85	138	276
319	163	85	138	276
320	164	85	137	275
321	164	84	137	274
322	165	84	137	274
323	165	84	136	273
324	165	83	136	272
325	165	83	136	272
326	165	83	135	271
327	165	82	135	271
328	164	82	135	271
329	164	82	135	271
330	163	81	136	272
331	162	81	136	272
332	162	80	136	273
333	161	79	137	274
334	161	79	137	274
335	161	78	137	275
336	161	78	137	275
337	161	78	137	275
338	161	78	138	276
339	161	79	137	275
340	161	79	137	275
341	161	80	137	274
342	161	81	136	273
343	161	81	136	272
344	161	82	136	272
345	161	83	135	271
346	162	83	135	270
347	162	83	135	270
348	162	83	134	269
349	162	83	135	270
350	162	82	135	270
351	161	82	135	271
352	161	81	135	271
353	161	81	136	272
354	160	80	136	272
355	160	80	136	273
356	159	80	137	274
357	159	80	137	275
358	158	80	137	275
359	158	80	137	275
360	158	80	137	275
361	157	80	137	275
362	157	80	137	275
363	157	80	137	275
364	157	80	137	275
365	156	80	137	275
366	156	79	137	275
367	156	79	137	275
368	155	78	138	276
369	154	78	138	276
370	154	77	138	277
371	153	77	138	277
372	152	76	139	278
373	152	75	139	278
374	152	75	139	279
375	152	74	139	279
376	152	74	139	279
377	152	74	139	279
378	152	75	139	279
379	153	76	139	278
380	154	76	138	277
381	156	77	138	276
382	158	78	137	274
383	159	79	136	272
384	161	80	134	269
385	162	81	133	266
386	164	83	131	263
387	166	84	130	260
388	168	86	128	256
389	171	88	125	251
390	173	90	123	246
391	176	92	120	241
3D Trajetory (frame, x, z, height, pose)
1	-0.81	3.13	1.57	2.00
2	-0.80	3.10	1.56	2.00
3	-0.79	3.07	1.55	2.00
4	-0.80	3.09	1.55	2.00
5	-0.81	3.12	1.55	2.00
6	-0.81	3.13	1.55	2.00
7	-0.81	3.14	1.54	2.00
8	-0.81	3.14	1.55	2.00
9	-0.80	3.15	1.56	2.00
10	-0.80	3.15	1.56	2.00
11	-0.80	3.14	1.56	2.00
12	-0.80	3.13	1.58	2.00
13	-0.79	3.12	1.61	2.00
14	-0.79	3.10	1.63	2.00
15	-0.79	3.09	1.65	4.00
16	-0.78	3.06	1.68	4.00
17	-0.77	3.03	1.71	4.00
18	-0.77	3.02	1.73	4.00
19	-0.77	3.00	1.74	4.00
20	-0.78	2.99	1.75	4.00
21	-0.78	2.98	1.75	4.00
22	-0.78	2.97	1.76	4.00
23	-0.78	2.96	1.76	4.00
24	-0.78	2.97	1.75	4.00
25	-0.78	2.99	1.73	4.00
26	-0.78	2.99	1.73	4.00
27	-0.78	2.99	1.73	4.00
28	-0.79	2.99	1.73	4.00
29	-0.79	2.99	1.73	2.00
30	-0.79	2.99	1.73	2.00
31	-0.79	2.99	1.73	2.00
32	-0.79	2.99	1.73	2.00
33	-0.80	2.99	1.74	4.00
34	-0.80	3.00	1.72	4.00
35	-0.80	3.01	1.71	4.00
36	-0.80	3.02	1.70	4.00
37	-0.81	3.03	1.69	4.00
38	-0.81	3.04	1.68	4.00
39	-0.81	3.05	1.67	4.00
40	-0.82	3.05	1.66	4.00
41	-0.82	3.06	1.65	4.00
42	-0.82	3.07	1.65	4.00
43	-0.82	3.08	1.65	4.00
44	-0.83	3.08	1.65	4.00
45	-0.83	3.08	1.65	4.00
46	-0.83	3.08	1.64	4.00
47	-0.83	3.08	1.64	4.00
48	-0.83	3.08	1.64	4.00
49	-0.83	3.09	1.64	4.00
50	-0.83	3.09	1.64	4.00
51	-0.83	3.09	1.64	4.00
52	-0.83	3.09	1.64	4.00
53	-0.83	3.09	1.64	4.00
54	-0.83	3.10	1.64	4.00
55	-0.83	3.10	1.64	4.00
56	-0.83	3.11	1.64	4.00
57	-0.83	3.11	1.65	4.00
58	-0.83	3.12	1.66	4.00
59	-0.83	3.13	1.66	4.00
60	-0.83	3.13	1.66	4.00
61	-0.84	3.12	1.66	4.00
62	-0.84	3.13	1.65	4.00
63	-0.84	3.13	1.65	4.00
64	-0.84	3.14	1.66	4.00
65	-0.84	3.14	1.66	4.00
66	-0.84	3.13	1.66	4.00
67	-0.84	3.13	1.66	4.00
68	-0.84	3.13	1.66	4.00
69	-0.85	3.14	1.66	4.00
70	-0.85	3.14	1.66	4.00
71	-0.85	3.14	1.66	4.00
72	-0.85	3.14	1.65	4.00
73	-0.86	3.15	1.65	4.00
74	-0.86	3.15	1.65	4.00
75	-0.86	3.15	1.65	4.00
76	-0.86	3.15	1.65	4.00
77	-0.87	3.15	1.66	4.00
78	-0.87	3.15	1.66	4.00
79	-0.86	3.15	1.66	4.00
80	-0.87	3.15	1.67	4.00
81	-0.87	3.14	1.67	4.00
82	-0.86	3.14	1.67	4.00
83	-0.86	3.14	1.68	4.00
84	-0.86	3.13	1.68	4.00
85	-0.86	3.12	1.69	4.00
86	-0.86	3.12	1.69	4.00
87	-0.85	3.12	1.70	4.00
88	-0.86	3.12	1.70	4.00
89	-0.86	3.12	1.70	4.00
90	-0.85	3.10	1.70	4.00
91	-0.85	3.09	1.70	4.00
92	-0.85	3.10	1.70	4.00
93	-0.85	3.10	1.70	4.00
94	-0.85	3.10	1.70	4.00
95	-0.86	3.11	1.70	4.00
96	-0.86	3.11	1.69	4.00
97	-0.86	3.11	1.68	4.00
98	-0.86	3.12	1.68	4.00
99	-0.86	3.13	1.68	4.00
100	-0.87	3.13	1.68	4.00
101	-0.87	3.13	1.69	4.00
102	-0.87	3.14	1.69	4.00
103	-0.87	3.14	1.69	4.00
104	-0.87	3.15	1.69	4.00
105	-0.87	3.17	1.68	4.00
106	-0.87	3.18	1.67	4.00
107	-0.87	3.19	1.66	4.00
108	-0.88	3.19	1.66	4.00
109	-0.88	3.20	1.66	4.00
110	-0.88	3.21	1.66	4.00
111	-0.89	3.21	1.67	4.00
112	-0.89	3.22	1.67	4.00
113	-0.89	3.23	1.67	4.00
114	-0.89	3.23	1.67	4.00
115	-0.89	3.24	1.68	4.00
116	-0.88	3.24	1.68	4.00
117	-0.88	3.24	1.68	4.00
118	-0.88	3.24	1.69	4.00
119	-0.87	3.24	1.70	4.00
120	-0.86	3.23	1.70	4.00
121	-0.85	3.23	1.71	4.00
122	-0.85	3.23	1.71	4.00
123	-0.84	3.23	1.72	4.00
124	-0.83	3.23	1.72	4.00
125	-0.83	3.23	1.72	4.00
126	-0.82	3.23	1.72	4.00
127	-0.82	3.22	1.71	4.00
128	-0.83	3.22	1.72	4.00
129	-0.83	3.23	1.72	4.00
130	-0.84	3.23	1.72	4.00
131	-0.84	3.23	1.72	4.00
132	-0.85	3.23	1.72	4.00
133	-0.86	3.24	1.71	4.00
134	-0.86	3.24	1.72	4.00
135	-0.86	3.23	1.72	4.00
136	-0.87	3.23	1.72	4.00
137	-0.87	3.24	1.72	4.00
138	-0.87	3.24	1.72	4.00
139	-0.87	3.25	1.72	4.00
140	-0.88	3.26	1.72	4.00
141	-0.88	3.26	1.71	4.00
142	-0.88	3.27	1.71	4.00
143	-0.89	3.28	1.71	4.00
144	-0.89	3.28	1.71	4.00
145	-0.89	3.28	1.71	4.00
146	-0.89	3.28	1.71	4.00
147	-0.89	3.28	1.71	4.00
148	-0.89	3.29	1.71	4.00
149	-0.89	3.29	1.72	4.00
150	-0.89	3.30	1.72	4.00
151	-0.89	3.30	1.71	4.00
152	-0.89	3.30	1.71	4.00
153	-0.88	3.30	1.71	4.00
154	-0.88	3.30	1.70	4.00
155	-0.88	3.30	1.70	4.00
156	-0.89	3.31	1.70	4.00
157	-0.89	3.31	1.70	4.00
158	-0.89	3.31	1.69	4.00
159	-0.89	3.32	1.69	4.00
160	-0.89	3.32	1.70	4.00
161	-0.89	3.32	1.71	4.00
162	-0.89	3.32	1.71	4.00
163	-0.89	3.32	1.71	4.00
164	-0.90	3.32	1.72	4.00
165	-0.90	3.33	1.72	4.00
166	-0.90	3.34	1.71	4.00
167	-0.89	3.34	1.71	4.00
168	-0.89	3.35	1.71	4.00
169	-0.89	3.35	1.72	4.00
170	-0.89	3.35	1.72	4.00
171	-0.89	3.35	1.71	4.00
172	-0.89	3.35	1.72	4.00
173	-0.89	3.35	1.73	4.00
174	-0.89	3.36	1.73	4.00
175	-0.89	3.36	1.74	4.00
176	-0.89	3.37	1.74	4.00
177	-0.88	3.37	1.75	4.00
178	-0.88	3.37	1.75	4.00
179	-0.88	3.36	1.75	4.00
180	-0.88	3.36	1.75	4.00
181	-0.88	3.36	1.75	4.00
182	-0.88	3.35	1.75	4.00
183	-0.87	3.33	1.75	4.00
184	-0.87	3.32	1.74	4.00
185	-0.87	3.32	1.74	4.00
186	-0.87	3.31	1.74	4.00
187	-0.87	3.30	1.73	4.00
188	-0.87	3.29	1.73	4.00
189	-0.87	3.29	1.73	4.00
190	-0.87	3.29	1.72	4.00
191	-0.87	3.28	1.72	4.00
192	-0.87	3.28	1.72	4.00
193	-0.88	3.27	1.71	4.00
194	-0.87	3.26	1.71	4.00
195	-0.87	3.25	1.71	4.00
196	-0.87	3.24	1.71	4.00
197	-0.87	3.23	1.71	4.00
198	-0.87	3.23	1.71	4.00
199	-0.87	3.23	1.71	4.00
200	-0.86	3.22	1.70	4.00
201	-0.86	3.22	1.69	4.00
202	-0.86	3.22	1.69	4.00
203	-0.86	3.22	1.70	4.00
204	-0.86	3.22	1.70	4.00
205	-0.86	3.22	1.70	4.00
206	-0.86	3.22	1.69	4.00
207	-0.86	3.22	1.69	4.00
208	-0.85	3.23	1.68	4.00
209	-0.85	3.23	1.67	4.00
210	-0.85	3.23	1.67	4.00
211	-0.85	3.22	1.67	4.00
212	-0.85	3.22	1.67	4.00
213	-0.85	3.22	1.68	4.00
214	-0.85	3.22	1.68	4.00
215	-0.85	3.22	1.69	4.00
216	-0.85	3.21	1.70	4.00
217	-0.85	3.21	1.70	4.00
218	-0.85	3.20	1.70	4.00
219	-0.85	3.20	1.70	4.00
220	-0.85	3.20	1.69	4.00
221	-0.85	3.20	1.69	4.00
222	-0.85	3.21	1.69	4.00
223	-0.85	3.21	1.69	4.00
224	-0.85	3.22	1.69	4.00
225	-0.85	3.23	1.69	4.00
226	-0.85	3.23	1.69	4.00
227	-0.86	3.23	1.69	4.00
228	-0.86	3.23	1.69	4.00
229	-0.86	3.23	1.68	4.00
230	-0.86	3.24	1.68	4.00
231	-0.86	3.25	1.68	4.00
232	-0.87	3.25	1.68	4.00
233	-0.87	3.26	1.67	4.00
234	-0.88	3.27	1.67	4.00
235	-0.88	3.28	1.67	4.00
236	-0.89	3.28	1.68	4.00
237	-0.90	3.29	1.69	4.00
238	-0.90	3.29	1.69	4.00
239	-0.90	3.29	1.70	4.00
240	-0.91	3.29	1.71	4.00
241	-0.91	3.29	1.72	4.00
242	-0.91	3.28	1.74	4.00
243	-0.92	3.28	1.76	4.00
244	-0.91	3.26	1.76	4.00
245	-0.91	3.25	1.77	4.00
246	-0.90	3.22	1.76	4.00
247	-0.89	3.20	1.76	4.00
248	-0.89	3.20	1.76	4.00
249	-0.89	3.19	1.75	4.00
250	-0.89	3.20	1.75	4.00
251	-0.89	3.21	1.74	4.00
252	-0.89	3.19	1.74	4.00
253	-0.89	3.18	1.75	4.00
254	-0.89	3.17	1.74	4.00
255	-0.89	3.16	1.74	4.00
256	-0.90	3.16	1.74	4.00
257	-0.90	3.16	1.74	4.00
258	-0.90	3.15	1.74	4.00
259	-0.90	3.14	1.74	4.00
260	-0.90	3.14	1.74	4.00
261	-0.89	3.13	1.74	4.00
262	-0.89	3.13	1.74	4.00
263	-0.88	3.13	1.75	4.00
264	-0.87	3.12	1.75	4.00
265	-0.85	3.11	1.75	4.00
266	-0.84	3.10	1.76	4.00
267	-0.83	3.09	1.77	4.00
268	-0.83	3.08	1.76	4.00
269	-0.83	3.06	1.76	4.00
270	-0.82	3.06	1.76	4.00
271	-0.81	3.06	1.75	4.00
272	-0.81	3.07	1.75	4.00
273	-0.81	3.07	1.75	4.00
274	-0.80	3.06	1.75	4.00
275	-0.79	3.06	1.75	4.00
276	-0.79	3.06	1.75	4.00
277	-0.78	3.06	1.75	4.00
278	-0.78	3.05	1.75	4.00
279	-0.77	3.05	1.75	4.00
280	-0.78	3.07	1.74	4.00
281	-0.79	3.08	1.73	4.00
282	-0.79	3.10	1.72	4.00
283	-0.79	3.11	1.71	4.00
284	-0.79	3.11	1.71	4.00
285	-0.79	3.11	1.71	4.00
286	-0.79	3.11	1.71	4.00
287	-0.79	3.11	1.71	4.00
288	-0.78	3.10	1.71	4.00
289	-0.78	3.09	1.71	4.00
290	-0.78	3.10	1.71	4.00
291	-0.78	3.10	1.71	4.00
292	-0.78	3.10	1.70	4.00
293	-0.78	3.09	1.70	4.00
294	-0.77	3.09	1.70	4.00
295	-0.77	3.09	1.69	4.00
296	-0.77	3.09	1.69	4.00
297	-0.77	3.10	1.69	4.00
298	-0.78	3.10	1.69	4.00
299	-0.78	3.09	1.69	4.00
300	-0.78	3.08	1.70	4.00
301	-0.79	3.07	1.70	4.00
302	-0.79	3.06	1.71	4.00
303	-0.79	3.05	1.72	4.00
304	-0.79	3.04	1.71	4.00
305	-0.78	3.03	1.71	4.00
306	-0.78	3.03	1.71	4.00
307	-0.78	3.02	1.71	4.00
308	-0.79	3.02	1.71	4.00
309	-0.79	3.02	1.71	4.00
310	-0.78	3.02	1.71	4.00
311	-0.78	3.03	1.71	4.00
312	-0.78	3.02	1.70	4.00
313	-0.77	3.02	1.70	4.00
314	-0.78	3.02	1.70	4.00
315	-0.78	3.02	1.69	4.00
316	-0.77	3.03	1.69	4.00
317	-0.77	3.04	1.70	4.00
318	-0.77	3.04	1.70	4.00
319	-0.78	3.04	1.70	4.00
320	-0.78	3.06	1.70	4.00
321	-0.79	3.08	1.70	4.00
322	-0.78	3.10	1.70	4.00
323	-0.78	3.11	1.70	4.00
324	-0.78	3.12	1.70	4.00
325	-0.78	3.13	1.70	4.00
326	-0.79	3.13	1.71	4.00
327	-0.79	3.13	1.72	4.00
328	-0.80	3.14	1.72	4.00
329	-0.80	3.15	1.72	4.00
330	-0.81	3.16	1.72	4.00
331	-0.81	3.17	1.72	4.00
332	-0.82	3.16	1.73	4.00
333	-0.82	3.15	1.73	4.00
334	-0.82	3.15	1.74	4.00
335	-0.82	3.15	1.74	4.00
336	-0.82	3.14	1.74	4.00
337	-0.82	3.14	1.74	4.00
338	-0.82	3.14	1.74	4.00
339	-0.82	3.14	1.74	4.00
340	-0.82	3.14	1.74	4.00
341	-0.82	3.14	1.74	4.00
342	-0.82	3.15	1.73	4.00
343	-0.82	3.15	1.72	4.00
344	-0.82	3.15	1.72	4.00
345	-0.82	3.15	1.72	4.00
346	-0.83	3.16	1.71	4.00
347	-0.83	3.17	1.71	4.00
348	-0.83	3.17	1.71	4.00
349	-0.83	3.17	1.72	4.00
350	-0.83	3.17	1.72	4.00
351	-0.84	3.16	1.72	4.00
352	-0.83	3.15	1.72	4.00
353	-0.83	3.13	1.71	4.00
354	-0.83	3.13	1.72	4.00
355	-0.83	3.12	1.72	4.00
356	-0.83	3.11	1.72	4.00
357	-0.84	3.10	1.72	4.00
358	-0.84	3.10	1.71	4.00
359	-0.85	3.10	1.71	4.00
360	-0.85	3.10	1.72	4.00
361	-0.85	3.10	1.72	4.00
362	-0.85	3.10	1.72	4.00
363	-0.85	3.09	1.72	4.00
364	-0.85	3.09	1.71	4.00
365	-0.84	3.09	1.71	4.00
366	-0.85	3.09	1.71	4.00
367	-0.85	3.09	1.71	4.00
368	-0.85	3.09	1.71	4.00
369	-0.86	3.09	1.71	4.00
370	-0.86	3.09	1.72	4.00
371	-0.86	3.09	1.73	4.00
372	-0.86	3.08	1.72	4.00
373	-0.87	3.07	1.72	4.00
374	-0.86	3.07	1.72	4.00
375	-0.86	3.07	1.73	4.00
376	-0.86	3.07	1.72	4.00
377	-0.86	3.07	1.72	4.00
378	-0.86	3.07	1.72	4.00
379	-0.86	3.07	1.72	4.00
380	-0.85	3.07	1.71	4.00
381	-0.85	3.06	1.71	4.00
382	-0.85	3.06	1.70	4.00
383	-0.85	3.06	1.69	4.00
384	-0.84	3.08	1.67	4.00
385	-0.84	3.10	1.66	4.00
386	-0.85	3.11	1.65	4.00
387	-0.86	3.13	1.64	4.00
388	-0.87	3.14	1.63	4.00
389	-0.89	3.16	1.62	4.00
390	-0.91	3.20	1.60	4.00
391	-0.93	3.24	1.58	4.00
Target 4 (frames from 49 to 225)
Bounding Boxes (frame, x, y, width, height)
49	309	99	37	75
50	309	100	37	74
51	309	101	37	74
52	309	101	37	74
53	309	102	37	74
54	309	103	37	74
55	309	103	36	73
56	309	104	36	73
57	309	104	36	73
58	309	104	36	73
59	308	104	36	73
60	308	104	36	73
61	308	104	36	73
62	307	104	36	73
63	307	104	36	73
64	307	104	36	73
65	307	103	36	73
66	307	103	37	74
67	307	102	37	74
68	307	102	37	74
69	307	101	37	74
70	306	101	37	75
71	306	100	37	75
72	306	100	37	75
73	306	99	37	75
74	306	99	38	76
75	306	99	38	76
76	306	99	38	76
77	306	99	38	76
78	306	99	38	76
79	306	100	38	76
80	306	100	38	76
81	306	100	38	76
82	306	101	38	77
83	307	101	38	77
84	307	102	38	77
85	307	102	38	77
86	307	102	38	77
87	308	103	38	77
88	309	103	38	77
89	309	103	38	77
90	310	103	38	77
91	311	103	38	77
92	312	103	38	77
93	312	103	39	78
94	313	102	39	78
95	314	102	39	78
96	315	102	39	78
97	316	102	39	79
98	317	102	39	79
99	317	102	39	79
100	318	102	40	80
101	318	102	40	80
102	319	101	40	80
103	319	101	40	81
104	320	101	40	81
105	320	101	41	82
106	321	100	41	82
107	321	100	41	82
108	321	100	41	82
109	322	99	41	83
110	322	99	41	83
111	323	98	41	83
112	324	98	41	83
113	324	98	41	83
114	325	98	41	83
115	326	98	41	83
116	327	98	41	83
117	328	98	41	83
118	328	98	41	83
119	329	97	42	84
120	330	97	42	84
121	330	97	42	84
122	330	97	42	85
123	330	96	42	85
124	330	96	42	85
125	330	95	43	86
126	330	95	43	86
127	330	95	43	86
128	330	94	43	87
129	330	94	43	87
130	331	94	44	88
131	331	93	44	88
132	332	93	44	88
133	332	93	44	88
134	333	93	44	89
135	334	93	44	89
136	335	94	44	89
137	335	94	44	89
138	336	94	44	89
139	337	94	44	88
140	338	95	44	88
141	338	95	44	88
142	338	95	43	87
143	338	96	43	87
144	339	96	43	86
145	339	96	43	86
146	339	96	43	86
147	339	96	43	86
148	339	97	42	85
149	339	97	42	85
150	339	97	42	85
151	339	98	42	85
152	339	98	42	85
153	339	98	42	85
154	338	99	42	84
155	338	99	42	84
156	338	100	42	84
157	338	100	42	84
158	337	101	42	84
159	337	101	42	84
160	337	102	41	83
161	337	102	41	83
162	337	103	41	83
163	337	103	41	83
164	337	103	41	83
165	337	104	41	83
166	338	104	41	83
167	338	104	41	83
168	339	104	41	83
169	339	103	41	83
170	339	103	41	83
171	340	103	42	84
172	340	102	42	84
173	340	102	42	84
174	340	102	42	85
175	339	101	42	85
176	339	101	42	85
177	339	101	43	86
178	339	101	43	86
179	339	100	43	86
180	339	100	43	86
181	339	100	43	87
182	339	99	43	87
183	340	99	44	88
184	340	99	44	88
185	340	98	44	89
186	341	98	44	89
187	341	97	45	90
188	342	97	45	90
189	342	96	45	91
190	343	96	45	91
191	343	96	45	91
192	343	96	45	91
193	344	95	45	91
194	344	95	45	91
195	344	95	45	91
196	344	95	45	91
197	345	95	45	91
198	345	95	45	91
199	344	95	45	91
200	344	95	45	91
201	344	96	45	91
202	343	96	45	91
203	343	96	45	91
204	342	97	45	91
205	342	97	45	91
206	341	97	45	91
207	341	98	45	90
208	340	98	45	90
209	340	98	45	90
210	340	98	45	90
211	339	98	45	90
212	339	98	45	91
213	339	98	45	91
214	339	97	45	91
215	339	97	45	91
216	338	97	45	91
217	338	97	45	91
218	338	96	45	91
219	338	96	46	92
220	338	96	46	92
221	338	96	46	92
222	338	96	46	92
223	338	95	46	93
224	338	95	46	93
225	339	95	46	93
3D Trajetory (frame, x, z, height, pose)
49	-0.55	12.03	1.82	1.00
50	-0.55	11.93	1.79	1.00
51	-0.54	11.82	1.76	1.00
52	-0.54	11.86	1.76	1.00
53	-0.54	11.89	1.76	1.00
54	-0.55	11.87	1.76	1.00
55	-0.56	11.84	1.76	1.00
56	-0.55	11.82	1.74	1.00
57	-0.55	11.79	1.73	1.00
58	-0.55	11.81	1.73	1.00
59	-0.56	11.84	1.74	2.00
60	-0.57	11.82	1.74	2.00
61	-0.57	11.80	1.74	4.00
62	-0.58	11.81	1.74	4.00
63	-0.60	11.83	1.75	4.00
64	-0.59	11.82	1.75	4.00
65	-0.58	11.82	1.74	2.00
66	-0.58	11.82	1.75	2.00
67	-0.58	11.83	1.75	2.00
68	-0.58	11.84	1.76	2.00
69	-0.58	11.85	1.76	2.00
70	-0.58	11.85	1.78	2.00
71	-0.57	11.85	1.79	2.00
72	-0.58	11.84	1.80	2.00
73	-0.58	11.83	1.80	2.00
74	-0.58	11.82	1.81	2.00
75	-0.59	11.82	1.81	2.00
76	-0.59	11.81	1.81	2.00
77	-0.58	11.81	1.80	2.00
78	-0.59	11.80	1.80	2.00
79	-0.59	11.79	1.79	2.00
80	-0.58	11.78	1.80	2.00
81	-0.58	11.77	1.81	2.00
82	-0.58	11.75	1.81	2.00
83	-0.57	11.73	1.81	2.00
84	-0.57	11.72	1.81	2.00
85	-0.56	11.71	1.81	2.00
86	-0.57	11.70	1.81	2.00
87	-0.57	11.69	1.80	1.00
88	-0.57	11.68	1.80	1.00
89	-0.57	11.67	1.80	3.00
90	-0.56	11.66	1.80	3.00
91	-0.55	11.64	1.80	2.00
92	-0.52	11.64	1.80	2.00
93	-0.49	11.64	1.81	2.00
94	-0.48	11.63	1.82	2.00
95	-0.46	11.63	1.83	2.00
96	-0.46	11.62	1.83	2.00
97	-0.45	11.61	1.84	4.00
98	-0.45	11.61	1.84	4.00
99	-0.44	11.60	1.84	4.00
100	-0.43	11.60	1.85	4.00
101	-0.41	11.59	1.85	4.00
102	-0.39	11.59	1.87	4.00
103	-0.37	11.59	1.88	4.00
104	-0.36	11.58	1.89	4.00
105	-0.34	11.57	1.90	4.00
106	-0.33	11.55	1.91	4.00
107	-0.32	11.54	1.92	4.00
108	-0.31	11.53	1.92	4.00
109	-0.31	11.51	1.91	4.00
110	-0.29	11.51	1.91	4.00
111	-0.27	11.50	1.91	4.00
112	-0.26	11.49	1.91	4.00
113	-0.24	11.47	1.91	4.00
114	-0.23	11.46	1.91	4.00
115	-0.21	11.45	1.91	4.00
116	-0.19	11.44	1.91	4.00
117	-0.18	11.43	1.91	4.00
118	-0.16	11.43	1.91	4.00
119	-0.14	11.44	1.91	4.00
120	-0.13	11.42	1.92	4.00
121	-0.12	11.41	1.93	4.00
122	-0.12	11.40	1.94	4.00
123	-0.12	11.39	1.95	4.00
124	-0.11	11.38	1.96	4.00
125	-0.10	11.36	1.96	1.00
126	-0.09	11.36	1.96	1.00
127	-0.09	11.35	1.96	1.00
128	-0.08	11.31	1.96	1.00
129	-0.07	11.27	1.97	4.00
130	-0.06	11.25	1.97	4.00
131	-0.04	11.22	1.98	2.00
132	-0.01	11.20	1.99	2.00
133	0.01	11.18	2.00	4.00
134	0.03	11.17	2.00	4.00
135	0.05	11.16	2.01	4.00
136	0.07	11.15	2.00	4.00
137	0.09	11.14	1.99	4.00
138	0.10	11.13	1.98	4.00
139	0.12	11.12	1.96	4.00
140	0.13	11.11	1.96	4.00
141	0.13	11.11	1.97	4.00
142	0.14	11.10	1.95	4.00
143	0.15	11.09	1.94	4.00
144	0.15	11.08	1.93	4.00
145	0.16	11.06	1.92	4.00
146	0.15	11.06	1.91	4.00
147	0.15	11.05	1.90	4.00
148	0.15	11.05	1.90	4.00
149	0.15	11.06	1.89	4.00
150	0.14	11.05	1.89	4.00
151	0.14	11.05	1.89	1.00
152	0.15	11.05	1.88	1.00
153	0.15	11.04	1.88	1.00
154	0.16	11.03	1.88	1.00
155	0.16	11.02	1.88	1.00
156	0.16	11.01	1.87	1.00
157	0.16	11.00	1.87	1.00
158	0.16	11.00	1.86	1.00
159	0.15	10.99	1.85	4.00
160	0.14	10.98	1.84	4.00
161	0.13	10.98	1.83	4.00
162	0.14	10.97	1.83	4.00
163	0.15	10.97	1.83	4.00
164	0.16	10.97	1.83	4.00
165	0.16	10.96	1.83	2.00
166	0.17	10.96	1.83	2.00
167	0.17	10.96	1.83	2.00
168	0.17	10.94	1.83	2.00
169	0.17	10.93	1.84	2.00
170	0.18	10.93	1.83	2.00
171	0.18	10.93	1.83	2.00
172	0.19	10.92	1.84	2.00
173	0.19	10.91	1.85	2.00
174	0.18	10.89	1.86	2.00
175	0.18	10.88	1.87	2.00
176	0.18	10.87	1.88	2.00
177	0.18	10.87	1.88	4.00
178	0.18	10.86	1.89	4.00
179	0.18	10.85	1.89	4.00
180	0.18	10.83	1.88	4.00
181	0.19	10.81	1.88	4.00
182	0.20	10.80	1.88	4.00
183	0.21	10.78	1.89	4.00
184	0.22	10.74	1.90	4.00
185	0.23	10.70	1.90	4.00
186	0.24	10.70	1.92	4.00
187	0.26	10.69	1.94	4.00
188	0.27	10.67	1.94	4.00
189	0.27	10.66	1.95	4.00
190	0.28	10.65	1.95	4.00
191	0.28	10.64	1.96	4.00
192	0.29	10.63	1.95	4.00
193	0.30	10.62	1.95	4.00
194	0.31	10.61	1.95	4.00
195	0.32	10.60	1.94	2.00
196	0.32	10.58	1.94	2.00
197	0.32	10.57	1.93	1.00
198	0.33	10.56	1.93	1.00
199	0.33	10.55	1.93	1.00
200	0.33	10.54	1.93	1.00
201	0.33	10.53	1.93	1.00
202	0.31	10.51	1.92	1.00
203	0.30	10.49	1.92	2.00
204	0.29	10.47	1.91	2.00
205	0.28	10.46	1.91	2.00
206	0.27	10.44	1.90	2.00
207	0.26	10.41	1.89	2.00
208	0.25	10.40	1.89	2.00
209	0.24	10.39	1.88	2.00
210	0.24	10.38	1.88	2.00
211	0.24	10.38	1.88	2.00
212	0.23	10.37	1.88	2.00
213	0.23	10.35	1.89	2.00
214	0.22	10.34	1.89	2.00
215	0.22	10.33	1.89	2.00
216	0.22	10.32	1.90	2.00
217	0.22	10.31	1.90	2.00
218	0.22	10.30	1.89	2.00
219	0.21	10.29	1.89	2.00
220	0.20	10.28	1.89	2.00
221	0.20	10.26	1.90	2.00
222	0.19	10.25	1.90	2.00
223	0.19	10.24	1.91	2.00
224	0.20	10.23	1.91	2.00
225	0.20	10.22	1.91	2.00
Target 5 (frames from 63 to 245)
Bounding Boxes (frame, x, y, width, height)
63	262	102	38	76
64	262	101	38	76
65	261	101	38	76
66	261	100	38	77
67	260	100	38	77
68	260	99	38	77
69	260	99	39	78
70	259	99	39	78
71	259	98	39	78
72	259	98	39	79
73	258	98	39	79
74	258	98	39	79
75	257	98	39	79
76	257	97	40	80
77	257	98	40	80
78	256	98	40	80
79	256	98	40	81
80	256	98	40	81
81	256	99	40	81
82	256	99	41	82
83	257	99	41	82
84	257	100	41	82
85	258	100	41	82
86	258	101	41	82
87	258	101	40	81
88	259	102	40	81
89	259	102	40	81
90	259	102	40	81
91	260	102	40	81
92	260	102	40	81
93	261	102	40	81
94	261	102	40	81
95	261	102	40	81
96	262	103	40	81
97	262	103	40	81
98	263	103	40	81
99	263	103	40	81
100	263	103	40	81
101	264	103	40	81
102	264	103	40	81
103	264	103	41	82
104	264	103	41	82
105	264	103	41	82
106	264	103	41	82
107	264	103	41	82
108	264	102	41	82
109	264	102	41	82
110	264	102	41	82
111	264	101	41	82
112	264	101	41	82
113	264	101	41	82
114	265	101	41	83
115	265	101	41	83
116	265	101	41	83
117	266	101	41	83
118	266	101	41	83
119	267	101	41	83
120	267	101	41	83
121	268	101	41	82
122	268	101	41	82
123	268	101	41	82
124	268	101	41	82
125	268	101	41	82
126	268	101	41	82
127	267	101	41	82
128	267	101	41	82
129	267	101	41	82
130	267	101	41	82
131	268	101	41	82
132	268	101	41	82
133	268	101	41	82
134	268	102	41	82
135	268	102	41	82
136	268	102	41	82
137	268	102	40	81
138	269	102	40	81
139	269	102	40	81
140	269	103	40	81
141	269	103	40	81
142	269	103	40	80
143	269	103	40	80
144	269	102	40	80
145	269	102	40	80
146	269	102	40	80
147	269	102	40	80
148	269	102	40	80
149	269	103	40	80
150	269	103	40	80
151	269	103	40	80
152	269	103	40	80
153	269	103	40	80
154	269	103	40	80
155	269	103	40	80
156	269	104	40	80
157	268	104	40	80
158	268	104	40	80
159	268	105	40	81
160	269	105	40	81
161	269	105	40	81
162	269	105	40	81
163	269	105	40	81
164	269	105	40	81
165	269	105	40	81
166	269	105	41	82
167	270	105	41	82
168	270	105	41	82
169	270	104	41	82
170	270	104	41	83
171	270	104	41	83
172	271	103	41	83
173	271	103	42	84
174	270	102	42	84
175	270	102	42	84
176	270	102	42	85
177	270	101	42	85
178	270	101	42	85
179	270	101	43	86
180	270	101	43	86
181	269	100	43	86
182	269	100	43	86
183	269	100	43	86
184	269	100	43	86
185	269	101	43	86
186	269	101	42	85
187	269	101	42	85
188	269	101	42	85
189	270	101	42	85
190	270	101	42	85
191	270	101	42	85
192	270	101	42	85
193	270	101	42	85
194	270	101	42	85
195	270	100	42	85
196	270	100	42	85
197	269	100	42	85
198	269	100	42	85
199	269	100	42	85
200	269	100	42	85
201	269	101	42	85
202	269	101	42	85
203	268	101	42	85
204	268	101	43	86
205	268	101	43	86
206	268	101	43	86
207	268	101	43	86
208	268	101	43	87
209	268	100	43	87
210	267	100	43	87
211	267	100	44	88
212	267	99	44	88
213	267	99	44	88
214	267	99	44	88
215	267	99	44	88
216	267	99	44	88
217	267	99	44	88
218	267	99	44	88
219	267	99	43	87
220	268	100	43	87
221	268	100	43	87
222	268	100	43	87
223	269	100	43	87
224	269	100	43	87
225	269	100	43	87
226	269	100	43	86
227	269	100	43	86
228	269	100	43	86
229	269	100	43	86
230	268	100	43	86
231	268	101	43	86
232	268	101	43	86
233	268	101	43	86
234	268	102	43	86
235	267	102	43	86
236	267	102	43	86
237	267	103	43	86
238	266	103	43	86
239	266	103	43	86
240	266	103	43	86
241	266	104	43	86
242	266	104	43	86
243	266	104	43	86
244	265	104	43	86
245	265	105	43	86
3D Trajetory (frame, x, z, height, pose)
63	-1.67	12.02	1.79	4.00
64	-1.64	11.87	1.81	4.00
65	-1.61	11.71	1.82	4.00
66	-1.62	11.68	1.81	4.00
67	-1.63	11.65	1.80	4.00
68	-1.63	11.60	1.81	4.00
69	-1.63	11.55	1.81	4.00
70	-1.64	11.57	1.81	4.00
71	-1.65	11.60	1.81	4.00
72	-1.64	11.58	1.81	4.00
73	-1.64	11.57	1.82	4.00
74	-1.65	11.54	1.82	4.00
75	-1.66	11.51	1.83	4.00
76	-1.66	11.47	1.83	4.00
77	-1.66	11.44	1.84	4.00
78	-1.67	11.40	1.84	4.00
79	-1.67	11.37	1.84	4.00
80	-1.67	11.32	1.84	4.00
81	-1.66	11.28	1.84	2.00
82	-1.64	11.21	1.83	2.00
83	-1.61	11.15	1.83	2.00
84	-1.61	11.13	1.83	2.00
85	-1.61	11.11	1.83	2.00
86	-1.62	11.15	1.83	2.00
87	-1.63	11.19	1.82	4.00
88	-1.62	11.18	1.81	4.00
89	-1.62	11.17	1.81	4.00
90	-1.62	11.17	1.81	4.00
91	-1.62	11.17	1.81	4.00
92	-1.63	11.15	1.81	4.00
93	-1.63	11.13	1.81	2.00
94	-1.62	11.12	1.81	2.00
95	-1.62	11.12	1.80	2.00
96	-1.61	11.11	1.81	2.00
97	-1.61	11.11	1.81	2.00
98	-1.60	11.11	1.80	2.00
99	-1.60	11.11	1.80	2.00
100	-1.59	11.10	1.80	2.00
101	-1.58	11.10	1.80	2.00
102	-1.58	11.10	1.81	2.00
103	-1.58	11.10	1.81	2.00
104	-1.58	11.10	1.82	2.00
105	-1.58	11.10	1.83	2.00
106	-1.57	11.09	1.83	2.00
107	-1.57	11.07	1.84	2.00
108	-1.58	11.08	1.84	2.00
109	-1.59	11.09	1.84	2.00
110	-1.58	11.08	1.83	2.00
111	-1.56	11.08	1.83	2.00
112	-1.57	11.07	1.82	2.00
113	-1.57	11.06	1.82	4.00
114	-1.56	11.04	1.82	4.00
115	-1.55	11.03	1.83	4.00
116	-1.54	11.02	1.83	4.00
117	-1.54	11.01	1.83	4.00
118	-1.53	11.00	1.83	4.00
119	-1.51	10.98	1.83	2.00
120	-1.51	10.98	1.83	2.00
121	-1.50	10.97	1.82	2.00
122	-1.50	10.98	1.82	2.00
123	-1.50	10.99	1.81	2.00
124	-1.49	11.00	1.81	2.00
125	-1.49	11.00	1.81	2.00
126	-1.49	11.00	1.81	2.00
127	-1.48	11.00	1.80	4.00
128	-1.47	11.00	1.81	4.00
129	-1.46	11.00	1.81	4.00
130	-1.46	11.00	1.81	4.00
131	-1.46	11.00	1.81	4.00
132	-1.45	10.99	1.81	4.00
133	-1.45	10.98	1.82	2.00
134	-1.45	10.99	1.81	2.00
135	-1.45	10.99	1.80	2.00
136	-1.44	10.99	1.80	2.00
137	-1.43	10.98	1.80	2.00
138	-1.43	11.00	1.79	2.00
139	-1.42	11.02	1.79	2.00
140	-1.42	11.01	1.79	2.00
141	-1.42	11.01	1.79	2.00
142	-1.42	11.01	1.78	2.00
143	-1.42	11.01	1.78	2.00
144	-1.42	11.02	1.78	2.00
145	-1.42	11.03	1.77	2.00
146	-1.42	11.03	1.77	2.00
147	-1.41	11.02	1.78	2.00
148	-1.41	11.02	1.77	2.00
149	-1.41	11.02	1.77	2.00
150	-1.41	11.02	1.76	2.00
151	-1.41	11.02	1.76	2.00
152	-1.41	11.02	1.76	2.00
153	-1.40	11.01	1.77	2.00
154	-1.40	11.01	1.77	2.00
155	-1.39	11.01	1.77	2.00
156	-1.39	11.00	1.78	2.00
157	-1.38	11.00	1.79	2.00
158	-1.38	11.00	1.79	2.00
159	-1.38	10.99	1.78	2.00
160	-1.38	10.99	1.78	2.00
161	-1.37	10.98	1.77	2.00
162	-1.36	10.97	1.78	2.00
163	-1.35	10.96	1.79	2.00
164	-1.33	10.95	1.78	2.00
165	-1.32	10.93	1.78	4.00
166	-1.33	10.93	1.79	4.00
167	-1.34	10.93	1.81	1.00
168	-1.34	10.93	1.81	1.00
169	-1.33	10.93	1.81	4.00
170	-1.33	10.92	1.82	4.00
171	-1.34	10.92	1.82	2.00
172	-1.34	10.91	1.83	2.00
173	-1.34	10.91	1.83	2.00
174	-1.33	10.89	1.84	2.00
175	-1.32	10.88	1.84	2.00
176	-1.32	10.87	1.86	2.00
177	-1.32	10.87	1.87	2.00
178	-1.32	10.87	1.87	2.00
179	-1.33	10.86	1.88	2.00
180	-1.33	10.86	1.87	2.00
181	-1.33	10.86	1.87	2.00
182	-1.33	10.86	1.87	2.00
183	-1.33	10.85	1.87	2.00
184	-1.33	10.85	1.87	2.00
185	-1.33	10.84	1.87	2.00
186	-1.32	10.83	1.86	2.00
187	-1.32	10.82	1.85	2.00
188	-1.32	10.82	1.85	2.00
189	-1.33	10.81	1.84	2.00
190	-1.32	10.80	1.84	2.00
191	-1.32	10.79	1.84	2.00
192	-1.32	10.78	1.84	2.00
193	-1.32	10.78	1.84	2.00
194	-1.32	10.76	1.84	2.00
195	-1.31	10.75	1.84	2.00
196	-1.31	10.74	1.83	2.00
197	-1.31	10.73	1.83	2.00
198	-1.31	10.72	1.83	2.00
199	-1.31	10.71	1.82	2.00
200	-1.31	10.70	1.83	2.00
201	-1.31	10.69	1.83	2.00
202	-1.30	10.67	1.83	2.00
203	-1.30	10.66	1.82	2.00
204	-1.30	10.65	1.82	2.00
205	-1.30	10.63	1.82	2.00
206	-1.30	10.62	1.83	2.00
207	-1.30	10.61	1.84	2.00
208	-1.29	10.59	1.84	2.00
209	-1.29	10.58	1.85	4.00
210	-1.29	10.57	1.86	4.00
211	-1.29	10.56	1.87	4.00
212	-1.30	10.55	1.87	4.00
213	-1.30	10.54	1.86	4.00
214	-1.30	10.53	1.86	4.00
215	-1.31	10.51	1.86	4.00
216	-1.30	10.50	1.85	4.00
217	-1.28	10.49	1.85	2.00
218	-1.29	10.48	1.84	2.00
219	-1.30	10.48	1.84	2.00
220	-1.29	10.46	1.83	2.00
221	-1.28	10.45	1.82	2.00
222	-1.28	10.43	1.82	2.00
223	-1.29	10.42	1.81	2.00
224	-1.29	10.40	1.81	2.00
225	-1.29	10.38	1.81	3.00
226	-1.29	10.37	1.80	3.00
227	-1.29	10.37	1.79	4.00
228	-1.29	10.36	1.79	4.00
229	-1.29	10.35	1.80	4.00
230	-1.29	10.34	1.80	4.00
231	-1.29	10.32	1.80	1.00
232	-1.29	10.31	1.80	1.00
233	-1.29	10.30	1.79	2.00
234	-1.30	10.28	1.78	2.00
235	-1.30	10.26	1.78	2.00
236	-1.30	10.25	1.78	2.00
237	-1.31	10.24	1.78	2.00
238	-1.31	10.23	1.77	2.00
239	-1.31	10.22	1.76	2.00
240	-1.31	10.21	1.76	2.00
241	-1.31	10.21	1.77	2.00
242	-1.31	10.19	1.77	2.00
243	-1.31	10.18	1.76	4.00
244	-1.30	10.18	1.76	4.00
245	-1.30	10.17	1.76	4.00
Target 6 (frames from 125 to 223)
Bounding Boxes (frame, x, y, width, height)
125	301	101	39	78
126	301	101	39	78
127	301	101	39	78
128	300	101	39	79
129	300	101	39	79
130	300	101	39	79
131	300	101	39	79
132	300	101	40	80
133	300	101	40	80
134	300	101	40	80
135	300	102	40	80
136	300	102	40	80
137	300	102	40	80
138	300	102	40	80
139	300	102	39	79
140	301	102	39	79
141	301	102	39	79
142	301	102	39	79
143	301	102	40	80
144	301	101	40	80
145	302	101	40	80
146	302	101	40	80
147	302	101	40	80
148	303	101	40	80
149	303	101	40	80
150	303	101	40	80
151	303	101	40	80
152	303	102	40	80
153	303	102	40	80
154	303	102	40	80
155	303	102	40	80
156	304	103	40	80
157	304	103	40	80
158	304	104	40	80
159	304	104	40	80
160	304	104	40	80
161	304	105	40	80
162	304	105	40	80
163	304	105	40	80
164	304	105	40	81
165	305	105	40	81
166	305	105	40	81
167	305	105	40	81
168	305	105	40	81
169	306	105	41	82
170	306	104	41	82
171	307	104	41	82
172	307	104	41	82
173	307	104	41	82
174	307	104	41	82
175	307	104	41	82
176	308	104	41	83
177	308	103	41	83
178	308	103	41	83
179	307	103	41	83
180	307	103	41	83
181	307	103	41	83
182	307	103	41	83
183	307	103	41	83
184	306	103	41	83
185	306	104	41	83
186	306	104	41	83
187	306	104	41	83
188	306	104	41	83
189	306	104	41	83
190	306	104	41	83
191	306	103	41	83
192	306	103	41	83
193	306	103	41	83
194	306	102	41	83
195	306	102	41	83
196	306	102	41	83
197	305	102	41	83
198	305	102	41	83
199	305	102	41	83
200	305	102	41	83
201	305	102	41	83
202	306	103	41	83
203	306	103	41	83
204	306	103	41	83
205	306	104	41	83
206	306	104	41	83
207	307	104	41	83
208	307	104	41	83
209	307	104	41	83
210	307	104	41	83
211	307	104	41	83
212	307	104	41	83
213	307	103	42	84
214	307	103	42	84
215	307	103	42	84
216	308	103	42	84
217	308	103	42	84
218	308	103	42	84
219	308	102	42	84
220	308	102	42	84
221	308	102	42	84
222	308	102	42	84
223	308	102	42	85
3D Trajetory (frame, x, z, height, pose)
125	-0.83	11.61	1.80	4.00
126	-0.82	11.56	1.81	4.00
127	-0.81	11.50	1.81	4.00
128	-0.80	11.47	1.82	4.00
129	-0.79	11.44	1.82	4.00
130	-0.78	11.41	1.83	4.00
131	-0.78	11.37	1.83	4.00
132	-0.78	11.36	1.83	4.00
133	-0.78	11.36	1.83	4.00
134	-0.77	11.36	1.82	4.00
135	-0.77	11.37	1.81	4.00
136	-0.76	11.35	1.81	4.00
137	-0.76	11.33	1.81	4.00
138	-0.76	11.32	1.81	4.00
139	-0.77	11.31	1.81	2.00
140	-0.76	11.30	1.81	2.00
141	-0.75	11.30	1.81	2.00
142	-0.75	11.29	1.81	2.00
143	-0.74	11.29	1.81	2.00
144	-0.73	11.27	1.81	2.00
145	-0.72	11.25	1.81	2.00
146	-0.71	11.24	1.80	2.00
147	-0.71	11.22	1.80	2.00
148	-0.70	11.20	1.80	2.00
149	-0.68	11.18	1.80	2.00
150	-0.67	11.17	1.80	2.00
151	-0.66	11.15	1.80	2.00
152	-0.65	11.14	1.80	2.00
153	-0.65	11.13	1.80	2.00
154	-0.65	11.13	1.80	2.00
155	-0.64	11.12	1.80	2.00
156	-0.63	11.11	1.80	2.00
157	-0.63	11.11	1.80	3.00
158	-0.62	11.10	1.80	3.00
159	-0.62	11.09	1.79	4.00
160	-0.61	11.08	1.79	4.00
161	-0.60	11.07	1.78	1.00
162	-0.59	11.06	1.78	1.00
163	-0.59	11.06	1.78	2.00
164	-0.58	11.05	1.79	2.00
165	-0.57	11.04	1.79	2.00
166	-0.57	11.03	1.80	2.00
167	-0.57	11.02	1.81	2.00
168	-0.57	11.01	1.80	2.00
169	-0.57	11.00	1.80	2.00
170	-0.56	10.99	1.81	2.00
171	-0.55	10.98	1.81	2.00
172	-0.54	10.98	1.81	2.00
173	-0.54	10.98	1.82	2.00
174	-0.54	10.97	1.82	2.00
175	-0.53	10.96	1.82	2.00
176	-0.53	10.95	1.82	2.00
177	-0.53	10.93	1.82	2.00
178	-0.53	10.92	1.82	2.00
179	-0.53	10.91	1.82	2.00
180	-0.53	10.90	1.81	2.00
181	-0.53	10.89	1.81	2.00
182	-0.53	10.87	1.81	2.00
183	-0.53	10.86	1.80	2.00
184	-0.54	10.85	1.80	2.00
185	-0.54	10.83	1.80	2.00
186	-0.54	10.82	1.80	2.00
187	-0.54	10.81	1.80	2.00
188	-0.54	10.81	1.79	2.00
189	-0.54	10.80	1.79	2.00
190	-0.55	10.79	1.79	2.00
191	-0.55	10.78	1.79	2.00
192	-0.55	10.77	1.79	2.00
193	-0.55	10.76	1.79	2.00
194	-0.55	10.75	1.80	2.00
195	-0.55	10.74	1.80	2.00
196	-0.55	10.73	1.80	2.00
197	-0.56	10.72	1.81	2.00
198	-0.55	10.71	1.80	2.00
199	-0.54	10.70	1.80	2.00
200	-0.54	10.69	1.79	2.00
201	-0.53	10.68	1.79	2.00
202	-0.52	10.66	1.78	2.00
203	-0.52	10.65	1.78	2.00
204	-0.51	10.64	1.78	2.00
205	-0.51	10.64	1.77	2.00
206	-0.50	10.62	1.77	2.00
207	-0.49	10.61	1.77	2.00
208	-0.49	10.60	1.76	2.00
209	-0.49	10.59	1.76	2.00
210	-0.48	10.58	1.77	2.00
211	-0.48	10.57	1.77	2.00
212	-0.48	10.57	1.77	2.00
213	-0.47	10.56	1.77	2.00
214	-0.47	10.55	1.77	2.00
215	-0.47	10.54	1.77	2.00
216	-0.46	10.52	1.77	2.00
217	-0.46	10.50	1.78	2.00
218	-0.47	10.50	1.78	2.00
219	-0.47	10.49	1.78	2.00
220	-0.47	10.48	1.78	2.00
221	-0.47	10.47	1.78	2.00
222	-0.47	10.45	1.77	2.00
223	-0.48	10.44	1.77	2.00
Target 7 (frames from 197 to 221)
Bounding Boxes (frame, x, y, width, height)
197	371	98	45	91
198	371	99	45	90
199	372	100	44	89
200	372	101	44	89
201	372	102	44	88
202	372	103	44	88
203	372	104	43	87
204	372	105	43	87
205	372	105	43	86
206	372	106	43	86
207	372	106	43	86
208	373	107	43	86
209	373	107	43	86
210	373	107	42	85
211	373	107	42	85
212	373	107	42	85
213	373	108	42	85
214	373	108	42	85
215	373	108	42	85
216	373	108	42	85
217	373	108	42	84
218	373	108	42	84
219	373	108	42	84
220	373	108	42	84
221	373	108	42	84
3D Trajetory (frame, x, z, height, pose)
197	0.84	10.09	1.85	2.00
198	0.85	10.05	1.83	2.00
199	0.86	10.01	1.81	2.00
200	0.86	10.03	1.79	2.00
201	0.86	10.04	1.77	2.00
202	0.86	10.04	1.75	2.00
203	0.86	10.05	1.74	2.00
204	0.86	9.98	1.74	2.00
205	0.85	9.92	1.73	2.00
206	0.85	9.89	1.72	2.00
207	0.85	9.87	1.72	2.00
208	0.85	9.85	1.71	2.00
209	0.86	9.82	1.70	2.00
210	0.85	9.81	1.69	2.00
211	0.85	9.80	1.67	2.00
212	0.85	9.78	1.67	2.00
213	0.85	9.77	1.67	2.00
214	0.85	9.77	1.67	2.00
215	0.85	9.76	1.66	2.00
216	0.85	9.76	1.66	2.00
217	0.85	9.75	1.66	2.00
218	0.84	9.74	1.66	2.00
219	0.83	9.72	1.66	2.00
220	0.84	9.72	1.65	2.00
221	0.85	9.71	1.64	2.00
Target 8 (frames from 337 to 383)
Bounding Boxes (frame, x, y, width, height)
337	381	112	39	78
338	381	111	39	78
339	380	111	39	79
340	380	110	39	79
341	379	110	40	80
342	379	109	40	80
343	379	109	40	81
344	379	108	40	81
345	379	108	41	82
346	379	107	41	82
347	379	107	41	83
348	379	106	41	83
349	379	106	42	84
350	379	105	42	84
351	380	105	42	85
352	380	104	42	85
353	380	104	43	86
354	381	103	43	86
355	381	103	43	87
356	382	103	43	87
357	382	103	43	87
358	382	103	43	87
359	383	104	43	86
360	383	104	43	86
361	383	105	43	86
362	383	105	42	85
363	384	105	42	85
364	384	106	42	84
365	384	106	42	84
366	384	106	42	84
367	383	106	42	84
368	383	106	42	84
369	383	106	42	84
370	382	105	42	84
371	382	105	42	84
372	381	105	42	84
373	381	105	42	84
374	381	104	42	85
375	381	104	42	85
376	381	104	42	85
377	380	104	42	84
378	380	105	42	84
379	380	105	42	84
380	380	105	42	84
381	380	105	42	84
382	381	105	41	83
383	381	106	41	83
3D Trajetory (frame, x, z, height, pose)
337	0.83	10.08	1.57	2.00
338	0.82	10.06	1.58	2.00
339	0.82	10.04	1.59	2.00
340	0.82	10.07	1.61	2.00
341	0.81	10.10	1.64	2.00
342	0.81	10.10	1.65	2.00
343	0.81	10.11	1.66	2.00
344	0.81	10.13	1.66	2.00
345	0.80	10.14	1.67	2.00
346	0.80	10.15	1.68	2.00
347	0.80	10.16	1.69	2.00
348	0.81	10.16	1.69	2.00
349	0.83	10.16	1.69	2.00
350	0.82	10.12	1.71	2.00
351	0.82	10.08	1.72	2.00
352	0.83	10.06	1.74	2.00
353	0.83	10.03	1.75	4.00
354	0.83	10.02	1.75	4.00
355	0.83	10.00	1.75	4.00
356	0.83	10.00	1.76	4.00
357	0.84	9.99	1.76	4.00
358	0.85	10.03	1.75	4.00
359	0.86	10.08	1.75	2.00
360	0.86	10.08	1.74	2.00
361	0.86	10.08	1.74	4.00
362	0.87	10.08	1.73	4.00
363	0.88	10.09	1.72	4.00
364	0.88	10.10	1.71	4.00
365	0.88	10.10	1.70	4.00
366	0.87	10.12	1.70	4.00
367	0.86	10.14	1.69	4.00
368	0.85	10.11	1.70	4.00
369	0.85	10.09	1.70	2.00
370	0.85	10.09	1.71	2.00
371	0.85	10.08	1.71	2.00
372	0.84	10.10	1.72	2.00
373	0.83	10.11	1.72	2.00
374	0.82	10.11	1.72	2.00
375	0.82	10.11	1.72	2.00
376	0.82	10.10	1.72	2.00
377	0.82	10.08	1.73	2.00
378	0.82	10.08	1.72	2.00
379	0.82	10.09	1.72	2.00
380	0.81	10.08	1.70	2.00
381	0.80	10.06	1.69	2.00
382	0.79	10.03	1.68	2.00
383	0.78	9.99	1.67	2.00
Target 9 (frames from 355 to 469)
Bounding Boxes (frame, x, y, width, height)
355	413	112	117	235
356	412	112	117	235
357	412	112	117	234
358	411	112	116	233
359	410	112	116	233
360	410	112	116	232
361	409	112	116	232
362	409	112	115	231
363	408	112	115	231
364	407	112	115	231
365	407	111	115	231
366	406	111	115	230
367	406	110	115	230
368	405	110	115	230
369	405	109	115	230
370	404	109	115	230
371	404	108	115	231
372	404	108	115	231
373	404	107	115	231
374	404	106	116	232
375	404	106	116	232
376	404	105	116	233
377	404	105	116	233
378	404	104	117	234
379	404	104	117	234
380	405	103	117	235
381	406	102	117	235
382	408	101	118	236
383	409	100	118	237
384	410	99	119	238
385	411	98	119	239
386	411	97	120	240
387	412	96	121	242
388	413	95	121	243
389	413	94	122	245
390	414	92	123	247
391	414	91	124	249
392	414	90	125	250
393	414	90	125	251
394	414	90	125	251
395	414	90	125	251
396	414	90	125	251
397	415	90	125	250
398	415	91	125	250
399	416	91	124	248
400	416	91	123	247
401	416	92	122	245
402	416	92	121	243
403	416	93	121	242
404	415	94	120	241
405	415	94	120	240
406	415	94	120	240
407	415	94	120	240
408	415	94	120	241
409	415	94	120	241
410	415	93	120	241
411	414	93	121	242
412	414	92	121	243
413	414	91	121	243
414	413	90	121	243
415	412	89	122	244
416	412	88	121	243
417	411	86	121	243
418	410	85	121	242
419	409	84	121	242
420	407	84	121	242
421	406	83	121	242
422	405	83	121	242
423	404	82	121	243
424	404	82	121	243
425	403	82	122	244
426	403	82	122	245
427	402	82	123	247
428	401	82	124	248
429	400	82	124	249
430	400	82	125	250
431	399	82	125	251
432	399	81	126	252
433	398	81	126	253
434	398	80	127	254
435	398	78	128	256
436	397	76	129	258
437	398	74	130	260
438	398	73	131	263
439	398	71	132	265
440	398	69	134	268
441	399	67	135	270
442	399	65	136	273
443	399	64	137	275
444	400	63	138	277
445	401	62	139	279
446	401	62	140	280
447	402	62	140	281
448	403	62	140	281
449	403	63	140	281
450	404	63	140	280
451	404	64	140	280
452	405	65	139	279
453	405	65	139	279
454	406	66	139	278
455	406	66	139	278
456	405	66	139	279
457	405	66	140	280
458	404	66	141	282
459	404	65	142	285
460	403	64	144	289
461	403	63	146	292
462	403	62	148	296
463	404	61	149	299
464	404	60	152	304
465	405	59	154	308
466	405	57	156	313
467	406	56	159	318
468	407	54	162	324
469	408	53	165	330
3D Trajetory (frame, x, z, height, pose)
355	0.71	3.22	1.53	2.00
356	0.71	3.23	1.52	2.00
357	0.70	3.23	1.51	2.00
358	0.70	3.24	1.51	2.00
359	0.70	3.24	1.51	2.00
360	0.69	3.25	1.51	2.00
361	0.69	3.26	1.51	2.00
362	0.69	3.27	1.52	2.00
363	0.68	3.27	1.52	2.00
364	0.68	3.27	1.52	2.00
365	0.67	3.27	1.52	2.00
366	0.67	3.28	1.52	2.00
367	0.67	3.29	1.52	2.00
368	0.67	3.29	1.52	2.00
369	0.66	3.29	1.52	2.00
370	0.66	3.29	1.52	2.00
371	0.66	3.29	1.52	2.00
372	0.66	3.29	1.52	2.00
373	0.66	3.29	1.53	2.00
374	0.67	3.29	1.53	2.00
375	0.67	3.29	1.54	2.00
376	0.67	3.29	1.54	2.00
377	0.67	3.29	1.54	2.00
378	0.67	3.28	1.55	2.00
379	0.67	3.28	1.55	2.00
380	0.67	3.28	1.55	2.00
381	0.67	3.28	1.55	2.00
382	0.68	3.28	1.55	2.00
383	0.68	3.28	1.55	2.00
384	0.69	3.28	1.56	2.00
385	0.70	3.28	1.57	2.00
386	0.69	3.27	1.57	2.00
387	0.68	3.26	1.57	1.00
388	0.67	3.24	1.58	1.00
389	0.65	3.22	1.58	1.00
390	0.65	3.21	1.58	1.00
391	0.64	3.19	1.59	1.00
392	0.63	3.18	1.59	1.00
393	0.62	3.18	1.59	1.00
394	0.63	3.18	1.60	1.00
395	0.63	3.18	1.61	1.00
396	0.64	3.19	1.62	1.00
397	0.65	3.20	1.63	1.00
398	0.64	3.21	1.60	1.00
399	0.63	3.21	1.56	1.00
400	0.62	3.21	1.56	1.00
401	0.61	3.21	1.56	1.00
402	0.60	3.21	1.56	1.00
403	0.58	3.21	1.56	1.00
404	0.58	3.20	1.55	1.00
405	0.58	3.20	1.55	1.00
406	0.59	3.21	1.53	1.00
407	0.60	3.23	1.51	1.00
408	0.60	3.23	1.54	1.00
409	0.60	3.23	1.56	1.00
410	0.59	3.23	1.57	1.00
411	0.59	3.23	1.57	1.00
412	0.59	3.24	1.57	1.00
413	0.59	3.25	1.58	1.00
414	0.60	3.24	1.58	1.00
415	0.60	3.24	1.58	1.00
416	0.58	3.24	1.58	1.00
417	0.56	3.24	1.59	1.00
418	0.56	3.25	1.59	1.00
419	0.56	3.27	1.58	2.00
420	0.56	3.28	1.57	2.00
421	0.55	3.28	1.56	2.00
422	0.55	3.28	1.58	2.00
423	0.55	3.28	1.59	2.00
424	0.55	3.27	1.60	2.00
425	0.55	3.27	1.60	1.00
426	0.55	3.27	1.61	1.00
427	0.55	3.27	1.62	1.00
428	0.56	3.26	1.63	1.00
429	0.56	3.26	1.63	1.00
430	0.56	3.25	1.64	1.00
431	0.56	3.25	1.64	3.00
432	0.57	3.25	1.64	3.00
433	0.58	3.25	1.64	3.00
434	0.58	3.24	1.65	3.00
435	0.58	3.23	1.65	3.00
436	0.59	3.23	1.66	3.00
437	0.59	3.22	1.67	1.00
438	0.60	3.20	1.68	1.00
439	0.61	3.19	1.69	1.00
440	0.61	3.17	1.71	1.00
441	0.62	3.15	1.73	1.00
442	0.62	3.14	1.73	1.00
443	0.62	3.13	1.73	2.00
444	0.62	3.11	1.73	2.00
445	0.62	3.10	1.73	2.00
446	0.62	3.09	1.73	2.00
447	0.62	3.08	1.73	2.00
448	0.62	3.07	1.73	2.00
449	0.63	3.07	1.74	2.00
450	0.63	3.06	1.73	2.00
451	0.63	3.06	1.73	4.00
452	0.63	3.05	1.72	4.00
453	0.63	3.05	1.72	4.00
454	0.63	3.05	1.71	4.00
455	0.64	3.06	1.70	4.00
456	0.64	3.06	1.70	4.00
457	0.64	3.07	1.69	4.00
458	0.63	3.02	1.69	4.00
459	0.62	2.96	1.69	1.00
460	0.61	2.92	1.69	1.00
461	0.60	2.88	1.69	1.00
462	0.59	2.83	1.69	1.00
463	0.59	2.78	1.70	1.00
464	0.59	2.74	1.70	1.00
465	0.58	2.71	1.71	1.00
466	0.59	2.69	1.71	1.00
467	0.60	2.67	1.72	2.00
468	0.61	2.67	1.71	2.00
469	0.62	2.67	1.70	2.00
Target 10 (frames from 401 to 469)
Bounding Boxes (frame, x, y, width, height)
401	111	99	116	232
402	110	99	116	233
403	110	99	117	235
404	109	98	118	237
405	108	98	119	238
406	108	97	120	240
407	107	96	121	242
408	106	95	122	244
409	105	94	123	246
410	104	93	124	248
411	103	90	126	252
412	101	87	128	256
413	100	85	129	258
414	99	83	130	261
415	98	81	131	262
416	97	80	131	263
417	97	78	131	262
418	96	78	131	262
419	95	78	130	260
420	94	79	129	258
421	94	81	127	255
422	94	83	126	252
423	94	85	125	250
424	93	86	124	249
425	93	87	124	248
426	92	89	123	247
427	92	90	123	247
428	91	91	123	246
429	91	92	123	246
430	91	93	122	245
431	91	94	122	245
432	91	94	122	244
433	92	95	122	244
434	92	94	122	244
435	92	94	122	244
436	92	93	122	244
437	93	93	122	245
438	93	92	122	245
439	93	91	123	246
440	94	91	123	246
441	94	90	123	247
442	95	89	123	247
443	95	89	124	248
444	96	88	124	248
445	97	88	124	248
446	98	87	124	249
447	98	87	124	249
448	99	88	124	249
449	99	88	124	249
450	100	88	124	248
451	100	88	124	248
452	100	88	124	248
453	100	88	123	247
454	100	89	123	247
455	100	89	123	246
456	100	89	122	245
457	100	88	122	245
458	99	88	122	245
459	100	87	123	246
460	100	87	123	247
461	100	86	124	248
462	100	85	124	249
463	101	84	125	251
464	101	84	126	253
465	102	83	127	255
466	102	81	128	257
467	103	80	130	260
468	103	79	131	263
469	104	78	133	266
3D Trajetory (frame, x, z, height, pose)
401	-1.39	3.15	1.55	4.00
402	-1.39	3.14	1.54	4.00
403	-1.38	3.13	1.52	4.00
404	-1.38	3.13	1.51	4.00
405	-1.37	3.12	1.50	4.00
406	-1.37	3.12	1.51	4.00
407	-1.36	3.11	1.51	4.00
408	-1.36	3.09	1.51	4.00
409	-1.36	3.07	1.51	4.00
410	-1.36	3.06	1.53	4.00
411	-1.35	3.05	1.54	4.00
412	-1.35	3.03	1.59	4.00
413	-1.35	3.00	1.64	4.00
414	-1.35	2.98	1.65	4.00
415	-1.34	2.96	1.66	4.00
416	-1.35	2.98	1.64	4.00
417	-1.36	3.00	1.62	4.00
418	-1.37	3.02	1.61	4.00
419	-1.38	3.04	1.60	4.00
420	-1.39	3.04	1.58	4.00
421	-1.40	3.03	1.57	4.00
422	-1.40	3.04	1.57	4.00
423	-1.40	3.04	1.57	4.00
424	-1.41	3.05	1.57	4.00
425	-1.42	3.06	1.57	4.00
426	-1.42	3.06	1.56	4.00
427	-1.42	3.07	1.56	4.00
428	-1.42	3.08	1.55	4.00
429	-1.42	3.09	1.55	4.00
430	-1.42	3.10	1.55	4.00
431	-1.42	3.11	1.56	4.00
432	-1.41	3.11	1.55	4.00
433	-1.40	3.12	1.55	4.00
434	-1.39	3.12	1.55	4.00
435	-1.38	3.12	1.56	4.00
436	-1.38	3.12	1.55	4.00
437	-1.37	3.12	1.55	4.00
438	-1.37	3.12	1.56	4.00
439	-1.36	3.13	1.57	4.00
440	-1.36	3.13	1.57	4.00
441	-1.36	3.13	1.57	4.00
442	-1.35	3.13	1.57	4.00
443	-1.35	3.13	1.58	4.00
444	-1.34	3.13	1.58	4.00
445	-1.34	3.12	1.58	4.00
446	-1.34	3.12	1.58	4.00
447	-1.33	3.13	1.58	4.00
448	-1.33	3.13	1.58	4.00
449	-1.33	3.13	1.58	4.00
450	-1.33	3.13	1.58	4.00
451	-1.33	3.13	1.58	4.00
452	-1.34	3.13	1.58	4.00
453	-1.34	3.14	1.59	4.00
454	-1.34	3.14	1.58	4.00
455	-1.34	3.14	1.57	4.00
456	-1.33	3.14	1.57	4.00
457	-1.33	3.13	1.57	4.00
458	-1.33	3.13	1.57	4.00
459	-1.34	3.13	1.57	4.00
460	-1.34	3.13	1.56	4.00
461	-1.34	3.12	1.56	4.00
462	-1.33	3.12	1.57	4.00
463	-1.33	3.11	1.58	4.00
464	-1.30	3.08	1.59	4.00
465	-1.28	3.05	1.60	4.00
466	-1.26	3.02	1.61	4.00
467	-1.24	2.99	1.62	4.00
468	-1.25	3.00	1.61	4.00
469	-1.26	3.00	1.60	4.00
Target 11 (frames from 415 to 463)
Bounding Boxes (frame, x, y, width, height)
415	378	96	37	75
416	379	95	37	75
417	379	94	37	75
418	380	94	37	75
419	380	93	38	76
420	380	93	38	76
421	380	92	38	76
422	380	92	38	76
423	380	92	38	76
424	379	92	38	77
425	379	92	38	77
426	379	92	39	78
427	378	92	39	78
428	378	93	39	79
429	377	93	39	79
430	376	94	39	79
431	376	94	39	79
432	375	94	40	80
433	375	94	40	80
434	374	94	40	80
435	374	94	40	80
436	374	94	40	80
437	375	94	40	80
438	375	94	40	80
439	376	94	40	80
440	376	94	40	80
441	377	94	40	80
442	378	94	39	79
443	378	94	39	79
444	379	94	39	79
445	380	94	39	79
446	380	94	39	79
447	381	94	39	79
448	381	94	39	79
449	382	94	39	79
450	382	94	39	79
451	382	94	39	79
452	382	94	39	79
453	382	93	39	79
454	382	93	39	79
455	382	93	39	79
456	382	92	39	79
457	382	92	39	79
458	382	92	39	79
459	381	91	39	79
460	381	91	39	79
461	381	90	39	79
462	381	90	40	80
463	381	89	40	80
3D Trajetory (frame, x, z, height, pose)
415	0.36	11.87	1.81	2.00
416	0.36	11.88	1.81	2.00
417	0.36	11.89	1.80	2.00
418	0.36	11.85	1.79	2.00
419	0.36	11.82	1.77	2.00
420	0.38	11.77	1.79	2.00
421	0.39	11.72	1.80	2.00
422	0.41	11.77	1.82	2.00
423	0.42	11.83	1.84	2.00
424	0.44	11.83	1.83	2.00
425	0.46	11.83	1.82	2.00
426	0.45	11.78	1.84	2.00
427	0.44	11.74	1.85	2.00
428	0.45	11.73	1.86	2.00
429	0.46	11.72	1.86	2.00
430	0.46	11.71	1.87	2.00
431	0.46	11.69	1.88	2.00
432	0.47	11.69	1.88	2.00
433	0.48	11.69	1.89	2.00
434	0.52	11.69	1.89	2.00
435	0.55	11.69	1.89	2.00
436	0.56	11.70	1.89	2.00
437	0.57	11.71	1.89	2.00
438	0.59	11.71	1.88	2.00
439	0.62	11.72	1.88	2.00
440	0.63	11.72	1.88	2.00
441	0.64	11.72	1.88	2.00
442	0.66	11.75	1.88	2.00
443	0.69	11.78	1.89	2.00
444	0.69	11.77	1.89	2.00
445	0.69	11.77	1.89	1.00
446	0.70	11.77	1.89	1.00
447	0.71	11.76	1.89	2.00
448	0.71	11.80	1.88	2.00
449	0.71	11.84	1.88	2.00
450	0.71	11.84	1.89	2.00
451	0.72	11.83	1.90	2.00
452	0.71	11.86	1.90	2.00
453	0.70	11.88	1.89	3.00
454	0.70	11.90	1.90	3.00
455	0.70	11.92	1.90	3.00
456	0.70	11.93	1.90	3.00
457	0.71	11.95	1.91	2.00
458	0.71	11.97	1.91	2.00
459	0.71	11.99	1.92	2.00
460	0.72	12.00	1.93	2.00
461	0.72	12.01	1.93	3.00
462	0.71	12.03	1.93	3.00
463	0.71	12.05	1.93	3.00
Target 12 (frames from 441 to 469)
Bounding Boxes (frame, x, y, width, height)
441	556	75	170	340
442	552	73	170	340
443	548	72	170	340
444	543	70	170	341
445	538	69	170	341
446	532	67	171	342
447	526	66	171	342
448	519	64	171	343
449	512	63	171	343
450	505	62	171	343
451	496	61	172	344
452	488	60	172	344
453	479	59	172	344
454	469	58	171	343
455	460	57	172	344
456	450	55	172	345
457	441	53	173	346
458	432	51	174	348
459	424	49	175	350
460	416	47	176	353
461	407	46	177	355
462	399	45	178	356
463	391	44	179	358
464	383	43	179	359
465	375	42	180	361
466	367	42	181	363
467	359	41	182	364
468	351	41	183	366
469	344	41	183	367
3D Trajetory (frame, x, z, height, pose)
441	1.25	2.33	1.59	3.00
442	1.26	2.38	1.60	3.00
443	1.27	2.43	1.61	3.00
444	1.24	2.42	1.63	3.00
445	1.22	2.40	1.66	1.00
446	1.19	2.40	1.66	1.00
447	1.17	2.39	1.65	3.00
448	1.13	2.40	1.66	3.00
449	1.10	2.40	1.67	3.00
450	1.06	2.42	1.67	3.00
451	1.02	2.44	1.67	3.00
452	0.99	2.47	1.67	3.00
453	0.96	2.49	1.68	3.00
454	0.90	2.48	1.69	3.00
455	0.84	2.46	1.69	3.00
456	0.80	2.46	1.70	3.00
457	0.77	2.45	1.71	3.00
458	0.73	2.45	1.71	3.00
459	0.69	2.45	1.72	1.00
460	0.65	2.44	1.72	1.00
461	0.60	2.44	1.73	1.00
462	0.56	2.42	1.73	1.00
463	0.52	2.41	1.73	2.00
464	0.49	2.40	1.74	2.00
465	0.46	2.39	1.75	2.00
466	0.41	2.39	1.75	2.00
467	0.37	2.39	1.75	3.00
468	0.32	2.39	1.74	3.00
469	0.28	2.39	1.73	3.00
