Total frames 650
Number of Targets 14
Target 1 (frames from 1 to 73)
Bounding Boxes (frame, x, y, width, height)
1	167	115	131	263
2	174	117	130	261
3	181	119	129	258
4	188	121	128	256
5	195	123	127	254
6	203	125	126	252
7	211	126	125	251
8	219	127	124	249
9	227	128	123	247
10	236	129	123	246
11	246	130	122	245
12	257	130	122	244
13	267	130	121	243
14	277	131	121	242
15	286	131	120	241
16	294	131	120	240
17	302	131	120	240
18	309	132	119	239
19	316	132	119	239
20	323	133	119	238
21	331	133	118	237
22	338	133	118	237
23	345	134	118	236
24	353	133	118	236
25	360	133	118	236
26	367	132	119	238
27	374	130	120	240
28	381	128	121	243
29	388	125	123	246
30	395	123	124	249
31	401	121	126	253
32	409	119	127	255
33	416	118	129	258
34	423	117	130	260
35	431	117	130	260
36	440	118	130	260
37	448	120	129	258
38	457	122	128	257
39	465	123	127	255
40	474	125	126	253
41	483	127	125	251
42	491	128	125	250
43	499	129	124	249
44	507	130	124	248
45	514	130	124	248
46	521	130	124	248
47	529	130	124	248
48	536	131	124	248
49	544	132	123	247
50	551	134	123	246
51	559	135	122	245
52	567	136	121	243
53	575	138	120	241
54	583	140	119	239
55	590	141	119	238
56	598	142	118	236
57	605	143	117	235
58	612	145	116	233
59	619	145	116	232
60	626	146	115	231
61	633	146	115	230
62	639	146	115	230
63	646	146	114	229
64	653	147	114	228
65	659	147	114	228
66	666	147	113	227
67	672	147	113	226
68	679	147	112	225
69	685	146	112	225
70	691	146	112	224
71	698	146	111	223
72	704	146	111	222
73	710	145	110	221
3D Trajetory (frame, x, z, height, pose)
1	-1.05	3.39	1.79	1.00
2	-1.03	3.40	1.77	1.00
3	-1.00	3.37	1.72	1.00
4	-1.00	3.38	1.72	1.00
5	-0.95	3.37	1.71	3.00
6	-0.92	3.35	1.71	3.00
7	-0.88	3.35	1.70	3.00
8	-0.84	3.37	1.70	3.00
9	-0.75	3.41	1.70	3.00
10	-0.66	3.44	1.70	1.00
11	-0.60	3.47	1.70	1.00
12	-0.53	3.50	1.70	1.00
13	-0.49	3.51	1.68	1.00
14	-0.42	3.51	1.69	1.00
15	-0.37	3.52	1.69	1.00
16	-0.30	3.48	1.70	1.00
17	-0.25	3.50	1.71	1.00
18	-0.21	3.55	1.70	1.00
19	-0.16	3.55	1.70	1.00
20	-0.13	3.54	1.70	1.00
21	-0.08	3.55	1.70	1.00
22	-0.03	3.57	1.69	1.00
23	0.01	3.57	1.69	1.00
24	0.07	3.57	1.69	1.00
25	0.14	3.59	1.69	1.00
26	0.20	3.59	1.69	1.00
27	0.25	3.59	1.71	1.00
28	0.29	3.57	1.72	1.00
29	0.35	3.57	1.73	1.00
30	0.40	3.53	1.74	1.00
31	0.43	3.49	1.77	1.00
32	0.49	3.44	1.78	1.00
33	0.54	3.40	1.79	1.00
34	0.58	3.39	1.78	1.00
35	0.63	3.39	1.78	1.00
36	0.68	3.39	1.78	1.00
37	0.75	3.40	1.77	1.00
38	0.81	3.41	1.74	1.00
39	0.87	3.40	1.73	1.00
40	0.93	3.41	1.72	1.00
41	0.99	3.45	1.72	1.00
42	1.04	3.49	1.70	1.00
43	1.10	3.47	1.69	1.00
44	1.15	3.45	1.70	1.00
45	1.20	3.44	1.72	1.00
46	1.24	3.41	1.71	1.00
47	1.29	3.41	1.71	1.00
48	1.33	3.41	1.70	1.00
49	1.38	3.41	1.70	1.00
50	1.41	3.41	1.70	1.00
51	1.47	3.41	1.68	1.00
52	1.53	3.42	1.67	1.00
53	1.59	3.43	1.65	1.00
54	1.64	3.45	1.62	1.00
55	1.69	3.45	1.61	1.00
56	1.76	3.47	1.61	1.00
57	1.81	3.49	1.62	1.00
58	1.86	3.48	1.64	1.00
59	1.90	3.49	1.64	1.00
60	1.97	3.50	1.63	1.00
61	2.01	3.50	1.61	1.00
62	2.05	3.52	1.62	1.00
63	2.09	3.53	1.62	1.00
64	2.16	3.56	1.60	1.00
65	2.25	3.60	1.61	1.00
66	2.30	3.60	1.62	1.00
67	2.36	3.62	1.63	1.00
68	2.41	3.63	1.63	1.00
69	2.47	3.67	1.65	1.00
70	2.54	3.71	1.65	1.00
71	2.58	3.73	1.66	1.00
72	2.64	3.74	1.66	1.00
73	2.68	3.75	1.65	1.00
Target 2 (frames from 2 to 101)
Bounding Boxes (frame, x, y, width, height)
2	21	117	139	279
3	27	120	137	275
4	32	123	135	271
5	38	126	133	266
6	44	128	131	263
7	50	131	129	259
8	57	133	127	255
9	64	136	126	252
10	72	138	124	249
11	80	140	123	246
12	87	141	122	245
13	94	142	122	245
14	103	143	121	243
15	113	145	120	240
16	123	147	118	237
17	133	148	117	234
18	143	149	115	231
19	154	150	114	229
20	164	151	113	226
21	173	151	112	225
22	181	151	112	224
23	189	151	111	223
24	195	149	112	224
25	201	148	112	225
26	206	146	113	226
27	212	145	114	228
28	219	143	115	230
29	226	141	116	233
30	233	139	117	235
31	241	137	118	237
32	250	136	119	239
33	259	135	120	241
34	268	134	121	243
35	278	133	123	246
36	287	133	123	247
37	297	133	124	248
38	306	133	124	249
39	315	134	124	249
40	324	135	124	248
41	332	136	124	248
42	340	136	124	248
43	348	137	124	248
44	355	137	124	248
45	362	137	123	247
46	369	138	123	246
47	376	138	122	245
48	383	139	122	244
49	390	139	122	244
50	397	139	122	245
51	403	139	122	245
52	410	139	122	245
53	416	139	123	246
54	422	140	122	245
55	428	140	122	245
56	435	140	123	246
57	441	141	123	246
58	449	141	123	247
59	456	141	123	247
60	463	141	124	248
61	471	141	124	249
62	478	141	125	250
63	486	141	125	250
64	494	141	125	251
65	501	140	126	252
66	508	139	127	254
67	514	138	128	256
68	521	137	128	257
69	527	137	128	257
70	533	138	128	257
71	539	140	127	255
72	545	141	126	253
73	551	143	125	251
74	557	145	124	249
75	563	147	123	247
76	569	150	122	244
77	575	152	120	241
78	582	153	119	239
79	589	155	118	236
80	596	156	116	233
81	603	157	115	230
82	610	158	114	228
83	618	158	113	226
84	625	158	112	224
85	632	158	111	222
86	640	159	110	220
87	647	159	109	218
88	654	160	108	216
89	661	160	107	215
90	668	161	107	214
91	674	161	106	213
92	680	162	106	212
93	685	162	105	211
94	690	162	105	210
95	695	162	104	209
96	699	163	104	208
97	703	163	103	207
98	707	163	103	206
99	711	163	102	205
100	714	163	102	204
101	717	163	101	203
3D Trajetory (frame, x, z, height, pose)
2	-1.78	2.88	1.67	1.00
3	-1.71	2.82	1.65	1.00
4	-1.85	3.16	1.65	1.00
5	-1.84	3.23	1.61	3.00
6	-1.82	3.24	1.62	1.00
7	-1.80	3.28	1.63	1.00
8	-1.76	3.26	1.62	1.00
9	-1.71	3.25	1.61	1.00
10	-1.65	3.15	1.58	3.00
11	-1.60	3.12	1.59	3.00
12	-1.58	3.12	1.57	3.00
13	-1.55	3.14	1.56	1.00
14	-1.52	3.14	1.57	1.00
15	-1.48	3.18	1.54	1.00
16	-1.41	3.25	1.52	1.00
17	-1.34	3.31	1.51	1.00
18	-1.29	3.33	1.54	1.00
19	-1.24	3.36	1.54	1.00
20	-1.20	3.40	1.54	1.00
21	-1.16	3.45	1.53	1.00
22	-1.13	3.49	1.54	1.00
23	-1.09	3.47	1.57	1.00
24	-1.03	3.45	1.59	1.00
25	-1.00	3.47	1.58	3.00
26	-0.97	3.48	1.57	3.00
27	-0.93	3.51	1.59	3.00
28	-0.88	3.50	1.60	3.00
29	-0.82	3.49	1.61	3.00
30	-0.77	3.49	1.62	3.00
31	-0.70	3.46	1.64	3.00
32	-0.65	3.42	1.67	3.00
33	-0.57	3.41	1.68	3.00
34	-0.50	3.40	1.68	3.00
35	-0.42	3.40	1.67	3.00
36	-0.35	3.39	1.67	1.00
37	-0.29	3.36	1.66	1.00
38	-0.22	3.33	1.64	1.00
39	-0.15	3.29	1.64	1.00
40	-0.09	3.27	1.64	1.00
41	-0.05	3.27	1.64	1.00
42	-0.01	3.27	1.64	1.00
43	0.03	3.27	1.62	1.00
44	0.09	3.33	1.63	1.00
45	0.14	3.33	1.63	1.00
46	0.19	3.32	1.63	1.00
47	0.23	3.31	1.64	1.00
48	0.29	3.31	1.64	3.00
49	0.32	3.31	1.63	1.00
50	0.38	3.32	1.63	1.00
51	0.41	3.32	1.63	1.00
52	0.43	3.33	1.62	1.00
53	0.49	3.32	1.60	1.00
54	0.54	3.29	1.60	1.00
55	0.58	3.27	1.62	1.00
56	0.60	3.26	1.64	1.00
57	0.64	3.26	1.63	1.00
58	0.69	3.27	1.62	1.00
59	0.73	3.26	1.60	1.00
60	0.77	3.25	1.60	1.00
61	0.83	3.24	1.59	1.00
62	0.89	3.22	1.60	1.00
63	0.94	3.19	1.60	1.00
64	0.99	3.18	1.60	1.00
65	1.03	3.16	1.58	1.00
66	1.07	3.15	1.59	1.00
67	1.10	3.14	1.60	1.00
68	1.13	3.14	1.60	1.00
69	1.17	3.13	1.61	1.00
70	1.20	3.14	1.62	1.00
71	1.24	3.13	1.61	1.00
72	1.27	3.12	1.61	1.00
73	1.30	3.13	1.61	1.00
74	1.35	3.13	1.56	1.00
75	1.39	3.14	1.53	1.00
76	1.43	3.15	1.50	1.00
77	1.47	3.16	1.48	1.00
78	1.50	3.18	1.48	1.00
79	1.53	3.17	1.48	1.00
80	1.56	3.18	1.51	1.00
81	1.63	3.24	1.51	1.00
82	1.72	3.31	1.53	1.00
83	1.82	3.39	1.53	1.00
84	1.89	3.42	1.53	1.00
85	1.96	3.46	1.52	1.00
86	2.00	3.47	1.51	1.00
87	2.06	3.50	1.51	1.00
88	2.12	3.52	1.49	1.00
89	2.17	3.55	1.49	1.00
90	2.21	3.56	1.50	1.00
91	2.26	3.58	1.51	1.00
92	2.31	3.58	1.53	1.00
93	2.36	3.58	1.53	1.00
94	2.41	3.61	1.53	1.00
95	2.46	3.62	1.53	1.00
96	2.53	3.67	1.50	1.00
97	2.57	3.69	1.51	1.00
98	2.62	3.72	1.51	1.00
99	2.66	3.75	1.52	1.00
100	2.69	3.78	1.52	1.00
101	2.75	3.81	1.54	1.00
Target 3 (frames from 17 to 128)
Bounding Boxes (frame, x, y, width, height)
17	105	145	108	216
18	112	146	106	213
19	119	148	105	211
20	126	149	104	209
21	132	150	103	207
22	139	151	103	206
23	146	152	102	204
24	152	153	101	203
25	159	153	101	202
26	165	154	100	201
27	171	154	99	199
28	178	154	99	198
29	183	154	99	198
30	189	153	99	199
31	195	152	99	199
32	201	152	99	199
33	207	152	99	199
34	214	151	99	199
35	220	151	99	199
36	226	151	99	199
37	231	151	99	199
38	237	151	99	199
39	243	151	99	199
40	248	150	99	199
41	254	150	99	199
42	259	150	99	199
43	264	150	99	199
44	270	150	99	199
45	275	149	100	200
46	281	149	100	200
47	286	148	100	201
48	291	148	100	201
49	297	148	101	202
50	302	147	101	202
51	307	147	101	203
52	312	146	101	203
53	317	146	102	204
54	323	146	102	204
55	329	146	102	204
56	335	146	102	204
57	342	147	101	203
58	349	148	101	203
59	355	149	101	202
60	362	150	100	201
61	368	151	100	200
62	375	151	100	200
63	380	152	100	200
64	386	152	100	200
65	392	152	100	200
66	396	152	100	200
67	401	152	100	200
68	405	152	100	201
69	409	151	101	202
70	413	151	101	202
71	418	150	101	203
72	424	150	102	204
73	431	149	102	205
74	437	149	103	206
75	444	148	103	207
76	451	148	104	208
77	458	148	104	208
78	465	148	104	209
79	471	148	104	209
80	478	147	104	209
81	484	147	105	210
82	490	147	105	210
83	496	147	105	211
84	502	146	105	211
85	508	146	106	212
86	514	146	106	212
87	519	145	106	213
88	525	145	106	213
89	532	144	107	214
90	538	144	107	215
91	544	144	107	215
92	550	144	107	215
93	555	143	107	215
94	561	143	107	215
95	566	143	107	215
96	570	143	107	215
97	575	144	107	214
98	580	144	106	213
99	585	145	106	212
100	589	145	105	211
101	595	145	105	210
102	600	146	104	208
103	606	147	103	207
104	612	148	103	206
105	618	148	102	204
106	624	149	101	203
107	629	149	101	203
108	635	149	101	202
109	640	148	101	202
110	645	147	101	203
111	650	146	101	203
112	654	145	102	204
113	658	144	102	204
114	662	144	102	205
115	667	144	102	205
116	671	144	102	204
117	676	144	101	203
118	680	145	101	202
119	686	146	100	200
120	690	147	99	199
121	695	148	98	197
122	700	150	97	195
123	705	151	96	192
124	710	153	94	189
125	715	155	93	186
126	720	157	91	183
127	725	159	89	179
128	730	162	88	176
3D Trajetory (frame, x, z, height, pose)
17	-1.92	3.97	1.63	1.00
18	-1.83	3.88	1.65	1.00
19	-1.72	3.73	1.65	1.00
20	-1.64	3.73	1.64	1.00
21	-1.62	3.83	1.62	1.00
22	-1.64	3.90	1.59	1.00
23	-1.59	3.94	1.60	1.00
24	-1.55	3.98	1.61	1.00
25	-1.53	4.02	1.60	1.00
26	-1.51	4.04	1.59	1.00
27	-1.47	4.06	1.60	1.00
28	-1.42	4.06	1.62	1.00
29	-1.38	4.08	1.64	1.00
30	-1.33	4.11	1.64	1.00
31	-1.28	4.08	1.65	1.00
32	-1.23	4.09	1.66	1.00
33	-1.19	4.11	1.65	1.00
34	-1.13	4.12	1.65	1.00
35	-1.09	4.14	1.66	1.00
36	-1.06	4.15	1.66	1.00
37	-1.03	4.20	1.66	1.00
38	-0.98	4.24	1.67	1.00
39	-0.92	4.24	1.68	1.00
40	-0.88	4.24	1.69	1.00
41	-0.84	4.23	1.70	1.00
42	-0.80	4.23	1.72	1.00
43	-0.76	4.23	1.71	1.00
44	-0.71	4.25	1.71	1.00
45	-0.65	4.25	1.70	1.00
46	-0.61	4.25	1.70	1.00
47	-0.57	4.25	1.70	1.00
48	-0.52	4.26	1.70	1.00
49	-0.47	4.26	1.70	1.00
50	-0.43	4.26	1.72	1.00
51	-0.39	4.25	1.73	1.00
52	-0.34	4.25	1.74	1.00
53	-0.29	4.23	1.76	1.00
54	-0.24	4.22	1.74	1.00
55	-0.20	4.21	1.74	1.00
56	-0.16	4.23	1.73	1.00
57	-0.11	4.25	1.73	1.00
58	-0.06	4.25	1.72	1.00
59	0.01	4.25	1.71	1.00
60	0.09	4.24	1.71	1.00
61	0.15	4.23	1.68	1.00
62	0.20	4.22	1.68	1.00
63	0.27	4.21	1.69	1.00
64	0.30	4.22	1.69	1.00
65	0.34	4.20	1.69	1.00
66	0.36	4.20	1.68	1.00
67	0.39	4.19	1.68	1.00
68	0.43	4.19	1.69	1.00
69	0.46	4.18	1.69	1.00
70	0.51	4.17	1.69	1.00
71	0.54	4.17	1.69	1.00
72	0.59	4.15	1.68	1.00
73	0.62	4.15	1.69	1.00
74	0.67	4.13	1.69	1.00
75	0.74	4.12	1.70	1.00
76	0.79	4.10	1.71	1.00
77	0.86	4.07	1.71	1.00
78	0.94	4.05	1.70	1.00
79	1.00	4.04	1.70	1.00
80	1.05	4.04	1.69	1.00
81	1.09	4.05	1.69	1.00
82	1.10	4.03	1.69	1.00
83	1.15	4.02	1.69	1.00
84	1.19	4.00	1.67	1.00
85	1.23	4.02	1.68	1.00
86	1.27	4.00	1.69	1.00
87	1.31	3.99	1.70	1.00
88	1.37	3.98	1.71	1.00
89	1.42	3.96	1.70	1.00
90	1.46	3.96	1.71	1.00
91	1.52	3.96	1.70	1.00
92	1.58	3.97	1.70	1.00
93	1.63	3.99	1.70	1.00
94	1.66	3.99	1.70	1.00
95	1.68	3.98	1.71	1.00
96	1.74	4.01	1.71	1.00
97	1.79	4.03	1.71	1.00
98	1.83	4.03	1.72	1.00
99	1.88	4.06	1.73	1.00
100	1.94	4.08	1.73	1.00
101	1.99	4.10	1.73	1.00
102	2.02	4.11	1.72	1.00
103	2.07	4.14	1.70	1.00
104	2.13	4.15	1.68	1.00
105	2.20	4.17	1.68	1.00
106	2.26	4.18	1.69	1.00
107	2.32	4.20	1.69	1.00
108	2.37	4.21	1.70	1.00
109	2.43	4.23	1.70	1.00
110	2.48	4.24	1.70	1.00
111	2.53	4.26	1.73	1.00
112	2.57	4.29	1.74	1.00
113	2.61	4.31	1.75	1.00
114	2.66	4.32	1.77	1.00
115	2.70	4.33	1.78	1.00
116	2.74	4.34	1.76	1.00
117	2.77	4.35	1.75	1.00
118	2.80	4.36	1.76	1.00
119	2.85	4.37	1.76	1.00
120	2.91	4.39	1.72	1.00
121	2.99	4.43	1.71	1.00
122	3.05	4.45	1.72	1.00
123	3.11	4.50	1.70	1.00
124	3.17	4.54	1.68	1.00
125	3.23	4.57	1.68	1.00
126	3.29	4.60	1.70	1.00
127	3.38	4.67	1.68	1.00
128	3.49	4.82	1.67	1.00
Target 4 (frames from 34 to 168)
Bounding Boxes (frame, x, y, width, height)
34	-11	155	80	160
35	-8	154	80	161
36	-5	154	81	162
37	-2	153	81	163
38	1	152	82	165
39	4	151	83	166
40	7	150	84	168
41	11	148	85	170
42	14	147	86	172
43	18	145	87	174
44	21	143	88	177
45	24	141	90	180
46	28	138	91	183
47	32	136	93	186
48	36	134	94	189
49	41	133	95	191
50	46	132	96	193
51	51	131	97	194
52	57	130	98	196
53	63	130	98	197
54	68	130	98	197
55	74	130	99	198
56	81	131	99	198
57	87	132	98	197
58	92	133	98	197
59	97	133	99	198
60	102	133	99	198
61	106	133	99	199
62	110	133	100	200
63	114	133	100	201
64	119	134	101	202
65	123	134	101	202
66	128	134	101	203
67	134	135	101	203
68	139	136	101	203
69	145	137	101	202
70	151	138	101	202
71	157	140	100	201
72	163	141	100	200
73	169	143	100	200
74	175	144	99	199
75	181	145	99	198
76	186	146	99	198
77	190	147	99	198
78	194	147	99	199
79	199	147	99	199
80	203	147	100	200
81	207	147	100	200
82	212	146	100	201
83	218	146	100	201
84	223	146	100	201
85	229	147	100	201
86	234	147	100	201
87	240	147	100	201
88	245	148	100	201
89	250	148	100	200
90	255	149	100	200
91	260	149	99	199
92	265	149	99	199
93	269	148	100	200
94	274	148	100	200
95	278	148	100	201
96	283	148	100	201
97	288	148	100	201
98	293	148	100	201
99	298	148	100	201
100	304	149	100	200
101	310	149	99	199
102	316	150	99	198
103	322	150	99	198
104	328	151	98	197
105	333	151	98	197
106	339	151	98	196
107	344	151	98	196
108	349	150	98	196
109	353	150	98	196
110	358	149	98	196
111	362	149	98	196
112	365	149	98	196
113	369	148	98	197
114	374	147	98	197
115	378	146	99	198
116	383	145	99	198
117	388	144	99	199
118	394	143	100	200
119	399	142	101	202
120	405	140	101	203
121	411	139	102	205
122	417	137	103	207
123	423	136	104	209
124	429	134	105	211
125	434	133	106	213
126	440	132	107	215
127	445	132	108	216
128	449	133	108	217
129	454	133	108	217
130	459	133	109	219
131	464	133	110	220
132	470	134	110	220
133	476	135	110	220
134	482	136	110	220
135	489	136	110	220
136	495	137	110	220
137	502	137	110	220
138	509	138	110	220
139	516	138	109	219
140	523	138	109	218
141	529	139	108	217
142	535	139	108	217
143	540	139	108	216
144	545	139	108	216
145	551	139	108	216
146	556	138	108	216
147	563	138	108	217
148	569	137	108	217
149	576	137	108	217
150	582	137	108	217
151	590	136	109	218
152	597	136	109	218
153	605	135	109	219
154	612	135	109	219
155	620	135	109	219
156	627	135	109	219
157	633	134	110	220
158	639	133	110	220
159	644	132	110	221
160	650	132	110	221
161	655	131	110	221
162	661	131	111	222
163	666	130	111	222
164	671	129	111	222
165	676	129	111	222
166	680	128	111	222
167	685	127	111	222
168	689	126	111	223
3D Trajetory (frame, x, z, height, pose)
34	-4.55	6.07	1.90	1.00
35	-4.32	5.81	1.92	1.00
36	-4.15	5.61	1.91	3.00
37	-4.17	5.71	1.86	3.00
38	-4.10	5.72	1.86	3.00
39	-4.06	5.69	1.87	2.00
40	-4.02	5.67	1.91	2.00
41	-3.98	5.67	1.93	2.00
42	-3.93	5.64	1.97	2.00
43	-3.87	5.63	1.99	4.00
44	-3.82	5.61	2.00	4.00
45	-3.76	5.62	2.01	4.00
46	-3.66	5.56	2.02	2.00
47	-3.57	5.50	2.05	3.00
48	-3.46	5.42	2.07	3.00
49	-3.36	5.35	2.07	1.00
50	-3.29	5.29	2.08	1.00
51	-3.22	5.26	2.09	1.00
52	-3.13	5.21	2.08	1.00
53	-3.05	5.19	2.06	3.00
54	-2.97	5.19	2.04	3.00
55	-2.89	5.15	2.04	3.00
56	-2.80	5.12	2.03	3.00
57	-2.72	5.09	2.01	2.00
58	-2.65	5.06	2.00	4.00
59	-2.58	5.03	2.00	4.00
60	-2.50	4.98	2.00	1.00
61	-2.44	4.95	1.98	1.00
62	-2.36	4.91	1.96	1.00
63	-2.30	4.87	1.96	1.00
64	-2.26	4.84	1.95	1.00
65	-2.21	4.79	1.95	1.00
66	-2.16	4.75	1.94	1.00
67	-2.10	4.72	1.94	1.00
68	-2.02	4.69	1.93	1.00
69	-1.94	4.66	1.89	1.00
70	-1.88	4.63	1.86	1.00
71	-1.79	4.59	1.85	1.00
72	-1.72	4.57	1.84	1.00
73	-1.65	4.55	1.83	1.00
74	-1.61	4.53	1.81	1.00
75	-1.57	4.50	1.78	1.00
76	-1.52	4.47	1.77	1.00
77	-1.47	4.44	1.78	1.00
78	-1.42	4.43	1.76	1.00
79	-1.38	4.42	1.74	1.00
80	-1.34	4.41	1.75	1.00
81	-1.29	4.38	1.76	1.00
82	-1.24	4.34	1.75	1.00
83	-1.18	4.32	1.76	1.00
84	-1.13	4.29	1.76	1.00
85	-1.08	4.27	1.75	1.00
86	-1.03	4.27	1.73	1.00
87	-0.99	4.27	1.71	1.00
88	-0.94	4.25	1.72	1.00
89	-0.89	4.28	1.71	1.00
90	-0.85	4.28	1.70	1.00
91	-0.81	4.28	1.70	1.00
92	-0.80	4.29	1.71	1.00
93	-0.75	4.29	1.71	1.00
94	-0.71	4.30	1.73	1.00
95	-0.66	4.30	1.73	1.00
96	-0.62	4.31	1.73	1.00
97	-0.58	4.30	1.74	1.00
98	-0.53	4.30	1.74	1.00
99	-0.47	4.28	1.75	1.00
100	-0.42	4.27	1.73	1.00
101	-0.38	4.29	1.71	1.00
102	-0.32	4.30	1.71	1.00
103	-0.27	4.30	1.70	1.00
104	-0.23	4.33	1.69	1.00
105	-0.19	4.35	1.69	1.00
106	-0.14	4.36	1.70	1.00
107	-0.08	4.35	1.71	1.00
108	-0.04	4.38	1.71	1.00
109	0.00	4.39	1.73	1.00
110	0.03	4.39	1.74	1.00
111	0.07	4.40	1.75	1.00
112	0.10	4.42	1.75	1.00
113	0.14	4.44	1.75	1.00
114	0.18	4.45	1.76	1.00
115	0.22	4.46	1.76	1.00
116	0.25	4.47	1.76	1.00
117	0.28	4.49	1.76	1.00
118	0.31	4.50	1.76	1.00
119	0.36	4.49	1.78	1.00
120	0.45	4.48	1.85	1.00
121	0.53	4.45	1.86	1.00
122	0.59	4.44	1.84	1.00
123	0.64	4.43	1.83	1.00
124	0.69	4.40	1.84	1.00
125	0.73	4.37	1.85	1.00
126	0.76	4.34	1.86	1.00
127	0.81	4.31	1.85	1.00
128	0.84	4.27	1.85	1.00
129	0.88	4.22	1.84	1.00
130	0.90	4.16	1.81	1.00
131	0.92	4.13	1.80	1.00
132	0.95	4.10	1.79	1.00
133	0.99	4.07	1.79	1.00
134	1.04	4.05	1.77	1.00
135	1.09	4.03	1.76	1.00
136	1.16	4.00	1.77	1.00
137	1.24	3.97	1.77	1.00
138	1.28	3.97	1.73	1.00
139	1.31	3.99	1.72	1.00
140	1.35	4.01	1.73	1.00
141	1.41	4.02	1.73	1.00
142	1.46	4.02	1.74	1.00
143	1.51	4.03	1.75	1.00
144	1.57	4.04	1.74	1.00
145	1.62	4.04	1.73	1.00
146	1.66	4.06	1.72	1.00
147	1.70	4.09	1.74	1.00
148	1.73	4.10	1.74	1.00
149	1.78	4.09	1.78	1.00
150	1.87	4.09	1.79	1.00
151	1.92	4.06	1.78	1.00
152	1.98	4.05	1.78	1.00
153	2.04	4.06	1.77	1.00
154	2.12	4.10	1.77	1.00
155	2.18	4.11	1.77	1.00
156	2.23	4.10	1.78	1.00
157	2.28	4.06	1.78	1.00
158	2.32	4.08	1.79	1.00
159	2.38	4.10	1.78	1.00
160	2.46	4.16	1.78	1.00
161	2.48	4.14	1.80	1.00
162	2.52	4.15	1.83	1.00
163	2.56	4.14	1.87	1.00
164	2.60	4.15	1.87	1.00
165	2.64	4.17	1.88	1.00
166	2.73	4.19	1.86	1.00
167	2.82	4.30	1.84	1.00
168	2.88	4.29	1.85	1.00
Target 5 (frames from 81 to 90)
Bounding Boxes (frame, x, y, width, height)
81	729	160	74	148
82	730	162	72	145
83	731	163	71	143
84	732	164	70	141
85	733	166	69	138
86	734	167	67	135
87	735	168	66	133
88	736	169	65	131
89	736	170	64	129
90	737	171	63	127
3D Trajetory (frame, x, z, height, pose)
81	4.75	6.60	1.93	4.00
82	4.77	6.62	1.92	4.00
83	4.80	6.67	1.89	4.00
84	4.81	6.68	1.90	4.00
85	4.88	6.78	1.88	4.00
86	4.98	6.92	1.86	4.00
87	5.09	7.07	1.84	3.00
88	5.11	7.12	1.83	3.00
89	5.14	7.18	1.83	3.00
90	5.18	7.22	1.85	3.00
Target 6 (frames from 103 to 112)
Bounding Boxes (frame, x, y, width, height)
103	709	171	62	124
104	709	170	63	126
105	709	169	63	127
106	709	168	64	128
107	710	168	64	129
108	709	168	64	129
109	709	168	64	129
110	709	168	64	128
111	710	169	64	128
112	710	170	63	127
3D Trajetory (frame, x, z, height, pose)
103	5.18	7.78	1.93	1.00
104	5.14	7.69	1.92	4.00
105	5.05	7.54	1.91	4.00
106	5.02	7.45	1.93	4.00
107	5.02	7.47	1.93	4.00
108	5.06	7.55	1.93	4.00
109	5.11	7.62	1.93	4.00
110	5.11	7.61	1.93	4.00
111	5.11	7.60	1.93	4.00
112	5.12	7.59	1.93	4.00
Target 7 (frames from 105 to 157)
Bounding Boxes (frame, x, y, width, height)
105	-12	135	126	253
106	-11	132	127	255
107	-10	128	128	257
108	-8	125	130	260
109	-6	121	131	263
110	-3	118	133	267
111	0	114	135	271
112	3	110	138	276
113	7	107	141	282
114	11	103	144	288
115	15	97	150	300
116	19	91	155	311
117	24	86	159	319
118	31	83	163	327
119	38	80	167	334
120	46	78	169	339
121	54	77	172	344
122	63	76	174	348
123	72	76	175	351
124	82	75	176	353
125	91	76	177	354
126	101	76	177	355
127	111	76	177	355
128	121	77	177	355
129	131	77	177	355
130	141	77	178	356
131	151	76	178	357
132	161	75	179	359
133	170	74	180	360
134	179	74	181	362
135	189	73	182	364
136	198	72	183	366
137	207	72	184	368
138	215	71	185	370
139	223	71	186	372
140	232	71	186	373
141	240	72	186	373
142	248	73	186	373
143	257	74	186	373
144	266	74	186	373
145	275	74	187	375
146	285	74	188	376
147	296	73	189	378
148	307	72	190	380
149	317	72	190	381
150	327	71	191	382
151	337	70	191	383
152	347	70	192	384
153	358	69	193	386
154	368	68	193	387
155	379	67	194	388
156	389	66	195	390
157	400	65	195	391
3D Trajetory (frame, x, z, height, pose)
105	-2.02	2.85	1.65	2.00
106	-2.36	3.31	1.73	2.00
107	-2.47	3.53	1.70	2.00
108	-2.39	3.45	1.69	2.00
109	-2.30	3.36	1.67	2.00
110	-2.26	3.36	1.71	2.00
111	-2.21	3.33	1.76	2.00
112	-2.15	3.24	1.79	1.00
113	-2.10	3.20	1.83	2.00
114	-2.04	3.15	1.85	1.00
115	-1.97	3.08	1.86	3.00
116	-1.85	3.00	1.86	3.00
117	-1.75	2.91	1.87	3.00
118	-1.66	2.84	1.87	3.00
119	-1.57	2.76	1.86	1.00
120	-1.49	2.69	1.87	1.00
121	-1.40	2.66	1.86	1.00
122	-1.33	2.63	1.84	1.00
123	-1.27	2.59	1.83	1.00
124	-1.22	2.57	1.82	1.00
125	-1.15	2.56	1.81	1.00
126	-1.09	2.55	1.80	1.00
127	-1.02	2.52	1.80	1.00
128	-1.00	2.52	1.79	1.00
129	-0.94	2.52	1.80	1.00
130	-0.89	2.52	1.79	1.00
131	-0.85	2.53	1.79	1.00
132	-0.78	2.51	1.79	1.00
133	-0.72	2.49	1.79	1.00
134	-0.66	2.46	1.80	1.00
135	-0.61	2.45	1.79	1.00
136	-0.56	2.43	1.78	1.00
137	-0.50	2.41	1.79	1.00
138	-0.47	2.40	1.78	1.00
139	-0.43	2.39	1.78	1.00
140	-0.39	2.36	1.77	1.00
141	-0.34	2.35	1.76	1.00
142	-0.30	2.34	1.75	1.00
143	-0.26	2.34	1.75	1.00
144	-0.22	2.34	1.74	1.00
145	-0.18	2.32	1.74	1.00
146	-0.13	2.33	1.73	1.00
147	-0.09	2.32	1.73	3.00
148	-0.03	2.32	1.73	3.00
149	0.02	2.30	1.73	3.00
150	0.08	2.27	1.74	3.00
151	0.14	2.26	1.76	1.00
152	0.19	2.24	1.76	1.00
153	0.23	2.23	1.75	1.00
154	0.28	2.26	1.75	1.00
155	0.32	2.27	1.76	1.00
156	0.36	2.29	1.77	1.00
157	0.37	2.29	1.75	1.00
Target 8 (frames from 129 to 152)
Bounding Boxes (frame, x, y, width, height)
129	696	168	63	127
130	696	169	63	126
131	696	169	62	125
132	696	170	62	124
133	696	171	61	123
134	695	171	61	122
135	695	171	61	122
136	695	172	60	121
137	695	172	60	120
138	694	172	60	120
139	694	172	59	119
140	693	171	59	119
141	692	171	59	118
142	692	171	59	118
143	691	170	59	118
144	690	170	59	118
145	690	170	59	118
146	689	170	59	118
147	689	169	59	118
148	688	169	59	118
149	688	169	59	118
150	687	169	59	119
151	687	169	59	119
152	686	169	59	119
3D Trajetory (frame, x, z, height, pose)
129	4.94	7.79	1.94	4.00
130	4.98	7.81	1.95	4.00
131	4.98	7.83	1.96	4.00
132	5.01	7.86	1.96	4.00
133	5.05	7.93	1.96	4.00
134	5.08	7.99	1.94	4.00
135	5.09	8.03	1.93	4.00
136	5.10	8.08	1.93	4.00
137	5.11	8.13	1.94	4.00
138	5.13	8.15	1.94	4.00
139	5.14	8.18	1.93	4.00
140	5.16	8.22	1.93	4.00
141	5.19	8.27	1.96	4.00
142	5.19	8.31	1.94	4.00
143	5.18	8.33	1.95	4.00
144	5.21	8.38	1.99	4.00
145	5.22	8.42	1.99	4.00
146	5.26	8.47	2.00	4.00
147	5.27	8.52	2.01	4.00
148	5.27	8.53	2.00	4.00
149	5.27	8.55	2.01	4.00
150	5.27	8.58	2.02	4.00
151	5.27	8.58	2.02	4.00
152	5.27	8.59	2.03	4.00
Target 9 (frames from 161 to 172)
Bounding Boxes (frame, x, y, width, height)
161	492	73	184	369
162	503	68	187	375
163	514	64	189	379
164	525	60	192	384
165	535	57	194	388
166	546	54	196	392
167	557	50	199	398
168	567	48	200	400
169	578	48	200	400
170	588	48	199	399
171	598	49	198	397
172	607	51	197	394
3D Trajetory (frame, x, z, height, pose)
161	0.86	2.37	1.76	1.00
162	0.86	2.37	1.77	1.00
163	1.00	2.47	1.81	1.00
164	1.02	2.39	1.83	1.00
165	1.06	2.37	1.83	1.00
166	1.09	2.37	1.83	1.00
167	1.14	2.35	1.84	1.00
168	1.20	2.34	1.85	1.00
169	1.24	2.32	1.86	1.00
170	1.29	2.30	1.86	1.00
171	1.33	2.34	1.85	1.00
172	1.42	2.41	1.84	1.00
Target 10 (frames from 212 to 336)
Bounding Boxes (frame, x, y, width, height)
212	615	182	50	101
213	614	181	51	103
214	612	180	52	104
215	611	180	52	105
216	610	179	53	106
217	608	178	53	106
218	607	178	53	106
219	605	178	53	106
220	604	178	53	106
221	602	179	53	106
222	600	179	52	105
223	599	180	52	104
224	597	181	51	102
225	595	183	50	101
226	592	184	50	100
227	590	185	49	98
228	588	186	48	97
229	585	187	48	96
230	583	187	47	95
231	581	188	47	95
232	580	188	47	94
233	579	188	47	94
234	578	188	47	94
235	577	188	47	94
236	576	188	47	95
237	575	188	47	95
238	573	188	48	96
239	571	188	48	96
240	569	188	48	97
241	567	187	48	97
242	564	187	48	97
243	561	187	48	97
244	558	187	48	97
245	556	187	48	97
246	553	188	48	97
247	550	188	48	96
248	548	189	48	96
249	546	189	47	95
250	543	190	47	95
251	542	190	47	94
252	540	191	47	94
253	539	191	46	93
254	538	192	46	93
255	536	192	46	93
256	535	192	46	93
257	533	193	46	93
258	532	193	46	93
259	530	193	46	93
260	529	193	46	93
261	527	193	46	93
262	525	193	46	93
263	524	192	46	93
264	523	192	47	94
265	521	192	47	94
266	520	191	47	94
267	519	191	47	95
268	518	191	47	95
269	517	191	47	95
270	515	191	47	95
271	514	191	47	95
272	513	191	47	95
273	512	191	47	94
274	510	191	47	94
275	509	192	46	93
276	508	192	46	92
277	506	192	46	92
278	504	191	45	91
279	503	191	45	90
280	501	191	45	90
281	500	191	45	90
282	499	191	44	89
283	498	191	44	89
284	498	191	44	88
285	497	191	44	88
286	496	191	43	87
287	496	191	43	87
288	495	191	43	87
289	494	191	44	88
290	493	191	44	88
291	491	190	44	89
292	490	189	44	89
293	488	188	45	90
294	486	187	45	91
295	484	187	46	92
296	482	186	46	92
297	480	185	46	93
298	477	184	46	93
299	475	184	46	93
300	474	184	46	93
301	472	184	46	93
302	470	184	46	93
303	468	184	46	92
304	466	184	46	92
305	465	183	46	93
306	463	182	46	93
307	462	181	47	94
308	460	180	47	95
309	459	180	48	96
310	457	179	48	96
311	455	179	48	97
312	454	179	48	97
313	453	180	48	97
314	452	180	48	97
315	451	181	48	96
316	450	183	47	95
317	449	184	47	94
318	448	186	46	93
319	447	187	46	92
320	446	188	45	90
321	445	189	45	90
322	444	190	44	89
323	442	190	44	88
324	441	191	44	88
325	440	191	43	87
326	438	191	43	87
327	436	192	43	87
328	434	192	43	87
329	433	192	43	87
330	431	191	43	87
331	429	191	43	87
332	427	191	44	88
333	426	190	44	88
334	424	190	44	89
335	422	189	44	89
336	420	188	45	90
3D Trajetory (frame, x, z, height, pose)
212	3.26	10.12	1.93	2.00
213	3.21	9.96	1.92	2.00
214	3.14	9.93	1.94	2.00
215	3.07	9.84	1.96	2.00
216	3.04	9.84	1.98	2.00
217	3.00	9.80	1.99	2.00
218	2.98	9.76	1.99	2.00
219	2.93	9.65	2.00	2.00
220	2.89	9.63	1.96	2.00
221	2.87	9.62	1.94	2.00
222	2.90	9.64	1.91	2.00
223	2.87	9.67	1.90	2.00
224	2.84	9.72	1.89	1.00
225	2.78	9.69	1.87	3.00
226	2.74	9.70	1.84	3.00
227	2.67	9.69	1.81	3.00
228	2.61	9.68	1.79	3.00
229	2.57	9.70	1.77	3.00
230	2.54	9.71	1.76	3.00
231	2.52	9.70	1.76	3.00
232	2.48	9.70	1.74	3.00
233	2.44	9.70	1.75	3.00
234	2.40	9.69	1.75	3.00
235	2.40	9.68	1.75	3.00
236	2.37	9.65	1.76	3.00
237	2.35	9.61	1.75	3.00
238	2.33	9.58	1.75	3.00
239	2.30	9.54	1.76	3.00
240	2.24	9.52	1.76	3.00
241	2.22	9.48	1.76	3.00
242	2.18	9.47	1.76	3.00
243	2.08	9.44	1.76	3.00
244	2.02	9.40	1.77	3.00
245	1.95	9.37	1.76	3.00
246	1.90	9.33	1.75	3.00
247	1.86	9.30	1.73	3.00
248	1.82	9.26	1.72	3.00
249	1.77	9.25	1.70	3.00
250	1.72	9.22	1.69	3.00
251	1.68	9.19	1.66	3.00
252	1.65	9.14	1.64	3.00
253	1.64	9.11	1.62	3.00
254	1.61	9.08	1.64	3.00
255	1.57	9.04	1.62	3.00
256	1.53	9.00	1.61	3.00
257	1.50	8.98	1.61	3.00
258	1.48	8.93	1.62	3.00
259	1.47	8.91	1.61	3.00
260	1.43	8.87	1.62	3.00
261	1.41	8.86	1.61	3.00
262	1.38	8.84	1.59	3.00
263	1.37	8.81	1.58	3.00
264	1.34	8.77	1.57	3.00
265	1.31	8.75	1.58	3.00
266	1.29	8.75	1.61	3.00
267	1.25	8.73	1.62	3.00
268	1.23	8.74	1.63	3.00
269	1.22	8.74	1.63	3.00
270	1.21	8.75	1.62	2.00
271	1.21	8.80	1.64	2.00
272	1.20	8.82	1.64	2.00
273	1.18	8.85	1.62	2.00
274	1.16	8.86	1.61	2.00
275	1.11	8.92	1.60	2.00
276	1.09	8.99	1.62	2.00
277	1.06	9.08	1.63	2.00
278	1.05	9.21	1.62	2.00
279	1.03	9.34	1.63	3.00
280	1.00	9.43	1.64	3.00
281	0.98	9.47	1.64	3.00
282	0.97	9.52	1.66	3.00
283	0.94	9.57	1.67	4.00
284	0.92	9.63	1.69	4.00
285	0.91	9.70	1.68	4.00
286	0.91	9.78	1.68	4.00
287	0.90	9.82	1.68	4.00
288	0.89	9.90	1.67	4.00
289	0.90	9.95	1.67	4.00
290	0.90	10.00	1.67	1.00
291	0.89	10.06	1.70	3.00
292	0.84	10.07	1.74	3.00
293	0.78	10.11	1.78	3.00
294	0.74	10.12	1.83	3.00
295	0.73	10.14	1.87	3.00
296	0.70	10.17	1.88	3.00
297	0.68	10.21	1.89	3.00
298	0.63	10.23	1.89	3.00
299	0.59	10.28	1.89	3.00
300	0.56	10.32	1.89	3.00
301	0.53	10.40	1.87	3.00
302	0.49	10.44	1.87	3.00
303	0.46	10.44	1.88	3.00
304	0.43	10.48	1.89	3.00
305	0.39	10.46	1.90	3.00
306	0.35	10.45	1.92	1.00
307	0.33	10.44	1.93	1.00
308	0.29	10.37	1.94	1.00
309	0.26	10.33	1.95	1.00
310	0.23	10.29	1.96	1.00
311	0.21	10.25	1.96	1.00
312	0.19	10.15	1.96	1.00
313	0.17	10.01	1.95	3.00
314	0.16	9.89	1.94	3.00
315	0.11	9.90	1.89	4.00
316	0.07	9.92	1.86	4.00
317	0.05	9.93	1.84	4.00
318	0.04	9.97	1.83	4.00
319	0.04	9.96	1.81	3.00
320	0.04	10.00	1.79	3.00
321	-0.00	10.07	1.76	3.00
322	-0.03	10.07	1.75	3.00
323	-0.05	10.09	1.75	3.00
324	-0.08	10.08	1.74	3.00
325	-0.12	10.06	1.75	3.00
326	-0.15	10.06	1.75	3.00
327	-0.18	10.02	1.76	3.00
328	-0.21	10.03	1.75	3.00
329	-0.22	10.05	1.75	3.00
330	-0.26	10.07	1.74	3.00
331	-0.30	10.07	1.74	3.00
332	-0.33	10.07	1.75	3.00
333	-0.36	10.03	1.76	3.00
334	-0.40	10.01	1.77	3.00
335	-0.43	10.00	1.79	3.00
336	-0.43	9.96	1.79	3.00
Target 11 (frames from 230 to 265)
Bounding Boxes (frame, x, y, width, height)
230	685	194	37	74
231	686	193	37	75
232	687	193	38	76
233	688	192	38	77
234	690	192	39	78
235	691	191	39	79
236	693	191	40	80
237	695	191	40	80
238	696	190	40	81
239	698	190	41	82
240	701	190	41	82
241	703	189	41	83
242	705	189	41	83
243	707	189	42	84
244	710	189	42	84
245	712	188	42	84
246	715	188	42	85
247	717	187	42	85
248	719	187	42	85
249	720	187	43	86
250	722	186	43	87
251	724	185	43	87
252	725	185	43	87
253	727	185	44	88
254	728	185	44	88
255	730	184	44	88
256	731	184	44	89
257	733	184	44	89
258	735	184	44	89
259	737	184	44	89
260	739	184	44	89
261	741	184	45	90
262	744	184	45	90
263	746	184	45	90
264	748	184	45	90
265	751	184	45	90
3D Trajetory (frame, x, z, height, pose)
230	5.80	13.30	1.86	1.00
231	5.77	13.24	1.89	1.00
232	5.76	13.19	1.88	1.00
233	5.78	13.18	1.86	3.00
234	5.85	13.20	1.90	3.00
235	5.85	13.15	1.92	3.00
236	5.84	13.05	1.93	1.00
237	5.82	12.95	1.94	1.00
238	5.80	12.87	1.93	1.00
239	5.78	12.74	1.96	1.00
240	5.81	12.62	1.99	1.00
241	5.86	12.60	1.95	1.00
242	5.90	12.56	1.93	1.00
243	5.96	12.52	1.92	1.00
244	5.98	12.48	1.93	1.00
245	6.01	12.45	1.93	1.00
246	6.04	12.40	1.93	1.00
247	6.07	12.36	1.94	1.00
248	6.08	12.32	1.94	1.00
249	6.10	12.27	1.95	3.00
250	6.14	12.25	1.98	3.00
251	6.14	12.21	1.98	3.00
252	6.17	12.19	1.98	3.00
253	6.16	12.14	1.96	3.00
254	6.17	12.11	1.95	3.00
255	6.19	12.06	1.94	3.00
256	6.22	12.02	1.95	1.00
257	6.24	11.99	1.96	1.00
258	6.26	11.96	1.95	1.00
259	6.28	11.91	1.95	1.00
260	6.31	11.86	1.96	1.00
261	6.34	11.81	1.95	1.00
262	6.38	11.77	1.93	1.00
263	6.40	11.72	1.93	1.00
264	6.44	11.67	1.93	1.00
265	6.45	11.63	1.93	3.00
Target 12 (frames from 331 to 393)
Bounding Boxes (frame, x, y, width, height)
331	-14	146	91	183
332	-8	145	94	188
333	-2	143	96	192
334	5	142	98	196
335	11	140	100	200
336	17	139	101	203
337	24	139	103	206
338	30	138	104	208
339	37	138	105	210
340	43	138	105	211
341	50	138	106	212
342	58	139	106	213
343	65	140	106	213
344	72	141	106	213
345	78	142	106	212
346	84	142	106	212
347	90	143	105	211
348	96	145	105	210
349	103	146	104	209
350	110	147	104	208
351	118	149	103	206
352	126	150	102	205
353	135	151	101	203
354	143	152	101	202
355	151	152	100	201
356	160	153	100	200
357	167	153	99	198
358	174	153	98	197
359	180	153	98	196
360	185	153	98	196
361	190	152	98	196
362	195	151	98	197
363	200	150	99	198
364	205	149	99	199
365	211	148	100	200
366	218	148	100	201
367	225	147	101	203
368	233	147	102	204
369	241	146	102	205
370	249	145	103	206
371	258	144	104	208
372	266	143	105	210
373	273	142	105	211
374	281	142	106	212
375	289	141	106	213
376	296	140	107	214
377	302	140	107	215
378	309	140	107	215
379	316	141	107	214
380	324	142	107	214
381	332	143	106	213
382	339	144	105	211
383	347	145	105	211
384	355	145	105	210
385	361	145	105	210
386	368	144	105	211
387	374	143	106	212
388	380	142	106	213
389	385	140	107	215
390	391	139	108	217
391	396	137	109	219
392	401	134	110	221
393	405	131	112	224
3D Trajetory (frame, x, z, height, pose)
331	-4.16	4.39	1.82	1.00
332	-3.95	4.28	1.80	1.00
333	-3.84	4.19	1.77	1.00
334	-3.76	4.15	1.78	1.00
335	-3.62	4.05	1.77	1.00
336	-3.51	3.96	1.75	1.00
337	-3.47	3.96	1.76	1.00
338	-3.25	3.82	1.74	1.00
339	-3.05	3.72	1.74	1.00
340	-2.92	3.69	1.74	1.00
341	-2.86	3.69	1.74	1.00
342	-2.78	3.68	1.72	1.00
343	-2.73	3.67	1.71	1.00
344	-2.67	3.67	1.70	1.00
345	-2.63	3.62	1.67	1.00
346	-2.58	3.64	1.65	1.00
347	-2.53	3.62	1.63	1.00
348	-2.49	3.65	1.63	1.00
349	-2.44	3.64	1.62	1.00
350	-2.38	3.63	1.63	1.00
351	-2.30	3.63	1.63	1.00
352	-2.23	3.63	1.63	1.00
353	-2.17	3.63	1.62	1.00
354	-2.10	3.65	1.61	1.00
355	-2.08	3.74	1.56	1.00
356	-2.02	3.78	1.58	1.00
357	-1.98	3.81	1.58	1.00
358	-1.94	3.85	1.58	1.00
359	-1.91	3.87	1.59	1.00
360	-1.87	3.88	1.60	1.00
361	-1.83	3.89	1.61	1.00
362	-1.79	3.91	1.62	1.00
363	-1.78	3.94	1.64	1.00
364	-1.73	3.93	1.64	1.00
365	-1.69	3.92	1.65	1.00
366	-1.64	3.90	1.66	1.00
367	-1.58	3.89	1.66	1.00
368	-1.48	3.89	1.64	1.00
369	-1.38	3.88	1.64	1.00
370	-1.30	3.89	1.65	1.00
371	-1.23	3.90	1.66	1.00
372	-1.15	3.86	1.65	1.00
373	-1.08	3.83	1.65	1.00
374	-1.03	3.84	1.66	1.00
375	-0.98	3.84	1.68	1.00
376	-0.92	3.82	1.70	1.00
377	-0.86	3.82	1.70	1.00
378	-0.81	3.81	1.69	1.00
379	-0.76	3.82	1.68	1.00
380	-0.72	3.83	1.68	1.00
381	-0.64	3.85	1.64	1.00
382	-0.58	3.86	1.63	1.00
383	-0.52	3.85	1.64	1.00
384	-0.47	3.87	1.64	1.00
385	-0.41	3.88	1.63	1.00
386	-0.35	3.90	1.62	1.00
387	-0.30	3.92	1.64	1.00
388	-0.25	3.93	1.65	1.00
389	-0.20	3.92	1.67	1.00
390	-0.16	3.92	1.70	1.00
391	-0.14	3.91	1.72	1.00
392	-0.10	3.91	1.73	1.00
393	-0.04	3.91	1.74	1.00
Target 13 (frames from 399 to 421)
Bounding Boxes (frame, x, y, width, height)
399	485	146	100	200
400	483	145	101	202
401	482	144	102	205
402	483	143	103	207
403	484	142	104	209
404	486	142	105	211
405	488	141	106	212
406	492	141	106	213
407	497	141	107	214
408	502	141	107	215
409	508	141	108	216
410	516	142	108	217
411	525	142	108	217
412	534	143	108	216
413	543	143	107	215
414	552	144	106	213
415	562	144	105	211
416	572	145	104	209
417	583	145	103	206
418	594	146	101	203
419	606	147	99	199
420	619	147	97	195
421	631	148	95	190
3D Trajetory (frame, x, z, height, pose)
399	0.53	4.19	1.65	1.00
400	0.54	4.20	1.64	1.00
401	0.54	4.21	1.67	1.00
402	0.54	4.18	1.68	1.00
403	0.53	4.16	1.70	3.00
404	0.55	4.14	1.70	3.00
405	0.59	4.09	1.70	3.00
406	0.65	4.08	1.69	3.00
407	0.68	4.10	1.68	3.00
408	0.70	4.11	1.69	3.00
409	0.73	4.08	1.68	1.00
410	0.76	4.06	1.67	1.00
411	0.81	4.02	1.66	1.00
412	0.87	3.99	1.66	1.00
413	0.90	3.89	1.67	1.00
414	1.04	3.97	1.66	1.00
415	1.16	4.08	1.64	1.00
416	1.28	4.16	1.64	1.00
417	1.38	4.25	1.66	1.00
418	1.50	4.40	1.68	1.00
419	1.65	4.65	1.71	1.00
420	1.73	4.74	1.72	1.00
421	1.78	4.79	1.72	1.00
Target 14 (frames from 525 to 585)
Bounding Boxes (frame, x, y, width, height)
525	100	173	51	102
526	97	170	52	105
527	94	168	54	108
528	92	166	55	111
529	90	164	56	113
530	88	162	57	115
531	87	160	58	117
532	85	159	59	119
533	84	158	60	120
534	83	158	60	121
535	83	157	61	122
536	82	156	61	122
537	83	157	61	122
538	83	158	61	122
539	83	159	60	121
540	84	160	60	120
541	85	161	59	118
542	86	163	58	116
543	87	164	57	114
544	89	165	56	112
545	90	166	55	110
546	91	166	54	108
547	92	167	53	106
548	93	167	52	105
549	94	167	51	103
550	95	167	51	102
551	95	166	50	101
552	95	167	50	100
553	95	167	49	99
554	96	167	48	97
555	96	168	48	96
556	96	169	47	95
557	96	170	47	94
558	96	170	46	93
559	97	170	46	92
560	97	170	45	91
561	97	171	45	90
562	98	171	45	90
563	98	171	44	89
564	98	171	44	88
565	99	171	43	87
566	99	171	43	87
567	99	171	43	87
568	99	171	43	86
569	99	172	43	86
570	99	172	42	85
571	99	172	42	85
572	99	172	42	85
573	99	171	42	84
574	99	171	42	84
575	99	171	42	84
576	99	171	41	83
577	99	171	41	83
578	99	171	41	83
579	99	171	41	82
580	99	171	41	82
581	99	171	41	82
582	99	171	40	81
583	100	171	40	81
584	100	171	40	81
585	100	171	40	80
3D Trajetory (frame, x, z, height, pose)
525	-8.10	6.43	1.88	1.00
526	-7.82	6.18	1.85	1.00
527	-7.80	6.13	1.90	1.00
528	-7.78	6.07	1.90	1.00
529	-7.73	6.01	1.91	1.00
530	-7.69	5.96	1.92	3.00
531	-7.65	5.91	1.93	3.00
532	-7.63	5.85	1.95	3.00
533	-7.59	5.80	1.97	3.00
534	-7.55	5.74	1.97	3.00
535	-7.50	5.69	2.00	3.00
536	-7.45	5.67	1.99	3.00
537	-7.44	5.62	2.00	3.00
538	-7.39	5.57	2.01	3.00
539	-7.36	5.58	1.94	3.00
540	-7.34	5.55	1.94	3.00
541	-7.32	5.51	1.96	3.00
542	-7.32	5.55	1.83	3.00
543	-7.35	5.56	1.78	3.00
544	-7.38	5.57	1.75	3.00
545	-7.38	5.58	1.75	3.00
546	-7.38	5.59	1.74	3.00
547	-7.40	5.61	1.72	1.00
548	-7.39	5.67	1.69	1.00
549	-7.40	5.69	1.69	1.00
550	-7.41	5.71	1.69	1.00
551	-7.41	5.74	1.68	1.00
552	-7.47	5.77	1.65	1.00
553	-7.55	5.80	1.63	1.00
554	-7.60	5.83	1.61	1.00
555	-7.65	5.85	1.62	1.00
556	-7.72	5.89	1.62	1.00
557	-7.78	5.92	1.61	1.00
558	-7.83	5.94	1.60	1.00
559	-7.94	6.02	1.60	1.00
560	-8.03	6.08	1.61	1.00
561	-8.19	6.21	1.63	1.00
562	-8.37	6.34	1.65	1.00
563	-8.55	6.47	1.67	1.00
564	-8.69	6.57	1.68	1.00
565	-8.80	6.64	1.69	1.00
566	-8.94	6.76	1.70	1.00
567	-9.07	6.85	1.71	1.00
568	-9.19	6.93	1.74	1.00
569	-9.31	7.03	1.75	1.00
570	-9.45	7.14	1.78	1.00
571	-9.58	7.24	1.79	1.00
572	-9.70	7.32	1.82	1.00
573	-9.82	7.41	1.83	1.00
574	-9.96	7.51	1.84	1.00
575	-10.09	7.60	1.85	1.00
576	-10.23	7.71	1.86	1.00
577	-10.38	7.80	1.88	1.00
578	-10.49	7.88	1.90	1.00
579	-10.62	7.98	1.91	1.00
580	-10.77	8.09	1.92	1.00
581	-10.90	8.19	1.93	1.00
582	-11.02	8.28	1.96	1.00
583	-11.16	8.37	1.96	1.00
584	-11.29	8.46	2.01	1.00
585	-11.43	8.56	2.03	1.00
