Total frames 301
Number of Targets 10
Target 1 (frames from 1 to 139)
Bounding Boxes (frame, x, y, width, height)
1	429	139	96	193
2	428	139	96	192
3	427	138	96	192
4	427	137	96	192
5	426	136	96	192
6	426	135	96	192
7	426	135	96	193
8	425	134	96	193
9	425	133	97	194
10	425	133	97	194
11	426	132	97	195
12	426	131	98	196
13	426	130	98	197
14	426	130	99	198
15	427	129	99	199
16	428	129	100	201
17	429	129	101	203
18	430	129	102	205
19	431	129	103	207
20	432	129	104	209
21	434	129	105	211
22	435	129	107	214
23	437	129	108	216
24	438	130	109	218
25	439	130	109	219
26	440	131	110	220
27	441	132	110	221
28	442	134	110	221
29	442	135	110	220
30	443	136	110	220
31	444	137	109	219
32	444	138	109	218
33	445	139	109	218
34	446	139	108	217
35	446	139	108	217
36	447	139	108	217
37	447	139	108	217
38	448	138	109	218
39	448	137	109	218
40	447	136	109	219
41	446	135	109	219
42	445	134	110	220
43	445	133	110	220
44	444	133	110	220
45	443	133	110	220
46	443	133	109	219
47	443	134	109	218
48	442	135	108	217
49	442	136	108	216
50	443	138	107	214
51	443	139	106	213
52	444	140	105	211
53	444	141	105	210
54	444	142	104	209
55	445	143	104	208
56	444	143	104	208
57	444	144	103	207
58	444	144	103	207
59	443	144	103	207
60	443	144	103	207
61	443	144	104	208
62	443	144	104	208
63	443	144	104	209
64	443	144	104	209
65	444	144	104	209
66	444	144	105	210
67	444	144	105	210
68	445	144	105	210
69	445	145	105	210
70	446	145	105	210
71	446	145	104	209
72	446	146	104	209
73	446	146	104	209
74	446	147	104	209
75	446	147	104	209
76	446	147	104	209
77	446	147	104	209
78	446	148	104	209
79	447	148	104	209
80	447	148	104	209
81	447	147	104	209
82	448	147	104	209
83	448	147	104	209
84	448	147	104	209
85	449	147	104	209
86	449	147	104	208
87	449	147	104	208
88	449	147	104	208
89	449	147	103	207
90	449	147	103	207
91	449	148	103	206
92	448	148	103	206
93	448	148	102	205
94	448	148	102	205
95	448	149	102	204
96	448	149	102	204
97	448	150	101	203
98	448	150	101	203
99	448	151	101	203
100	448	151	101	202
101	449	152	101	202
102	449	152	100	201
103	450	152	100	201
104	450	153	100	200
105	451	153	100	200
106	452	152	100	200
107	452	152	100	200
108	453	151	100	200
109	453	151	100	201
110	454	150	101	202
111	455	149	101	202
112	455	149	101	203
113	456	148	102	204
114	456	147	102	205
115	456	147	103	206
116	457	147	103	206
117	457	147	103	207
118	458	147	103	207
119	459	147	103	207
120	460	147	103	206
121	460	148	103	206
122	461	148	102	205
123	462	149	102	205
124	463	149	102	204
125	463	150	102	204
126	464	150	101	203
127	465	151	101	203
128	465	151	101	202
129	465	151	101	202
130	465	151	101	202
131	466	152	101	202
132	466	152	100	201
133	466	152	100	201
134	465	152	100	200
135	465	152	100	200
136	465	152	100	200
137	464	152	99	199
138	464	152	99	199
139	463	153	99	198
3D Trajetory (frame, x, z, height, pose)
1	1.16	4.53	1.77	4.00
2	1.18	4.61	1.79	4.00
3	1.20	4.69	1.81	4.00
4	1.21	4.69	1.81	4.00
5	1.21	4.69	1.82	4.00
6	1.21	4.69	1.82	4.00
7	1.21	4.68	1.82	4.00
8	1.21	4.68	1.83	4.00
9	1.22	4.68	1.83	4.00
10	1.21	4.67	1.83	4.00
11	1.21	4.66	1.84	4.00
12	1.21	4.63	1.84	4.00
13	1.21	4.61	1.84	4.00
14	1.21	4.59	1.84	4.00
15	1.22	4.57	1.84	4.00
16	1.24	4.54	1.84	4.00
17	1.26	4.50	1.84	4.00
18	1.26	4.49	1.85	4.00
19	1.26	4.47	1.86	4.00
20	1.27	4.45	1.87	4.00
21	1.28	4.43	1.88	4.00
22	1.29	4.40	1.90	4.00
23	1.29	4.37	1.92	4.00
24	1.30	4.35	1.93	4.00
25	1.30	4.33	1.93	4.00
26	1.31	4.32	1.93	4.00
27	1.31	4.31	1.92	4.00
28	1.31	4.29	1.92	4.00
29	1.32	4.27	1.91	4.00
30	1.32	4.27	1.90	4.00
31	1.32	4.27	1.89	4.00
32	1.33	4.28	1.88	4.00
33	1.33	4.28	1.87	4.00
34	1.34	4.28	1.86	4.00
35	1.35	4.27	1.86	4.00
36	1.36	4.26	1.86	4.00
37	1.36	4.25	1.87	4.00
38	1.37	4.23	1.87	4.00
39	1.37	4.22	1.87	4.00
40	1.37	4.21	1.87	4.00
41	1.37	4.20	1.87	4.00
42	1.36	4.21	1.87	4.00
43	1.34	4.22	1.87	4.00
44	1.33	4.22	1.88	4.00
45	1.32	4.22	1.89	4.00
46	1.30	4.24	1.88	4.00
47	1.28	4.26	1.87	4.00
48	1.28	4.26	1.87	4.00
49	1.28	4.26	1.86	4.00
50	1.28	4.27	1.85	4.00
51	1.28	4.28	1.84	4.00
52	1.29	4.29	1.83	4.00
53	1.29	4.30	1.81	4.00
54	1.29	4.31	1.81	4.00
55	1.29	4.33	1.80	4.00
56	1.29	4.33	1.80	4.00
57	1.29	4.33	1.81	4.00
58	1.29	4.32	1.81	4.00
59	1.29	4.32	1.81	4.00
60	1.28	4.32	1.81	4.00
61	1.28	4.32	1.82	4.00
62	1.28	4.33	1.82	4.00
63	1.28	4.33	1.82	4.00
64	1.28	4.33	1.83	4.00
65	1.29	4.33	1.83	4.00
66	1.29	4.33	1.83	4.00
67	1.29	4.33	1.83	4.00
68	1.29	4.33	1.83	4.00
69	1.29	4.32	1.83	4.00
70	1.30	4.32	1.83	4.00
71	1.30	4.33	1.83	4.00
72	1.29	4.33	1.83	4.00
73	1.29	4.33	1.82	4.00
74	1.29	4.34	1.82	4.00
75	1.28	4.34	1.82	4.00
76	1.28	4.34	1.83	4.00
77	1.27	4.33	1.83	4.00
78	1.27	4.34	1.82	4.00
79	1.28	4.34	1.82	4.00
80	1.27	4.33	1.82	4.00
81	1.27	4.33	1.82	4.00
82	1.27	4.33	1.83	4.00
83	1.28	4.33	1.83	4.00
84	1.27	4.35	1.82	4.00
85	1.27	4.36	1.81	4.00
86	1.28	4.36	1.82	4.00
87	1.28	4.36	1.83	4.00
88	1.28	4.35	1.83	4.00
89	1.27	4.35	1.83	4.00
90	1.27	4.36	1.82	4.00
91	1.27	4.37	1.82	4.00
92	1.27	4.37	1.80	4.00
93	1.27	4.38	1.79	4.00
94	1.27	4.38	1.80	4.00
95	1.27	4.39	1.80	1.00
96	1.27	4.39	1.80	1.00
97	1.27	4.39	1.80	4.00
98	1.27	4.39	1.80	4.00
99	1.27	4.39	1.80	4.00
100	1.27	4.39	1.79	4.00
101	1.27	4.39	1.78	1.00
102	1.27	4.39	1.78	1.00
103	1.27	4.40	1.77	4.00
104	1.26	4.40	1.78	4.00
105	1.26	4.41	1.78	4.00
106	1.26	4.42	1.77	4.00
107	1.26	4.43	1.76	4.00
108	1.27	4.43	1.77	4.00
109	1.27	4.42	1.77	1.00
110	1.27	4.42	1.78	1.00
111	1.27	4.42	1.79	1.00
112	1.27	4.41	1.79	1.00
113	1.27	4.40	1.80	1.00
114	1.27	4.39	1.80	1.00
115	1.27	4.38	1.80	1.00
116	1.27	4.37	1.81	1.00
117	1.28	4.37	1.81	1.00
118	1.28	4.37	1.81	1.00
119	1.28	4.38	1.81	1.00
120	1.28	4.38	1.80	1.00
121	1.29	4.38	1.80	1.00
122	1.29	4.38	1.80	1.00
123	1.30	4.37	1.79	1.00
124	1.30	4.37	1.78	1.00
125	1.31	4.37	1.77	1.00
126	1.30	4.38	1.77	1.00
127	1.30	4.39	1.77	1.00
128	1.30	4.39	1.77	1.00
129	1.30	4.40	1.77	1.00
130	1.30	4.41	1.77	1.00
131	1.30	4.41	1.77	1.00
132	1.30	4.42	1.77	1.00
133	1.30	4.42	1.77	1.00
134	1.30	4.42	1.77	1.00
135	1.29	4.43	1.77	4.00
136	1.29	4.43	1.77	4.00
137	1.29	4.44	1.77	4.00
138	1.27	4.46	1.76	4.00
139	1.26	4.48	1.75	4.00
Target 2 (frames from 1 to 299)
Bounding Boxes (frame, x, y, width, height)
1	189	144	92	185
2	189	142	93	187
3	189	141	94	188
4	190	140	94	189
5	190	138	95	190
6	190	137	95	191
7	190	136	96	192
8	190	135	96	193
9	190	135	96	193
10	189	134	97	194
11	190	134	97	194
12	189	133	97	194
13	189	133	97	194
14	188	133	97	194
15	188	133	96	193
16	188	134	96	193
17	187	134	97	194
18	187	135	97	194
19	187	136	97	194
20	187	137	97	195
21	187	138	97	195
22	188	140	98	196
23	188	141	98	196
24	189	142	98	197
25	189	143	98	197
26	190	145	98	197
27	190	146	98	197
28	190	147	98	197
29	190	147	98	197
30	190	148	98	197
31	190	149	98	196
32	190	149	98	196
33	190	149	98	196
34	189	149	98	196
35	189	148	98	196
36	189	148	98	197
37	189	147	98	197
38	189	146	99	198
39	188	145	99	198
40	188	144	99	199
41	188	143	99	199
42	188	142	99	199
43	188	142	100	200
44	189	141	100	200
45	189	141	100	200
46	189	142	100	200
47	189	142	100	200
48	190	142	100	200
49	190	142	100	200
50	190	143	100	200
51	190	143	100	200
52	189	143	100	200
53	189	144	100	200
54	188	144	100	200
55	188	144	100	200
56	187	144	100	200
57	186	144	100	201
58	186	145	100	201
59	186	145	100	201
60	186	146	100	200
61	186	146	100	200
62	186	147	100	200
63	186	147	100	200
64	186	148	100	200
65	187	148	100	200
66	187	149	99	199
67	188	149	99	199
68	188	150	99	198
69	189	151	99	198
70	189	151	98	197
71	189	151	98	197
72	190	152	98	197
73	190	152	98	197
74	190	152	98	197
75	191	153	98	197
76	191	153	98	197
77	191	153	98	197
78	191	153	98	197
79	191	152	98	197
80	191	152	99	198
81	191	152	99	198
82	190	151	99	199
83	190	150	100	200
84	189	150	100	200
85	189	149	100	201
86	188	149	101	202
87	188	148	101	202
88	187	148	101	203
89	186	148	101	203
90	186	148	101	203
91	186	148	101	203
92	186	149	101	202
93	186	150	100	201
94	186	151	100	200
95	187	152	99	198
96	188	154	98	197
97	188	155	97	195
98	189	156	97	195
99	190	157	97	194
100	190	158	96	193
101	191	158	96	192
102	192	159	96	192
103	193	159	96	192
104	194	158	96	192
105	195	158	96	192
106	196	158	96	192
107	197	157	96	192
108	198	157	96	192
109	200	157	96	192
110	201	157	96	192
111	202	157	95	191
112	203	157	95	191
113	205	158	95	190
114	206	158	95	190
115	206	158	94	189
116	207	159	94	189
117	207	159	94	189
118	208	159	94	189
119	208	159	94	189
120	208	159	94	189
121	208	159	94	189
122	208	158	94	189
123	209	158	95	190
124	209	158	95	190
125	209	158	95	190
126	210	158	95	190
127	210	158	95	190
128	210	158	94	189
129	210	159	94	189
130	210	159	94	188
131	211	160	94	188
132	211	160	93	187
133	211	160	93	186
134	211	161	93	186
135	211	161	93	186
136	211	161	93	186
137	211	160	93	186
138	211	160	93	186
139	211	159	93	187
140	211	159	93	187
141	211	159	94	188
142	212	158	94	188
143	213	158	94	188
144	213	158	94	188
145	214	158	94	188
146	216	159	93	187
147	217	159	93	187
148	218	159	93	186
149	219	159	92	185
150	220	159	92	185
151	221	159	92	185
152	222	158	92	185
153	223	157	92	185
154	223	157	93	186
155	223	156	93	186
156	224	155	93	187
157	225	154	93	187
158	226	154	94	188
159	227	154	94	188
160	228	154	94	188
161	229	155	94	188
162	230	155	94	188
163	231	156	94	188
164	232	156	94	188
165	234	157	94	188
166	234	158	94	188
167	235	158	94	188
168	236	157	94	188
169	237	157	94	188
170	237	157	94	188
171	238	156	94	188
172	239	155	94	188
173	239	154	94	188
174	240	153	94	188
175	242	152	94	188
176	243	150	94	188
177	244	149	94	188
178	245	147	94	189
179	247	146	95	190
180	248	144	95	191
181	249	143	96	192
182	250	142	96	193
183	251	142	97	194
184	252	141	97	195
185	253	141	98	196
186	253	141	99	198
187	253	141	99	198
188	253	142	99	199
189	253	143	99	199
190	253	143	100	200
191	252	144	100	200
192	251	144	100	200
193	251	144	100	200
194	250	144	100	201
195	250	144	100	201
196	250	143	100	201
197	251	143	101	202
198	252	143	101	202
199	253	144	100	201
200	255	144	100	201
201	257	144	100	201
202	259	145	100	201
203	260	145	100	201
204	262	146	100	201
205	263	147	100	200
206	264	147	100	200
207	264	148	100	201
208	264	148	100	201
209	264	149	100	201
210	263	149	101	202
211	262	149	101	202
212	261	150	101	202
213	260	151	100	201
214	260	152	100	201
215	260	153	100	200
216	260	154	99	199
217	260	155	99	198
218	260	156	98	197
219	261	158	98	196
220	261	159	98	196
221	261	160	97	195
222	262	160	97	194
223	262	161	96	193
224	262	162	96	193
225	262	162	96	192
226	262	163	96	192
227	262	163	95	191
228	262	164	95	191
229	261	164	95	190
230	261	165	94	189
231	261	165	94	189
232	260	166	94	188
233	260	166	94	188
234	259	166	93	187
235	259	167	93	187
236	258	167	93	187
237	258	167	93	186
238	258	167	93	186
239	257	167	93	186
240	257	167	93	186
241	257	167	93	186
242	256	167	93	186
243	256	167	93	186
244	256	167	93	187
245	255	166	93	187
246	255	166	94	188
247	254	166	94	188
248	254	166	94	189
249	253	166	95	190
250	253	166	95	191
251	253	166	95	191
252	252	166	96	192
253	252	166	96	193
254	253	166	96	193
255	253	166	97	194
256	253	167	97	194
257	254	167	97	194
258	255	167	97	194
259	255	167	97	194
260	256	167	97	194
261	256	167	97	195
262	256	167	98	196
263	257	167	98	196
264	257	167	98	197
265	257	167	98	197
266	257	167	99	198
267	257	167	99	198
268	256	167	99	198
269	256	167	99	199
270	256	168	99	199
271	256	168	99	198
272	256	169	99	198
273	255	169	99	198
274	255	169	99	198
275	255	170	98	197
276	255	170	98	197
277	254	170	98	197
278	254	171	98	196
279	255	171	98	196
280	255	172	97	195
281	255	173	97	194
282	256	173	96	193
283	256	174	96	193
284	255	174	96	192
285	255	175	95	191
286	255	175	95	191
287	254	175	95	191
288	254	175	95	190
289	252	175	95	190
290	251	174	95	190
291	250	174	95	190
292	249	174	95	191
293	248	174	95	191
294	247	173	95	191
295	246	173	95	191
296	245	172	96	192
297	244	172	96	192
298	243	171	96	193
299	242	171	97	194
3D Trajetory (frame, x, z, height, pose)
1	-1.04	4.69	1.72	1.00
2	-1.05	4.72	1.75	1.00
3	-1.06	4.75	1.78	1.00
4	-1.05	4.74	1.78	1.00
5	-1.04	4.74	1.79	1.00
6	-1.03	4.72	1.81	1.00
7	-1.01	4.71	1.83	1.00
8	-1.00	4.70	1.82	1.00
9	-0.99	4.69	1.81	1.00
10	-1.00	4.69	1.81	1.00
11	-1.00	4.69	1.81	1.00
12	-1.00	4.69	1.81	1.00
13	-0.99	4.70	1.81	1.00
14	-0.99	4.71	1.81	1.00
15	-0.99	4.71	1.81	1.00
16	-1.00	4.71	1.81	1.00
17	-1.01	4.71	1.80	1.00
18	-1.00	4.69	1.81	1.00
19	-1.00	4.68	1.82	1.00
20	-0.99	4.68	1.81	1.00
21	-0.99	4.68	1.81	1.00
22	-0.99	4.67	1.82	1.00
23	-0.98	4.66	1.83	1.00
24	-0.98	4.66	1.83	1.00
25	-0.98	4.66	1.83	1.00
26	-0.98	4.65	1.82	1.00
27	-0.98	4.65	1.82	1.00
28	-0.97	4.64	1.82	1.00
29	-0.97	4.64	1.82	1.00
30	-0.97	4.64	1.81	1.00
31	-0.98	4.64	1.81	1.00
32	-0.97	4.64	1.81	1.00
33	-0.97	4.64	1.81	1.00
34	-0.96	4.64	1.81	1.00
35	-0.96	4.64	1.80	1.00
36	-0.96	4.64	1.80	1.00
37	-0.96	4.63	1.81	1.00
38	-0.95	4.63	1.81	1.00
39	-0.94	4.62	1.82	1.00
40	-0.95	4.61	1.82	1.00
41	-0.95	4.60	1.82	1.00
42	-0.95	4.59	1.82	1.00
43	-0.95	4.57	1.82	1.00
44	-0.95	4.57	1.82	1.00
45	-0.95	4.57	1.83	1.00
46	-0.95	4.58	1.82	1.00
47	-0.96	4.58	1.82	1.00
48	-0.96	4.58	1.81	1.00
49	-0.97	4.58	1.81	1.00
50	-0.97	4.56	1.81	1.00
51	-0.98	4.55	1.81	1.00
52	-0.99	4.55	1.82	1.00
53	-0.99	4.55	1.82	1.00
54	-0.99	4.54	1.82	1.00
55	-1.00	4.54	1.82	1.00
56	-1.00	4.53	1.81	1.00
57	-1.00	4.52	1.80	1.00
58	-1.00	4.52	1.80	1.00
59	-1.00	4.51	1.80	1.00
60	-1.00	4.51	1.80	1.00
61	-1.00	4.50	1.80	1.00
62	-1.00	4.50	1.80	1.00
63	-1.00	4.50	1.80	1.00
64	-1.00	4.50	1.80	1.00
65	-1.00	4.51	1.79	4.00
66	-1.00	4.52	1.79	4.00
67	-1.00	4.52	1.80	4.00
68	-1.00	4.53	1.79	4.00
69	-1.00	4.53	1.79	4.00
70	-1.01	4.54	1.78	4.00
71	-1.01	4.54	1.78	1.00
72	-1.01	4.54	1.78	1.00
73	-1.01	4.54	1.78	1.00
74	-1.01	4.54	1.78	1.00
75	-1.00	4.54	1.79	1.00
76	-1.01	4.54	1.79	1.00
77	-1.01	4.53	1.79	1.00
78	-1.01	4.53	1.79	1.00
79	-1.02	4.52	1.79	1.00
80	-1.02	4.53	1.79	1.00
81	-1.02	4.53	1.78	1.00
82	-1.02	4.53	1.79	1.00
83	-1.03	4.52	1.79	1.00
84	-1.03	4.51	1.80	1.00
85	-1.04	4.49	1.80	1.00
86	-1.04	4.48	1.82	1.00
87	-1.05	4.46	1.83	1.00
88	-1.05	4.46	1.83	1.00
89	-1.05	4.46	1.82	1.00
90	-1.06	4.46	1.81	1.00
91	-1.06	4.47	1.81	1.00
92	-1.06	4.46	1.81	1.00
93	-1.06	4.46	1.80	1.00
94	-1.06	4.47	1.79	1.00
95	-1.06	4.48	1.77	1.00
96	-1.05	4.48	1.76	1.00
97	-1.05	4.49	1.75	1.00
98	-1.04	4.49	1.75	1.00
99	-1.04	4.49	1.74	1.00
100	-1.04	4.49	1.73	1.00
101	-1.03	4.49	1.72	2.00
102	-1.03	4.49	1.72	2.00
103	-1.03	4.50	1.72	2.00
104	-1.04	4.49	1.73	2.00
105	-1.04	4.48	1.74	2.00
106	-1.03	4.48	1.73	2.00
107	-1.03	4.48	1.72	2.00
108	-1.02	4.48	1.72	2.00
109	-1.01	4.48	1.72	1.00
110	-1.00	4.49	1.72	1.00
111	-1.00	4.50	1.73	1.00
112	-0.99	4.50	1.72	1.00
113	-0.99	4.50	1.72	1.00
114	-0.98	4.49	1.71	1.00
115	-0.98	4.49	1.71	1.00
116	-0.98	4.49	1.70	1.00
117	-0.98	4.50	1.70	1.00
118	-0.97	4.50	1.70	1.00
119	-0.97	4.50	1.70	1.00
120	-0.98	4.50	1.70	1.00
121	-0.98	4.50	1.71	1.00
122	-0.98	4.50	1.71	1.00
123	-0.98	4.50	1.71	1.00
124	-0.98	4.50	1.71	1.00
125	-0.98	4.49	1.72	1.00
126	-0.98	4.49	1.72	1.00
127	-0.98	4.50	1.72	1.00
128	-0.98	4.50	1.72	1.00
129	-0.99	4.50	1.72	1.00
130	-0.99	4.51	1.71	1.00
131	-1.00	4.52	1.69	1.00
132	-1.00	4.53	1.69	1.00
133	-1.00	4.53	1.69	1.00
134	-1.01	4.54	1.69	1.00
135	-1.01	4.54	1.69	2.00
136	-1.01	4.54	1.69	2.00
137	-1.01	4.55	1.69	2.00
138	-1.02	4.54	1.70	2.00
139	-1.02	4.54	1.71	2.00
140	-1.01	4.52	1.71	2.00
141	-1.01	4.51	1.71	2.00
142	-1.01	4.51	1.71	2.00
143	-1.01	4.50	1.71	2.00
144	-1.01	4.50	1.71	2.00
145	-1.01	4.50	1.70	2.00
146	-1.00	4.51	1.70	2.00
147	-1.00	4.52	1.69	2.00
148	-0.99	4.52	1.69	2.00
149	-0.99	4.52	1.69	1.00
150	-0.98	4.53	1.69	1.00
151	-0.98	4.53	1.69	1.00
152	-0.97	4.53	1.69	1.00
153	-0.97	4.53	1.69	1.00
154	-0.97	4.54	1.69	1.00
155	-0.97	4.54	1.69	1.00
156	-0.97	4.53	1.71	1.00
157	-0.97	4.53	1.73	1.00
158	-0.96	4.53	1.73	1.00
159	-0.96	4.53	1.73	1.00
160	-0.95	4.53	1.73	1.00
161	-0.95	4.54	1.72	1.00
162	-0.95	4.54	1.72	1.00
163	-0.95	4.54	1.72	1.00
164	-0.95	4.54	1.72	1.00
165	-0.95	4.54	1.71	1.00
166	-0.95	4.54	1.72	1.00
167	-0.95	4.53	1.73	1.00
168	-0.95	4.53	1.72	1.00
169	-0.95	4.52	1.72	1.00
170	-0.95	4.52	1.72	1.00
171	-0.94	4.52	1.72	1.00
172	-0.94	4.51	1.72	1.00
173	-0.94	4.50	1.73	1.00
174	-0.94	4.50	1.72	1.00
175	-0.93	4.50	1.72	1.00
176	-0.93	4.50	1.71	1.00
177	-0.93	4.51	1.70	1.00
178	-0.93	4.51	1.71	1.00
179	-0.92	4.50	1.72	1.00
180	-0.92	4.49	1.73	1.00
181	-0.91	4.48	1.73	1.00
182	-0.91	4.46	1.74	1.00
183	-0.91	4.44	1.75	1.00
184	-0.91	4.42	1.76	1.00
185	-0.91	4.41	1.78	1.00
186	-0.90	4.40	1.77	1.00
187	-0.89	4.40	1.77	1.00
188	-0.89	4.40	1.77	1.00
189	-0.88	4.39	1.77	1.00
190	-0.88	4.39	1.77	1.00
191	-0.88	4.39	1.77	1.00
192	-0.89	4.38	1.78	1.00
193	-0.89	4.37	1.78	1.00
194	-0.89	4.37	1.77	1.00
195	-0.89	4.37	1.77	1.00
196	-0.89	4.36	1.78	1.00
197	-0.90	4.34	1.79	1.00
198	-0.89	4.34	1.79	1.00
199	-0.89	4.34	1.78	1.00
200	-0.88	4.34	1.78	1.00
201	-0.87	4.33	1.77	1.00
202	-0.87	4.34	1.77	1.00
203	-0.86	4.35	1.77	1.00
204	-0.86	4.35	1.76	1.00
205	-0.86	4.35	1.76	1.00
206	-0.86	4.33	1.76	1.00
207	-0.86	4.32	1.76	1.00
208	-0.86	4.32	1.76	1.00
209	-0.86	4.31	1.76	1.00
210	-0.86	4.30	1.76	1.00
211	-0.86	4.29	1.76	1.00
212	-0.86	4.29	1.76	1.00
213	-0.85	4.28	1.76	1.00
214	-0.85	4.28	1.76	1.00
215	-0.86	4.28	1.75	1.00
216	-0.86	4.29	1.74	1.00
217	-0.86	4.30	1.73	1.00
218	-0.86	4.31	1.72	1.00
219	-0.86	4.31	1.71	1.00
220	-0.87	4.31	1.70	1.00
221	-0.87	4.31	1.70	1.00
222	-0.87	4.31	1.70	1.00
223	-0.87	4.31	1.70	1.00
224	-0.87	4.31	1.69	1.00
225	-0.88	4.31	1.68	1.00
226	-0.88	4.32	1.69	1.00
227	-0.88	4.32	1.69	1.00
228	-0.88	4.33	1.68	1.00
229	-0.89	4.33	1.68	1.00
230	-0.89	4.33	1.67	1.00
231	-0.90	4.33	1.66	2.00
232	-0.90	4.34	1.66	2.00
233	-0.91	4.34	1.65	2.00
234	-0.91	4.35	1.65	2.00
235	-0.91	4.36	1.65	2.00
236	-0.91	4.37	1.65	2.00
237	-0.91	4.37	1.66	2.00
238	-0.91	4.39	1.66	2.00
239	-0.91	4.40	1.67	1.00
240	-0.91	4.41	1.67	1.00
241	-0.91	4.42	1.67	1.00
242	-0.91	4.43	1.67	1.00
243	-0.91	4.45	1.68	1.00
244	-0.91	4.45	1.68	1.00
245	-0.92	4.45	1.68	1.00
246	-0.92	4.44	1.68	1.00
247	-0.92	4.44	1.68	1.00
248	-0.93	4.43	1.70	1.00
249	-0.94	4.43	1.71	1.00
250	-0.95	4.42	1.72	1.00
251	-0.95	4.42	1.73	1.00
252	-0.95	4.42	1.73	1.00
253	-0.95	4.42	1.73	1.00
254	-0.95	4.42	1.73	1.00
255	-0.95	4.43	1.74	1.00
256	-0.94	4.42	1.74	1.00
257	-0.94	4.42	1.75	1.00
258	-0.94	4.42	1.75	1.00
259	-0.94	4.42	1.74	1.00
260	-0.94	4.42	1.74	1.00
261	-0.94	4.42	1.74	1.00
262	-0.94	4.42	1.75	1.00
263	-0.94	4.42	1.76	1.00
264	-0.94	4.42	1.77	1.00
265	-0.95	4.42	1.78	1.00
266	-0.95	4.42	1.78	1.00
267	-0.95	4.42	1.79	1.00
268	-0.95	4.42	1.79	1.00
269	-0.95	4.42	1.79	1.00
270	-0.95	4.43	1.79	1.00
271	-0.95	4.44	1.79	1.00
272	-0.96	4.44	1.79	1.00
273	-0.96	4.45	1.79	1.00
274	-0.96	4.46	1.79	1.00
275	-0.96	4.47	1.79	1.00
276	-0.96	4.48	1.79	1.00
277	-0.96	4.49	1.79	1.00
278	-0.97	4.49	1.79	1.00
279	-0.98	4.50	1.80	1.00
280	-0.97	4.50	1.79	1.00
281	-0.97	4.51	1.79	1.00
282	-0.97	4.52	1.78	1.00
283	-0.97	4.54	1.77	1.00
284	-0.97	4.54	1.77	1.00
285	-0.96	4.54	1.77	1.00
286	-0.96	4.55	1.76	1.00
287	-0.97	4.56	1.75	1.00
288	-0.97	4.55	1.75	1.00
289	-0.97	4.55	1.76	1.00
290	-0.97	4.55	1.76	1.00
291	-0.98	4.55	1.77	1.00
292	-0.98	4.55	1.77	1.00
293	-0.99	4.55	1.77	1.00
294	-0.99	4.55	1.77	1.00
295	-1.00	4.55	1.77	1.00
296	-1.00	4.54	1.77	1.00
297	-1.00	4.54	1.77	1.00
298	-1.01	4.52	1.77	1.00
299	-1.02	4.50	1.76	1.00
Target 3 (frames from 1 to 287)
Bounding Boxes (frame, x, y, width, height)
1	247	123	125	251
2	248	123	125	250
3	250	122	125	250
4	251	122	125	250
5	251	122	124	249
6	252	121	124	249
7	253	121	124	249
8	253	121	124	249
9	253	120	124	249
10	253	120	124	249
11	253	119	124	248
12	253	118	124	248
13	252	118	124	248
14	252	117	124	249
15	251	117	124	249
16	251	117	124	249
17	250	118	125	250
18	250	119	125	250
19	249	120	125	250
20	249	121	125	251
21	249	123	125	251
22	249	124	125	251
23	249	126	125	251
24	250	128	125	251
25	250	129	125	251
26	251	130	125	251
27	251	131	125	251
28	250	132	125	251
29	250	133	125	251
30	250	133	125	251
31	250	134	125	251
32	250	134	125	251
33	251	134	125	251
34	251	134	125	250
35	251	134	125	250
36	252	134	124	249
37	252	134	124	249
38	253	134	124	248
39	253	134	123	247
40	254	133	123	246
41	255	133	122	245
42	256	133	122	244
43	257	134	121	243
44	257	134	121	243
45	258	134	121	242
46	259	135	121	242
47	260	135	120	241
48	260	136	120	241
49	261	137	120	240
50	260	138	119	239
51	260	139	119	238
52	260	140	118	237
53	259	140	118	237
54	258	141	118	236
55	258	142	117	235
56	257	143	117	234
57	256	143	116	233
58	256	144	116	232
59	255	144	116	232
60	255	145	116	232
61	256	145	116	232
62	256	145	116	232
63	256	145	116	232
64	257	145	115	231
65	257	145	115	231
66	258	145	115	231
67	258	146	115	231
68	259	146	115	231
69	259	146	115	230
70	260	146	115	230
71	260	146	115	230
72	260	146	115	231
73	260	146	115	231
74	261	147	115	231
75	261	147	115	231
76	261	147	115	231
77	262	147	115	231
78	262	147	115	231
79	262	148	115	230
80	263	148	114	229
81	263	149	114	229
82	263	149	114	228
83	263	150	113	227
84	263	150	113	226
85	263	151	112	224
86	263	152	111	223
87	263	152	111	222
88	263	153	111	222
89	263	153	110	221
90	263	153	110	221
91	262	153	110	220
92	262	153	110	220
93	262	153	109	219
94	262	153	109	219
95	262	153	109	219
96	262	153	109	219
97	262	153	109	219
98	262	153	109	219
99	262	153	109	219
100	263	153	109	219
101	263	152	109	219
102	264	152	110	220
103	264	152	110	220
104	265	151	110	220
105	266	151	110	220
106	266	150	110	221
107	267	150	110	221
108	268	149	110	221
109	269	149	110	221
110	271	149	110	221
111	272	148	110	221
112	273	148	110	221
113	273	147	110	221
114	274	147	111	222
115	275	147	111	222
116	275	146	111	222
117	276	146	111	222
118	277	146	111	222
119	277	146	111	223
120	277	146	111	223
121	278	146	111	223
122	278	146	111	222
123	279	146	111	222
124	279	146	111	222
125	280	146	111	222
126	280	146	111	222
127	281	146	111	222
128	281	146	111	222
129	282	146	111	222
130	283	146	111	222
131	284	146	111	222
132	285	146	111	222
133	286	146	111	222
134	288	146	111	222
135	289	146	110	221
136	290	146	110	221
137	292	146	110	221
138	294	146	110	221
139	295	145	111	222
140	297	145	111	222
141	299	144	111	222
142	300	144	111	223
143	302	143	111	223
144	304	143	111	223
145	305	142	112	224
146	307	142	112	224
147	309	142	112	224
148	311	141	112	224
149	313	141	112	225
150	315	140	112	224
151	317	140	112	224
152	319	140	112	224
153	320	140	111	223
154	322	140	111	222
155	324	140	111	222
156	325	141	110	221
157	327	141	110	221
158	329	142	110	220
159	330	142	109	219
160	332	143	109	219
161	334	144	109	218
162	335	145	109	218
163	336	145	109	218
164	338	146	109	218
165	339	146	109	218
166	340	146	109	219
167	341	146	109	219
168	342	146	109	219
169	343	146	109	219
170	344	145	109	219
171	345	144	109	219
172	346	143	109	219
173	347	142	110	220
174	348	140	110	220
175	349	138	110	221
176	351	136	110	221
177	352	134	111	222
178	353	132	111	223
179	355	131	111	223
180	356	130	112	224
181	357	129	112	224
182	359	129	112	225
183	360	129	112	225
184	360	129	112	225
185	361	130	112	225
186	361	131	112	225
187	361	132	112	225
188	361	133	112	225
189	361	134	112	224
190	361	135	112	224
191	360	136	111	223
192	360	137	111	223
193	360	137	111	223
194	359	137	111	222
195	359	137	111	222
196	360	137	111	222
197	361	138	111	222
198	362	138	111	222
199	363	138	111	222
200	365	138	111	223
201	366	138	111	223
202	367	138	111	223
203	369	138	112	224
204	370	138	112	224
205	371	138	112	224
206	371	139	112	224
207	371	139	112	225
208	371	139	112	225
209	371	140	112	225
210	370	140	112	225
211	369	141	112	225
212	368	141	112	224
213	367	142	112	224
214	367	142	112	224
215	366	143	112	224
216	366	143	112	224
217	366	144	112	224
218	366	144	112	225
219	366	145	112	225
220	366	145	113	226
221	367	145	113	226
222	367	145	113	226
223	367	145	113	227
224	366	145	113	227
225	366	145	113	227
226	366	146	113	227
227	365	146	113	227
228	364	146	113	227
229	363	146	113	227
230	363	147	113	226
231	362	147	113	226
232	361	148	112	225
233	359	148	112	225
234	358	148	112	224
235	357	148	112	224
236	356	149	111	223
237	354	149	111	223
238	353	150	111	222
239	351	150	111	222
240	350	150	110	221
241	349	151	110	221
242	347	151	110	220
243	346	152	110	220
244	345	153	109	219
245	345	153	109	218
246	344	154	109	218
247	344	155	108	217
248	344	155	108	217
249	345	156	108	216
250	345	157	108	216
251	345	158	107	215
252	345	158	107	215
253	346	159	107	215
254	346	160	107	214
255	347	160	107	214
256	347	160	107	214
257	348	160	107	214
258	348	160	106	213
259	349	161	106	213
260	350	161	106	213
261	350	161	106	213
262	351	161	106	213
263	352	161	106	213
264	352	162	106	213
265	353	162	107	214
266	353	162	107	214
267	353	162	107	215
268	353	162	108	216
269	353	162	108	217
270	353	161	109	219
271	353	161	110	220
272	352	160	110	221
273	352	160	111	222
274	352	159	111	223
275	352	159	112	224
276	352	159	112	224
277	352	159	112	224
278	353	159	112	224
279	353	159	111	223
280	353	160	111	223
281	354	160	111	222
282	354	161	110	221
283	355	161	110	220
284	355	162	109	219
285	356	163	109	218
286	357	164	108	216
287	358	166	107	214
3D Trajetory (frame, x, z, height, pose)
1	-0.28	3.70	1.85	1.00
2	-0.27	3.70	1.85	1.00
3	-0.27	3.69	1.84	1.00
4	-0.26	3.70	1.85	1.00
5	-0.24	3.70	1.85	1.00
6	-0.24	3.71	1.86	1.00
7	-0.23	3.72	1.86	1.00
8	-0.23	3.73	1.86	1.00
9	-0.22	3.74	1.87	1.00
10	-0.22	3.75	1.86	1.00
11	-0.22	3.75	1.86	1.00
12	-0.21	3.76	1.86	1.00
13	-0.21	3.77	1.86	2.00
14	-0.22	3.77	1.86	2.00
15	-0.23	3.76	1.86	2.00
16	-0.23	3.76	1.87	2.00
17	-0.24	3.76	1.88	1.00
18	-0.24	3.75	1.88	1.00
19	-0.23	3.74	1.87	1.00
20	-0.23	3.73	1.87	1.00
21	-0.22	3.72	1.87	1.00
22	-0.23	3.73	1.87	1.00
23	-0.23	3.73	1.87	1.00
24	-0.24	3.73	1.87	1.00
25	-0.24	3.73	1.87	1.00
26	-0.24	3.73	1.87	1.00
27	-0.24	3.74	1.88	1.00
28	-0.24	3.74	1.88	1.00
29	-0.24	3.74	1.88	1.00
30	-0.23	3.74	1.87	1.00
31	-0.23	3.74	1.87	1.00
32	-0.22	3.73	1.87	1.00
33	-0.22	3.73	1.87	1.00
34	-0.22	3.73	1.87	1.00
35	-0.22	3.73	1.87	1.00
36	-0.22	3.74	1.87	1.00
37	-0.21	3.74	1.86	1.00
38	-0.21	3.75	1.85	1.00
39	-0.20	3.77	1.85	1.00
40	-0.20	3.77	1.85	1.00
41	-0.19	3.77	1.85	1.00
42	-0.19	3.78	1.84	1.00
43	-0.19	3.78	1.84	1.00
44	-0.19	3.78	1.83	1.00
45	-0.19	3.79	1.82	1.00
46	-0.19	3.79	1.82	1.00
47	-0.19	3.79	1.82	1.00
48	-0.19	3.79	1.82	1.00
49	-0.19	3.78	1.83	1.00
50	-0.20	3.78	1.82	1.00
51	-0.21	3.78	1.81	1.00
52	-0.21	3.78	1.80	1.00
53	-0.22	3.78	1.80	1.00
54	-0.23	3.80	1.79	1.00
55	-0.25	3.81	1.78	1.00
56	-0.26	3.82	1.78	1.00
57	-0.26	3.83	1.78	1.00
58	-0.26	3.83	1.78	1.00
59	-0.27	3.83	1.77	1.00
60	-0.26	3.83	1.78	1.00
61	-0.26	3.83	1.78	1.00
62	-0.26	3.84	1.78	1.00
63	-0.25	3.85	1.78	1.00
64	-0.25	3.85	1.78	1.00
65	-0.25	3.86	1.79	1.00
66	-0.25	3.87	1.79	1.00
67	-0.25	3.87	1.79	1.00
68	-0.25	3.88	1.79	1.00
69	-0.25	3.88	1.79	1.00
70	-0.25	3.89	1.79	1.00
71	-0.25	3.89	1.79	1.00
72	-0.25	3.90	1.80	1.00
73	-0.25	3.90	1.80	1.00
74	-0.25	3.90	1.80	1.00
75	-0.25	3.91	1.79	1.00
76	-0.25	3.90	1.80	1.00
77	-0.25	3.89	1.81	1.00
78	-0.25	3.89	1.81	1.00
79	-0.26	3.89	1.81	1.00
80	-0.26	3.90	1.80	1.00
81	-0.26	3.90	1.79	1.00
82	-0.27	3.91	1.78	1.00
83	-0.27	3.93	1.78	1.00
84	-0.27	3.93	1.77	1.00
85	-0.28	3.94	1.77	1.00
86	-0.28	3.95	1.77	1.00
87	-0.29	3.96	1.76	1.00
88	-0.29	3.96	1.76	1.00
89	-0.29	3.96	1.75	1.00
90	-0.30	3.96	1.75	1.00
91	-0.30	3.97	1.75	1.00
92	-0.30	3.97	1.75	1.00
93	-0.30	3.98	1.75	1.00
94	-0.30	3.98	1.75	1.00
95	-0.30	3.98	1.75	1.00
96	-0.30	3.98	1.75	1.00
97	-0.30	3.99	1.75	2.00
98	-0.30	4.00	1.75	2.00
99	-0.30	4.00	1.75	2.00
100	-0.30	4.01	1.76	2.00
101	-0.30	4.01	1.77	2.00
102	-0.30	4.01	1.77	2.00
103	-0.30	4.01	1.77	2.00
104	-0.30	4.01	1.77	2.00
105	-0.30	4.02	1.77	2.00
106	-0.29	4.02	1.78	2.00
107	-0.29	4.03	1.78	2.00
108	-0.29	4.03	1.78	2.00
109	-0.29	4.02	1.78	2.00
110	-0.28	4.02	1.78	2.00
111	-0.28	4.03	1.78	2.00
112	-0.27	4.03	1.78	2.00
113	-0.27	4.03	1.78	2.00
114	-0.26	4.03	1.79	2.00
115	-0.26	4.03	1.79	1.00
116	-0.25	4.03	1.79	1.00
117	-0.25	4.03	1.79	2.00
118	-0.25	4.04	1.80	2.00
119	-0.24	4.04	1.81	4.00
120	-0.24	4.04	1.81	4.00
121	-0.24	4.04	1.81	4.00
122	-0.24	4.05	1.81	4.00
123	-0.24	4.05	1.80	2.00
124	-0.24	4.05	1.80	2.00
125	-0.24	4.05	1.80	2.00
126	-0.24	4.05	1.80	2.00
127	-0.24	4.06	1.80	2.00
128	-0.24	4.06	1.80	2.00
129	-0.24	4.05	1.81	2.00
130	-0.24	4.05	1.81	2.00
131	-0.24	4.05	1.81	2.00
132	-0.23	4.05	1.81	2.00
133	-0.21	4.06	1.80	2.00
134	-0.20	4.06	1.80	2.00
135	-0.19	4.07	1.80	2.00
136	-0.18	4.07	1.80	2.00
137	-0.17	4.07	1.80	1.00
138	-0.16	4.08	1.81	1.00
139	-0.15	4.08	1.81	2.00
140	-0.14	4.08	1.81	2.00
141	-0.13	4.07	1.81	2.00
142	-0.12	4.07	1.82	2.00
143	-0.11	4.07	1.82	2.00
144	-0.10	4.07	1.82	2.00
145	-0.09	4.06	1.83	1.00
146	-0.07	4.07	1.83	1.00
147	-0.06	4.08	1.83	1.00
148	-0.05	4.08	1.83	1.00
149	-0.04	4.08	1.83	1.00
150	-0.03	4.08	1.83	1.00
151	-0.02	4.07	1.83	1.00
152	-0.01	4.08	1.83	1.00
153	0.01	4.09	1.83	1.00
154	0.01	4.09	1.83	1.00
155	0.02	4.10	1.83	1.00
156	0.03	4.11	1.82	1.00
157	0.05	4.11	1.81	1.00
158	0.05	4.12	1.80	1.00
159	0.06	4.12	1.80	1.00
160	0.06	4.12	1.80	1.00
161	0.07	4.12	1.81	4.00
162	0.07	4.12	1.80	4.00
163	0.07	4.13	1.79	4.00
164	0.07	4.12	1.80	4.00
165	0.07	4.12	1.80	4.00
166	0.07	4.12	1.80	4.00
167	0.08	4.12	1.80	4.00
168	0.08	4.12	1.80	4.00
169	0.08	4.12	1.80	4.00
170	0.09	4.12	1.81	4.00
171	0.09	4.12	1.81	4.00
172	0.09	4.13	1.80	4.00
173	0.10	4.13	1.80	4.00
174	0.10	4.13	1.80	4.00
175	0.11	4.13	1.81	1.00
176	0.11	4.13	1.82	1.00
177	0.11	4.12	1.83	1.00
178	0.12	4.12	1.83	1.00
179	0.13	4.12	1.84	1.00
180	0.12	4.11	1.84	1.00
181	0.12	4.11	1.83	4.00
182	0.12	4.11	1.83	4.00
183	0.12	4.10	1.83	4.00
184	0.12	4.09	1.83	4.00
185	0.11	4.09	1.84	4.00
186	0.12	4.10	1.83	4.00
187	0.12	4.11	1.83	4.00
188	0.11	4.10	1.83	4.00
189	0.11	4.10	1.84	1.00
190	0.11	4.10	1.83	1.00
191	0.11	4.10	1.83	1.00
192	0.11	4.10	1.82	1.00
193	0.11	4.11	1.82	1.00
194	0.11	4.11	1.81	1.00
195	0.11	4.10	1.81	1.00
196	0.11	4.10	1.81	1.00
197	0.11	4.10	1.81	1.00
198	0.11	4.10	1.81	1.00
199	0.12	4.09	1.81	1.00
200	0.12	4.09	1.81	1.00
201	0.12	4.08	1.81	1.00
202	0.12	4.08	1.81	1.00
203	0.12	4.09	1.81	1.00
204	0.12	4.09	1.81	1.00
205	0.12	4.08	1.82	1.00
206	0.12	4.09	1.82	1.00
207	0.12	4.09	1.82	1.00
208	0.12	4.09	1.82	1.00
209	0.11	4.09	1.82	1.00
210	0.11	4.08	1.82	1.00
211	0.11	4.08	1.82	1.00
212	0.11	4.07	1.82	1.00
213	0.11	4.07	1.82	1.00
214	0.11	4.07	1.82	1.00
215	0.11	4.07	1.81	1.00
216	0.10	4.07	1.81	1.00
217	0.10	4.06	1.80	1.00
218	0.10	4.06	1.81	1.00
219	0.11	4.06	1.82	1.00
220	0.11	4.05	1.81	1.00
221	0.10	4.04	1.81	1.00
222	0.11	4.03	1.81	1.00
223	0.11	4.02	1.82	1.00
224	0.10	4.01	1.82	1.00
225	0.10	4.01	1.81	1.00
226	0.09	4.01	1.81	1.00
227	0.08	4.01	1.81	1.00
228	0.08	4.01	1.81	1.00
229	0.07	4.02	1.80	1.00
230	0.06	4.02	1.80	1.00
231	0.06	4.02	1.80	1.00
232	0.05	4.02	1.80	1.00
233	0.05	4.03	1.79	1.00
234	0.04	4.03	1.79	1.00
235	0.04	4.04	1.80	1.00
236	0.03	4.04	1.79	1.00
237	0.01	4.04	1.79	1.00
238	0.01	4.04	1.79	1.00
239	0.01	4.05	1.79	1.00
240	0.00	4.06	1.79	1.00
241	-0.01	4.07	1.79	2.00
242	-0.02	4.08	1.79	2.00
243	-0.03	4.09	1.79	2.00
244	-0.04	4.10	1.79	2.00
245	-0.04	4.11	1.79	2.00
246	-0.05	4.12	1.79	2.00
247	-0.06	4.12	1.79	2.00
248	-0.06	4.14	1.78	2.00
249	-0.06	4.15	1.78	2.00
250	-0.06	4.16	1.78	2.00
251	-0.06	4.16	1.78	2.00
252	-0.06	4.16	1.78	2.00
253	-0.06	4.16	1.78	2.00
254	-0.06	4.17	1.78	2.00
255	-0.06	4.19	1.78	2.00
256	-0.06	4.20	1.79	2.00
257	-0.06	4.21	1.79	2.00
258	-0.06	4.21	1.79	2.00
259	-0.06	4.22	1.80	2.00
260	-0.06	4.23	1.80	2.00
261	-0.06	4.24	1.80	2.00
262	-0.05	4.25	1.80	2.00
263	-0.05	4.25	1.81	2.00
264	-0.05	4.25	1.80	2.00
265	-0.05	4.25	1.80	2.00
266	-0.05	4.25	1.81	2.00
267	-0.05	4.25	1.82	2.00
268	-0.05	4.25	1.82	2.00
269	-0.04	4.25	1.83	1.00
270	-0.05	4.24	1.84	1.00
271	-0.05	4.24	1.85	1.00
272	-0.04	4.23	1.86	1.00
273	-0.03	4.21	1.87	1.00
274	-0.02	4.21	1.88	1.00
275	-0.02	4.21	1.88	1.00
276	-0.02	4.21	1.88	1.00
277	-0.02	4.22	1.89	1.00
278	-0.02	4.23	1.88	1.00
279	-0.02	4.24	1.87	1.00
280	-0.02	4.25	1.88	1.00
281	-0.01	4.26	1.88	1.00
282	-0.00	4.28	1.88	1.00
283	0.01	4.29	1.87	1.00
284	0.01	4.30	1.87	1.00
285	0.02	4.31	1.86	1.00
286	0.01	4.32	1.86	1.00
287	0.01	4.32	1.86	1.00
Target 4 (frames from 1 to 97)
Bounding Boxes (frame, x, y, width, height)
1	38	124	160	320
2	40	124	160	321
3	41	124	161	322
4	42	123	161	323
5	44	123	162	324
6	45	123	162	324
7	46	123	162	324
8	46	123	162	324
9	47	123	161	323
10	48	123	161	323
11	49	123	160	321
12	49	122	159	319
13	49	122	159	318
14	49	122	158	316
15	50	122	157	314
16	50	123	156	312
17	51	124	155	310
18	52	126	154	309
19	54	127	154	308
20	55	129	153	307
21	57	131	152	305
22	59	133	152	304
23	61	135	151	303
24	63	137	151	302
25	65	139	150	300
26	67	141	149	299
27	69	143	149	298
28	71	144	148	297
29	73	145	148	296
30	74	146	147	295
31	76	146	147	295
32	77	146	147	294
33	79	146	146	293
34	80	146	146	292
35	82	146	145	291
36	83	145	145	290
37	84	145	144	289
38	85	144	144	288
39	86	143	143	287
40	87	143	143	286
41	88	142	142	284
42	89	141	141	283
43	90	141	141	282
44	91	140	141	282
45	92	140	141	282
46	93	139	141	282
47	94	139	141	282
48	95	138	141	283
49	95	137	142	284
50	95	137	142	284
51	94	137	142	285
52	94	137	142	285
53	93	137	142	285
54	92	137	142	285
55	91	137	142	284
56	90	138	142	284
57	89	139	141	282
58	88	140	140	281
59	87	141	140	280
60	87	142	139	279
61	87	143	139	278
62	87	144	138	277
63	87	145	137	275
64	87	146	137	274
65	87	146	136	273
66	87	147	136	272
67	88	147	135	271
68	88	147	135	270
69	88	148	134	268
70	89	148	133	267
71	89	149	133	266
72	89	149	132	265
73	89	150	132	264
74	89	150	131	263
75	89	150	131	262
76	90	151	131	262
77	90	151	130	261
78	91	151	130	261
79	91	151	130	260
80	92	152	129	259
81	93	152	129	258
82	94	153	128	257
83	95	153	128	256
84	96	153	127	255
85	96	154	126	253
86	97	154	126	252
87	98	155	125	251
88	98	155	125	250
89	98	155	124	249
90	98	155	124	248
91	97	155	123	247
92	97	156	123	247
93	96	156	123	247
94	95	155	123	246
95	93	155	123	246
96	92	155	123	246
97	90	155	123	246
3D Trajetory (frame, x, z, height, pose)
1	-1.25	2.75	1.74	4.00
2	-1.25	2.76	1.75	4.00
3	-1.24	2.76	1.75	4.00
4	-1.22	2.75	1.76	4.00
5	-1.20	2.73	1.76	4.00
6	-1.19	2.73	1.76	4.00
7	-1.18	2.73	1.76	4.00
8	-1.16	2.72	1.76	4.00
9	-1.14	2.71	1.76	1.00
10	-1.16	2.74	1.75	1.00
11	-1.18	2.76	1.75	1.00
12	-1.19	2.77	1.74	1.00
13	-1.19	2.78	1.74	1.00
14	-1.19	2.79	1.74	1.00
15	-1.19	2.80	1.73	4.00
16	-1.20	2.83	1.74	4.00
17	-1.20	2.87	1.75	4.00
18	-1.20	2.87	1.75	4.00
19	-1.20	2.88	1.75	4.00
20	-1.20	2.88	1.75	4.00
21	-1.19	2.89	1.75	4.00
22	-1.19	2.90	1.74	4.00
23	-1.18	2.91	1.73	4.00
24	-1.18	2.91	1.73	4.00
25	-1.17	2.91	1.73	4.00
26	-1.17	2.91	1.73	4.00
27	-1.17	2.92	1.73	1.00
28	-1.16	2.94	1.73	1.00
29	-1.16	2.96	1.73	2.00
30	-1.15	2.97	1.73	2.00
31	-1.14	2.98	1.72	2.00
32	-1.14	2.99	1.73	2.00
33	-1.13	3.00	1.73	2.00
34	-1.12	2.99	1.74	2.00
35	-1.11	2.99	1.74	2.00
36	-1.11	3.02	1.74	2.00
37	-1.12	3.05	1.74	4.00
38	-1.11	3.06	1.74	4.00
39	-1.11	3.07	1.74	4.00
40	-1.12	3.09	1.73	4.00
41	-1.13	3.11	1.73	4.00
42	-1.13	3.12	1.73	4.00
43	-1.12	3.12	1.74	4.00
44	-1.12	3.13	1.75	4.00
45	-1.12	3.13	1.75	4.00
46	-1.12	3.14	1.75	4.00
47	-1.12	3.15	1.75	4.00
48	-1.12	3.15	1.76	4.00
49	-1.12	3.15	1.77	4.00
50	-1.12	3.14	1.77	4.00
51	-1.13	3.14	1.77	4.00
52	-1.14	3.14	1.78	4.00
53	-1.15	3.14	1.78	1.00
54	-1.16	3.14	1.78	1.00
55	-1.16	3.14	1.79	1.00
56	-1.17	3.15	1.78	1.00
57	-1.18	3.16	1.77	1.00
58	-1.19	3.16	1.76	1.00
59	-1.19	3.17	1.76	1.00
60	-1.20	3.17	1.75	1.00
61	-1.21	3.18	1.74	1.00
62	-1.21	3.19	1.74	1.00
63	-1.22	3.20	1.74	2.00
64	-1.23	3.21	1.75	2.00
65	-1.23	3.22	1.75	2.00
66	-1.23	3.22	1.75	2.00
67	-1.23	3.22	1.75	2.00
68	-1.25	3.25	1.75	2.00
69	-1.27	3.27	1.75	4.00
70	-1.27	3.29	1.74	4.00
71	-1.28	3.31	1.73	4.00
72	-1.28	3.32	1.74	4.00
73	-1.29	3.32	1.75	4.00
74	-1.30	3.34	1.75	4.00
75	-1.31	3.35	1.75	4.00
76	-1.31	3.35	1.75	4.00
77	-1.31	3.35	1.74	2.00
78	-1.31	3.35	1.75	2.00
79	-1.32	3.36	1.75	1.00
80	-1.32	3.36	1.75	1.00
81	-1.32	3.37	1.75	1.00
82	-1.32	3.39	1.74	1.00
83	-1.32	3.40	1.74	1.00
84	-1.33	3.41	1.73	1.00
85	-1.33	3.42	1.73	1.00
86	-1.33	3.43	1.72	1.00
87	-1.33	3.45	1.71	1.00
88	-1.34	3.45	1.72	1.00
89	-1.34	3.46	1.73	1.00
90	-1.35	3.47	1.73	1.00
91	-1.37	3.49	1.72	1.00
92	-1.37	3.49	1.72	1.00
93	-1.38	3.49	1.72	1.00
94	-1.38	3.49	1.72	1.00
95	-1.39	3.49	1.72	1.00
96	-1.39	3.49	1.72	1.00
97	-1.40	3.49	1.71	1.00
Target 5 (frames from 5 to 59)
Bounding Boxes (frame, x, y, width, height)
5	460	116	161	323
6	456	112	162	325
7	452	108	163	327
8	448	105	164	328
9	445	102	164	329
10	442	100	165	330
11	439	98	165	331
12	436	96	166	332
13	434	95	166	332
14	431	95	166	333
15	429	95	166	332
16	428	95	166	332
17	427	96	166	332
18	425	98	165	331
19	424	99	165	331
20	423	101	164	329
21	422	104	164	328
22	421	106	163	326
23	420	109	162	325
24	419	111	162	324
25	419	113	161	322
26	418	115	160	321
27	418	117	159	319
28	418	119	159	318
29	417	120	158	317
30	417	121	158	316
31	417	121	157	315
32	417	121	157	315
33	417	120	157	315
34	417	119	158	316
35	417	118	157	315
36	418	117	157	315
37	418	116	157	315
38	418	115	157	315
39	418	113	157	315
40	419	112	157	315
41	419	110	157	315
42	420	109	157	315
43	421	109	157	315
44	422	108	157	314
45	423	108	157	314
46	425	109	156	313
47	426	110	156	312
48	428	111	155	310
49	430	112	153	307
50	432	114	152	304
51	433	115	150	301
52	435	117	149	298
53	436	119	147	295
54	438	120	146	292
55	439	122	144	288
56	441	124	142	284
57	443	126	139	279
58	444	129	137	275
59	446	131	135	270
3D Trajetory (frame, x, z, height, pose)
5	1.09	2.75	1.78	1.00
6	1.08	2.79	1.83	1.00
7	1.07	2.83	1.88	1.00
8	1.05	2.82	1.88	1.00
9	1.03	2.81	1.88	1.00
10	1.02	2.82	1.89	1.00
11	1.00	2.83	1.90	4.00
12	0.99	2.83	1.90	4.00
13	0.97	2.83	1.91	4.00
14	0.98	2.84	1.91	4.00
15	0.98	2.85	1.91	4.00
16	0.97	2.84	1.91	4.00
17	0.97	2.84	1.91	4.00
18	0.96	2.85	1.90	4.00
19	0.95	2.85	1.90	4.00
20	0.94	2.86	1.91	4.00
21	0.93	2.86	1.91	4.00
22	0.92	2.86	1.90	4.00
23	0.91	2.87	1.90	4.00
24	0.91	2.89	1.89	4.00
25	0.90	2.91	1.87	4.00
26	0.89	2.92	1.87	4.00
27	0.89	2.93	1.87	4.00
28	0.89	2.93	1.88	4.00
29	0.90	2.93	1.88	4.00
30	0.90	2.94	1.89	4.00
31	0.91	2.95	1.89	4.00
32	0.91	2.96	1.89	4.00
33	0.91	2.97	1.88	2.00
34	0.91	2.97	1.89	2.00
35	0.92	2.98	1.89	2.00
36	0.93	2.99	1.90	2.00
37	0.93	3.01	1.91	2.00
38	0.94	3.02	1.92	2.00
39	0.94	3.02	1.93	2.00
40	0.95	3.03	1.93	2.00
41	0.96	3.04	1.94	2.00
42	0.96	3.05	1.94	2.00
43	0.97	3.06	1.93	2.00
44	0.97	3.06	1.93	2.00
45	0.98	3.07	1.94	2.00
46	0.98	3.07	1.94	2.00
47	0.99	3.08	1.94	2.00
48	0.99	3.08	1.94	2.00
49	1.00	3.08	1.93	2.00
50	1.01	3.12	1.92	2.00
51	1.02	3.15	1.92	2.00
52	1.02	3.17	1.91	2.00
53	1.02	3.19	1.91	2.00
54	1.06	3.23	1.88	2.00
55	1.10	3.27	1.85	2.00
56	1.10	3.29	1.85	2.00
57	1.11	3.32	1.86	1.00
58	1.11	3.34	1.86	1.00
59	1.11	3.36	1.87	1.00
Target 6 (frames from 1 to 69)
Bounding Boxes (frame, x, y, width, height)
1	385	140	93	187
2	385	139	93	187
3	385	138	93	187
4	384	138	93	187
5	384	137	93	187
6	384	137	94	188
7	384	136	94	188
8	384	136	94	189
9	384	135	94	189
10	383	135	95	190
11	383	134	95	191
12	383	133	95	191
13	382	133	96	192
14	382	132	96	193
15	381	132	96	193
16	381	132	97	194
17	381	133	97	195
18	381	134	97	195
19	382	135	98	196
20	382	136	98	197
21	383	138	98	197
22	384	139	99	198
23	385	140	99	199
24	386	141	100	200
25	387	142	100	201
26	387	142	101	202
27	387	142	102	204
28	387	141	103	206
29	387	141	103	207
30	386	141	104	208
31	386	140	104	209
32	385	140	105	210
33	385	139	105	210
34	384	139	105	211
35	383	139	105	210
36	383	139	105	210
37	382	139	104	209
38	382	139	104	208
39	382	139	103	207
40	382	139	103	206
41	382	138	103	206
42	382	138	103	206
43	383	138	103	206
44	383	137	103	206
45	384	137	103	207
46	385	136	104	208
47	386	136	104	209
48	387	136	105	211
49	388	135	106	212
50	389	135	107	214
51	390	134	107	215
52	390	134	108	217
53	391	133	109	219
54	391	132	110	221
55	391	132	111	222
56	391	131	111	223
57	391	131	112	224
58	391	131	112	225
59	391	132	112	225
60	391	132	113	226
61	392	133	112	225
62	392	134	112	225
63	393	135	112	224
64	393	136	111	223
65	394	138	111	222
66	394	140	110	220
67	395	142	109	219
68	396	144	108	216
69	397	146	107	214
3D Trajetory (frame, x, z, height, pose)
1	0.80	4.76	1.80	4.00
2	0.80	4.78	1.79	4.00
3	0.80	4.80	1.79	4.00
4	0.80	4.78	1.80	4.00
5	0.80	4.76	1.80	4.00
6	0.80	4.77	1.81	4.00
7	0.81	4.78	1.82	4.00
8	0.82	4.78	1.82	4.00
9	0.82	4.78	1.82	4.00
10	0.83	4.78	1.82	4.00
11	0.83	4.77	1.83	4.00
12	0.82	4.73	1.82	4.00
13	0.82	4.69	1.81	4.00
14	0.81	4.68	1.81	4.00
15	0.80	4.66	1.82	4.00
16	0.80	4.65	1.82	4.00
17	0.80	4.64	1.83	4.00
18	0.81	4.62	1.82	4.00
19	0.81	4.61	1.82	4.00
20	0.82	4.60	1.82	4.00
21	0.83	4.59	1.82	4.00
22	0.83	4.58	1.82	4.00
23	0.83	4.57	1.82	4.00
24	0.84	4.55	1.82	4.00
25	0.84	4.54	1.83	4.00
26	0.84	4.53	1.84	4.00
27	0.84	4.52	1.85	4.00
28	0.84	4.51	1.85	4.00
29	0.84	4.49	1.86	4.00
30	0.85	4.48	1.88	4.00
31	0.85	4.46	1.90	4.00
32	0.84	4.46	1.90	4.00
33	0.83	4.45	1.90	4.00
34	0.83	4.45	1.90	4.00
35	0.83	4.44	1.90	4.00
36	0.83	4.45	1.88	4.00
37	0.82	4.47	1.86	4.00
38	0.82	4.47	1.86	4.00
39	0.81	4.47	1.85	4.00
40	0.82	4.47	1.85	4.00
41	0.82	4.46	1.85	4.00
42	0.82	4.47	1.85	4.00
43	0.83	4.47	1.85	4.00
44	0.83	4.46	1.86	4.00
45	0.83	4.45	1.87	4.00
46	0.83	4.45	1.87	4.00
47	0.83	4.45	1.87	4.00
48	0.84	4.42	1.87	4.00
49	0.84	4.40	1.87	4.00
50	0.84	4.37	1.88	4.00
51	0.84	4.33	1.88	4.00
52	0.84	4.32	1.89	4.00
53	0.83	4.30	1.89	4.00
54	0.84	4.28	1.89	4.00
55	0.84	4.26	1.90	4.00
56	0.84	4.24	1.91	4.00
57	0.84	4.22	1.91	4.00
58	0.84	4.20	1.91	4.00
59	0.84	4.18	1.92	4.00
60	0.84	4.18	1.91	4.00
61	0.84	4.19	1.89	4.00
62	0.84	4.19	1.89	4.00
63	0.85	4.19	1.88	4.00
64	0.85	4.19	1.87	4.00
65	0.85	4.19	1.87	4.00
66	0.85	4.19	1.86	4.00
67	0.85	4.19	1.85	4.00
68	0.85	4.19	1.83	4.00
69	0.86	4.19	1.80	4.00
Target 7 (frames from 51 to 263)
Bounding Boxes (frame, x, y, width, height)
51	331	148	94	188
52	329	148	94	188
53	328	147	94	188
54	327	146	94	189
55	326	146	94	189
56	325	145	94	189
57	324	145	95	190
58	323	144	95	191
59	322	144	95	191
60	322	143	96	192
61	321	143	96	193
62	320	143	97	194
63	320	142	97	195
64	319	142	98	196
65	319	141	98	197
66	319	141	99	198
67	319	141	99	199
68	320	140	100	200
69	320	140	100	201
70	321	140	101	202
71	321	140	101	202
72	322	140	101	203
73	323	140	102	204
74	323	140	102	205
75	324	140	102	205
76	325	140	103	206
77	326	140	103	207
78	327	140	103	207
79	328	140	104	208
80	329	140	104	209
81	330	140	104	209
82	331	140	105	210
83	332	140	105	211
84	334	139	105	211
85	335	139	106	212
86	336	139	106	212
87	338	138	106	213
88	339	138	106	213
89	340	138	106	213
90	341	138	106	213
91	342	139	106	212
92	343	139	106	212
93	343	140	105	211
94	344	141	105	210
95	345	141	105	210
96	346	142	104	209
97	347	143	104	208
98	347	144	104	208
99	348	144	103	207
100	349	145	103	207
101	350	145	103	206
102	352	146	103	206
103	353	146	103	206
104	354	146	102	205
105	356	147	102	204
106	357	147	102	204
107	359	147	101	203
108	360	147	101	203
109	361	148	101	202
110	363	148	101	202
111	364	148	101	202
112	364	148	100	201
113	365	149	100	201
114	365	149	100	201
115	366	149	100	201
116	366	149	100	201
117	366	150	100	201
118	366	150	100	201
119	366	150	100	201
120	367	150	100	200
121	367	150	100	200
122	368	151	100	200
123	368	151	99	199
124	369	151	99	199
125	370	151	99	199
126	370	152	99	199
127	371	152	99	199
128	371	152	99	199
129	372	152	99	199
130	373	152	99	199
131	373	152	99	199
132	374	152	99	199
133	374	152	99	199
134	374	152	99	199
135	375	152	99	199
136	375	153	99	199
137	375	153	99	198
138	376	153	98	197
139	376	154	98	196
140	377	155	97	195
141	378	155	97	194
142	378	156	96	193
143	379	157	96	192
144	380	157	95	191
145	381	158	95	190
146	381	158	94	189
147	382	159	94	188
148	383	159	93	187
149	383	159	93	187
150	384	159	93	186
151	384	158	93	186
152	385	158	93	186
153	385	158	93	186
154	386	157	92	185
155	386	157	92	185
156	386	156	92	185
157	387	156	93	186
158	387	156	93	186
159	388	155	93	186
160	389	155	93	187
161	390	155	94	188
162	391	155	94	188
163	392	155	94	189
164	393	155	95	190
165	394	154	95	190
166	395	154	95	191
167	396	153	96	192
168	397	152	96	193
169	398	152	96	193
170	399	151	97	194
171	400	149	97	194
172	401	148	97	195
173	402	147	97	195
174	403	145	97	195
175	405	144	98	196
176	406	142	98	196
177	408	141	98	196
178	410	139	98	196
179	412	138	98	196
180	414	138	98	196
181	415	138	98	196
182	417	138	98	196
183	418	138	98	196
184	419	138	98	196
185	420	138	98	196
186	421	139	98	197
187	421	140	98	197
188	421	140	99	198
189	421	141	99	198
190	421	141	99	199
191	421	141	100	200
192	421	141	100	200
193	421	141	100	201
194	421	141	101	202
195	422	140	101	202
196	423	140	101	203
197	425	140	101	203
198	427	140	102	204
199	429	140	102	204
200	431	141	102	204
201	434	141	102	204
202	436	141	102	204
203	438	142	102	205
204	440	142	102	205
205	442	143	102	205
206	443	144	102	205
207	444	144	102	205
208	444	145	102	205
209	444	145	102	205
210	443	146	102	205
211	443	146	102	205
212	442	147	102	205
213	441	147	102	205
214	441	148	102	205
215	441	148	102	205
216	441	149	102	205
217	441	149	102	205
218	442	150	102	205
219	442	150	102	205
220	443	150	102	205
221	443	150	102	205
222	443	151	102	205
223	443	151	102	205
224	443	151	102	205
225	443	152	102	204
226	443	153	101	203
227	443	154	100	201
228	443	155	100	200
229	443	156	99	198
230	443	157	98	196
231	443	158	97	194
232	443	159	96	192
233	443	160	95	190
234	443	161	94	188
235	444	161	93	187
236	444	161	93	187
237	444	161	93	187
238	444	161	93	187
239	445	161	93	187
240	445	160	94	188
241	446	160	94	188
242	447	159	94	189
243	449	159	95	190
244	450	159	95	191
245	452	159	95	191
246	454	159	96	192
247	456	159	96	192
248	458	159	96	193
249	460	159	96	193
250	461	159	96	193
251	463	160	97	194
252	464	160	97	194
253	466	159	97	195
254	468	159	98	196
255	470	159	98	197
256	473	159	98	197
257	475	159	99	198
258	478	159	99	199
259	481	158	100	200
260	485	158	100	201
261	488	158	101	202
262	492	157	101	203
263	495	157	102	204
3D Trajetory (frame, x, z, height, pose)
51	0.26	4.66	1.76	1.00
52	0.26	4.72	1.78	1.00
53	0.27	4.78	1.81	1.00
54	0.25	4.80	1.81	1.00
55	0.24	4.81	1.80	1.00
56	0.24	4.79	1.82	1.00
57	0.24	4.78	1.83	1.00
58	0.23	4.78	1.83	1.00
59	0.22	4.78	1.84	1.00
60	0.21	4.77	1.84	1.00
61	0.20	4.77	1.84	1.00
62	0.20	4.76	1.85	1.00
63	0.20	4.75	1.86	1.00
64	0.19	4.75	1.87	1.00
65	0.19	4.75	1.88	1.00
66	0.19	4.74	1.88	1.00
67	0.19	4.73	1.89	1.00
68	0.20	4.71	1.90	1.00
69	0.20	4.70	1.90	1.00
70	0.20	4.68	1.89	1.00
71	0.21	4.67	1.88	1.00
72	0.21	4.65	1.89	1.00
73	0.22	4.64	1.90	1.00
74	0.22	4.63	1.91	1.00
75	0.23	4.63	1.91	1.00
76	0.23	4.60	1.91	1.00
77	0.23	4.58	1.91	1.00
78	0.24	4.56	1.90	1.00
79	0.24	4.54	1.90	1.00
80	0.25	4.53	1.89	1.00
81	0.25	4.51	1.88	1.00
82	0.27	4.51	1.89	1.00
83	0.28	4.51	1.90	1.00
84	0.29	4.49	1.91	1.00
85	0.30	4.47	1.91	1.00
86	0.31	4.46	1.91	1.00
87	0.33	4.45	1.90	1.00
88	0.33	4.45	1.90	1.00
89	0.33	4.45	1.90	1.00
90	0.35	4.44	1.90	1.00
91	0.36	4.44	1.90	1.00
92	0.37	4.44	1.89	1.00
93	0.38	4.44	1.88	1.00
94	0.38	4.45	1.88	1.00
95	0.39	4.45	1.87	1.00
96	0.39	4.45	1.86	1.00
97	0.40	4.44	1.86	1.00
98	0.40	4.44	1.85	1.00
99	0.40	4.44	1.85	1.00
100	0.41	4.44	1.84	1.00
101	0.41	4.45	1.84	1.00
102	0.42	4.45	1.84	1.00
103	0.42	4.46	1.84	1.00
104	0.44	4.46	1.83	1.00
105	0.45	4.46	1.83	1.00
106	0.45	4.46	1.83	1.00
107	0.45	4.46	1.82	1.00
108	0.46	4.46	1.81	1.00
109	0.46	4.46	1.80	1.00
110	0.46	4.46	1.80	1.00
111	0.47	4.46	1.79	1.00
112	0.47	4.46	1.79	1.00
113	0.47	4.46	1.79	1.00
114	0.47	4.45	1.79	1.00
115	0.48	4.43	1.79	1.00
116	0.48	4.43	1.79	1.00
117	0.47	4.42	1.79	1.00
118	0.47	4.42	1.79	1.00
119	0.47	4.43	1.78	1.00
120	0.47	4.44	1.78	1.00
121	0.47	4.45	1.78	1.00
122	0.47	4.45	1.77	1.00
123	0.47	4.45	1.77	1.00
124	0.47	4.45	1.77	1.00
125	0.48	4.45	1.77	1.00
126	0.48	4.45	1.77	1.00
127	0.48	4.45	1.76	1.00
128	0.49	4.44	1.76	1.00
129	0.49	4.44	1.76	1.00
130	0.49	4.44	1.77	1.00
131	0.49	4.44	1.77	1.00
132	0.49	4.44	1.77	1.00
133	0.49	4.44	1.77	1.00
134	0.49	4.43	1.77	1.00
135	0.49	4.43	1.77	1.00
136	0.49	4.44	1.76	1.00
137	0.50	4.44	1.75	1.00
138	0.50	4.45	1.75	1.00
139	0.50	4.45	1.75	1.00
140	0.50	4.46	1.75	1.00
141	0.51	4.47	1.75	1.00
142	0.50	4.49	1.73	1.00
143	0.50	4.52	1.71	1.00
144	0.50	4.51	1.71	1.00
145	0.50	4.51	1.71	1.00
146	0.50	4.51	1.70	1.00
147	0.50	4.51	1.70	3.00
148	0.50	4.53	1.69	3.00
149	0.50	4.54	1.69	3.00
150	0.50	4.55	1.69	3.00
151	0.50	4.55	1.69	1.00
152	0.51	4.56	1.69	1.00
153	0.51	4.57	1.69	1.00
154	0.50	4.58	1.69	1.00
155	0.50	4.60	1.69	1.00
156	0.51	4.59	1.70	1.00
157	0.52	4.59	1.71	2.00
158	0.52	4.60	1.71	2.00
159	0.52	4.61	1.71	2.00
160	0.52	4.61	1.71	2.00
161	0.51	4.61	1.71	1.00
162	0.51	4.61	1.72	1.00
163	0.52	4.61	1.73	1.00
164	0.52	4.61	1.74	1.00
165	0.52	4.61	1.75	1.00
166	0.52	4.61	1.76	1.00
167	0.53	4.61	1.77	1.00
168	0.53	4.62	1.77	1.00
169	0.53	4.62	1.77	1.00
170	0.54	4.62	1.77	1.00
171	0.54	4.62	1.77	1.00
172	0.55	4.62	1.78	1.00
173	0.55	4.62	1.79	1.00
174	0.55	4.62	1.79	1.00
175	0.56	4.62	1.79	1.00
176	0.57	4.62	1.79	1.00
177	0.58	4.62	1.79	1.00
178	0.58	4.61	1.80	1.00
179	0.59	4.61	1.80	1.00
180	0.59	4.61	1.80	1.00
181	0.60	4.61	1.79	1.00
182	0.60	4.62	1.79	1.00
183	0.60	4.62	1.79	1.00
184	0.60	4.62	1.78	1.00
185	0.60	4.62	1.78	1.00
186	0.60	4.61	1.78	1.00
187	0.60	4.61	1.78	1.00
188	0.60	4.60	1.79	1.00
189	0.60	4.59	1.80	1.00
190	0.60	4.58	1.80	1.00
191	0.61	4.57	1.81	1.00
192	0.61	4.57	1.81	1.00
193	0.62	4.56	1.81	1.00
194	0.63	4.55	1.81	1.00
195	0.64	4.55	1.81	1.00
196	0.64	4.54	1.81	1.00
197	0.64	4.52	1.81	1.00
198	0.65	4.52	1.81	1.00
199	0.66	4.51	1.81	1.00
200	0.67	4.50	1.81	1.00
201	0.69	4.49	1.81	1.00
202	0.69	4.49	1.81	1.00
203	0.70	4.49	1.81	1.00
204	0.70	4.49	1.80	1.00
205	0.71	4.48	1.79	1.00
206	0.71	4.48	1.79	1.00
207	0.72	4.47	1.78	1.00
208	0.71	4.46	1.79	1.00
209	0.70	4.45	1.79	1.00
210	0.71	4.46	1.79	1.00
211	0.72	4.47	1.79	1.00
212	0.71	4.45	1.79	1.00
213	0.71	4.44	1.78	1.00
214	0.71	4.45	1.78	1.00
215	0.72	4.45	1.78	1.00
216	0.72	4.45	1.78	1.00
217	0.72	4.46	1.77	1.00
218	0.73	4.45	1.78	1.00
219	0.73	4.45	1.78	1.00
220	0.73	4.44	1.78	1.00
221	0.73	4.44	1.79	1.00
222	0.73	4.44	1.79	1.00
223	0.73	4.44	1.79	1.00
224	0.72	4.44	1.78	1.00
225	0.72	4.44	1.77	1.00
226	0.72	4.45	1.77	1.00
227	0.72	4.45	1.77	1.00
228	0.71	4.48	1.76	1.00
229	0.71	4.51	1.75	1.00
230	0.71	4.53	1.74	1.00
231	0.72	4.55	1.73	1.00
232	0.72	4.58	1.72	1.00
233	0.72	4.61	1.70	1.00
234	0.73	4.63	1.70	1.00
235	0.74	4.66	1.70	1.00
236	0.75	4.67	1.70	1.00
237	0.76	4.68	1.71	1.00
238	0.76	4.69	1.71	1.00
239	0.77	4.70	1.71	1.00
240	0.79	4.69	1.73	1.00
241	0.80	4.68	1.75	1.00
242	0.82	4.69	1.75	1.00
243	0.83	4.69	1.75	1.00
244	0.85	4.69	1.76	1.00
245	0.87	4.69	1.76	1.00
246	0.88	4.70	1.76	1.00
247	0.90	4.70	1.76	1.00
248	0.92	4.70	1.77	1.00
249	0.93	4.71	1.77	1.00
250	0.95	4.71	1.78	1.00
251	0.97	4.72	1.79	4.00
252	0.98	4.72	1.79	4.00
253	0.99	4.72	1.80	4.00
254	1.01	4.72	1.80	4.00
255	1.02	4.72	1.81	4.00
256	1.03	4.72	1.81	4.00
257	1.03	4.72	1.81	4.00
258	1.07	4.71	1.83	4.00
259	1.11	4.71	1.84	3.00
260	1.13	4.70	1.84	3.00
261	1.15	4.69	1.85	3.00
262	1.19	4.68	1.84	3.00
263	1.23	4.66	1.83	1.00
Target 8 (frames from 95 to 155)
Bounding Boxes (frame, x, y, width, height)
95	145	155	117	234
96	145	154	118	237
97	145	153	119	239
98	145	152	120	241
99	145	151	121	243
100	145	151	122	245
101	146	150	123	246
102	146	150	123	246
103	147	150	123	247
104	148	150	123	247
105	149	150	123	246
106	150	151	122	245
107	152	151	122	244
108	153	152	121	243
109	155	152	121	242
110	156	153	120	241
111	157	154	120	240
112	158	154	119	239
113	159	155	119	238
114	159	155	118	237
115	160	155	118	237
116	160	155	118	237
117	160	156	118	237
118	160	156	118	237
119	161	156	118	236
120	161	156	118	236
121	161	156	117	235
122	162	157	117	235
123	162	157	117	235
124	163	156	117	235
125	163	157	117	235
126	164	157	117	234
127	164	157	116	233
128	165	158	116	232
129	165	158	115	231
130	166	159	115	230
131	166	159	114	229
132	166	160	114	229
133	166	160	114	228
134	166	160	114	228
135	166	160	114	228
136	166	160	114	228
137	166	160	114	228
138	165	160	114	229
139	165	159	115	230
140	165	158	115	231
141	165	158	116	232
142	166	157	116	233
143	167	157	116	233
144	168	157	116	233
145	169	157	116	232
146	171	157	116	232
147	172	157	115	231
148	173	158	115	230
149	175	158	114	229
150	176	158	114	228
151	178	159	113	226
152	179	159	112	225
153	181	160	111	223
154	183	161	110	221
155	184	161	109	219
3D Trajetory (frame, x, z, height, pose)
95	-1.11	3.69	1.73	1.00
96	-1.10	3.67	1.73	1.00
97	-1.08	3.65	1.73	1.00
98	-1.07	3.62	1.75	1.00
99	-1.06	3.58	1.76	1.00
100	-1.06	3.58	1.76	1.00
101	-1.06	3.58	1.77	1.00
102	-1.06	3.57	1.77	1.00
103	-1.06	3.56	1.77	1.00
104	-1.06	3.56	1.77	1.00
105	-1.06	3.56	1.77	1.00
106	-1.05	3.57	1.76	1.00
107	-1.04	3.59	1.75	1.00
108	-1.04	3.59	1.74	1.00
109	-1.03	3.60	1.73	1.00
110	-1.03	3.60	1.72	1.00
111	-1.04	3.60	1.72	1.00
112	-1.04	3.60	1.72	1.00
113	-1.04	3.60	1.72	1.00
114	-1.04	3.59	1.72	1.00
115	-1.04	3.59	1.73	1.00
116	-1.04	3.60	1.71	1.00
117	-1.04	3.61	1.70	1.00
118	-1.04	3.61	1.70	1.00
119	-1.04	3.61	1.71	1.00
120	-1.04	3.61	1.71	1.00
121	-1.03	3.61	1.71	1.00
122	-1.04	3.61	1.71	1.00
123	-1.04	3.61	1.71	1.00
124	-1.04	3.62	1.70	1.00
125	-1.05	3.63	1.70	1.00
126	-1.05	3.63	1.70	1.00
127	-1.05	3.63	1.71	1.00
128	-1.05	3.64	1.71	1.00
129	-1.05	3.64	1.71	1.00
130	-1.05	3.65	1.70	1.00
131	-1.05	3.66	1.69	1.00
132	-1.06	3.68	1.68	1.00
133	-1.07	3.70	1.67	1.00
134	-1.08	3.70	1.67	1.00
135	-1.08	3.70	1.68	1.00
136	-1.08	3.68	1.68	1.00
137	-1.08	3.66	1.68	1.00
138	-1.08	3.65	1.69	1.00
139	-1.08	3.64	1.69	1.00
140	-1.07	3.63	1.69	1.00
141	-1.07	3.62	1.70	1.00
142	-1.07	3.62	1.69	1.00
143	-1.06	3.61	1.69	1.00
144	-1.06	3.61	1.70	1.00
145	-1.06	3.60	1.70	1.00
146	-1.05	3.62	1.70	1.00
147	-1.04	3.63	1.70	1.00
148	-1.04	3.65	1.69	1.00
149	-1.03	3.66	1.68	1.00
150	-1.03	3.67	1.68	1.00
151	-1.04	3.68	1.67	1.00
152	-1.04	3.68	1.66	1.00
153	-1.04	3.69	1.66	1.00
154	-1.04	3.70	1.65	1.00
155	-1.04	3.71	1.65	1.00
Target 9 (frames from 151 to 301)
Bounding Boxes (frame, x, y, width, height)
151	110	149	115	231
152	112	149	115	231
153	113	149	115	231
154	115	149	115	231
155	116	149	115	231
156	117	149	116	232
157	119	149	116	232
158	120	149	116	232
159	122	149	116	233
160	123	149	116	233
161	125	149	117	234
162	127	149	117	234
163	128	149	117	235
164	130	149	117	235
165	131	149	118	236
166	133	149	118	237
167	134	149	119	238
168	136	148	119	239
169	137	147	120	240
170	138	146	120	241
171	139	144	121	242
172	140	143	121	243
173	141	141	121	243
174	143	139	122	244
175	144	138	122	245
176	146	136	123	246
177	148	134	123	246
178	150	133	123	246
179	152	132	123	246
180	153	132	123	246
181	155	132	123	246
182	157	133	122	245
183	159	134	122	245
184	161	135	122	244
185	162	136	121	243
186	163	138	120	241
187	163	140	120	240
188	164	142	119	239
189	164	144	119	238
190	164	145	118	237
191	164	146	118	236
192	164	147	117	235
193	164	147	117	235
194	164	147	117	235
195	164	147	117	235
196	165	147	117	235
197	166	147	118	236
198	167	147	118	236
199	168	146	118	237
200	169	146	118	237
201	170	146	118	237
202	171	146	118	237
203	172	147	118	237
204	173	147	118	237
205	173	147	118	237
206	174	147	118	237
207	174	148	118	237
208	173	148	119	238
209	172	148	119	238
210	171	148	119	238
211	169	148	119	239
212	168	148	120	240
213	166	148	120	240
214	165	147	120	241
215	164	147	121	242
216	164	147	121	243
217	163	147	121	243
218	163	147	122	244
219	164	147	122	244
220	164	147	122	244
221	165	147	122	244
222	165	147	122	244
223	166	147	122	244
224	167	147	122	244
225	167	147	121	243
226	167	148	121	243
227	167	148	121	243
228	168	148	121	242
229	167	149	121	242
230	167	149	121	242
231	167	149	120	241
232	166	150	120	241
233	166	150	120	240
234	165	150	119	239
235	165	151	119	239
236	164	152	119	238
237	164	153	118	237
238	163	153	118	237
239	162	154	118	237
240	162	154	118	236
241	161	154	118	236
242	160	155	118	237
243	160	155	118	237
244	159	154	119	238
245	159	154	119	239
246	158	154	119	239
247	158	154	120	240
248	158	154	120	241
249	157	155	121	242
250	157	155	121	243
251	157	155	121	243
252	157	156	122	244
253	157	156	122	244
254	157	156	122	244
255	158	156	122	245
256	158	157	123	246
257	159	157	123	246
258	160	157	123	247
259	161	156	123	247
260	162	156	124	248
261	163	156	124	249
262	164	155	125	250
263	165	155	125	251
264	166	155	126	252
265	167	155	126	253
266	168	155	127	254
267	169	155	128	256
268	169	154	128	257
269	169	154	128	257
270	169	155	129	258
271	169	155	129	258
272	168	156	129	258
273	167	156	129	258
274	165	157	128	257
275	164	158	128	256
276	162	160	127	254
277	160	161	126	253
278	158	162	126	252
279	156	164	125	250
280	155	165	124	248
281	154	166	123	247
282	152	167	123	246
283	151	168	122	245
284	149	169	122	244
285	148	169	121	243
286	147	170	121	242
287	147	170	121	242
288	146	170	120	241
289	145	170	120	241
290	144	169	120	241
291	143	169	120	240
292	143	168	120	240
293	143	168	120	240
294	143	168	119	239
295	143	168	119	239
296	144	168	119	239
297	144	169	119	239
298	145	169	119	239
299	147	169	119	239
300	148	170	120	240
301	149	170	120	240
3D Trajetory (frame, x, z, height, pose)
151	-1.57	3.77	1.76	1.00
152	-1.56	3.74	1.75	1.00
153	-1.55	3.71	1.73	1.00
154	-1.53	3.70	1.73	1.00
155	-1.51	3.68	1.74	1.00
156	-1.50	3.68	1.74	1.00
157	-1.49	3.68	1.74	1.00
158	-1.49	3.68	1.74	1.00
159	-1.49	3.69	1.73	1.00
160	-1.48	3.68	1.74	1.00
161	-1.46	3.67	1.75	4.00
162	-1.45	3.66	1.74	4.00
163	-1.45	3.65	1.74	4.00
164	-1.44	3.65	1.75	4.00
165	-1.44	3.64	1.75	4.00
166	-1.43	3.64	1.76	4.00
167	-1.42	3.63	1.76	4.00
168	-1.42	3.62	1.77	4.00
169	-1.41	3.61	1.78	4.00
170	-1.40	3.61	1.78	4.00
171	-1.38	3.60	1.78	4.00
172	-1.38	3.60	1.78	4.00
173	-1.37	3.60	1.78	4.00
174	-1.37	3.59	1.79	4.00
175	-1.36	3.58	1.80	4.00
176	-1.35	3.58	1.79	4.00
177	-1.35	3.58	1.79	4.00
178	-1.33	3.56	1.79	4.00
179	-1.32	3.54	1.79	4.00
180	-1.31	3.53	1.79	4.00
181	-1.31	3.53	1.79	4.00
182	-1.30	3.51	1.78	4.00
183	-1.29	3.50	1.77	4.00
184	-1.30	3.52	1.76	4.00
185	-1.31	3.53	1.75	4.00
186	-1.30	3.53	1.74	4.00
187	-1.30	3.53	1.74	4.00
188	-1.30	3.53	1.74	4.00
189	-1.30	3.53	1.73	4.00
190	-1.30	3.54	1.73	4.00
191	-1.31	3.55	1.72	4.00
192	-1.30	3.55	1.72	4.00
193	-1.30	3.56	1.72	4.00
194	-1.30	3.55	1.71	4.00
195	-1.29	3.55	1.71	4.00
196	-1.29	3.54	1.71	4.00
197	-1.29	3.54	1.71	4.00
198	-1.28	3.54	1.72	4.00
199	-1.28	3.54	1.72	4.00
200	-1.28	3.53	1.73	4.00
201	-1.29	3.53	1.73	4.00
202	-1.29	3.53	1.74	4.00
203	-1.29	3.53	1.74	4.00
204	-1.30	3.53	1.73	4.00
205	-1.30	3.53	1.73	4.00
206	-1.31	3.53	1.72	4.00
207	-1.31	3.53	1.72	4.00
208	-1.31	3.53	1.73	4.00
209	-1.31	3.53	1.73	4.00
210	-1.31	3.52	1.73	4.00
211	-1.31	3.52	1.74	4.00
212	-1.32	3.52	1.75	4.00
213	-1.33	3.52	1.75	4.00
214	-1.33	3.52	1.75	4.00
215	-1.33	3.51	1.75	4.00
216	-1.33	3.52	1.76	4.00
217	-1.33	3.52	1.76	4.00
218	-1.33	3.52	1.77	4.00
219	-1.34	3.52	1.78	4.00
220	-1.33	3.53	1.78	4.00
221	-1.33	3.53	1.78	4.00
222	-1.33	3.53	1.78	4.00
223	-1.33	3.53	1.78	4.00
224	-1.33	3.54	1.78	4.00
225	-1.33	3.55	1.77	4.00
226	-1.33	3.54	1.78	4.00
227	-1.33	3.54	1.78	4.00
228	-1.33	3.54	1.78	4.00
229	-1.33	3.55	1.78	4.00
230	-1.33	3.55	1.77	4.00
231	-1.33	3.56	1.77	4.00
232	-1.34	3.56	1.77	4.00
233	-1.34	3.55	1.77	4.00
234	-1.35	3.56	1.76	4.00
235	-1.35	3.57	1.76	4.00
236	-1.35	3.57	1.76	4.00
237	-1.35	3.57	1.76	4.00
238	-1.36	3.58	1.75	4.00
239	-1.37	3.59	1.75	4.00
240	-1.36	3.60	1.74	4.00
241	-1.36	3.60	1.74	4.00
242	-1.36	3.60	1.75	4.00
243	-1.36	3.59	1.75	4.00
244	-1.36	3.59	1.76	4.00
245	-1.36	3.58	1.77	4.00
246	-1.37	3.58	1.77	4.00
247	-1.37	3.58	1.77	4.00
248	-1.37	3.57	1.78	4.00
249	-1.37	3.56	1.78	4.00
250	-1.37	3.56	1.78	4.00
251	-1.38	3.56	1.79	4.00
252	-1.38	3.56	1.79	4.00
253	-1.38	3.56	1.79	1.00
254	-1.37	3.55	1.79	1.00
255	-1.37	3.55	1.79	1.00
256	-1.37	3.55	1.80	1.00
257	-1.37	3.55	1.80	1.00
258	-1.36	3.54	1.80	1.00
259	-1.35	3.54	1.81	1.00
260	-1.35	3.53	1.81	1.00
261	-1.34	3.52	1.81	1.00
262	-1.33	3.52	1.82	1.00
263	-1.33	3.52	1.82	1.00
264	-1.32	3.52	1.83	1.00
265	-1.31	3.52	1.84	1.00
266	-1.31	3.53	1.85	1.00
267	-1.30	3.53	1.86	1.00
268	-1.29	3.53	1.87	1.00
269	-1.29	3.52	1.87	1.00
270	-1.29	3.51	1.87	1.00
271	-1.28	3.51	1.87	1.00
272	-1.28	3.51	1.88	1.00
273	-1.28	3.50	1.88	1.00
274	-1.30	3.51	1.87	1.00
275	-1.32	3.51	1.85	1.00
276	-1.34	3.52	1.85	1.00
277	-1.36	3.53	1.85	1.00
278	-1.38	3.54	1.84	1.00
279	-1.40	3.54	1.83	1.00
280	-1.41	3.55	1.82	1.00
281	-1.43	3.56	1.81	1.00
282	-1.44	3.56	1.81	1.00
283	-1.45	3.56	1.80	1.00
284	-1.46	3.57	1.80	1.00
285	-1.46	3.57	1.80	1.00
286	-1.47	3.58	1.80	1.00
287	-1.48	3.59	1.80	1.00
288	-1.48	3.60	1.79	1.00
289	-1.49	3.61	1.79	1.00
290	-1.49	3.61	1.80	1.00
291	-1.49	3.62	1.80	1.00
292	-1.49	3.63	1.80	1.00
293	-1.49	3.64	1.79	1.00
294	-1.49	3.64	1.79	1.00
295	-1.48	3.63	1.79	1.00
296	-1.48	3.63	1.79	1.00
297	-1.47	3.63	1.79	1.00
298	-1.47	3.63	1.80	1.00
299	-1.47	3.64	1.80	1.00
300	-1.47	3.63	1.80	1.00
301	-1.47	3.63	1.79	1.00
Target 10 (frames from 161 to 209)
Bounding Boxes (frame, x, y, width, height)
161	482	150	91	183
162	482	150	92	184
163	483	150	93	186
164	484	150	93	187
165	485	150	94	188
166	485	150	94	189
167	486	149	95	190
168	487	149	95	191
169	488	148	96	192
170	489	148	96	192
171	489	147	96	193
172	490	146	96	193
173	491	145	96	193
174	492	143	96	193
175	493	142	96	193
176	494	141	96	193
177	496	139	96	193
178	497	138	96	193
179	499	137	97	194
180	501	137	97	194
181	502	136	97	194
182	503	136	97	194
183	504	136	97	194
184	505	137	97	194
185	505	137	97	194
186	505	138	97	194
187	504	139	97	194
188	504	140	97	194
189	503	141	97	194
190	503	142	97	194
191	502	143	97	194
192	502	143	97	194
193	501	143	97	194
194	501	143	97	194
195	502	143	97	195
196	502	142	98	196
197	504	142	98	196
198	505	141	98	197
199	507	141	99	198
200	509	141	100	200
201	510	141	100	201
202	512	141	100	201
203	513	141	101	203
204	514	141	102	204
205	516	141	102	205
206	517	141	103	206
207	518	141	103	207
208	520	141	104	208
209	521	142	104	209
3D Trajetory (frame, x, z, height, pose)
161	1.43	4.97	1.78	2.00
162	1.42	4.92	1.79	2.00
163	1.41	4.86	1.79	4.00
164	1.40	4.84	1.79	4.00
165	1.39	4.82	1.79	4.00
166	1.39	4.81	1.80	4.00
167	1.40	4.81	1.80	4.00
168	1.39	4.81	1.80	4.00
169	1.39	4.80	1.81	4.00
170	1.39	4.79	1.81	4.00
171	1.39	4.78	1.81	4.00
172	1.39	4.78	1.81	4.00
173	1.39	4.78	1.81	4.00
174	1.39	4.78	1.81	4.00
175	1.38	4.77	1.81	4.00
176	1.39	4.78	1.81	4.00
177	1.40	4.78	1.81	4.00
178	1.41	4.78	1.80	4.00
179	1.41	4.78	1.80	4.00
180	1.41	4.78	1.80	4.00
181	1.40	4.78	1.80	4.00
182	1.40	4.78	1.80	4.00
183	1.41	4.78	1.80	4.00
184	1.40	4.78	1.80	4.00
185	1.39	4.77	1.81	4.00
186	1.39	4.77	1.81	4.00
187	1.38	4.77	1.80	1.00
188	1.37	4.77	1.80	1.00
189	1.37	4.77	1.80	1.00
190	1.36	4.77	1.79	1.00
191	1.36	4.77	1.79	1.00
192	1.35	4.76	1.79	1.00
193	1.35	4.75	1.79	1.00
194	1.36	4.74	1.79	1.00
195	1.37	4.73	1.80	1.00
196	1.37	4.72	1.80	1.00
197	1.37	4.71	1.80	1.00
198	1.37	4.71	1.81	1.00
199	1.37	4.70	1.81	1.00
200	1.38	4.68	1.81	1.00
201	1.39	4.66	1.81	1.00
202	1.38	4.65	1.81	1.00
203	1.38	4.64	1.82	1.00
204	1.38	4.62	1.82	1.00
205	1.38	4.60	1.82	1.00
206	1.37	4.59	1.82	1.00
207	1.37	4.57	1.82	1.00
208	1.37	4.56	1.82	1.00
209	1.36	4.54	1.83	1.00
