Total frames 401
Number of Targets 23
Target 1 (frames from 1 to 63)
Bounding Boxes (frame, x, y, width, height)
1	328	176	48	97
2	329	177	49	98
3	330	177	49	99
4	331	177	50	100
5	332	178	50	101
6	333	178	50	101
7	335	178	51	102
8	337	178	51	102
9	339	177	51	103
10	341	177	51	103
11	344	177	51	103
12	346	176	51	103
13	349	175	51	103
14	352	175	51	103
15	355	174	51	103
16	358	174	51	103
17	361	173	51	102
18	364	173	51	102
19	366	172	51	102
20	368	172	51	102
21	370	172	51	102
22	372	171	51	102
23	374	171	51	102
24	376	171	51	102
25	377	172	51	102
26	378	172	51	102
27	380	172	51	102
28	381	172	51	103
29	382	171	51	103
30	382	171	52	104
31	383	170	52	104
32	384	170	52	105
33	385	169	53	106
34	386	169	53	106
35	387	168	53	107
36	387	168	53	107
37	388	167	54	108
38	389	167	54	109
39	390	166	54	109
40	391	166	55	110
41	392	166	55	110
42	393	165	55	111
43	394	165	55	111
44	396	165	55	111
45	397	165	55	111
46	399	165	56	112
47	401	164	56	112
48	403	164	56	112
49	405	164	56	112
50	407	164	56	113
51	409	164	56	113
52	411	164	56	113
53	413	164	57	114
54	415	164	57	114
55	417	164	57	115
56	418	165	57	115
57	420	165	57	115
58	422	165	57	115
59	424	166	57	115
60	425	166	57	115
61	427	167	57	115
62	429	167	57	115
63	431	168	57	115
3D Trajetory (frame, x, z, height, pose)
1	-0.10	8.81	1.65	4.00
2	-0.08	8.64	1.69	4.00
3	-0.06	8.47	1.72	4.00
4	-0.05	8.43	1.72	4.00
5	-0.04	8.39	1.72	1.00
6	-0.03	8.40	1.72	1.00
7	-0.02	8.41	1.72	1.00
8	-0.01	8.40	1.73	1.00
9	0.01	8.39	1.74	1.00
10	0.02	8.37	1.74	1.00
11	0.03	8.36	1.74	1.00
12	0.07	8.35	1.72	1.00
13	0.11	8.34	1.71	1.00
14	0.13	8.33	1.71	1.00
15	0.15	8.32	1.71	2.00
16	0.18	8.32	1.71	2.00
17	0.21	8.32	1.72	2.00
18	0.23	8.31	1.72	2.00
19	0.25	8.30	1.71	2.00
20	0.27	8.28	1.70	2.00
21	0.30	8.27	1.69	2.00
22	0.32	8.26	1.68	2.00
23	0.35	8.25	1.68	2.00
24	0.37	8.24	1.68	2.00
25	0.39	8.24	1.68	2.00
26	0.41	8.22	1.68	2.00
27	0.42	8.21	1.69	2.00
28	0.44	8.20	1.69	2.00
29	0.46	8.19	1.68	1.00
30	0.48	8.18	1.69	1.00
31	0.49	8.17	1.70	1.00
32	0.51	8.16	1.71	1.00
33	0.53	8.14	1.72	1.00
34	0.56	8.12	1.73	1.00
35	0.58	8.11	1.74	1.00
36	0.60	8.10	1.75	1.00
37	0.62	8.09	1.76	2.00
38	0.65	8.09	1.76	2.00
39	0.69	8.08	1.75	2.00
40	0.69	8.08	1.76	2.00
41	0.70	8.07	1.77	1.00
42	0.70	8.05	1.78	1.00
43	0.71	8.04	1.80	1.00
44	0.74	8.01	1.79	1.00
45	0.78	7.98	1.78	3.00
46	0.81	7.97	1.78	3.00
47	0.85	7.95	1.78	4.00
48	0.86	7.94	1.78	4.00
49	0.87	7.93	1.78	1.00
50	0.90	7.92	1.78	1.00
51	0.93	7.90	1.77	1.00
52	0.96	7.89	1.78	1.00
53	0.99	7.87	1.79	4.00
54	1.02	7.85	1.79	4.00
55	1.05	7.84	1.80	4.00
56	1.07	7.82	1.81	4.00
57	1.09	7.80	1.82	4.00
58	1.09	7.79	1.80	4.00
59	1.09	7.77	1.78	3.00
60	1.12	7.75	1.78	3.00
61	1.14	7.74	1.77	1.00
62	1.17	7.72	1.77	1.00
63	1.21	7.71	1.76	1.00
Target 2 (frames from 1 to 45)
Bounding Boxes (frame, x, y, width, height)
1	460	196	46	93
2	460	195	49	98
3	461	194	51	102
4	461	193	52	105
5	462	192	54	109
6	463	191	55	111
7	464	190	57	114
8	465	190	58	116
9	466	189	59	118
10	468	188	60	120
11	469	187	60	121
12	471	187	61	122
13	473	186	61	122
14	475	186	61	122
15	478	186	61	122
16	481	186	60	121
17	483	185	60	121
18	486	185	60	121
19	488	185	61	122
20	491	185	61	122
21	493	184	61	123
22	495	184	61	123
23	497	184	62	124
24	499	184	62	125
25	500	184	62	125
26	502	184	63	126
27	503	184	63	126
28	505	185	63	127
29	507	185	63	127
30	508	184	64	128
31	510	184	64	129
32	512	184	64	129
33	513	184	65	130
34	515	183	65	131
35	517	182	66	133
36	518	182	67	134
37	520	182	67	135
38	521	181	67	135
39	523	181	68	136
40	525	181	68	137
41	526	181	68	137
42	528	181	69	138
43	529	181	69	138
44	530	181	69	139
45	532	181	69	139
3D Trajetory (frame, x, z, height, pose)
1	1.79	7.23	1.40	1.00
2	1.80	7.16	1.41	1.00
3	1.81	7.10	1.42	1.00
4	1.80	6.94	1.43	1.00
5	1.79	6.78	1.43	1.00
6	1.75	6.64	1.47	1.00
7	1.71	6.50	1.51	1.00
8	1.70	6.40	1.53	1.00
9	1.68	6.30	1.55	1.00
10	1.68	6.32	1.54	1.00
11	1.67	6.35	1.54	1.00
12	1.68	6.35	1.54	1.00
13	1.69	6.35	1.53	1.00
14	1.70	6.34	1.54	1.00
15	1.71	6.32	1.54	1.00
16	1.72	6.31	1.52	1.00
17	1.72	6.30	1.50	1.00
18	1.74	6.24	1.50	1.00
19	1.76	6.18	1.49	1.00
20	1.76	6.15	1.49	1.00
21	1.76	6.12	1.49	1.00
22	1.78	6.09	1.50	1.00
23	1.79	6.06	1.51	1.00
24	1.80	6.03	1.50	1.00
25	1.81	5.99	1.49	1.00
26	1.82	5.96	1.49	1.00
27	1.82	5.94	1.49	1.00
28	1.83	5.91	1.49	1.00
29	1.84	5.87	1.49	1.00
30	1.85	5.84	1.48	1.00
31	1.86	5.81	1.47	1.00
32	1.88	5.79	1.47	1.00
33	1.90	5.77	1.47	1.00
34	1.92	5.73	1.48	1.00
35	1.95	5.69	1.50	1.00
36	1.96	5.66	1.50	1.00
37	1.98	5.63	1.51	2.00
38	1.99	5.60	1.51	2.00
39	2.00	5.58	1.52	2.00
40	2.01	5.56	1.52	2.00
41	2.01	5.55	1.53	2.00
42	2.02	5.53	1.52	2.00
43	2.03	5.51	1.52	2.00
44	2.04	5.49	1.50	2.00
45	2.05	5.47	1.48	2.00
Target 3 (frames from 1 to 37)
Bounding Boxes (frame, x, y, width, height)
1	123	180	47	95
2	123	181	47	94
3	122	183	46	92
4	122	184	45	91
5	122	185	45	91
6	122	186	45	90
7	122	187	44	89
8	121	187	44	89
9	121	187	44	88
10	122	187	44	88
11	122	187	44	88
12	122	186	44	88
13	122	184	44	88
14	123	183	44	89
15	123	182	44	89
16	123	180	45	90
17	123	179	45	90
18	123	178	45	91
19	123	177	45	91
20	122	176	45	91
21	122	175	46	92
22	121	174	46	92
23	121	174	46	92
24	120	174	46	92
25	119	174	45	91
26	118	175	45	91
27	117	175	45	91
28	116	176	45	91
29	115	176	45	90
30	113	176	45	90
31	112	176	45	90
32	111	176	45	90
33	109	176	45	90
34	108	176	45	90
35	106	176	45	90
36	104	176	45	90
37	103	176	44	89
3D Trajetory (frame, x, z, height, pose)
1	-3.59	8.55	1.62	2.00
2	-3.64	8.60	1.62	2.00
3	-3.69	8.66	1.61	2.00
4	-3.70	8.65	1.60	2.00
5	-3.71	8.64	1.58	2.00
6	-3.77	8.68	1.58	2.00
7	-3.82	8.72	1.57	2.00
8	-3.86	8.77	1.56	2.00
9	-3.90	8.81	1.56	2.00
10	-3.92	8.82	1.56	2.00
11	-3.95	8.83	1.56	2.00
12	-3.97	8.82	1.57	2.00
13	-3.99	8.80	1.58	2.00
14	-4.01	8.80	1.59	2.00
15	-4.04	8.81	1.59	2.00
16	-4.06	8.80	1.61	2.00
17	-4.07	8.79	1.62	2.00
18	-4.10	8.78	1.63	2.00
19	-4.12	8.78	1.63	2.00
20	-4.14	8.79	1.65	2.00
21	-4.16	8.80	1.66	2.00
22	-4.18	8.80	1.67	2.00
23	-4.21	8.81	1.67	2.00
24	-4.23	8.83	1.65	2.00
25	-4.26	8.84	1.63	2.00
26	-4.28	8.83	1.63	2.00
27	-4.30	8.83	1.63	1.00
28	-4.33	8.83	1.63	1.00
29	-4.36	8.83	1.63	1.00
30	-4.38	8.83	1.63	1.00
31	-4.40	8.83	1.64	2.00
32	-4.41	8.83	1.63	2.00
33	-4.42	8.83	1.62	2.00
34	-4.44	8.83	1.62	2.00
35	-4.47	8.83	1.62	1.00
36	-4.49	8.84	1.62	1.00
37	-4.51	8.84	1.62	2.00
Target 4 (frames from 1 to 21)
Bounding Boxes (frame, x, y, width, height)
1	583	183	54	109
2	585	183	55	111
3	587	183	56	112
4	589	183	56	113
5	591	184	56	113
6	594	184	57	114
7	596	184	57	115
8	599	184	57	115
9	602	184	58	116
10	605	184	58	116
11	608	184	58	116
12	612	183	58	116
13	615	183	58	116
14	618	183	57	115
15	621	183	57	115
16	624	183	57	115
17	627	183	57	115
18	631	183	57	114
19	634	183	57	114
20	637	183	56	113
21	640	183	56	112
3D Trajetory (frame, x, z, height, pose)
1	3.61	7.10	1.55	1.00
2	3.61	7.06	1.57	1.00
3	3.62	7.02	1.59	1.00
4	3.61	6.98	1.59	1.00
5	3.60	6.95	1.59	1.00
6	3.62	6.95	1.59	1.00
7	3.64	6.96	1.59	1.00
8	3.66	6.95	1.60	1.00
9	3.67	6.94	1.61	1.00
10	3.70	6.94	1.60	1.00
11	3.73	6.93	1.60	1.00
12	3.74	6.91	1.60	1.00
13	3.76	6.89	1.60	1.00
14	3.77	6.87	1.58	1.00
15	3.78	6.84	1.56	1.00
16	3.79	6.84	1.55	1.00
17	3.80	6.83	1.54	1.00
18	3.80	6.82	1.53	1.00
19	3.81	6.81	1.51	1.00
20	3.82	6.79	1.51	1.00
21	3.82	6.77	1.51	1.00
Target 5 (frames from 1 to 33)
Bounding Boxes (frame, x, y, width, height)
1	260	190	47	95
2	262	187	50	100
3	263	185	52	104
4	265	183	54	108
5	266	181	55	111
6	267	179	57	114
7	269	178	58	117
8	270	177	59	119
9	272	176	60	120
10	273	175	60	121
11	275	174	61	122
12	277	173	61	122
13	278	173	60	121
14	280	173	60	120
15	281	173	59	119
16	281	174	59	118
17	281	174	58	116
18	281	174	57	115
19	281	174	57	114
20	279	175	56	113
21	278	175	56	112
22	276	175	55	111
23	274	175	55	110
24	272	176	55	110
25	270	177	54	109
26	268	177	53	107
27	266	178	53	106
28	264	180	52	105
29	262	181	52	104
30	260	182	51	103
31	257	184	50	101
32	255	186	50	100
33	253	188	49	99
3D Trajetory (frame, x, z, height, pose)
1	-1.04	7.57	1.45	4.00
2	-1.04	7.51	1.51	4.00
3	-1.04	7.45	1.57	3.00
4	-1.03	7.40	1.60	3.00
5	-1.02	7.35	1.64	3.00
6	-0.98	7.26	1.67	3.00
7	-0.93	7.17	1.70	3.00
8	-0.91	7.13	1.71	3.00
9	-0.88	7.10	1.73	3.00
10	-0.86	7.08	1.73	3.00
11	-0.85	7.07	1.74	3.00
12	-0.85	7.07	1.73	3.00
13	-0.85	7.07	1.73	3.00
14	-0.86	7.08	1.72	3.00
15	-0.86	7.10	1.71	4.00
16	-0.89	7.12	1.69	4.00
17	-0.91	7.14	1.67	4.00
18	-0.96	7.19	1.65	4.00
19	-1.00	7.23	1.63	3.00
20	-1.02	7.23	1.62	3.00
21	-1.04	7.22	1.61	3.00
22	-1.07	7.22	1.62	3.00
23	-1.10	7.22	1.62	3.00
24	-1.13	7.21	1.61	3.00
25	-1.17	7.21	1.59	3.00
26	-1.23	7.21	1.59	3.00
27	-1.29	7.22	1.59	3.00
28	-1.31	7.22	1.55	3.00
29	-1.34	7.23	1.52	3.00
30	-1.38	7.25	1.50	3.00
31	-1.41	7.28	1.48	2.00
32	-1.43	7.28	1.46	2.00
33	-1.44	7.29	1.45	2.00
Target 6 (frames from 5 to 97)
Bounding Boxes (frame, x, y, width, height)
5	308	191	43	87
6	311	189	44	89
7	313	188	45	91
8	316	186	46	93
9	319	184	47	95
10	321	183	48	97
11	324	181	49	98
12	326	180	50	100
13	329	178	50	101
14	331	177	51	102
15	334	176	51	103
16	336	174	52	104
17	338	173	52	104
18	341	172	52	104
19	343	172	52	105
20	344	171	52	105
21	346	171	52	105
22	348	171	52	105
23	349	171	52	104
24	351	171	52	104
25	352	172	52	104
26	354	172	51	103
27	356	173	51	103
28	357	173	51	103
29	359	173	51	103
30	361	173	51	103
31	362	172	51	103
32	363	172	52	104
33	364	171	52	105
34	365	170	53	106
35	366	169	54	108
36	367	167	54	109
37	368	166	55	110
38	369	165	56	112
39	369	164	56	113
40	370	163	57	114
41	371	162	57	115
42	372	161	58	116
43	373	160	58	117
44	374	159	59	118
45	375	158	59	119
46	377	158	60	120
47	378	157	60	121
48	380	157	60	121
49	382	157	60	121
50	383	156	61	122
51	385	156	61	122
52	387	157	61	123
53	389	157	61	123
54	391	157	61	123
55	394	157	61	123
56	396	158	61	123
57	398	158	61	123
58	401	159	61	123
59	403	160	61	122
60	406	161	61	122
61	408	162	60	121
62	411	163	60	121
63	413	164	60	121
64	415	165	60	121
65	418	165	60	121
66	420	166	60	121
67	422	166	61	122
68	424	166	61	122
69	426	166	61	123
70	427	165	62	124
71	429	165	62	125
72	431	164	62	125
73	432	164	63	126
74	433	163	63	126
75	434	163	63	127
76	435	163	63	127
77	436	163	63	127
78	437	163	64	128
79	439	163	64	128
80	440	163	64	128
81	442	163	64	129
82	444	163	64	129
83	446	164	64	128
84	449	164	64	128
85	451	165	63	127
86	454	166	63	127
87	457	166	63	127
88	460	167	63	126
89	462	168	63	126
90	465	168	63	126
91	467	168	62	125
92	470	169	62	125
93	472	169	62	125
94	475	170	62	124
95	477	170	62	124
96	480	170	62	124
97	482	171	61	123
3D Trajetory (frame, x, z, height, pose)
5	-0.47	8.73	1.53	1.00
6	-0.46	8.63	1.54	1.00
7	-0.45	8.54	1.55	1.00
8	-0.42	8.44	1.58	1.00
9	-0.39	8.35	1.60	1.00
10	-0.34	8.31	1.63	1.00
11	-0.30	8.28	1.66	1.00
12	-0.27	8.25	1.67	1.00
13	-0.24	8.21	1.68	1.00
14	-0.22	8.19	1.68	1.00
15	-0.20	8.17	1.69	1.00
16	-0.18	8.16	1.69	1.00
17	-0.16	8.15	1.68	1.00
18	-0.14	8.14	1.70	1.00
19	-0.12	8.13	1.71	1.00
20	-0.12	8.13	1.71	1.00
21	-0.11	8.12	1.71	1.00
22	-0.07	8.10	1.71	1.00
23	-0.04	8.08	1.72	1.00
24	-0.02	8.08	1.70	1.00
25	-0.00	8.07	1.68	1.00
26	0.02	8.07	1.67	1.00
27	0.04	8.06	1.66	1.00
28	0.06	8.06	1.65	1.00
29	0.08	8.06	1.63	1.00
30	0.11	8.05	1.65	1.00
31	0.14	8.04	1.67	1.00
32	0.17	8.03	1.68	1.00
33	0.21	8.02	1.70	1.00
34	0.23	8.01	1.71	1.00
35	0.25	8.01	1.73	1.00
36	0.27	7.99	1.74	1.00
37	0.29	7.98	1.75	1.00
38	0.32	7.96	1.78	1.00
39	0.34	7.93	1.81	1.00
40	0.36	7.92	1.82	1.00
41	0.37	7.91	1.84	1.00
42	0.40	7.90	1.84	1.00
43	0.42	7.88	1.85	1.00
44	0.44	7.87	1.86	1.00
45	0.46	7.85	1.87	1.00
46	0.47	7.85	1.88	1.00
47	0.49	7.84	1.90	4.00
48	0.51	7.83	1.89	4.00
49	0.54	7.82	1.88	4.00
50	0.55	7.80	1.91	4.00
51	0.57	7.78	1.93	2.00
52	0.60	7.76	1.91	2.00
53	0.64	7.74	1.90	1.00
54	0.67	7.72	1.88	1.00
55	0.70	7.69	1.86	1.00
56	0.73	7.68	1.88	1.00
57	0.75	7.67	1.90	1.00
58	0.78	7.65	1.89	1.00
59	0.80	7.63	1.89	1.00
60	0.84	7.61	1.87	1.00
61	0.87	7.58	1.84	4.00
62	0.90	7.57	1.82	4.00
63	0.93	7.55	1.79	4.00
64	0.96	7.53	1.80	4.00
65	0.99	7.52	1.81	4.00
66	1.02	7.50	1.81	4.00
67	1.04	7.48	1.82	4.00
68	1.07	7.46	1.82	4.00
69	1.09	7.44	1.83	4.00
70	1.12	7.42	1.84	4.00
71	1.14	7.40	1.85	4.00
72	1.17	7.39	1.84	4.00
73	1.20	7.38	1.83	4.00
74	1.20	7.36	1.84	4.00
75	1.21	7.34	1.85	4.00
76	1.23	7.32	1.86	4.00
77	1.25	7.31	1.87	4.00
78	1.27	7.29	1.86	4.00
79	1.29	7.28	1.85	4.00
80	1.31	7.26	1.85	4.00
81	1.34	7.24	1.84	4.00
82	1.36	7.22	1.84	4.00
83	1.39	7.21	1.84	4.00
84	1.41	7.19	1.84	4.00
85	1.44	7.17	1.84	4.00
86	1.48	7.17	1.82	4.00
87	1.52	7.16	1.80	4.00
88	1.54	7.16	1.79	4.00
89	1.57	7.15	1.77	1.00
90	1.60	7.14	1.76	1.00
91	1.63	7.13	1.75	4.00
92	1.66	7.11	1.75	4.00
93	1.69	7.09	1.75	4.00
94	1.70	7.08	1.74	4.00
95	1.71	7.08	1.73	4.00
96	1.76	7.05	1.73	4.00
97	1.80	7.03	1.74	2.00
Target 7 (frames from 5 to 53)
Bounding Boxes (frame, x, y, width, height)
5	401	184	60	120
6	404	184	60	120
7	406	183	59	119
8	408	182	59	119
9	411	182	59	118
10	413	181	59	118
11	416	180	59	118
12	418	179	59	118
13	421	178	59	118
14	423	178	59	118
15	426	177	59	118
16	429	176	59	118
17	432	174	59	118
18	434	174	59	119
19	437	173	59	119
20	440	172	59	119
21	442	171	60	120
22	444	170	60	120
23	446	169	60	121
24	449	169	60	121
25	450	169	61	122
26	452	169	61	122
27	453	169	61	123
28	455	169	61	123
29	456	169	61	123
30	457	168	61	123
31	458	168	61	123
32	459	168	62	124
33	460	168	62	124
34	460	168	62	124
35	461	169	62	124
36	463	169	62	124
37	464	169	62	124
38	465	169	62	124
39	466	169	62	124
40	468	169	62	124
41	469	169	62	124
42	471	169	62	124
43	473	169	62	125
44	475	168	62	125
45	477	168	62	125
46	479	168	62	125
47	481	168	62	125
48	483	168	62	125
49	485	168	63	126
50	487	168	63	126
51	490	168	63	126
52	492	168	63	126
53	495	168	63	126
3D Trajetory (frame, x, z, height, pose)
5	0.98	6.67	1.60	1.00
6	0.99	6.73	1.61	1.00
7	1.00	6.78	1.63	1.00
8	1.00	6.74	1.61	1.00
9	1.01	6.69	1.59	2.00
10	1.06	6.87	1.63	2.00
11	1.11	7.04	1.68	2.00
12	1.12	7.02	1.67	2.00
13	1.14	7.01	1.66	2.00
14	1.15	7.00	1.65	2.00
15	1.15	6.99	1.64	2.00
16	1.18	7.01	1.65	2.00
17	1.21	7.03	1.65	3.00
18	1.24	7.03	1.65	3.00
19	1.26	7.03	1.65	3.00
20	1.28	7.02	1.67	3.00
21	1.30	7.00	1.68	3.00
22	1.34	7.00	1.69	3.00
23	1.37	6.99	1.70	4.00
24	1.39	6.98	1.69	4.00
25	1.41	6.97	1.68	1.00
26	1.43	6.97	1.69	1.00
27	1.45	6.97	1.69	1.00
28	1.46	6.95	1.70	1.00
29	1.47	6.94	1.70	1.00
30	1.49	6.93	1.70	1.00
31	1.51	6.92	1.70	4.00
32	1.52	6.90	1.70	4.00
33	1.52	6.89	1.70	3.00
34	1.55	6.88	1.70	3.00
35	1.57	6.87	1.69	1.00
36	1.59	6.85	1.69	1.00
37	1.60	6.84	1.68	1.00
38	1.62	6.83	1.67	1.00
39	1.64	6.83	1.67	1.00
40	1.66	6.83	1.68	1.00
41	1.67	6.83	1.68	1.00
42	1.70	6.81	1.68	1.00
43	1.72	6.80	1.68	2.00
44	1.75	6.79	1.69	2.00
45	1.77	6.77	1.70	2.00
46	1.79	6.76	1.70	2.00
47	1.82	6.75	1.70	4.00
48	1.84	6.74	1.68	4.00
49	1.87	6.73	1.66	1.00
50	1.88	6.72	1.67	1.00
51	1.90	6.71	1.67	1.00
52	1.91	6.70	1.68	1.00
53	1.93	6.68	1.69	1.00
Target 8 (frames from 13 to 159)
Bounding Boxes (frame, x, y, width, height)
13	232	181	47	95
14	233	180	47	94
15	235	179	47	94
16	236	178	46	93
17	237	177	46	93
18	238	177	46	93
19	239	176	46	92
20	240	175	46	92
21	240	175	46	92
22	241	174	46	93
23	241	173	46	93
24	241	173	46	93
25	241	173	47	94
26	241	173	47	94
27	240	172	47	95
28	240	172	47	95
29	239	172	48	96
30	238	171	48	97
31	237	170	48	97
32	236	170	49	98
33	234	169	49	98
34	233	169	49	99
35	231	169	49	99
36	230	168	50	100
37	229	168	50	100
38	228	168	50	100
39	227	168	50	101
40	226	168	50	101
41	225	168	50	101
42	224	168	50	101
43	223	168	50	101
44	223	168	50	101
45	223	168	50	101
46	223	168	50	100
47	222	168	50	100
48	222	168	50	100
49	222	168	50	100
50	221	169	50	100
51	221	169	49	99
52	221	170	49	99
53	220	170	49	98
54	220	171	49	98
55	219	172	48	97
56	218	173	48	97
57	217	174	48	96
58	216	175	48	96
59	214	176	47	95
60	213	176	47	95
61	211	177	47	95
62	210	178	47	94
63	208	178	47	94
64	206	179	47	95
65	205	179	47	95
66	203	179	47	95
67	202	179	47	95
68	201	179	47	95
69	200	179	47	95
70	199	179	47	95
71	198	180	47	95
72	197	180	47	95
73	196	180	47	95
74	195	180	47	94
75	194	180	47	94
76	193	180	47	94
77	191	180	47	94
78	190	180	47	94
79	188	180	47	94
80	187	180	47	94
81	186	180	47	94
82	185	181	47	94
83	184	180	47	94
84	183	180	47	95
85	182	180	47	95
86	181	180	47	95
87	180	180	47	95
88	179	179	48	96
89	179	179	48	96
90	178	178	48	97
91	177	177	49	98
92	175	176	49	98
93	174	175	49	99
94	172	175	49	99
95	171	175	49	99
96	170	175	49	99
97	169	175	49	98
98	168	176	49	98
99	167	177	48	97
100	166	178	48	96
101	165	178	47	95
102	164	178	47	95
103	164	179	47	94
104	164	179	47	94
105	163	179	46	93
106	163	179	46	93
107	163	179	46	93
108	162	179	46	93
109	162	179	46	93
110	162	179	46	93
111	162	180	46	93
112	163	180	46	93
113	163	181	46	92
114	163	181	46	92
115	163	181	45	91
116	162	182	45	91
117	161	182	45	91
118	160	182	45	90
119	159	182	45	90
120	158	181	45	91
121	157	181	45	91
122	156	181	45	91
123	155	180	45	91
124	155	179	45	91
125	155	179	45	91
126	155	178	45	91
127	155	178	45	91
128	155	177	45	91
129	156	177	45	91
130	157	177	45	90
131	157	177	45	90
132	158	177	44	89
133	159	178	44	89
134	159	179	44	88
135	159	179	44	88
136	160	180	43	87
137	160	181	43	87
138	159	181	43	87
139	159	182	43	87
140	159	182	43	87
141	159	183	43	87
142	158	183	43	87
143	158	183	43	86
144	157	183	43	86
145	156	183	43	86
146	155	183	43	86
147	155	182	43	87
148	154	182	43	87
149	153	181	43	87
150	152	181	43	87
151	151	180	43	87
152	150	180	43	87
153	149	179	44	88
154	148	179	44	88
155	147	179	44	88
156	146	178	44	88
157	145	178	44	89
158	144	177	44	89
159	143	177	44	89
3D Trajetory (frame, x, z, height, pose)
13	-1.95	8.53	1.64	2.00
14	-1.98	8.65	1.64	2.00
15	-2.01	8.76	1.65	2.00
16	-2.01	8.75	1.65	2.00
17	-2.02	8.74	1.65	1.00
18	-2.03	8.76	1.65	1.00
19	-2.04	8.78	1.64	1.00
20	-2.03	8.80	1.64	1.00
21	-2.03	8.82	1.64	1.00
22	-2.03	8.83	1.65	1.00
23	-2.03	8.84	1.66	4.00
24	-2.03	8.83	1.67	4.00
25	-2.03	8.82	1.67	4.00
26	-2.03	8.81	1.68	4.00
27	-2.04	8.81	1.70	1.00
28	-2.05	8.77	1.70	1.00
29	-2.06	8.74	1.70	2.00
30	-2.06	8.73	1.71	2.00
31	-2.07	8.73	1.72	3.00
32	-2.07	8.72	1.73	3.00
33	-2.08	8.71	1.74	3.00
34	-2.10	8.71	1.74	3.00
35	-2.11	8.71	1.75	3.00
36	-2.12	8.70	1.76	3.00
37	-2.13	8.70	1.77	3.00
38	-2.17	8.69	1.77	3.00
39	-2.21	8.69	1.76	3.00
40	-2.20	8.68	1.76	3.00
41	-2.19	8.67	1.76	3.00
42	-2.20	8.65	1.77	3.00
43	-2.21	8.63	1.78	3.00
44	-2.22	8.63	1.77	3.00
45	-2.23	8.64	1.77	4.00
46	-2.24	8.64	1.75	4.00
47	-2.25	8.64	1.74	4.00
48	-2.26	8.63	1.74	4.00
49	-2.27	8.62	1.74	4.00
50	-2.28	8.61	1.74	4.00
51	-2.28	8.61	1.74	4.00
52	-2.31	8.60	1.73	4.00
53	-2.33	8.59	1.72	4.00
54	-2.34	8.59	1.71	4.00
55	-2.35	8.59	1.70	3.00
56	-2.37	8.59	1.69	3.00
57	-2.39	8.58	1.68	3.00
58	-2.42	8.58	1.67	3.00
59	-2.45	8.58	1.65	4.00
60	-2.49	8.56	1.64	4.00
61	-2.53	8.54	1.62	2.00
62	-2.56	8.52	1.63	2.00
63	-2.59	8.50	1.63	3.00
64	-2.61	8.49	1.64	3.00
65	-2.63	8.48	1.64	3.00
66	-2.65	8.48	1.65	3.00
67	-2.68	8.48	1.65	3.00
68	-2.70	8.47	1.65	3.00
69	-2.73	8.45	1.65	3.00
70	-2.74	8.46	1.65	3.00
71	-2.75	8.46	1.65	3.00
72	-2.77	8.46	1.64	3.00
73	-2.78	8.46	1.64	4.00
74	-2.80	8.47	1.62	4.00
75	-2.83	8.48	1.61	2.00
76	-2.85	8.48	1.61	2.00
77	-2.87	8.47	1.61	2.00
78	-2.88	8.46	1.62	2.00
79	-2.90	8.46	1.62	2.00
80	-2.91	8.45	1.64	2.00
81	-2.93	8.44	1.65	4.00
82	-2.95	8.45	1.64	4.00
83	-2.97	8.45	1.63	3.00
84	-2.99	8.45	1.63	3.00
85	-3.01	8.44	1.63	3.00
86	-3.03	8.45	1.63	3.00
87	-3.04	8.45	1.62	2.00
88	-3.06	8.45	1.63	2.00
89	-3.08	8.45	1.64	2.00
90	-3.10	8.45	1.66	2.00
91	-3.13	8.46	1.69	3.00
92	-3.15	8.45	1.70	3.00
93	-3.17	8.45	1.72	3.00
94	-3.19	8.45	1.72	3.00
95	-3.22	8.44	1.72	3.00
96	-3.24	8.44	1.72	3.00
97	-3.26	8.44	1.71	3.00
98	-3.28	8.46	1.70	3.00
99	-3.30	8.47	1.68	3.00
100	-3.33	8.51	1.66	3.00
101	-3.35	8.54	1.64	3.00
102	-3.37	8.56	1.64	3.00
103	-3.39	8.59	1.63	2.00
104	-3.42	8.58	1.63	2.00
105	-3.44	8.58	1.63	3.00
106	-3.47	8.58	1.64	3.00
107	-3.49	8.57	1.64	4.00
108	-3.51	8.58	1.65	4.00
109	-3.52	8.59	1.65	4.00
110	-3.53	8.63	1.65	4.00
111	-3.54	8.66	1.65	4.00
112	-3.57	8.68	1.65	4.00
113	-3.59	8.69	1.65	4.00
114	-3.61	8.71	1.64	4.00
115	-3.63	8.73	1.64	3.00
116	-3.65	8.74	1.64	3.00
117	-3.67	8.75	1.64	2.00
118	-3.70	8.77	1.63	2.00
119	-3.72	8.79	1.63	2.00
120	-3.74	8.80	1.63	2.00
121	-3.75	8.81	1.64	2.00
122	-3.78	8.82	1.64	2.00
123	-3.81	8.83	1.65	2.00
124	-3.84	8.85	1.66	2.00
125	-3.86	8.86	1.68	2.00
126	-3.88	8.88	1.69	2.00
127	-3.90	8.90	1.69	2.00
128	-3.90	8.93	1.68	2.00
129	-3.90	8.96	1.67	2.00
130	-3.91	8.98	1.67	2.00
131	-3.92	9.00	1.66	2.00
132	-3.94	9.02	1.66	2.00
133	-3.95	9.04	1.65	2.00
134	-3.97	9.06	1.65	2.00
135	-3.98	9.08	1.65	2.00
136	-3.99	9.09	1.64	2.00
137	-4.00	9.10	1.64	2.00
138	-4.02	9.11	1.63	2.00
139	-4.04	9.12	1.63	2.00
140	-4.05	9.13	1.63	2.00
141	-4.07	9.15	1.64	2.00
142	-4.09	9.16	1.64	2.00
143	-4.11	9.18	1.65	4.00
144	-4.13	9.21	1.65	4.00
145	-4.15	9.24	1.66	3.00
146	-4.17	9.25	1.66	3.00
147	-4.19	9.25	1.67	2.00
148	-4.21	9.29	1.66	2.00
149	-4.23	9.32	1.66	2.00
150	-4.25	9.33	1.67	2.00
151	-4.27	9.34	1.67	3.00
152	-4.29	9.36	1.69	3.00
153	-4.31	9.38	1.70	3.00
154	-4.32	9.40	1.71	3.00
155	-4.34	9.42	1.73	3.00
156	-4.35	9.44	1.73	3.00
157	-4.37	9.46	1.73	1.00
158	-4.39	9.49	1.74	1.00
159	-4.41	9.51	1.74	1.00
Target 9 (frames from 39 to 115)
Bounding Boxes (frame, x, y, width, height)
39	582	167	135	271
40	581	165	136	273
41	581	163	137	275
42	579	162	139	278
43	578	160	140	280
44	576	159	141	282
45	574	157	142	285
46	572	155	144	288
47	569	154	145	290
48	566	152	146	293
49	564	151	147	295
50	561	149	149	298
51	557	148	150	301
52	553	146	152	304
53	548	144	154	308
54	543	143	156	312
55	538	141	157	315
56	532	140	159	318
57	526	139	160	320
58	519	138	161	323
59	513	138	162	325
60	507	138	163	326
61	501	139	163	327
62	495	140	163	327
63	489	142	163	326
64	483	144	162	324
65	477	146	161	322
66	471	148	160	320
67	465	150	159	318
68	459	153	157	315
69	453	154	157	314
70	447	156	156	312
71	441	157	155	311
72	435	159	155	310
73	429	159	155	310
74	423	159	155	311
75	417	158	156	312
76	411	158	156	313
77	405	158	157	314
78	400	159	157	315
79	394	159	157	315
80	389	159	157	315
81	385	160	157	315
82	380	161	157	315
83	376	161	157	314
84	371	161	156	313
85	367	161	156	313
86	363	161	156	312
87	358	161	156	312
88	353	161	156	312
89	348	160	156	312
90	341	159	156	312
91	334	158	156	313
92	325	157	157	314
93	316	156	157	314
94	307	156	157	315
95	296	155	157	315
96	286	155	157	315
97	275	155	157	315
98	264	156	157	315
99	253	155	158	316
100	242	155	158	316
101	231	155	158	317
102	221	155	158	317
103	211	155	158	317
104	200	156	158	317
105	190	156	158	316
106	179	157	157	315
107	167	158	157	314
108	155	159	157	314
109	141	160	156	313
110	128	162	156	312
111	114	163	155	310
112	99	165	154	309
113	84	166	154	308
114	69	168	153	306
115	53	170	152	305
3D Trajetory (frame, x, z, height, pose)
39	1.63	2.98	1.56	3.00
40	1.60	2.95	1.58	3.00
41	1.56	2.92	1.59	2.00
42	1.54	2.91	1.60	2.00
43	1.53	2.90	1.62	2.00
44	1.52	2.90	1.62	2.00
45	1.51	2.90	1.62	2.00
46	1.50	2.88	1.63	2.00
47	1.48	2.87	1.64	2.00
48	1.46	2.85	1.64	2.00
49	1.45	2.84	1.64	3.00
50	1.43	2.82	1.65	3.00
51	1.42	2.81	1.66	1.00
52	1.39	2.80	1.67	1.00
53	1.37	2.80	1.68	1.00
54	1.32	2.78	1.70	1.00
55	1.27	2.77	1.71	2.00
56	1.23	2.74	1.71	2.00
57	1.19	2.70	1.72	2.00
58	1.16	2.69	1.72	2.00
59	1.13	2.68	1.72	2.00
60	1.10	2.67	1.71	2.00
61	1.07	2.66	1.71	2.00
62	1.03	2.67	1.71	2.00
63	0.98	2.68	1.72	2.00
64	0.95	2.67	1.71	2.00
65	0.92	2.66	1.70	2.00
66	0.89	2.66	1.69	2.00
67	0.86	2.66	1.67	2.00
68	0.81	2.67	1.66	2.00
69	0.77	2.68	1.65	4.00
70	0.75	2.68	1.64	4.00
71	0.72	2.67	1.63	4.00
72	0.69	2.67	1.63	4.00
73	0.66	2.66	1.63	2.00
74	0.62	2.66	1.63	2.00
75	0.59	2.65	1.63	2.00
76	0.56	2.64	1.64	2.00
77	0.53	2.62	1.64	2.00
78	0.50	2.61	1.64	2.00
79	0.47	2.60	1.64	3.00
80	0.45	2.59	1.64	3.00
81	0.42	2.58	1.64	3.00
82	0.40	2.60	1.62	3.00
83	0.37	2.61	1.60	1.00
84	0.35	2.62	1.61	1.00
85	0.33	2.62	1.62	1.00
86	0.31	2.61	1.62	1.00
87	0.29	2.61	1.62	1.00
88	0.25	2.62	1.63	1.00
89	0.22	2.62	1.64	1.00
90	0.19	2.62	1.64	1.00
91	0.16	2.62	1.64	1.00
92	0.11	2.62	1.65	1.00
93	0.07	2.63	1.65	1.00
94	0.02	2.64	1.66	1.00
95	-0.03	2.64	1.66	1.00
96	-0.10	2.65	1.67	1.00
97	-0.17	2.65	1.67	1.00
98	-0.22	2.65	1.67	1.00
99	-0.27	2.65	1.67	3.00
100	-0.33	2.64	1.67	3.00
101	-0.39	2.63	1.68	3.00
102	-0.45	2.62	1.68	3.00
103	-0.50	2.62	1.67	2.00
104	-0.55	2.61	1.67	2.00
105	-0.59	2.60	1.67	1.00
106	-0.65	2.60	1.67	1.00
107	-0.71	2.59	1.68	4.00
108	-0.79	2.60	1.65	4.00
109	-0.87	2.60	1.63	4.00
110	-0.94	2.59	1.62	4.00
111	-1.02	2.58	1.61	3.00
112	-1.10	2.56	1.61	3.00
113	-1.18	2.54	1.61	1.00
114	-1.27	2.53	1.61	1.00
115	-1.36	2.52	1.60	1.00
Target 10 (frames from 41 to 141)
Bounding Boxes (frame, x, y, width, height)
41	210	177	43	87
42	210	176	43	87
43	209	176	44	88
44	208	175	44	89
45	207	174	44	89
46	206	174	45	90
47	205	173	45	90
48	204	173	45	91
49	203	173	45	91
50	202	172	46	92
51	201	172	46	92
52	200	172	46	92
53	199	173	46	93
54	198	173	46	93
55	197	173	46	93
56	196	173	46	93
57	195	173	47	94
58	194	172	47	94
59	193	172	47	95
60	192	173	47	95
61	191	173	47	95
62	190	173	48	96
63	189	173	48	96
64	188	173	48	96
65	187	174	48	96
66	186	174	48	97
67	185	174	48	97
68	184	174	48	97
69	182	174	49	98
70	181	173	49	98
71	180	173	49	98
72	179	173	49	98
73	178	173	49	99
74	177	173	49	99
75	175	173	49	99
76	173	173	49	99
77	172	173	49	99
78	170	173	49	99
79	169	174	49	99
80	167	174	49	98
81	166	175	49	98
82	165	176	48	97
83	164	176	48	97
84	163	177	48	96
85	162	177	47	95
86	161	178	47	95
87	161	178	47	94
88	160	179	47	94
89	160	179	47	94
90	159	179	47	94
91	158	179	47	94
92	158	179	47	94
93	157	178	47	94
94	156	178	47	94
95	155	178	47	94
96	154	178	47	94
97	153	177	47	95
98	152	177	47	95
99	150	177	47	95
100	149	177	47	95
101	148	177	47	95
102	147	177	47	95
103	146	177	47	95
104	146	177	47	95
105	145	177	47	95
106	144	177	47	95
107	144	177	47	95
108	144	177	47	95
109	144	177	47	95
110	144	177	47	95
111	144	177	47	95
112	145	178	47	95
113	145	178	47	94
114	145	179	47	94
115	144	179	47	94
116	144	179	47	94
117	144	180	47	94
118	143	180	46	93
119	143	180	46	93
120	143	180	46	93
121	142	179	46	93
122	142	179	46	93
123	142	179	47	94
124	141	178	47	94
125	141	178	47	94
126	141	177	47	94
127	141	177	47	94
128	141	176	47	94
129	141	176	47	94
130	141	176	46	93
131	141	176	46	93
132	141	176	46	93
133	140	176	46	93
134	140	176	46	93
135	140	176	46	93
136	139	177	46	92
137	139	177	46	92
138	138	178	46	92
139	138	178	46	92
140	137	179	46	92
141	137	180	46	92
3D Trajetory (frame, x, z, height, pose)
41	-2.66	9.17	1.60	3.00
42	-2.67	9.18	1.62	3.00
43	-2.68	9.18	1.64	4.00
44	-2.70	9.16	1.66	4.00
45	-2.71	9.15	1.67	4.00
46	-2.73	9.14	1.68	4.00
47	-2.74	9.12	1.69	3.00
48	-2.75	9.11	1.69	3.00
49	-2.77	9.09	1.69	1.00
50	-2.79	9.06	1.69	1.00
51	-2.81	9.04	1.69	1.00
52	-2.83	9.02	1.68	1.00
53	-2.85	8.99	1.68	2.00
54	-2.86	8.97	1.69	2.00
55	-2.88	8.95	1.69	2.00
56	-2.89	8.93	1.71	2.00
57	-2.90	8.92	1.72	2.00
58	-2.92	8.92	1.72	2.00
59	-2.94	8.92	1.72	1.00
60	-2.98	8.92	1.72	1.00
61	-3.01	8.93	1.72	1.00
62	-3.03	8.91	1.73	1.00
63	-3.04	8.89	1.73	1.00
64	-3.06	8.87	1.74	1.00
65	-3.07	8.85	1.75	1.00
66	-3.09	8.84	1.75	1.00
67	-3.10	8.83	1.75	1.00
68	-3.11	8.82	1.75	1.00
69	-3.12	8.81	1.74	3.00
70	-3.15	8.80	1.75	3.00
71	-3.17	8.79	1.76	2.00
72	-3.19	8.77	1.76	2.00
73	-3.20	8.76	1.76	4.00
74	-3.22	8.73	1.76	4.00
75	-3.23	8.71	1.77	4.00
76	-3.24	8.70	1.77	4.00
77	-3.26	8.69	1.77	4.00
78	-3.28	8.68	1.76	4.00
79	-3.30	8.68	1.75	1.00
80	-3.32	8.68	1.74	1.00
81	-3.35	8.67	1.73	4.00
82	-3.37	8.66	1.72	4.00
83	-3.39	8.65	1.71	4.00
84	-3.42	8.66	1.69	4.00
85	-3.44	8.66	1.67	4.00
86	-3.46	8.66	1.67	4.00
87	-3.48	8.66	1.67	4.00
88	-3.50	8.66	1.67	4.00
89	-3.51	8.65	1.66	4.00
90	-3.53	8.65	1.66	4.00
91	-3.55	8.65	1.65	4.00
92	-3.56	8.65	1.65	4.00
93	-3.58	8.65	1.65	2.00
94	-3.59	8.64	1.66	2.00
95	-3.60	8.63	1.67	2.00
96	-3.61	8.63	1.67	2.00
97	-3.63	8.62	1.68	2.00
98	-3.65	8.62	1.68	2.00
99	-3.67	8.62	1.69	2.00
100	-3.68	8.62	1.68	2.00
101	-3.70	8.62	1.68	2.00
102	-3.72	8.62	1.68	2.00
103	-3.74	8.61	1.68	2.00
104	-3.75	8.61	1.68	2.00
105	-3.76	8.61	1.68	2.00
106	-3.79	8.63	1.68	2.00
107	-3.81	8.64	1.68	1.00
108	-3.84	8.64	1.69	1.00
109	-3.86	8.65	1.69	3.00
110	-3.88	8.65	1.69	3.00
111	-3.89	8.65	1.69	3.00
112	-3.90	8.66	1.69	3.00
113	-3.90	8.67	1.68	3.00
114	-3.90	8.67	1.68	3.00
115	-3.90	8.67	1.69	3.00
116	-3.92	8.67	1.68	3.00
117	-3.93	8.68	1.67	2.00
118	-3.95	8.68	1.67	2.00
119	-3.98	8.69	1.66	2.00
120	-3.98	8.69	1.67	2.00
121	-3.99	8.69	1.67	2.00
122	-3.99	8.70	1.68	2.00
123	-3.99	8.71	1.68	2.00
124	-4.00	8.72	1.68	2.00
125	-4.01	8.72	1.68	2.00
126	-4.02	8.73	1.69	2.00
127	-4.03	8.74	1.70	2.00
128	-4.06	8.75	1.70	2.00
129	-4.09	8.75	1.69	1.00
130	-4.11	8.76	1.69	1.00
131	-4.12	8.77	1.69	2.00
132	-4.15	8.78	1.69	2.00
133	-4.17	8.79	1.70	2.00
134	-4.19	8.81	1.69	2.00
135	-4.21	8.82	1.69	2.00
136	-4.24	8.84	1.69	2.00
137	-4.27	8.85	1.68	2.00
138	-4.28	8.86	1.69	2.00
139	-4.30	8.87	1.69	2.00
140	-4.32	8.88	1.70	2.00
141	-4.33	8.88	1.71	3.00
Target 11 (frames from 49 to 85)
Bounding Boxes (frame, x, y, width, height)
49	277	158	54	109
50	278	159	54	108
51	278	160	53	107
52	279	161	53	107
53	280	162	53	106
54	281	163	52	105
55	282	164	52	105
56	283	165	52	104
57	284	166	51	103
58	285	166	51	103
59	287	168	51	102
60	288	169	50	101
61	289	170	50	101
62	291	171	50	100
63	292	171	50	100
64	293	172	50	100
65	294	173	50	100
66	296	173	50	100
67	297	173	50	100
68	298	172	50	101
69	300	172	50	101
70	301	171	51	102
71	302	171	51	103
72	304	170	51	103
73	305	169	52	104
74	305	169	52	105
75	306	168	52	105
76	307	167	53	106
77	308	166	53	107
78	308	165	54	108
79	309	165	54	109
80	310	164	54	109
81	311	163	55	110
82	312	162	55	111
83	312	162	56	112
84	313	161	56	113
85	314	160	57	114
3D Trajetory (frame, x, z, height, pose)
49	-1.29	8.77	1.91	1.00
50	-1.29	8.77	1.91	1.00
51	-1.29	8.76	1.91	1.00
52	-1.28	8.76	1.89	1.00
53	-1.26	8.75	1.87	4.00
54	-1.26	8.74	1.86	4.00
55	-1.25	8.74	1.85	4.00
56	-1.23	8.73	1.84	4.00
57	-1.22	8.73	1.83	4.00
58	-1.21	8.73	1.83	4.00
59	-1.20	8.72	1.83	4.00
60	-1.18	8.72	1.79	4.00
61	-1.16	8.71	1.75	4.00
62	-1.14	8.72	1.74	4.00
63	-1.13	8.73	1.73	2.00
64	-1.11	8.73	1.74	2.00
65	-1.09	8.72	1.74	2.00
66	-1.06	8.71	1.76	2.00
67	-1.04	8.70	1.77	2.00
68	-1.03	8.70	1.78	2.00
69	-1.02	8.69	1.78	2.00
70	-0.99	8.68	1.79	2.00
71	-0.96	8.68	1.79	2.00
72	-0.93	8.68	1.81	2.00
73	-0.90	8.69	1.83	3.00
74	-0.87	8.70	1.84	3.00
75	-0.85	8.71	1.86	3.00
76	-0.84	8.71	1.86	3.00
77	-0.83	8.70	1.86	3.00
78	-0.81	8.69	1.88	3.00
79	-0.80	8.68	1.90	3.00
80	-0.77	8.66	1.92	3.00
81	-0.75	8.64	1.93	2.00
82	-0.73	8.63	1.95	2.00
83	-0.70	8.62	1.96	2.00
84	-0.66	8.62	1.96	2.00
85	-0.62	8.61	1.96	2.00
Target 12 (frames from 67 to 91)
Bounding Boxes (frame, x, y, width, height)
67	586	193	62	125
68	588	191	63	127
69	589	189	65	130
70	590	187	66	132
71	592	185	67	134
72	594	183	68	136
73	595	182	69	138
74	597	181	70	140
75	599	179	70	141
76	601	178	71	143
77	603	177	72	145
78	606	176	73	147
79	608	175	74	148
80	610	175	74	148
81	613	175	74	148
82	615	176	74	148
83	617	176	74	148
84	619	177	74	148
85	621	178	73	147
86	623	179	73	146
87	625	180	72	145
88	627	181	72	144
89	628	183	71	142
90	630	185	70	140
91	632	187	69	138
3D Trajetory (frame, x, z, height, pose)
67	2.71	5.81	1.48	4.00
68	2.71	5.81	1.47	4.00
69	2.71	5.82	1.47	1.00
70	2.72	5.81	1.48	1.00
71	2.72	5.80	1.48	1.00
72	2.74	5.79	1.51	1.00
73	2.76	5.77	1.54	1.00
74	2.78	5.75	1.56	1.00
75	2.80	5.72	1.58	1.00
76	2.83	5.69	1.60	1.00
77	2.85	5.66	1.62	1.00
78	2.87	5.64	1.62	1.00
79	2.89	5.62	1.62	1.00
80	2.92	5.60	1.63	1.00
81	2.94	5.58	1.64	1.00
82	2.97	5.57	1.65	1.00
83	3.00	5.56	1.65	1.00
84	3.00	5.58	1.61	1.00
85	2.99	5.60	1.57	1.00
86	3.01	5.59	1.56	1.00
87	3.02	5.58	1.55	1.00
88	3.03	5.58	1.54	1.00
89	3.04	5.57	1.53	1.00
90	3.05	5.56	1.53	1.00
91	3.05	5.55	1.53	1.00
Target 13 (frames from 77 to 159)
Bounding Boxes (frame, x, y, width, height)
77	534	165	79	158
78	534	167	78	157
79	535	168	77	155
80	535	169	77	154
81	536	170	76	152
82	536	171	75	151
83	537	171	75	151
84	538	172	75	150
85	539	172	75	150
86	540	172	74	149
87	542	172	75	150
88	543	172	75	150
89	545	172	75	150
90	546	171	75	151
91	547	171	76	152
92	548	170	76	153
93	549	170	77	154
94	551	170	77	154
95	552	169	77	155
96	554	169	78	156
97	556	170	78	156
98	558	170	78	157
99	560	170	78	157
100	562	170	78	157
101	564	170	78	157
102	567	170	79	158
103	569	170	79	159
104	572	169	80	160
105	574	168	80	161
106	576	168	81	162
107	577	167	82	164
108	578	165	82	165
109	580	165	83	167
110	582	164	84	168
111	585	164	84	169
112	587	164	84	169
113	590	164	85	170
114	592	164	85	170
115	593	165	85	170
116	595	166	85	170
117	596	166	85	170
118	597	167	84	169
119	598	168	84	168
120	598	169	83	167
121	599	170	83	166
122	599	171	82	165
123	599	172	82	164
124	599	172	82	164
125	599	172	81	163
126	599	173	81	163
127	600	173	81	163
128	600	173	81	162
129	601	173	81	162
130	603	173	81	162
131	604	173	81	162
132	605	173	81	162
133	606	173	81	163
134	608	173	81	163
135	609	173	82	164
136	610	174	82	164
137	611	174	82	165
138	613	174	83	166
139	614	174	83	167
140	615	174	84	168
141	615	175	84	168
142	615	175	84	169
143	615	175	84	169
144	615	175	85	170
145	614	174	85	170
146	614	174	85	171
147	613	173	86	172
148	612	173	86	172
149	611	172	86	173
150	611	171	87	174
151	610	171	87	175
152	610	170	88	176
153	610	169	88	177
154	610	169	89	178
155	610	168	89	179
156	610	167	90	181
157	610	166	91	182
158	611	165	92	184
159	611	164	92	185
3D Trajetory (frame, x, z, height, pose)
77	2.13	5.62	1.74	1.00
78	2.12	5.62	1.72	1.00
79	2.11	5.63	1.70	1.00
80	2.10	5.58	1.71	1.00
81	2.09	5.53	1.71	1.00
82	2.13	5.61	1.69	1.00
83	2.17	5.69	1.67	1.00
84	2.17	5.68	1.67	1.00
85	2.18	5.67	1.66	1.00
86	2.18	5.67	1.66	1.00
87	2.19	5.66	1.66	1.00
88	2.19	5.66	1.66	1.00
89	2.19	5.65	1.65	2.00
90	2.21	5.64	1.67	2.00
91	2.22	5.62	1.68	2.00
92	2.23	5.59	1.69	2.00
93	2.24	5.57	1.70	2.00
94	2.25	5.55	1.70	2.00
95	2.25	5.54	1.70	2.00
96	2.25	5.54	1.69	2.00
97	2.25	5.54	1.69	1.00
98	2.29	5.51	1.69	1.00
99	2.32	5.48	1.69	2.00
100	2.35	5.46	1.68	2.00
101	2.37	5.44	1.67	2.00
102	2.38	5.43	1.68	2.00
103	2.39	5.42	1.69	2.00
104	2.40	5.41	1.69	2.00
105	2.41	5.40	1.69	2.00
106	2.43	5.39	1.70	2.00
107	2.45	5.38	1.71	1.00
108	2.46	5.37	1.72	1.00
109	2.46	5.35	1.73	2.00
110	2.46	5.34	1.75	2.00
111	2.46	5.32	1.76	2.00
112	2.46	5.30	1.76	2.00
113	2.47	5.28	1.76	1.00
114	2.48	5.27	1.76	1.00
115	2.50	5.25	1.75	1.00
116	2.53	5.24	1.73	1.00
117	2.56	5.24	1.71	1.00
118	2.55	5.24	1.71	1.00
119	2.55	5.24	1.70	1.00
120	2.55	5.23	1.70	1.00
121	2.54	5.23	1.70	1.00
122	2.54	5.22	1.69	1.00
123	2.53	5.22	1.68	1.00
124	2.52	5.22	1.66	1.00
125	2.52	5.23	1.64	1.00
126	2.52	5.22	1.64	1.00
127	2.52	5.22	1.64	1.00
128	2.52	5.21	1.64	1.00
129	2.52	5.21	1.64	1.00
130	2.52	5.21	1.64	1.00
131	2.52	5.21	1.63	1.00
132	2.52	5.21	1.64	1.00
133	2.52	5.20	1.64	2.00
134	2.53	5.18	1.64	2.00
135	2.53	5.17	1.63	2.00
136	2.53	5.16	1.63	2.00
137	2.53	5.16	1.63	2.00
138	2.54	5.14	1.64	2.00
139	2.54	5.13	1.64	2.00
140	2.54	5.12	1.65	2.00
141	2.55	5.11	1.66	2.00
142	2.54	5.10	1.66	2.00
143	2.54	5.08	1.67	2.00
144	2.54	5.07	1.67	2.00
145	2.54	5.05	1.67	1.00
146	2.52	5.08	1.66	1.00
147	2.51	5.11	1.66	2.00
148	2.51	5.10	1.67	2.00
149	2.50	5.08	1.68	2.00
150	2.49	5.05	1.69	2.00
151	2.48	5.02	1.70	2.00
152	2.48	4.98	1.70	2.00
153	2.47	4.94	1.70	2.00
154	2.47	4.93	1.71	2.00
155	2.48	4.91	1.71	2.00
156	2.47	4.90	1.72	2.00
157	2.47	4.89	1.72	2.00
158	2.47	4.88	1.72	2.00
159	2.46	4.87	1.72	2.00
Target 14 (frames from 85 to 121)
Bounding Boxes (frame, x, y, width, height)
85	474	176	56	113
86	476	177	56	112
87	478	177	55	111
88	480	177	55	110
89	482	178	55	110
90	485	178	54	109
91	487	178	54	109
92	489	178	54	108
93	491	178	54	108
94	493	179	54	108
95	494	179	54	108
96	496	179	54	108
97	498	179	54	108
98	499	179	54	108
99	501	179	54	108
100	502	179	54	108
101	504	179	54	108
102	506	179	54	108
103	507	178	54	109
104	509	178	54	109
105	511	177	55	110
106	513	177	55	110
107	515	176	55	111
108	517	175	56	112
109	519	175	56	113
110	522	174	57	114
111	524	173	57	115
112	525	172	58	116
113	527	172	58	117
114	529	171	59	118
115	531	170	59	119
116	532	170	60	121
117	534	169	61	122
118	535	168	61	123
119	537	168	62	124
120	538	167	62	125
121	539	167	63	126
3D Trajetory (frame, x, z, height, pose)
85	1.78	7.48	1.67	2.00
86	1.81	7.52	1.67	2.00
87	1.83	7.56	1.67	2.00
88	1.87	7.58	1.66	2.00
89	1.90	7.60	1.65	1.00
90	1.93	7.61	1.64	1.00
91	1.96	7.62	1.62	2.00
92	1.98	7.61	1.63	2.00
93	2.00	7.61	1.64	3.00
94	2.03	7.61	1.63	3.00
95	2.06	7.60	1.62	3.00
96	2.09	7.61	1.62	3.00
97	2.12	7.61	1.63	3.00
98	2.15	7.62	1.63	3.00
99	2.18	7.63	1.62	3.00
100	2.20	7.63	1.62	3.00
101	2.22	7.62	1.62	3.00
102	2.23	7.62	1.63	3.00
103	2.25	7.62	1.63	3.00
104	2.28	7.62	1.64	3.00
105	2.31	7.61	1.65	3.00
106	2.33	7.61	1.66	3.00
107	2.36	7.60	1.66	3.00
108	2.39	7.61	1.68	3.00
109	2.42	7.61	1.71	3.00
110	2.44	7.61	1.71	3.00
111	2.46	7.60	1.72	3.00
112	2.48	7.60	1.72	3.00
113	2.50	7.60	1.73	4.00
114	2.51	7.58	1.75	4.00
115	2.52	7.57	1.77	4.00
116	2.53	7.54	1.80	4.00
117	2.54	7.51	1.82	2.00
118	2.57	7.49	1.83	2.00
119	2.59	7.47	1.83	2.00
120	2.61	7.41	1.81	2.00
121	2.64	7.34	1.79	3.00
Target 15 (frames from 99 to 171)
Bounding Boxes (frame, x, y, width, height)
99	467	183	57	114
100	469	183	57	115
101	471	183	57	115
102	473	183	57	115
103	475	183	58	116
104	478	183	58	116
105	480	183	58	117
106	482	183	58	117
107	484	182	59	118
108	485	182	59	118
109	488	182	59	119
110	490	182	60	120
111	492	181	60	120
112	494	181	60	121
113	496	181	61	122
114	497	180	61	123
115	499	180	61	123
116	500	180	62	124
117	501	180	62	124
118	503	180	62	125
119	504	179	62	125
120	506	179	62	125
121	507	179	63	126
122	509	179	63	126
123	511	179	63	126
124	513	178	63	126
125	515	178	63	126
126	518	178	63	127
127	520	177	63	127
128	522	177	63	127
129	525	177	64	128
130	527	176	64	128
131	529	176	64	129
132	531	175	64	129
133	533	176	64	129
134	535	176	64	129
135	537	177	64	129
136	540	177	64	129
137	542	178	64	129
138	544	179	64	129
139	547	181	64	128
140	549	182	64	128
141	552	183	64	128
142	554	183	64	128
143	556	184	64	128
144	558	184	64	128
145	560	184	64	128
146	561	184	64	128
147	562	184	64	128
148	563	183	64	129
149	564	183	64	129
150	565	182	65	130
151	566	182	65	130
152	567	181	65	130
153	568	181	65	131
154	569	180	65	131
155	571	180	65	131
156	572	180	66	132
157	574	180	66	132
158	576	180	66	133
159	578	179	67	134
160	579	179	67	135
161	581	179	68	136
162	583	179	68	137
163	585	179	68	137
164	588	178	69	138
165	590	178	69	139
166	592	178	69	139
167	594	178	70	140
168	597	178	70	140
169	599	178	70	141
170	602	178	70	141
171	605	178	70	141
3D Trajetory (frame, x, z, height, pose)
99	1.55	6.90	1.56	1.00
100	1.56	6.87	1.56	1.00
101	1.58	6.84	1.57	4.00
102	1.60	6.83	1.56	4.00
103	1.62	6.82	1.55	4.00
104	1.63	6.77	1.55	4.00
105	1.65	6.72	1.56	4.00
106	1.67	6.71	1.56	4.00
107	1.69	6.69	1.56	1.00
108	1.71	6.69	1.56	1.00
109	1.73	6.69	1.57	1.00
110	1.75	6.69	1.58	1.00
111	1.76	6.69	1.59	1.00
112	1.78	6.68	1.60	1.00
113	1.80	6.68	1.60	1.00
114	1.81	6.67	1.61	1.00
115	1.83	6.66	1.61	1.00
116	1.84	6.65	1.62	1.00
117	1.85	6.63	1.63	1.00
118	1.87	6.62	1.63	1.00
119	1.89	6.61	1.63	1.00
120	1.91	6.60	1.63	1.00
121	1.93	6.58	1.63	1.00
122	1.95	6.58	1.63	1.00
123	1.97	6.58	1.62	1.00
124	1.99	6.56	1.62	1.00
125	2.01	6.53	1.62	1.00
126	2.04	6.53	1.63	1.00
127	2.06	6.52	1.64	1.00
128	2.08	6.51	1.63	1.00
129	2.10	6.50	1.62	1.00
130	2.12	6.49	1.63	1.00
131	2.13	6.49	1.63	1.00
132	2.15	6.49	1.63	1.00
133	2.16	6.48	1.64	1.00
134	2.17	6.48	1.63	1.00
135	2.19	6.47	1.63	1.00
136	2.21	6.46	1.63	1.00
137	2.23	6.45	1.63	1.00
138	2.24	6.44	1.63	1.00
139	2.26	6.43	1.63	1.00
140	2.29	6.43	1.60	1.00
141	2.31	6.44	1.57	1.00
142	2.34	6.42	1.58	1.00
143	2.37	6.40	1.58	1.00
144	2.39	6.39	1.58	1.00
145	2.40	6.38	1.58	1.00
146	2.42	6.38	1.59	1.00
147	2.43	6.37	1.59	1.00
148	2.45	6.36	1.60	1.00
149	2.46	6.36	1.61	3.00
150	2.47	6.35	1.61	3.00
151	2.49	6.35	1.61	3.00
152	2.49	6.34	1.61	3.00
153	2.50	6.33	1.61	3.00
154	2.53	6.33	1.61	3.00
155	2.56	6.32	1.60	1.00
156	2.59	6.32	1.61	1.00
157	2.62	6.31	1.62	2.00
158	2.64	6.30	1.63	2.00
159	2.66	6.30	1.63	2.00
160	2.67	6.28	1.64	2.00
161	2.68	6.27	1.65	2.00
162	2.69	6.26	1.66	2.00
163	2.71	6.25	1.67	2.00
164	2.73	6.25	1.68	2.00
165	2.74	6.25	1.69	2.00
166	2.77	6.22	1.68	2.00
167	2.79	6.19	1.68	1.00
168	2.81	6.16	1.68	1.00
169	2.84	6.13	1.68	1.00
170	2.87	6.12	1.66	1.00
171	2.90	6.12	1.65	1.00
Target 16 (frames from 105 to 205)
Bounding Boxes (frame, x, y, width, height)
105	342	162	70	141
106	345	162	71	142
107	348	162	71	142
108	351	162	71	142
109	355	162	71	142
110	358	162	70	141
111	361	163	70	141
112	364	163	70	141
113	367	164	70	140
114	370	164	70	140
115	373	165	69	139
116	376	166	69	138
117	379	168	68	137
118	382	169	67	135
119	385	171	67	134
120	388	172	66	133
121	391	173	65	131
122	393	174	65	130
123	396	175	65	130
124	399	176	64	129
125	401	176	64	128
126	404	177	64	128
127	407	177	64	128
128	409	176	64	128
129	412	176	64	129
130	414	175	64	129
131	417	174	65	130
132	419	173	65	131
133	422	172	66	133
134	425	171	67	134
135	427	171	67	135
136	430	170	68	136
137	433	170	69	138
138	435	169	69	139
139	438	169	70	141
140	441	168	71	143
141	443	167	72	144
142	445	166	73	146
143	447	166	73	147
144	449	165	74	149
145	451	164	75	150
146	453	164	75	151
147	455	164	75	151
148	457	163	76	152
149	458	163	76	152
150	460	163	76	152
151	461	163	76	152
152	462	164	76	152
153	464	164	76	152
154	465	165	76	152
155	467	165	76	152
156	469	165	76	152
157	470	166	76	152
158	472	166	76	153
159	474	167	76	153
160	476	168	76	153
161	478	169	76	153
162	480	170	77	154
163	482	171	77	154
164	484	172	77	154
165	486	172	77	154
166	488	173	77	154
167	490	173	77	155
168	492	173	77	155
169	493	173	78	156
170	495	173	78	157
171	497	173	78	157
172	499	173	79	158
173	502	173	79	159
174	504	173	80	160
175	507	173	80	161
176	509	173	80	161
177	512	173	81	162
178	515	174	81	162
179	518	174	81	162
180	520	175	81	162
181	523	175	81	162
182	525	176	80	161
183	528	177	80	160
184	530	179	79	159
185	532	180	78	157
186	534	182	77	155
187	536	184	76	153
188	538	186	75	150
189	539	188	73	147
190	540	191	72	144
191	541	193	70	141
192	543	195	69	138
193	543	197	68	136
194	544	199	67	134
195	545	200	66	132
196	546	200	65	131
197	548	201	65	131
198	549	200	66	132
199	551	200	66	133
200	553	199	67	135
201	555	197	68	137
202	557	195	70	140
203	558	193	72	144
204	561	190	74	148
205	563	187	76	152
3D Trajetory (frame, x, z, height, pose)
105	-0.06	6.42	1.83	3.00
106	-0.04	6.42	1.82	3.00
107	-0.01	6.42	1.82	1.00
108	0.02	6.44	1.81	1.00
109	0.05	6.46	1.81	1.00
110	0.07	6.45	1.82	1.00
111	0.09	6.44	1.83	1.00
112	0.14	6.49	1.84	1.00
113	0.19	6.53	1.85	2.00
114	0.22	6.54	1.82	2.00
115	0.24	6.54	1.80	2.00
116	0.27	6.53	1.79	2.00
117	0.30	6.52	1.78	4.00
118	0.33	6.51	1.76	4.00
119	0.37	6.50	1.75	3.00
120	0.41	6.49	1.73	3.00
121	0.45	6.48	1.70	1.00
122	0.48	6.47	1.68	1.00
123	0.52	6.46	1.66	1.00
124	0.54	6.46	1.65	1.00
125	0.56	6.45	1.64	1.00
126	0.59	6.43	1.64	1.00
127	0.62	6.42	1.63	1.00
128	0.64	6.41	1.64	1.00
129	0.66	6.40	1.64	1.00
130	0.68	6.40	1.65	1.00
131	0.70	6.40	1.65	1.00
132	0.74	6.39	1.66	1.00
133	0.77	6.39	1.68	1.00
134	0.80	6.37	1.70	1.00
135	0.84	6.35	1.71	1.00
136	0.86	6.34	1.71	1.00
137	0.89	6.32	1.72	3.00
138	0.92	6.31	1.74	3.00
139	0.94	6.30	1.77	3.00
140	0.98	6.28	1.77	3.00
141	1.01	6.27	1.77	2.00
142	1.04	6.25	1.78	2.00
143	1.06	6.23	1.79	4.00
144	1.09	6.21	1.81	4.00
145	1.11	6.19	1.83	4.00
146	1.14	6.16	1.85	4.00
147	1.16	6.13	1.88	4.00
148	1.18	6.12	1.85	4.00
149	1.20	6.11	1.82	4.00
150	1.22	6.08	1.81	4.00
151	1.24	6.06	1.80	4.00
152	1.25	6.03	1.79	4.00
153	1.27	6.00	1.78	4.00
154	1.28	5.98	1.78	4.00
155	1.29	5.97	1.79	4.00
156	1.31	5.95	1.78	4.00
157	1.33	5.93	1.78	4.00
158	1.35	5.91	1.78	4.00
159	1.37	5.88	1.78	4.00
160	1.39	5.86	1.77	4.00
161	1.41	5.84	1.77	4.00
162	1.42	5.81	1.76	4.00
163	1.42	5.79	1.74	4.00
164	1.44	5.76	1.73	4.00
165	1.45	5.72	1.72	4.00
166	1.47	5.70	1.72	4.00
167	1.48	5.67	1.72	4.00
168	1.50	5.65	1.72	4.00
169	1.51	5.62	1.71	4.00
170	1.53	5.59	1.71	4.00
171	1.54	5.55	1.71	4.00
172	1.55	5.52	1.71	4.00
173	1.56	5.49	1.71	4.00
174	1.57	5.46	1.71	4.00
175	1.58	5.43	1.70	4.00
176	1.60	5.40	1.70	4.00
177	1.62	5.37	1.70	4.00
178	1.63	5.35	1.69	4.00
179	1.65	5.32	1.68	4.00
180	1.66	5.30	1.67	4.00
181	1.68	5.27	1.67	4.00
182	1.69	5.26	1.65	4.00
183	1.70	5.24	1.63	2.00
184	1.71	5.24	1.61	2.00
185	1.72	5.24	1.59	2.00
186	1.74	5.24	1.58	2.00
187	1.76	5.24	1.57	2.00
188	1.77	5.27	1.54	2.00
189	1.78	5.29	1.51	2.00
190	1.80	5.29	1.49	2.00
191	1.81	5.29	1.47	2.00
192	1.83	5.34	1.44	2.00
193	1.85	5.38	1.41	2.00
194	1.87	5.43	1.39	2.00
195	1.88	5.48	1.38	1.00
196	1.89	5.51	1.38	1.00
197	1.90	5.53	1.39	1.00
198	1.91	5.48	1.40	1.00
199	1.93	5.43	1.41	2.00
200	1.94	5.41	1.42	2.00
201	1.95	5.38	1.43	2.00
202	1.99	5.34	1.46	2.00
203	2.02	5.30	1.48	2.00
204	2.03	5.25	1.50	2.00
205	2.04	5.19	1.53	2.00
Target 17 (frames from 95 to 137)
Bounding Boxes (frame, x, y, width, height)
95	435	175	60	121
96	435	175	61	122
97	435	174	61	123
98	435	174	61	123
99	436	174	62	124
100	436	174	62	124
101	437	175	62	124
102	438	175	62	124
103	438	175	62	124
104	439	176	62	124
105	441	176	61	123
106	442	177	61	122
107	444	178	60	121
108	446	179	60	120
109	447	179	59	119
110	448	180	59	118
111	449	181	58	117
112	450	182	58	117
113	451	183	58	117
114	451	183	58	117
115	451	183	58	117
116	451	183	58	117
117	451	183	59	118
118	451	182	59	118
119	450	181	59	119
120	450	180	60	120
121	450	179	60	121
122	450	179	61	122
123	450	178	61	123
124	451	176	62	124
125	451	175	62	125
126	452	174	63	126
127	453	173	63	127
128	454	172	64	128
129	455	171	64	129
130	456	171	65	130
131	457	170	65	131
132	458	169	66	132
133	459	168	66	133
134	460	167	67	134
135	461	167	67	135
136	462	166	68	136
137	464	165	68	137
3D Trajetory (frame, x, z, height, pose)
95	1.16	7.09	1.67	1.00
96	1.13	6.91	1.67	1.00
97	1.11	6.73	1.67	1.00
98	1.11	6.76	1.67	1.00
99	1.11	6.79	1.67	1.00
100	1.10	6.74	1.67	1.00
101	1.10	6.70	1.67	1.00
102	1.12	6.71	1.66	1.00
103	1.15	6.73	1.66	1.00
104	1.16	6.73	1.66	1.00
105	1.18	6.74	1.66	1.00
106	1.19	6.77	1.65	1.00
107	1.21	6.81	1.63	1.00
108	1.21	6.81	1.62	1.00
109	1.22	6.82	1.60	1.00
110	1.23	6.82	1.59	1.00
111	1.23	6.82	1.59	1.00
112	1.23	6.83	1.58	1.00
113	1.23	6.83	1.57	1.00
114	1.23	6.83	1.58	1.00
115	1.23	6.82	1.58	1.00
116	1.23	6.82	1.58	1.00
117	1.22	6.82	1.59	1.00
118	1.21	6.80	1.60	1.00
119	1.21	6.79	1.61	1.00
120	1.21	6.79	1.61	1.00
121	1.21	6.79	1.62	1.00
122	1.22	6.77	1.63	1.00
123	1.23	6.75	1.65	1.00
124	1.23	6.73	1.66	1.00
125	1.23	6.72	1.68	1.00
126	1.24	6.71	1.68	1.00
127	1.25	6.71	1.69	1.00
128	1.26	6.69	1.69	1.00
129	1.26	6.67	1.70	1.00
130	1.27	6.66	1.71	1.00
131	1.27	6.65	1.72	3.00
132	1.28	6.64	1.73	3.00
133	1.28	6.63	1.74	4.00
134	1.29	6.62	1.75	4.00
135	1.30	6.60	1.76	4.00
136	1.30	6.60	1.77	4.00
137	1.29	6.60	1.79	4.00
Target 18 (frames from 121 to 161)
Bounding Boxes (frame, x, y, width, height)
121	487	196	48	97
122	488	195	48	97
123	490	195	48	97
124	491	195	48	97
125	492	194	49	98
126	494	194	49	98
127	495	194	49	98
128	497	193	49	99
129	498	193	49	99
130	499	193	49	99
131	501	192	50	100
132	502	192	50	100
133	504	192	50	101
134	505	192	50	101
135	506	191	51	102
136	507	191	51	103
137	508	190	52	104
138	508	190	53	106
139	509	189	53	107
140	509	189	54	108
141	509	188	54	109
142	509	187	55	111
143	509	187	56	112
144	509	186	56	112
145	509	185	56	113
146	509	185	56	113
147	509	185	56	113
148	509	185	56	113
149	508	185	56	113
150	508	185	56	112
151	509	186	55	111
152	509	186	55	111
153	509	187	55	110
154	510	187	55	110
155	510	188	54	109
156	511	188	54	109
157	512	189	54	108
158	512	190	54	108
159	513	191	53	107
160	514	191	53	107
161	515	192	53	106
3D Trajetory (frame, x, z, height, pose)
121	1.79	7.34	1.39	2.00
122	1.79	7.33	1.40	2.00
123	1.80	7.33	1.42	2.00
124	1.80	7.31	1.42	2.00
125	1.81	7.30	1.42	2.00
126	1.82	7.25	1.42	2.00
127	1.83	7.21	1.43	2.00
128	1.84	7.22	1.42	2.00
129	1.85	7.23	1.41	2.00
130	1.86	7.22	1.41	2.00
131	1.88	7.21	1.41	2.00
132	1.89	7.20	1.41	2.00
133	1.89	7.20	1.42	2.00
134	1.90	7.19	1.43	2.00
135	1.90	7.18	1.44	2.00
136	1.91	7.16	1.45	2.00
137	1.92	7.15	1.47	2.00
138	1.93	7.15	1.48	2.00
139	1.94	7.15	1.49	2.00
140	1.95	7.14	1.51	2.00
141	1.95	7.13	1.52	1.00
142	1.94	7.14	1.55	1.00
143	1.93	7.15	1.58	2.00
144	1.94	7.15	1.58	2.00
145	1.94	7.14	1.58	2.00
146	1.95	7.14	1.58	2.00
147	1.95	7.13	1.59	1.00
148	1.95	7.12	1.59	1.00
149	1.96	7.10	1.59	2.00
150	1.95	7.11	1.57	2.00
151	1.95	7.12	1.55	2.00
152	1.96	7.12	1.54	2.00
153	1.98	7.12	1.52	2.00
154	1.99	7.13	1.51	2.00
155	2.00	7.14	1.51	1.00
156	2.00	7.12	1.51	1.00
157	2.01	7.10	1.52	1.00
158	2.02	7.10	1.50	1.00
159	2.03	7.10	1.49	1.00
160	2.04	7.09	1.49	1.00
161	2.05	7.09	1.49	1.00
Target 19 (frames from 227 to 285)
Bounding Boxes (frame, x, y, width, height)
227	254	168	56	112
228	255	167	56	112
229	256	166	56	112
230	257	166	56	113
231	258	165	56	113
232	258	165	56	113
233	259	164	57	114
234	259	163	57	114
235	260	163	57	114
236	260	162	57	115
237	260	162	57	115
238	260	161	58	116
239	260	160	58	116
240	260	160	58	116
241	260	160	58	117
242	260	160	58	117
243	261	159	58	117
244	261	159	59	118
245	262	159	59	118
246	264	159	59	118
247	265	159	59	118
248	267	160	59	118
249	269	160	59	118
250	272	161	58	117
251	274	161	58	117
252	277	162	58	116
253	280	163	57	115
254	283	164	57	114
255	286	165	56	113
256	289	166	56	112
257	292	167	55	111
258	296	168	54	109
259	300	170	54	108
260	303	171	53	106
261	307	172	52	104
262	311	173	51	103
263	315	174	51	102
264	318	175	50	101
265	321	176	50	100
266	324	177	49	99
267	327	178	49	98
268	330	179	48	97
269	332	179	48	97
270	334	179	48	97
271	336	180	48	97
272	337	180	48	97
273	339	180	49	98
274	340	180	49	98
275	341	180	49	99
276	343	179	49	99
277	344	179	50	100
278	346	179	50	100
279	347	179	50	101
280	349	178	51	102
281	351	178	51	102
282	352	178	51	103
283	354	177	52	104
284	356	177	52	104
285	358	176	52	105
3D Trajetory (frame, x, z, height, pose)
227	-2.06	8.26	1.87	1.00
228	-2.05	8.26	1.88	1.00
229	-2.04	8.27	1.89	1.00
230	-2.03	8.26	1.90	1.00
231	-2.01	8.25	1.92	1.00
232	-1.99	8.26	1.92	1.00
233	-1.98	8.27	1.93	1.00
234	-1.96	8.27	1.93	1.00
235	-1.94	8.28	1.93	1.00
236	-1.95	8.28	1.93	1.00
237	-1.95	8.27	1.93	1.00
238	-1.95	8.26	1.93	1.00
239	-1.95	8.25	1.94	1.00
240	-1.95	8.25	1.95	1.00
241	-1.95	8.25	1.96	1.00
242	-1.93	8.24	1.97	1.00
243	-1.91	8.23	1.98	1.00
244	-1.89	8.21	1.98	1.00
245	-1.87	8.20	1.98	1.00
246	-1.85	8.20	1.97	1.00
247	-1.84	8.20	1.96	1.00
248	-1.82	8.20	1.95	1.00
249	-1.80	8.20	1.95	1.00
250	-1.77	8.21	1.95	1.00
251	-1.75	8.21	1.96	1.00
252	-1.73	8.20	1.94	1.00
253	-1.70	8.19	1.93	1.00
254	-1.68	8.18	1.92	1.00
255	-1.66	8.16	1.91	1.00
256	-1.63	8.21	1.88	1.00
257	-1.60	8.26	1.84	1.00
258	-1.56	8.28	1.83	1.00
259	-1.53	8.30	1.82	1.00
260	-1.50	8.32	1.80	1.00
261	-1.46	8.35	1.78	1.00
262	-1.43	8.39	1.77	1.00
263	-1.39	8.43	1.75	1.00
264	-1.34	8.48	1.72	1.00
265	-1.28	8.53	1.68	1.00
266	-1.25	8.53	1.69	1.00
267	-1.22	8.53	1.70	1.00
268	-1.19	8.54	1.70	1.00
269	-1.16	8.54	1.69	1.00
270	-1.14	8.55	1.69	1.00
271	-1.13	8.56	1.68	1.00
272	-1.10	8.57	1.68	1.00
273	-1.07	8.58	1.68	1.00
274	-1.03	8.57	1.69	1.00
275	-0.99	8.56	1.70	1.00
276	-0.95	8.52	1.71	1.00
277	-0.91	8.48	1.73	1.00
278	-0.87	8.48	1.73	1.00
279	-0.84	8.48	1.73	1.00
280	-0.81	8.46	1.74	1.00
281	-0.78	8.43	1.75	1.00
282	-0.74	8.44	1.75	1.00
283	-0.71	8.44	1.76	1.00
284	-0.67	8.43	1.76	1.00
285	-0.64	8.43	1.76	1.00
Target 20 (frames from 239 to 305)
Bounding Boxes (frame, x, y, width, height)
239	519	173	109	218
240	518	173	110	220
241	517	173	110	221
242	515	173	111	222
243	514	173	111	223
244	513	173	112	224
245	511	173	112	225
246	509	173	113	226
247	508	173	113	226
248	506	173	113	227
249	504	173	113	227
250	502	174	114	228
251	500	174	114	228
252	498	174	114	229
253	495	174	114	229
254	493	174	114	229
255	491	174	114	229
256	488	174	114	229
257	486	174	114	229
258	483	174	114	229
259	480	174	114	229
260	478	173	115	230
261	475	173	115	230
262	472	174	115	230
263	470	174	115	231
264	468	174	115	231
265	465	174	116	232
266	463	175	116	233
267	461	175	116	233
268	458	175	117	234
269	455	175	117	235
270	452	175	118	236
271	449	174	118	237
272	445	174	119	239
273	441	174	120	241
274	437	174	121	243
275	432	174	122	245
276	427	173	123	246
277	422	173	124	248
278	418	172	125	250
279	413	172	126	252
280	408	171	127	255
281	403	171	128	257
282	399	172	129	258
283	395	172	129	259
284	391	173	130	260
285	388	174	130	261
286	385	175	131	262
287	381	177	131	262
288	378	178	131	263
289	375	179	131	263
290	371	180	131	263
291	368	182	131	262
292	364	183	131	262
293	359	184	130	261
294	354	184	130	260
295	349	185	130	260
296	343	184	130	260
297	338	184	130	261
298	332	184	131	262
299	326	184	131	263
300	319	184	132	264
301	313	184	133	266
302	306	183	134	268
303	299	182	135	270
304	291	181	136	272
305	284	180	137	274
3D Trajetory (frame, x, z, height, pose)
239	1.23	3.86	1.61	2.00
240	1.23	3.85	1.64	2.00
241	1.23	3.84	1.66	2.00
242	1.23	3.85	1.65	2.00
243	1.23	3.86	1.65	2.00
244	1.21	3.83	1.65	2.00
245	1.20	3.80	1.65	2.00
246	1.17	3.78	1.65	2.00
247	1.14	3.76	1.65	2.00
248	1.12	3.76	1.65	2.00
249	1.10	3.76	1.65	2.00
250	1.08	3.75	1.65	2.00
251	1.05	3.74	1.64	2.00
252	1.03	3.72	1.64	2.00
253	1.01	3.71	1.64	2.00
254	0.99	3.71	1.65	2.00
255	0.96	3.70	1.65	2.00
256	0.93	3.72	1.65	2.00
257	0.90	3.74	1.64	2.00
258	0.87	3.74	1.65	2.00
259	0.85	3.73	1.65	2.00
260	0.82	3.72	1.65	2.00
261	0.79	3.71	1.65	2.00
262	0.77	3.70	1.65	2.00
263	0.75	3.70	1.65	2.00
264	0.73	3.69	1.65	2.00
265	0.71	3.68	1.65	2.00
266	0.69	3.66	1.65	2.00
267	0.67	3.65	1.65	2.00
268	0.64	3.64	1.65	2.00
269	0.62	3.62	1.65	2.00
270	0.60	3.61	1.65	2.00
271	0.57	3.60	1.65	2.00
272	0.55	3.59	1.66	2.00
273	0.52	3.57	1.66	2.00
274	0.50	3.55	1.67	2.00
275	0.47	3.52	1.68	3.00
276	0.45	3.48	1.68	3.00
277	0.42	3.45	1.68	3.00
278	0.38	3.43	1.69	3.00
279	0.35	3.41	1.69	3.00
280	0.32	3.38	1.69	3.00
281	0.29	3.36	1.69	2.00
282	0.26	3.34	1.68	2.00
283	0.23	3.33	1.68	2.00
284	0.22	3.30	1.68	2.00
285	0.21	3.28	1.68	2.00
286	0.18	3.24	1.68	2.00
287	0.15	3.21	1.68	2.00
288	0.13	3.20	1.66	2.00
289	0.12	3.19	1.64	3.00
290	0.10	3.18	1.64	3.00
291	0.08	3.17	1.63	3.00
292	0.06	3.15	1.64	3.00
293	0.03	3.13	1.64	3.00
294	-0.01	3.13	1.63	3.00
295	-0.04	3.13	1.62	1.00
296	-0.08	3.13	1.61	1.00
297	-0.11	3.12	1.60	2.00
298	-0.15	3.11	1.61	2.00
299	-0.18	3.09	1.61	2.00
300	-0.22	3.07	1.62	2.00
301	-0.25	3.04	1.62	2.00
302	-0.28	3.00	1.62	2.00
303	-0.32	2.96	1.61	2.00
304	-0.34	2.93	1.61	2.00
305	-0.36	2.90	1.60	3.00
Target 21 (frames from 251 to 317)
Bounding Boxes (frame, x, y, width, height)
251	607	175	113	227
252	605	176	112	225
253	603	178	111	223
254	600	179	111	222
255	598	180	110	220
256	596	181	110	220
257	593	181	109	219
258	591	182	109	219
259	588	182	109	219
260	586	182	110	220
261	583	182	111	222
262	581	181	112	224
263	578	181	113	226
264	575	180	114	228
265	572	180	115	230
266	569	180	116	232
267	566	179	117	234
268	563	178	117	235
269	559	177	118	237
270	555	176	119	239
271	552	175	120	241
272	548	174	121	243
273	544	172	123	246
274	540	171	124	249
275	536	169	126	252
276	532	167	128	256
277	528	165	129	259
278	525	163	131	263
279	521	162	133	266
280	518	161	134	269
281	515	160	136	272
282	511	159	137	275
283	508	159	138	277
284	506	159	139	278
285	503	159	140	280
286	500	160	140	281
287	498	161	141	282
288	496	162	141	283
289	494	163	142	284
290	492	164	142	285
291	490	164	143	286
292	488	165	144	288
293	486	165	144	289
294	483	165	145	290
295	481	165	146	292
296	479	164	146	293
297	475	164	147	294
298	472	164	147	295
299	468	163	148	296
300	464	162	148	297
301	461	161	149	298
302	458	160	149	299
303	455	159	150	300
304	452	159	150	301
305	449	158	150	301
306	447	158	151	302
307	445	160	152	304
308	444	162	152	305
309	445	162	152	305
310	447	163	152	305
311	450	163	152	304
312	454	163	152	304
313	458	164	151	303
314	464	165	151	302
315	470	165	150	300
316	477	166	149	299
317	485	166	148	297
3D Trajetory (frame, x, z, height, pose)
251	1.81	3.73	1.65	2.00
252	1.79	3.80	1.63	2.00
253	1.77	3.86	1.61	2.00
254	1.75	3.88	1.61	2.00
255	1.73	3.89	1.61	1.00
256	1.70	3.89	1.60	1.00
257	1.66	3.90	1.58	3.00
258	1.64	3.86	1.58	3.00
259	1.62	3.83	1.58	2.00
260	1.59	3.82	1.58	2.00
261	1.56	3.81	1.58	2.00
262	1.52	3.77	1.59	2.00
263	1.48	3.72	1.60	2.00
264	1.45	3.70	1.61	2.00
265	1.42	3.67	1.62	2.00
266	1.40	3.67	1.62	2.00
267	1.38	3.68	1.62	2.00
268	1.35	3.66	1.63	2.00
269	1.32	3.65	1.64	2.00
270	1.29	3.64	1.64	2.00
271	1.27	3.64	1.64	4.00
272	1.24	3.62	1.65	4.00
273	1.22	3.60	1.66	4.00
274	1.19	3.58	1.68	4.00
275	1.17	3.56	1.71	2.00
276	1.15	3.53	1.72	2.00
277	1.12	3.51	1.74	3.00
278	1.10	3.48	1.75	3.00
279	1.08	3.46	1.75	4.00
280	1.05	3.42	1.76	4.00
281	1.02	3.38	1.76	4.00
282	1.00	3.37	1.76	4.00
283	0.98	3.35	1.76	4.00
284	0.96	3.33	1.77	4.00
285	0.95	3.31	1.77	4.00
286	0.93	3.29	1.77	4.00
287	0.91	3.27	1.77	4.00
288	0.90	3.25	1.77	4.00
289	0.88	3.23	1.76	2.00
290	0.85	3.21	1.75	2.00
291	0.83	3.19	1.74	2.00
292	0.82	3.16	1.74	2.00
293	0.82	3.14	1.73	3.00
294	0.81	3.12	1.73	3.00
295	0.80	3.10	1.72	3.00
296	0.78	3.07	1.73	3.00
297	0.76	3.05	1.74	3.00
298	0.74	3.04	1.75	3.00
299	0.73	3.02	1.76	1.00
300	0.70	3.03	1.74	1.00
301	0.68	3.04	1.73	3.00
302	0.65	3.01	1.73	3.00
303	0.63	2.98	1.72	2.00
304	0.60	2.98	1.73	2.00
305	0.56	2.99	1.73	2.00
306	0.56	2.97	1.73	2.00
307	0.56	2.96	1.74	2.00
308	0.55	2.95	1.74	2.00
309	0.54	2.93	1.74	2.00
310	0.49	2.92	1.73	2.00
311	0.44	2.91	1.72	2.00
312	0.43	2.89	1.71	2.00
313	0.41	2.88	1.70	3.00
314	0.39	2.88	1.67	3.00
315	0.37	2.88	1.64	3.00
316	0.35	2.87	1.60	3.00
317	0.33	2.87	1.55	1.00
Target 22 (frames from 287 to 313)
Bounding Boxes (frame, x, y, width, height)
287	569	167	150	301
288	569	169	150	300
289	569	170	149	299
290	569	171	149	298
291	569	172	148	297
292	569	173	148	296
293	569	173	147	295
294	569	174	147	294
295	568	174	147	294
296	568	174	146	293
297	567	174	146	292
298	566	173	146	292
299	565	172	145	291
300	565	171	145	290
301	564	170	144	289
302	563	169	144	289
303	561	168	144	289
304	559	167	144	289
305	558	166	144	288
306	556	166	144	288
307	554	165	144	288
308	552	165	144	289
309	551	165	144	289
310	548	165	144	289
311	546	165	145	290
312	544	165	145	290
313	542	165	145	291
3D Trajetory (frame, x, z, height, pose)
287	1.26	3.04	1.72	3.00
288	1.26	3.04	1.71	3.00
289	1.26	3.04	1.70	2.00
290	1.26	3.03	1.70	2.00
291	1.26	3.02	1.69	2.00
292	1.25	3.02	1.69	2.00
293	1.25	3.03	1.68	2.00
294	1.25	3.01	1.68	2.00
295	1.24	3.00	1.67	1.00
296	1.25	3.02	1.67	1.00
297	1.26	3.04	1.67	1.00
298	1.26	3.06	1.68	1.00
299	1.26	3.08	1.68	1.00
300	1.25	3.08	1.69	1.00
301	1.25	3.09	1.69	1.00
302	1.24	3.09	1.69	1.00
303	1.24	3.09	1.68	3.00
304	1.23	3.09	1.69	3.00
305	1.23	3.09	1.70	3.00
306	1.20	3.13	1.70	3.00
307	1.18	3.17	1.70	3.00
308	1.14	3.15	1.70	3.00
309	1.10	3.13	1.71	2.00
310	1.07	3.13	1.71	2.00
311	1.03	3.13	1.71	4.00
312	1.00	3.17	1.72	4.00
313	0.97	3.21	1.72	4.00
Target 23 (frames from 335 to 371)
Bounding Boxes (frame, x, y, width, height)
335	297	160	159	319
336	289	164	157	314
337	281	168	155	310
338	274	171	152	305
339	268	173	150	301
340	263	176	148	297
341	258	178	146	293
342	254	179	144	289
343	251	181	143	286
344	248	182	141	283
345	243	182	140	280
346	239	182	138	277
347	238	182	137	275
348	240	182	136	272
349	244	182	135	270
350	250	181	134	269
351	257	180	133	267
352	267	180	132	265
353	279	180	131	263
354	292	179	130	261
355	304	179	130	260
356	316	178	130	260
357	325	177	130	260
358	333	176	130	260
359	338	175	130	260
360	339	174	130	261
361	337	173	131	262
362	332	171	131	263
363	327	170	132	265
364	321	169	133	267
365	313	167	134	269
366	303	166	136	272
367	291	164	137	275
368	277	163	139	278
369	262	161	140	281
370	245	160	142	285
371	226	158	144	289
3D Trajetory (frame, x, z, height, pose)
335	-0.89	2.25	1.52	3.00
336	-0.90	2.27	1.52	3.00
337	-0.90	2.28	1.51	1.00
338	-0.92	2.29	1.52	1.00
339	-0.94	2.30	1.52	2.00
340	-0.96	2.31	1.53	2.00
341	-0.99	2.32	1.53	2.00
342	-1.01	2.38	1.50	2.00
343	-1.03	2.43	1.47	2.00
344	-1.06	2.44	1.47	2.00
345	-1.10	2.45	1.48	2.00
346	-1.10	2.46	1.48	2.00
347	-1.10	2.47	1.47	2.00
348	-1.13	2.49	1.48	2.00
349	-1.16	2.51	1.48	2.00
350	-1.14	2.51	1.48	2.00
351	-1.12	2.52	1.49	3.00
352	-1.04	2.58	1.50	3.00
353	-0.97	2.64	1.51	1.00
354	-0.93	2.69	1.49	1.00
355	-0.89	2.73	1.47	1.00
356	-0.89	2.76	1.48	1.00
357	-0.88	2.79	1.48	1.00
358	-0.88	2.81	1.49	1.00
359	-0.88	2.83	1.50	1.00
360	-0.86	2.80	1.52	1.00
361	-0.85	2.78	1.55	1.00
362	-0.84	2.74	1.56	1.00
363	-0.83	2.71	1.57	3.00
364	-0.86	2.78	1.57	3.00
365	-0.90	2.85	1.57	3.00
366	-0.89	2.82	1.58	3.00
367	-0.89	2.80	1.59	1.00
368	-0.90	2.78	1.61	1.00
369	-0.91	2.77	1.63	1.00
370	-0.95	2.74	1.65	1.00
371	-0.99	2.72	1.68	3.00
