Total frames 193
Number of Targets 9
Target 1 (frames from 1 to 91)
Bounding Boxes (frame, x, y, width, height)
1	453	144	74	148
2	450	143	75	150
3	446	142	76	152
4	443	141	77	154
5	440	140	77	155
6	436	139	78	157
7	433	137	79	158
8	430	136	79	159
9	426	135	80	160
10	423	133	81	162
11	419	132	81	162
12	416	130	81	163
13	413	127	82	164
14	410	125	82	165
15	406	124	83	166
16	402	122	83	167
17	398	122	83	167
18	394	122	83	167
19	389	122	83	167
20	385	123	83	167
21	381	125	83	166
22	377	126	83	166
23	373	128	83	166
24	369	130	83	166
25	364	132	83	166
26	360	134	82	165
27	356	135	82	165
28	351	137	82	165
29	347	138	82	165
30	342	139	82	165
31	337	139	83	166
32	332	139	83	166
33	326	139	83	166
34	320	139	83	166
35	314	139	83	167
36	309	139	83	167
37	303	140	83	167
38	297	140	84	168
39	292	139	84	169
40	288	139	84	169
41	283	140	85	170
42	278	140	85	170
43	273	140	85	171
44	268	141	85	171
45	263	141	86	172
46	257	142	86	172
47	252	142	86	172
48	246	142	86	173
49	240	142	86	173
50	234	142	87	174
51	228	142	87	174
52	222	142	87	175
53	216	141	88	176
54	211	141	88	177
55	206	141	89	178
56	201	140	89	178
57	197	140	89	179
58	193	140	90	180
59	189	139	90	180
60	185	139	90	180
61	180	140	90	180
62	176	140	90	180
63	171	140	90	180
64	166	140	90	180
65	160	140	90	180
66	155	140	90	181
67	149	140	90	181
68	143	140	90	181
69	137	141	90	181
70	131	141	90	181
71	124	141	90	181
72	118	141	90	181
73	111	141	90	181
74	105	142	90	181
75	98	142	90	180
76	92	143	90	180
77	85	144	90	180
78	78	145	90	180
79	71	146	90	180
80	65	147	90	180
81	59	147	90	181
82	53	148	90	181
83	47	148	91	182
84	42	149	91	182
85	36	149	91	183
86	31	149	92	184
87	27	149	92	184
88	22	149	92	185
89	18	149	93	186
90	14	149	93	187
91	10	149	94	188
3D Trajetory (frame, x, z, height, pose)
1	1.53	5.75	1.68	3.00
2	1.48	5.68	1.71	3.00
3	1.42	5.61	1.74	3.00
4	1.40	5.59	1.75	3.00
5	1.37	5.58	1.75	3.00
6	1.31	5.58	1.76	3.00
7	1.25	5.57	1.78	3.00
8	1.21	5.56	1.78	3.00
9	1.17	5.55	1.77	3.00
10	1.13	5.52	1.77	3.00
11	1.09	5.49	1.77	3.00
12	1.04	5.49	1.79	3.00
13	0.99	5.49	1.82	2.00
14	0.94	5.49	1.82	2.00
15	0.88	5.50	1.83	3.00
16	0.85	5.49	1.84	3.00
17	0.82	5.48	1.84	3.00
18	0.77	5.47	1.83	3.00
19	0.72	5.45	1.82	1.00
20	0.65	5.43	1.81	1.00
21	0.58	5.40	1.80	3.00
22	0.53	5.38	1.80	3.00
23	0.47	5.35	1.80	3.00
24	0.42	5.36	1.77	3.00
25	0.36	5.36	1.75	3.00
26	0.33	5.36	1.76	3.00
27	0.29	5.35	1.77	3.00
28	0.25	5.34	1.78	3.00
29	0.21	5.32	1.79	3.00
30	0.14	5.32	1.77	3.00
31	0.07	5.32	1.76	1.00
32	0.02	5.31	1.76	1.00
33	-0.03	5.31	1.76	3.00
34	-0.08	5.31	1.77	3.00
35	-0.14	5.31	1.78	3.00
36	-0.20	5.30	1.78	3.00
37	-0.26	5.29	1.78	3.00
38	-0.31	5.28	1.78	3.00
39	-0.36	5.26	1.77	3.00
40	-0.41	5.26	1.78	3.00
41	-0.46	5.25	1.79	3.00
42	-0.51	5.24	1.80	3.00
43	-0.55	5.23	1.81	3.00
44	-0.60	5.23	1.81	3.00
45	-0.65	5.23	1.81	3.00
46	-0.69	5.22	1.81	3.00
47	-0.73	5.21	1.81	3.00
48	-0.80	5.22	1.81	3.00
49	-0.87	5.22	1.81	3.00
50	-0.94	5.21	1.81	3.00
51	-1.01	5.19	1.81	3.00
52	-1.06	5.16	1.81	3.00
53	-1.11	5.13	1.82	3.00
54	-1.15	5.12	1.82	3.00
55	-1.19	5.10	1.83	3.00
56	-1.24	5.10	1.83	3.00
57	-1.28	5.10	1.84	2.00
58	-1.32	5.09	1.85	2.00
59	-1.36	5.07	1.85	3.00
60	-1.39	5.07	1.85	3.00
61	-1.43	5.07	1.84	3.00
62	-1.47	5.06	1.84	3.00
63	-1.52	5.05	1.83	3.00
64	-1.58	5.04	1.83	3.00
65	-1.64	5.03	1.82	3.00
66	-1.69	5.02	1.82	3.00
67	-1.74	5.00	1.81	3.00
68	-1.79	4.99	1.81	3.00
69	-1.85	4.98	1.81	2.00
70	-1.89	4.96	1.82	2.00
71	-1.93	4.94	1.83	3.00
72	-2.00	4.94	1.82	3.00
73	-2.06	4.93	1.81	3.00
74	-2.12	4.93	1.79	3.00
75	-2.17	4.94	1.78	1.00
76	-2.23	4.92	1.77	1.00
77	-2.30	4.91	1.76	3.00
78	-2.34	4.90	1.77	3.00
79	-2.39	4.90	1.78	3.00
80	-2.45	4.90	1.77	3.00
81	-2.52	4.91	1.76	3.00
82	-2.56	4.89	1.77	3.00
83	-2.61	4.87	1.78	3.00
84	-2.66	4.86	1.78	3.00
85	-2.71	4.85	1.79	3.00
86	-2.75	4.85	1.80	3.00
87	-2.80	4.84	1.80	3.00
88	-2.86	4.83	1.81	3.00
89	-2.91	4.81	1.81	3.00
90	-2.96	4.81	1.81	3.00
91	-3.00	4.81	1.81	1.00
Target 2 (frames from 1 to 81)
Bounding Boxes (frame, x, y, width, height)
1	578	132	87	175
2	576	133	87	175
3	573	133	87	175
4	571	134	87	175
5	569	134	87	175
6	567	134	87	175
7	564	134	87	175
8	562	134	87	175
9	560	133	87	175
10	557	133	87	175
11	553	131	88	176
12	550	130	88	176
13	548	128	88	176
14	545	126	88	176
15	543	124	88	176
16	540	123	88	176
17	538	123	87	175
18	536	123	87	174
19	533	123	86	173
20	531	123	86	173
21	528	124	86	172
22	526	125	86	172
23	523	126	85	171
24	520	127	85	171
25	516	128	85	171
26	512	130	85	171
27	507	131	85	171
28	502	132	85	171
29	498	133	85	171
30	494	134	85	170
31	490	135	85	170
32	486	136	84	169
33	482	137	84	168
34	478	138	83	167
35	475	139	83	166
36	472	140	82	165
37	469	141	82	164
38	465	142	82	164
39	462	142	81	163
40	459	143	81	163
41	456	143	81	163
42	452	144	81	163
43	449	144	82	164
44	446	144	82	164
45	442	144	82	165
46	438	144	83	166
47	435	144	83	167
48	431	144	83	167
49	428	144	83	167
50	425	145	83	166
51	421	147	82	164
52	418	148	81	162
53	415	150	80	161
54	411	152	79	159
55	407	153	78	157
56	404	154	77	155
57	400	156	76	153
58	397	157	76	152
59	393	158	75	150
60	389	158	74	149
61	386	159	74	149
62	382	158	74	149
63	378	158	74	149
64	374	157	75	150
65	370	155	75	151
66	366	154	76	152
67	362	152	76	153
68	358	151	77	155
69	353	149	78	157
70	349	146	79	159
71	345	144	81	162
72	340	141	82	165
73	335	140	83	167
74	330	138	84	169
75	326	137	85	170
76	321	136	86	172
77	316	135	87	174
78	311	134	88	176
79	306	134	88	177
80	301	133	89	179
81	295	133	90	181
3D Trajetory (frame, x, z, height, pose)
1	2.69	5.09	1.81	3.00
2	2.68	5.11	1.80	3.00
3	2.66	5.13	1.79	3.00
4	2.63	5.10	1.78	3.00
5	2.61	5.07	1.77	3.00
6	2.57	5.05	1.77	3.00
7	2.53	5.04	1.77	3.00
8	2.50	5.05	1.77	3.00
9	2.48	5.06	1.77	3.00
10	2.44	5.06	1.77	3.00
11	2.40	5.06	1.78	3.00
12	2.37	5.08	1.78	3.00
13	2.34	5.10	1.77	3.00
14	2.26	5.08	1.79	3.00
15	2.18	5.06	1.80	3.00
16	2.14	5.03	1.80	3.00
17	2.10	5.00	1.80	3.00
18	2.17	5.15	1.80	3.00
19	2.24	5.29	1.81	3.00
20	2.22	5.31	1.81	3.00
21	2.20	5.33	1.81	3.00
22	2.14	5.31	1.80	3.00
23	2.07	5.29	1.80	3.00
24	2.04	5.33	1.80	3.00
25	2.00	5.37	1.79	3.00
26	1.94	5.33	1.82	3.00
27	1.87	5.29	1.84	3.00
28	1.83	5.31	1.83	3.00
29	1.80	5.32	1.83	3.00
30	1.75	5.34	1.82	3.00
31	1.71	5.36	1.80	3.00
32	1.67	5.38	1.80	3.00
33	1.64	5.39	1.80	3.00
34	1.60	5.40	1.79	3.00
35	1.57	5.40	1.79	3.00
36	1.54	5.39	1.78	3.00
37	1.51	5.37	1.77	3.00
38	1.48	5.37	1.76	3.00
39	1.45	5.38	1.74	3.00
40	1.42	5.38	1.74	3.00
41	1.38	5.39	1.74	3.00
42	1.35	5.39	1.75	3.00
43	1.31	5.40	1.77	3.00
44	1.27	5.39	1.78	3.00
45	1.23	5.39	1.78	3.00
46	1.20	5.39	1.78	3.00
47	1.17	5.39	1.78	3.00
48	1.14	5.38	1.79	3.00
49	1.10	5.38	1.80	3.00
50	1.07	5.38	1.80	3.00
51	1.04	5.39	1.80	3.00
52	1.00	5.39	1.78	3.00
53	0.96	5.40	1.76	3.00
54	0.92	5.41	1.73	3.00
55	0.88	5.43	1.71	3.00
56	0.83	5.47	1.66	3.00
57	0.78	5.52	1.62	3.00
58	0.73	5.52	1.65	3.00
59	0.69	5.51	1.68	3.00
60	0.65	5.53	1.67	3.00
61	0.62	5.54	1.67	3.00
62	0.58	5.55	1.67	3.00
63	0.54	5.55	1.68	3.00
64	0.50	5.56	1.68	3.00
65	0.46	5.57	1.68	3.00
66	0.42	5.59	1.68	3.00
67	0.39	5.60	1.68	1.00
68	0.34	5.59	1.71	1.00
69	0.28	5.58	1.74	2.00
70	0.25	5.56	1.78	2.00
71	0.21	5.54	1.81	3.00
72	0.17	5.52	1.84	3.00
73	0.13	5.50	1.86	3.00
74	0.11	5.49	1.87	3.00
75	0.08	5.48	1.89	3.00
76	0.03	5.44	1.90	3.00
77	-0.03	5.40	1.92	1.00
78	-0.07	5.38	1.92	1.00
79	-0.11	5.37	1.93	3.00
80	-0.16	5.36	1.90	3.00
81	-0.21	5.35	1.88	3.00
Target 3 (frames from 5 to 107)
Bounding Boxes (frame, x, y, width, height)
5	7	149	98	197
6	13	147	97	194
7	18	145	95	191
8	24	144	94	189
9	30	142	93	186
10	36	141	92	185
11	41	139	91	183
12	47	138	91	182
13	53	136	90	181
14	59	135	90	180
15	65	133	90	180
16	71	131	90	180
17	77	130	90	180
18	82	129	90	181
19	88	128	90	181
20	94	128	91	182
21	101	127	91	182
22	108	127	91	183
23	115	127	92	184
24	121	127	92	185
25	128	128	93	186
26	134	129	93	187
27	141	130	94	188
28	147	131	94	189
29	154	132	95	190
30	160	132	95	191
31	166	132	96	192
32	171	132	97	194
33	177	132	97	195
34	183	131	98	196
35	188	131	98	196
36	194	132	98	197
37	200	132	98	197
38	205	132	99	198
39	211	132	99	198
40	217	133	99	199
41	222	134	100	200
42	228	134	100	200
43	234	135	100	201
44	240	136	100	201
45	246	137	101	202
46	251	138	101	202
47	256	138	101	203
48	262	138	102	204
49	267	138	102	205
50	273	138	103	206
51	278	138	103	206
52	284	138	103	207
53	290	138	103	207
54	296	138	104	208
55	302	139	104	208
56	309	139	104	208
57	315	139	104	208
58	322	140	104	208
59	329	140	103	207
60	335	141	103	207
61	342	141	103	206
62	348	141	102	205
63	353	141	102	205
64	357	141	102	204
65	362	141	102	204
66	366	141	102	204
67	370	140	102	204
68	374	139	102	205
69	378	139	102	205
70	382	138	103	206
71	385	137	104	208
72	389	136	104	209
73	393	136	105	211
74	398	135	106	212
75	402	134	107	215
76	406	133	108	217
77	410	133	109	219
78	415	133	110	220
79	419	133	110	221
80	424	134	111	222
81	429	135	111	222
82	435	137	110	221
83	441	139	110	220
84	448	141	109	219
85	454	143	108	217
86	461	145	107	214
87	469	147	105	211
88	478	148	104	208
89	486	150	103	206
90	493	151	102	204
91	501	151	101	202
92	508	152	100	201
93	515	151	100	200
94	521	151	100	200
95	527	151	100	200
96	533	150	100	201
97	539	149	101	202
98	544	149	101	202
99	551	148	101	203
100	557	147	102	204
101	563	147	102	205
102	569	146	103	206
103	575	145	103	207
104	581	144	104	208
105	587	143	105	210
106	593	142	105	211
107	600	141	106	213
3D Trajetory (frame, x, z, height, pose)
5	-2.47	4.14	1.62	1.00
6	-2.50	4.21	1.64	1.00
7	-2.53	4.27	1.66	1.00
8	-2.54	4.40	1.67	1.00
9	-2.55	4.52	1.68	1.00
10	-2.53	4.55	1.68	1.00
11	-2.50	4.58	1.68	1.00
12	-2.47	4.59	1.68	1.00
13	-2.44	4.60	1.67	1.00
14	-2.43	4.60	1.67	1.00
15	-2.41	4.61	1.68	1.00
16	-2.35	4.65	1.68	1.00
17	-2.29	4.69	1.68	3.00
18	-2.26	4.70	1.71	3.00
19	-2.23	4.71	1.74	3.00
20	-2.16	4.73	1.75	3.00
21	-2.10	4.74	1.76	3.00
22	-2.05	4.74	1.77	3.00
23	-1.99	4.75	1.78	3.00
24	-1.94	4.75	1.78	3.00
25	-1.88	4.75	1.77	3.00
26	-1.81	4.73	1.78	3.00
27	-1.74	4.72	1.78	1.00
28	-1.66	4.67	1.79	1.00
29	-1.58	4.63	1.80	1.00
30	-1.52	4.63	1.80	1.00
31	-1.46	4.62	1.79	1.00
32	-1.40	4.61	1.80	1.00
33	-1.34	4.60	1.80	1.00
34	-1.28	4.59	1.81	1.00
35	-1.22	4.57	1.81	1.00
36	-1.15	4.56	1.82	1.00
37	-1.09	4.55	1.82	1.00
38	-1.03	4.53	1.81	1.00
39	-0.97	4.52	1.81	1.00
40	-0.92	4.52	1.80	1.00
41	-0.87	4.52	1.79	3.00
42	-0.81	4.51	1.80	3.00
43	-0.76	4.49	1.81	3.00
44	-0.70	4.46	1.81	3.00
45	-0.65	4.43	1.80	3.00
46	-0.59	4.41	1.80	3.00
47	-0.52	4.39	1.80	1.00
48	-0.47	4.38	1.80	1.00
49	-0.41	4.38	1.80	1.00
50	-0.37	4.39	1.80	1.00
51	-0.33	4.40	1.80	1.00
52	-0.28	4.38	1.81	1.00
53	-0.24	4.35	1.82	1.00
54	-0.18	4.35	1.82	1.00
55	-0.11	4.34	1.82	1.00
56	-0.05	4.33	1.81	1.00
57	0.01	4.33	1.81	1.00
58	0.06	4.32	1.80	1.00
59	0.12	4.31	1.79	1.00
60	0.17	4.32	1.78	1.00
61	0.23	4.32	1.78	1.00
62	0.28	4.32	1.78	1.00
63	0.34	4.32	1.77	1.00
64	0.37	4.37	1.79	1.00
65	0.41	4.42	1.80	1.00
66	0.45	4.42	1.80	1.00
67	0.48	4.42	1.81	1.00
68	0.51	4.41	1.80	1.00
69	0.54	4.39	1.80	4.00
70	0.58	4.37	1.80	4.00
71	0.61	4.35	1.80	3.00
72	0.66	4.33	1.81	3.00
73	0.70	4.31	1.81	1.00
74	0.74	4.28	1.82	1.00
75	0.78	4.24	1.84	1.00
76	0.83	4.24	1.84	1.00
77	0.88	4.23	1.84	1.00
78	0.92	4.20	1.84	1.00
79	0.97	4.17	1.85	1.00
80	1.00	4.16	1.85	1.00
81	1.03	4.14	1.85	1.00
82	1.07	4.13	1.86	1.00
83	1.11	4.11	1.86	1.00
84	1.17	4.15	1.83	1.00
85	1.22	4.20	1.80	3.00
86	1.29	4.23	1.80	3.00
87	1.36	4.26	1.79	3.00
88	1.43	4.30	1.79	3.00
89	1.49	4.34	1.78	3.00
90	1.56	4.38	1.77	3.00
91	1.63	4.43	1.76	1.00
92	1.69	4.43	1.76	1.00
93	1.75	4.43	1.75	1.00
94	1.80	4.43	1.76	1.00
95	1.85	4.42	1.76	1.00
96	1.89	4.40	1.77	1.00
97	1.94	4.39	1.77	1.00
98	2.01	4.38	1.78	1.00
99	2.07	4.38	1.78	4.00
100	2.12	4.38	1.78	4.00
101	2.17	4.37	1.79	3.00
102	2.21	4.36	1.80	3.00
103	2.26	4.36	1.81	1.00
104	2.31	4.36	1.81	1.00
105	2.37	4.36	1.81	1.00
106	2.42	4.35	1.82	1.00
107	2.48	4.34	1.83	1.00
Target 4 (frames from 23 to 153)
Bounding Boxes (frame, x, y, width, height)
23	611	137	91	183
24	610	139	90	181
25	608	141	89	179
26	606	143	88	177
27	604	144	88	176
28	601	146	87	174
29	598	147	86	173
30	595	148	85	171
31	592	148	85	170
32	588	149	84	169
33	584	149	83	167
34	580	149	83	166
35	575	149	83	166
36	570	148	83	166
37	565	148	82	165
38	561	148	82	165
39	556	148	82	164
40	551	148	82	164
41	547	148	82	164
42	543	148	82	164
43	539	148	82	164
44	535	148	81	163
45	531	148	81	163
46	527	148	81	163
47	523	148	81	163
48	519	148	81	163
49	515	147	81	163
50	511	146	82	164
51	507	146	82	164
52	503	145	82	165
53	498	145	83	166
54	494	145	83	166
55	490	144	83	166
56	486	144	83	166
57	482	144	82	165
58	478	145	82	165
59	475	145	82	165
60	471	145	82	165
61	467	145	82	165
62	464	144	82	165
63	460	144	82	165
64	456	143	83	166
65	452	142	83	166
66	449	142	83	167
67	445	141	83	167
68	441	140	83	167
69	438	140	83	167
70	434	139	83	167
71	430	139	83	167
72	427	138	83	167
73	423	138	83	166
74	419	138	83	166
75	415	139	83	166
76	410	139	83	166
77	405	139	83	166
78	400	139	83	167
79	395	139	83	167
80	389	138	84	168
81	383	138	85	170
82	377	138	85	171
83	372	138	86	172
84	367	138	87	174
85	362	138	87	175
86	357	138	88	176
87	353	138	88	177
88	349	137	88	177
89	345	137	89	178
90	342	137	89	178
91	338	137	89	178
92	334	136	89	178
93	330	136	89	178
94	325	136	89	179
95	320	136	89	178
96	315	136	89	178
97	310	136	89	178
98	306	136	89	178
99	301	136	89	178
100	297	136	89	178
101	293	136	89	178
102	289	136	89	179
103	285	135	89	179
104	281	135	89	179
105	278	135	90	180
106	274	135	90	180
107	269	135	90	180
108	265	135	90	181
109	259	136	90	181
110	253	137	90	181
111	246	137	90	181
112	240	138	90	181
113	232	139	90	181
114	225	140	90	181
115	218	141	90	181
116	210	142	90	181
117	203	143	91	182
118	196	143	91	182
119	190	144	91	183
120	184	144	92	184
121	178	143	93	186
122	173	143	94	188
123	168	143	94	189
124	164	142	95	191
125	160	142	96	193
126	156	141	97	195
127	151	141	98	197
128	146	141	99	199
129	141	141	100	200
130	135	141	100	201
131	128	141	101	202
132	121	141	101	203
133	114	141	101	203
134	106	142	101	203
135	98	142	101	202
136	90	143	101	202
137	82	143	101	202
138	75	143	101	202
139	68	143	101	203
140	61	143	101	203
141	56	143	102	204
142	50	142	102	204
143	45	142	102	205
144	39	141	103	206
145	34	141	103	206
146	30	141	102	205
147	25	141	102	205
148	21	141	102	204
149	17	141	101	203
150	14	141	101	202
151	10	141	100	201
152	7	141	100	200
153	5	142	99	198
3D Trajetory (frame, x, z, height, pose)
23	2.67	4.69	1.64	3.00
24	2.61	4.62	1.67	3.00
25	2.55	4.56	1.70	3.00
26	2.59	4.67	1.67	3.00
27	2.63	4.78	1.64	1.00
28	2.61	4.82	1.65	1.00
29	2.60	4.85	1.65	1.00
30	2.57	4.86	1.65	1.00
31	2.55	4.87	1.66	3.00
32	2.54	4.94	1.65	3.00
33	2.53	5.00	1.64	2.00
34	2.50	5.02	1.65	2.00
35	2.47	5.03	1.65	2.00
36	2.44	5.07	1.67	2.00
37	2.40	5.11	1.69	2.00
38	2.37	5.14	1.69	2.00
39	2.34	5.17	1.70	4.00
40	2.31	5.19	1.71	4.00
41	2.28	5.22	1.71	3.00
42	2.24	5.25	1.71	3.00
43	2.21	5.28	1.71	1.00
44	2.18	5.31	1.72	1.00
45	2.15	5.34	1.72	1.00
46	2.13	5.36	1.73	1.00
47	2.10	5.38	1.74	1.00
48	2.08	5.39	1.76	1.00
49	2.05	5.40	1.79	1.00
50	2.02	5.43	1.78	1.00
51	1.98	5.46	1.78	1.00
52	1.93	5.47	1.78	1.00
53	1.89	5.47	1.79	1.00
54	1.83	5.45	1.80	1.00
55	1.77	5.43	1.82	1.00
56	1.73	5.43	1.81	1.00
57	1.68	5.43	1.80	1.00
58	1.65	5.44	1.81	1.00
59	1.62	5.45	1.81	2.00
60	1.59	5.47	1.80	2.00
61	1.56	5.49	1.79	2.00
62	1.51	5.49	1.79	2.00
63	1.47	5.50	1.80	1.00
64	1.43	5.50	1.81	1.00
65	1.40	5.50	1.82	1.00
66	1.35	5.51	1.83	1.00
67	1.31	5.51	1.85	1.00
68	1.28	5.52	1.86	1.00
69	1.24	5.52	1.87	1.00
70	1.21	5.54	1.87	1.00
71	1.18	5.55	1.86	1.00
72	1.15	5.56	1.85	1.00
73	1.12	5.57	1.85	1.00
74	1.08	5.58	1.84	1.00
75	1.05	5.59	1.84	1.00
76	1.00	5.59	1.84	1.00
77	0.95	5.58	1.85	1.00
78	0.90	5.58	1.87	1.00
79	0.85	5.58	1.88	1.00
80	0.80	5.59	1.89	1.00
81	0.74	5.59	1.89	1.00
82	0.68	5.57	1.91	1.00
83	0.61	5.56	1.93	1.00
84	0.55	5.55	1.93	1.00
85	0.48	5.55	1.94	1.00
86	0.43	5.54	1.95	1.00
87	0.37	5.54	1.96	1.00
88	0.32	5.53	1.97	1.00
89	0.28	5.53	1.98	1.00
90	0.23	5.53	1.98	1.00
91	0.18	5.52	1.98	1.00
92	0.13	5.53	1.98	1.00
93	0.08	5.53	1.98	1.00
94	0.04	5.53	1.97	1.00
95	0.01	5.53	1.96	1.00
96	-0.05	5.52	1.96	1.00
97	-0.10	5.51	1.96	1.00
98	-0.16	5.48	1.96	1.00
99	-0.22	5.46	1.96	1.00
100	-0.27	5.45	1.95	1.00
101	-0.32	5.44	1.95	3.00
102	-0.35	5.43	1.94	3.00
103	-0.38	5.43	1.94	3.00
104	-0.41	5.42	1.94	3.00
105	-0.45	5.40	1.94	3.00
106	-0.49	5.39	1.94	3.00
107	-0.53	5.39	1.94	3.00
108	-0.59	5.36	1.94	3.00
109	-0.64	5.33	1.94	3.00
110	-0.69	5.30	1.94	3.00
111	-0.74	5.27	1.93	3.00
112	-0.82	5.25	1.91	3.00
113	-0.90	5.22	1.89	2.00
114	-0.97	5.17	1.86	2.00
115	-1.03	5.12	1.84	1.00
116	-1.09	5.10	1.84	1.00
117	-1.15	5.07	1.83	1.00
118	-1.20	5.04	1.84	1.00
119	-1.26	5.01	1.84	3.00
120	-1.31	4.98	1.84	3.00
121	-1.37	4.95	1.85	3.00
122	-1.41	4.94	1.85	3.00
123	-1.45	4.92	1.85	3.00
124	-1.47	4.88	1.86	3.00
125	-1.49	4.83	1.86	3.00
126	-1.52	4.79	1.87	3.00
127	-1.55	4.75	1.88	3.00
128	-1.59	4.74	1.89	3.00
129	-1.63	4.72	1.90	1.00
130	-1.67	4.69	1.90	1.00
131	-1.70	4.67	1.90	3.00
132	-1.76	4.66	1.90	3.00
133	-1.81	4.65	1.90	3.00
134	-1.90	4.65	1.89	3.00
135	-1.99	4.65	1.88	3.00
136	-2.03	4.64	1.87	3.00
137	-2.07	4.63	1.85	4.00
138	-2.13	4.63	1.85	4.00
139	-2.18	4.62	1.85	2.00
140	-2.23	4.61	1.85	2.00
141	-2.28	4.60	1.86	3.00
142	-2.33	4.58	1.86	3.00
143	-2.38	4.57	1.87	3.00
144	-2.42	4.58	1.88	3.00
145	-2.45	4.58	1.89	3.00
146	-2.48	4.56	1.88	3.00
147	-2.51	4.54	1.88	3.00
148	-2.57	4.55	1.86	3.00
149	-2.63	4.57	1.85	3.00
150	-2.68	4.58	1.85	3.00
151	-2.73	4.59	1.85	3.00
152	-2.77	4.62	1.83	3.00
153	-2.82	4.65	1.81	3.00
Target 5 (frames from 27 to 193)
Bounding Boxes (frame, x, y, width, height)
27	8	132	91	182
28	10	133	91	182
29	13	133	91	182
30	15	133	91	182
31	18	134	90	181
32	21	134	90	181
33	24	135	90	180
34	27	135	89	179
35	30	136	89	178
36	34	137	88	176
37	38	138	87	174
38	42	139	85	171
39	47	139	84	169
40	52	140	83	166
41	56	141	82	164
42	60	142	81	163
43	63	142	81	162
44	67	143	80	161
45	70	143	80	161
46	72	144	80	161
47	75	143	81	162
48	77	143	81	162
49	80	143	81	162
50	82	142	81	163
51	85	141	81	163
52	88	141	81	163
53	90	140	82	164
54	93	140	82	164
55	96	139	82	164
56	99	138	82	165
57	102	138	82	165
58	106	137	82	165
59	109	137	82	165
60	112	137	82	165
61	116	137	82	164
62	119	137	82	164
63	122	137	82	164
64	125	137	81	163
65	129	138	81	162
66	132	138	80	161
67	135	138	80	161
68	138	138	80	160
69	141	138	79	159
70	144	138	79	159
71	147	137	79	159
72	150	137	79	159
73	153	136	79	159
74	156	136	79	159
75	159	136	80	160
76	162	136	80	160
77	164	136	80	160
78	167	137	80	161
79	170	137	80	161
80	172	138	80	161
81	175	139	80	161
82	178	140	80	160
83	181	141	80	160
84	185	142	80	160
85	188	142	80	160
86	192	142	80	160
87	197	142	80	161
88	202	142	80	161
89	207	142	80	161
90	212	142	81	162
91	216	142	81	162
92	220	141	81	162
93	223	141	81	162
94	226	141	81	162
95	229	140	81	162
96	231	140	81	162
97	232	140	80	161
98	233	139	80	161
99	234	139	80	161
100	235	139	81	162
101	236	138	81	162
102	238	138	81	162
103	239	137	81	162
104	241	137	81	162
105	244	137	81	162
106	246	137	81	162
107	248	137	81	162
108	250	137	81	162
109	252	138	81	162
110	254	138	80	161
111	256	138	80	161
112	259	139	80	161
113	261	139	80	160
114	263	139	80	160
115	265	139	80	160
116	267	140	80	160
117	270	140	80	160
118	273	141	79	159
119	276	141	79	159
120	279	142	79	159
121	283	142	79	159
122	286	143	79	158
123	290	144	79	158
124	293	145	79	158
125	296	146	78	157
126	299	147	78	157
127	302	148	78	156
128	305	149	78	156
129	308	149	77	155
130	310	150	77	155
131	311	150	77	155
132	313	150	77	155
133	314	150	77	154
134	315	150	77	154
135	315	149	77	154
136	316	149	77	154
137	317	148	77	155
138	318	148	77	155
139	319	147	77	155
140	321	147	77	155
141	323	146	77	155
142	325	146	77	155
143	327	146	77	155
144	329	146	77	155
145	331	145	77	155
146	334	145	77	155
147	336	145	77	155
148	339	144	77	155
149	341	144	77	155
150	344	143	77	155
151	347	142	77	155
152	350	142	77	155
153	353	142	77	155
154	355	142	77	155
155	357	142	77	155
156	360	142	77	155
157	361	142	77	154
158	362	143	77	154
159	362	143	77	154
160	362	144	76	153
161	362	145	76	152
162	362	145	76	152
163	361	145	75	151
164	361	145	75	151
165	361	145	75	150
166	361	145	75	150
167	361	145	74	149
168	361	144	74	149
169	362	144	74	149
170	363	144	74	149
171	364	143	74	149
172	366	143	74	149
173	367	143	74	149
174	369	143	75	150
175	370	143	75	150
176	371	144	75	150
177	373	144	75	151
178	374	144	75	151
179	376	144	75	151
180	377	144	75	151
181	378	143	75	151
182	379	143	75	151
183	380	142	75	151
184	381	141	75	151
185	382	140	75	150
186	382	139	75	150
187	383	138	74	149
188	383	137	74	148
189	383	136	73	147
190	383	135	73	146
191	383	134	72	145
192	383	133	72	144
193	382	131	71	143
3D Trajetory (frame, x, z, height, pose)
27	-3.21	4.97	1.78	1.00
28	-3.12	4.89	1.79	1.00
29	-3.04	4.80	1.80	1.00
30	-3.03	4.83	1.81	1.00
31	-3.03	4.86	1.81	1.00
32	-3.01	4.85	1.81	1.00
33	-2.99	4.84	1.81	3.00
34	-2.95	4.86	1.79	3.00
35	-2.91	4.87	1.78	3.00
36	-2.90	4.94	1.78	3.00
37	-2.90	5.00	1.79	3.00
38	-2.95	5.18	1.78	3.00
39	-3.01	5.36	1.77	3.00
40	-2.99	5.40	1.78	3.00
41	-2.97	5.43	1.79	2.00
42	-2.94	5.44	1.80	2.00
43	-2.91	5.45	1.80	2.00
44	-2.88	5.47	1.79	2.00
45	-2.86	5.50	1.79	4.00
46	-2.83	5.52	1.80	4.00
47	-2.80	5.54	1.81	3.00
48	-2.78	5.54	1.81	3.00
49	-2.76	5.54	1.82	3.00
50	-2.74	5.56	1.83	3.00
51	-2.71	5.57	1.84	3.00
52	-2.68	5.59	1.85	3.00
53	-2.66	5.62	1.87	3.00
54	-2.64	5.64	1.87	3.00
55	-2.62	5.66	1.88	3.00
56	-2.60	5.69	1.89	3.00
57	-2.57	5.72	1.90	3.00
58	-2.54	5.71	1.90	3.00
59	-2.50	5.71	1.90	3.00
60	-2.47	5.72	1.90	3.00
61	-2.43	5.73	1.90	3.00
62	-2.38	5.73	1.90	3.00
63	-2.34	5.73	1.90	3.00
64	-2.32	5.75	1.90	3.00
65	-2.29	5.78	1.90	3.00
66	-2.26	5.80	1.89	3.00
67	-2.24	5.82	1.89	3.00
68	-2.21	5.85	1.89	3.00
69	-2.19	5.88	1.89	3.00
70	-2.17	5.91	1.89	3.00
71	-2.15	5.94	1.88	3.00
72	-2.10	5.94	1.88	3.00
73	-2.05	5.93	1.88	2.00
74	-1.99	5.92	1.90	2.00
75	-1.93	5.90	1.91	4.00
76	-1.89	5.89	1.91	4.00
77	-1.84	5.88	1.92	1.00
78	-1.81	5.90	1.91	1.00
79	-1.78	5.92	1.90	1.00
80	-1.75	5.93	1.90	1.00
81	-1.73	5.95	1.91	1.00
82	-1.70	5.95	1.91	1.00
83	-1.66	5.95	1.92	1.00
84	-1.62	5.96	1.91	1.00
85	-1.58	5.98	1.91	1.00
86	-1.55	5.98	1.92	1.00
87	-1.51	5.99	1.92	1.00
88	-1.47	5.99	1.93	1.00
89	-1.43	5.99	1.94	4.00
90	-1.37	5.98	1.95	4.00
91	-1.31	5.98	1.95	4.00
92	-1.26	5.98	1.96	4.00
93	-1.21	5.97	1.96	4.00
94	-1.17	5.99	1.95	4.00
95	-1.14	6.00	1.95	1.00
96	-1.12	6.01	1.94	1.00
97	-1.11	6.02	1.94	1.00
98	-1.11	6.02	1.94	1.00
99	-1.11	6.02	1.95	3.00
100	-1.07	6.03	1.95	3.00
101	-1.04	6.04	1.95	4.00
102	-1.05	6.04	1.96	4.00
103	-1.06	6.04	1.97	4.00
104	-1.02	6.04	1.97	4.00
105	-0.97	6.03	1.98	4.00
106	-0.95	6.02	1.96	4.00
107	-0.92	6.01	1.95	2.00
108	-0.88	6.01	1.95	2.00
109	-0.84	6.01	1.94	2.00
110	-0.82	6.01	1.94	2.00
111	-0.79	6.01	1.94	2.00
112	-0.78	6.01	1.93	2.00
113	-0.77	6.00	1.93	1.00
114	-0.74	6.01	1.93	1.00
115	-0.72	6.01	1.92	1.00
116	-0.67	6.01	1.92	1.00
117	-0.62	6.01	1.92	1.00
118	-0.58	6.01	1.92	1.00
119	-0.53	6.01	1.92	1.00
120	-0.50	6.01	1.91	1.00
121	-0.47	6.01	1.90	1.00
122	-0.44	6.00	1.90	1.00
123	-0.40	6.00	1.89	1.00
124	-0.37	6.00	1.89	1.00
125	-0.34	5.99	1.88	1.00
126	-0.30	5.99	1.88	1.00
127	-0.27	5.98	1.88	3.00
128	-0.24	5.99	1.87	3.00
129	-0.21	6.01	1.87	4.00
130	-0.19	6.01	1.86	4.00
131	-0.16	6.02	1.85	1.00
132	-0.13	6.01	1.85	1.00
133	-0.10	6.00	1.85	4.00
134	-0.08	6.03	1.85	4.00
135	-0.07	6.06	1.86	4.00
136	-0.06	6.07	1.87	4.00
137	-0.04	6.07	1.89	4.00
138	-0.01	6.08	1.89	4.00
139	0.02	6.10	1.89	4.00
140	0.04	6.10	1.89	4.00
141	0.07	6.10	1.89	4.00
142	0.09	6.10	1.89	4.00
143	0.11	6.11	1.90	1.00
144	0.14	6.11	1.90	1.00
145	0.16	6.11	1.89	1.00
146	0.19	6.11	1.90	1.00
147	0.22	6.10	1.90	1.00
148	0.24	6.11	1.89	1.00
149	0.26	6.12	1.89	1.00
150	0.29	6.12	1.89	1.00
151	0.31	6.12	1.90	1.00
152	0.35	6.13	1.90	1.00
153	0.39	6.13	1.90	1.00
154	0.41	6.12	1.90	1.00
155	0.43	6.12	1.90	1.00
156	0.45	6.11	1.88	1.00
157	0.47	6.11	1.87	1.00
158	0.48	6.11	1.87	1.00
159	0.50	6.11	1.87	1.00
160	0.52	6.10	1.87	1.00
161	0.53	6.10	1.87	1.00
162	0.53	6.10	1.86	1.00
163	0.52	6.11	1.86	1.00
164	0.54	6.13	1.85	1.00
165	0.55	6.16	1.84	4.00
166	0.57	6.18	1.84	4.00
167	0.58	6.19	1.84	4.00
168	0.60	6.19	1.84	4.00
169	0.61	6.19	1.85	4.00
170	0.62	6.20	1.85	4.00
171	0.62	6.22	1.85	4.00
172	0.64	6.21	1.85	4.00
173	0.67	6.21	1.85	4.00
174	0.68	6.20	1.85	4.00
175	0.70	6.20	1.86	4.00
176	0.71	6.20	1.87	4.00
177	0.72	6.21	1.87	4.00
178	0.73	6.21	1.87	4.00
179	0.75	6.21	1.87	4.00
180	0.76	6.21	1.87	4.00
181	0.78	6.20	1.87	1.00
182	0.79	6.21	1.87	1.00
183	0.80	6.23	1.87	1.00
184	0.81	6.23	1.88	1.00
185	0.83	6.24	1.88	1.00
186	0.85	6.28	1.88	1.00
187	0.87	6.31	1.88	2.00
188	0.88	6.34	1.88	2.00
189	0.89	6.36	1.88	4.00
190	0.91	6.39	1.87	4.00
191	0.92	6.42	1.86	4.00
192	0.95	6.47	1.86	4.00
193	0.97	6.51	1.86	2.00
Target 6 (frames from 37 to 89)
Bounding Boxes (frame, x, y, width, height)
37	145	140	84	168
38	149	141	83	167
39	153	142	83	167
40	157	143	83	166
41	161	144	83	166
42	164	145	82	165
43	168	146	82	165
44	171	147	82	165
45	175	148	82	164
46	178	148	82	164
47	182	149	81	163
48	185	149	81	163
49	188	149	81	162
50	190	149	81	162
51	192	149	81	162
52	195	150	80	161
53	198	150	80	161
54	201	150	80	161
55	205	150	80	160
56	209	150	80	160
57	213	150	80	160
58	218	149	80	160
59	223	149	80	160
60	227	148	80	161
61	232	148	80	161
62	237	147	80	161
63	242	146	81	162
64	246	146	81	162
65	250	145	81	162
66	254	145	81	162
67	256	144	80	161
68	259	144	80	161
69	261	144	80	160
70	263	144	80	160
71	266	144	79	159
72	268	144	79	159
73	270	143	79	158
74	272	143	78	157
75	274	143	78	157
76	276	144	78	156
77	278	144	78	156
78	281	145	77	155
79	284	146	77	155
80	287	146	77	155
81	290	147	77	154
82	293	148	77	154
83	296	148	77	154
84	300	149	77	154
85	304	150	76	153
86	307	151	76	153
87	311	152	76	153
88	316	153	76	153
89	320	154	76	153
3D Trajetory (frame, x, z, height, pose)
37	-1.85	5.22	1.75	3.00
38	-1.85	5.19	1.76	3.00
39	-1.84	5.16	1.76	3.00
40	-1.80	5.17	1.75	3.00
41	-1.76	5.18	1.73	3.00
42	-1.72	5.20	1.73	3.00
43	-1.67	5.23	1.74	3.00
44	-1.63	5.25	1.74	3.00
45	-1.59	5.28	1.74	1.00
46	-1.56	5.28	1.74	1.00
47	-1.53	5.29	1.74	1.00
48	-1.51	5.31	1.74	1.00
49	-1.49	5.32	1.75	1.00
50	-1.46	5.35	1.75	1.00
51	-1.43	5.37	1.75	2.00
52	-1.40	5.37	1.75	2.00
53	-1.38	5.38	1.75	3.00
54	-1.36	5.38	1.74	3.00
55	-1.34	5.38	1.73	3.00
56	-1.31	5.39	1.74	3.00
57	-1.27	5.41	1.74	3.00
58	-1.20	5.44	1.74	3.00
59	-1.13	5.46	1.75	3.00
60	-1.07	5.48	1.76	3.00
61	-1.01	5.49	1.78	1.00
62	-0.97	5.50	1.78	1.00
63	-0.92	5.51	1.79	1.00
64	-0.89	5.51	1.80	1.00
65	-0.86	5.51	1.81	1.00
66	-0.81	5.53	1.80	1.00
67	-0.76	5.55	1.79	1.00
68	-0.74	5.55	1.79	1.00
69	-0.71	5.56	1.80	1.00
70	-0.69	5.60	1.80	1.00
71	-0.67	5.64	1.80	1.00
72	-0.66	5.68	1.80	1.00
73	-0.66	5.72	1.80	1.00
74	-0.62	5.73	1.80	1.00
75	-0.58	5.73	1.80	1.00
76	-0.55	5.75	1.81	1.00
77	-0.52	5.77	1.81	1.00
78	-0.47	5.78	1.81	1.00
79	-0.43	5.80	1.81	2.00
80	-0.40	5.81	1.80	2.00
81	-0.37	5.83	1.80	2.00
82	-0.33	5.85	1.80	2.00
83	-0.29	5.87	1.80	2.00
84	-0.26	5.88	1.81	2.00
85	-0.22	5.90	1.81	2.00
86	-0.19	5.90	1.82	2.00
87	-0.16	5.91	1.82	4.00
88	-0.12	5.91	1.82	4.00
89	-0.07	5.92	1.82	4.00
Target 7 (frames from 35 to 77)
Bounding Boxes (frame, x, y, width, height)
35	622	148	82	164
36	619	148	82	165
37	615	147	83	167
38	612	147	84	168
39	608	147	85	170
40	604	146	85	171
41	600	146	86	172
42	595	146	87	174
43	590	146	87	175
44	585	146	88	176
45	579	146	88	177
46	573	147	89	178
47	566	147	89	179
48	560	147	90	180
49	554	147	90	180
50	549	147	90	181
51	545	148	90	181
52	540	148	91	182
53	535	147	91	183
54	530	147	91	183
55	525	147	92	184
56	520	146	92	185
57	515	146	92	185
58	510	146	93	186
59	505	146	93	186
60	500	146	93	186
61	496	146	93	187
62	491	146	93	187
63	486	145	93	187
64	481	145	93	187
65	476	145	93	186
66	472	146	93	186
67	468	146	93	186
68	464	145	93	186
69	459	145	93	186
70	454	145	93	186
71	450	145	93	186
72	445	144	93	187
73	441	144	93	187
74	436	143	94	188
75	431	143	94	188
76	427	142	94	189
77	422	141	95	190
3D Trajetory (frame, x, z, height, pose)
35	2.89	5.08	1.64	2.00
36	2.88	5.05	1.66	2.00
37	2.87	5.03	1.69	3.00
38	2.89	5.06	1.70	3.00
39	2.92	5.09	1.71	3.00
40	2.87	5.09	1.72	3.00
41	2.81	5.08	1.72	3.00
42	2.70	5.00	1.73	3.00
43	2.58	4.92	1.74	3.00
44	2.52	4.92	1.73	3.00
45	2.47	4.92	1.72	3.00
46	2.41	4.91	1.73	3.00
47	2.36	4.90	1.74	3.00
48	2.31	4.88	1.74	3.00
49	2.26	4.86	1.75	3.00
50	2.20	4.84	1.75	3.00
51	2.14	4.81	1.75	3.00
52	2.08	4.81	1.75	3.00
53	2.03	4.80	1.75	3.00
54	1.99	4.79	1.74	3.00
55	1.94	4.78	1.74	3.00
56	1.90	4.77	1.75	3.00
57	1.86	4.76	1.75	3.00
58	1.80	4.75	1.76	3.00
59	1.74	4.75	1.77	3.00
60	1.69	4.74	1.78	3.00
61	1.64	4.73	1.78	3.00
62	1.60	4.74	1.77	3.00
63	1.56	4.75	1.76	3.00
64	1.51	4.75	1.75	3.00
65	1.46	4.75	1.74	3.00
66	1.43	4.74	1.75	3.00
67	1.39	4.73	1.77	3.00
68	1.35	4.73	1.76	3.00
69	1.32	4.73	1.76	3.00
70	1.29	4.73	1.76	3.00
71	1.25	4.73	1.76	3.00
72	1.21	4.74	1.76	3.00
73	1.17	4.74	1.76	3.00
74	1.12	4.72	1.77	3.00
75	1.07	4.71	1.78	3.00
76	1.03	4.69	1.78	3.00
77	0.99	4.68	1.78	3.00
Target 8 (frames from 55 to 173)
Bounding Boxes (frame, x, y, width, height)
55	608	153	89	178
56	605	153	87	175
57	602	153	86	173
58	599	153	85	171
59	596	153	84	169
60	592	153	83	167
61	588	153	83	166
62	584	152	82	165
63	579	152	82	164
64	575	152	82	164
65	569	152	82	164
66	563	152	82	165
67	557	152	82	165
68	550	152	83	166
69	544	152	83	167
70	538	151	84	168
71	532	151	84	168
72	526	150	84	168
73	520	149	84	168
74	515	149	84	168
75	510	149	84	168
76	505	149	84	168
77	500	149	84	168
78	495	149	84	168
79	490	149	84	169
80	485	149	84	169
81	481	150	84	169
82	477	150	85	170
83	474	151	85	171
84	471	151	85	171
85	467	151	86	172
86	464	151	86	172
87	461	151	86	173
88	458	151	87	174
89	455	150	87	175
90	451	149	88	176
91	446	148	88	177
92	441	147	89	178
93	434	146	89	179
94	427	145	90	180
95	419	144	90	180
96	412	143	90	181
97	404	142	91	182
98	397	141	91	183
99	390	140	92	184
100	385	139	92	185
101	380	139	92	185
102	375	138	93	186
103	372	138	92	185
104	369	139	92	185
105	366	139	92	184
106	364	140	91	183
107	362	141	91	182
108	359	142	90	181
109	356	143	90	180
110	352	144	89	179
111	348	145	89	178
112	344	146	89	178
113	339	147	88	177
114	334	147	88	177
115	329	147	88	177
116	324	147	88	177
117	319	148	88	177
118	314	148	88	177
119	309	148	88	177
120	304	149	88	176
121	299	150	88	176
122	294	150	88	176
123	290	151	88	176
124	285	151	88	176
125	281	151	88	177
126	276	151	88	177
127	272	151	89	178
128	269	151	89	179
129	265	150	90	181
130	261	150	91	182
131	257	149	91	183
132	252	148	92	184
133	248	147	92	185
134	244	147	93	186
135	239	146	93	187
136	234	146	93	187
137	229	146	93	187
138	224	146	93	186
139	219	147	93	186
140	213	147	92	185
141	208	148	92	185
142	202	149	92	184
143	197	149	92	184
144	191	150	91	183
145	186	151	91	182
146	181	152	90	181
147	177	153	90	180
148	172	154	89	178
149	169	155	88	177
150	165	155	87	175
151	163	156	87	174
152	160	156	86	173
153	157	157	85	171
154	153	158	85	170
155	150	159	84	169
156	147	160	84	168
157	143	160	83	167
158	138	161	83	167
159	132	161	83	167
160	126	161	83	167
161	120	161	84	168
162	113	161	84	169
163	106	160	85	170
164	100	159	85	171
165	94	158	86	172
166	88	158	86	172
167	82	157	86	173
168	76	156	87	174
169	70	155	87	174
170	64	154	87	175
171	58	153	88	176
172	53	152	88	176
173	47	151	88	177
3D Trajetory (frame, x, z, height, pose)
55	2.69	4.78	1.69	3.00
56	2.68	4.80	1.68	3.00
57	2.66	4.81	1.67	4.00
58	2.71	4.98	1.70	4.00
59	2.76	5.15	1.72	4.00
60	2.76	5.22	1.72	4.00
61	2.77	5.29	1.72	4.00
62	2.74	5.31	1.72	4.00
63	2.72	5.33	1.72	2.00
64	2.61	5.26	1.71	2.00
65	2.51	5.18	1.70	3.00
66	2.43	5.16	1.70	3.00
67	2.35	5.14	1.70	3.00
68	2.28	5.12	1.70	3.00
69	2.21	5.10	1.70	3.00
70	2.16	5.11	1.71	3.00
71	2.10	5.11	1.71	4.00
72	2.06	5.11	1.72	4.00
73	2.01	5.10	1.73	4.00
74	1.98	5.12	1.72	4.00
75	1.95	5.14	1.72	3.00
76	1.90	5.15	1.73	3.00
77	1.85	5.17	1.74	3.00
78	1.81	5.17	1.75	3.00
79	1.78	5.17	1.75	3.00
80	1.73	5.17	1.75	3.00
81	1.69	5.17	1.75	3.00
82	1.65	5.18	1.76	3.00
83	1.61	5.18	1.76	3.00
84	1.57	5.18	1.77	3.00
85	1.53	5.18	1.78	3.00
86	1.50	5.18	1.79	3.00
87	1.46	5.18	1.81	4.00
88	1.44	5.18	1.81	4.00
89	1.41	5.18	1.82	4.00
90	1.35	5.19	1.82	4.00
91	1.29	5.19	1.82	2.00
92	1.22	5.19	1.83	2.00
93	1.16	5.19	1.83	3.00
94	1.10	5.17	1.85	3.00
95	1.04	5.16	1.86	3.00
96	0.96	5.14	1.87	3.00
97	0.88	5.12	1.89	3.00
98	0.78	5.13	1.89	3.00
99	0.69	5.15	1.89	2.00
100	0.65	5.14	1.89	2.00
101	0.60	5.13	1.90	3.00
102	0.57	5.14	1.89	3.00
103	0.55	5.15	1.89	3.00
104	0.51	5.12	1.90	3.00
105	0.48	5.10	1.91	3.00
106	0.47	5.10	1.89	3.00
107	0.46	5.11	1.87	3.00
108	0.42	5.11	1.85	3.00
109	0.37	5.11	1.83	3.00
110	0.33	5.10	1.82	3.00
111	0.29	5.09	1.80	3.00
112	0.25	5.10	1.80	3.00
113	0.20	5.10	1.80	3.00
114	0.15	5.10	1.80	3.00
115	0.10	5.10	1.80	3.00
116	0.06	5.09	1.80	3.00
117	0.01	5.09	1.80	3.00
118	-0.03	5.08	1.80	3.00
119	-0.08	5.07	1.81	3.00
120	-0.14	5.07	1.80	3.00
121	-0.20	5.07	1.79	3.00
122	-0.24	5.07	1.78	3.00
123	-0.29	5.07	1.78	3.00
124	-0.34	5.07	1.78	3.00
125	-0.39	5.07	1.77	3.00
126	-0.44	5.07	1.78	3.00
127	-0.49	5.07	1.79	3.00
128	-0.52	5.04	1.80	3.00
129	-0.56	5.02	1.82	3.00
130	-0.59	5.00	1.83	3.00
131	-0.62	4.99	1.84	3.00
132	-0.63	4.99	1.85	3.00
133	-0.64	4.99	1.86	3.00
134	-0.68	4.99	1.86	3.00
135	-0.72	4.98	1.86	3.00
136	-0.77	4.98	1.85	3.00
137	-0.82	4.99	1.84	3.00
138	-0.87	4.98	1.84	3.00
139	-0.91	4.97	1.84	3.00
140	-0.95	4.96	1.84	3.00
141	-0.99	4.96	1.85	3.00
142	-1.06	4.96	1.83	3.00
143	-1.13	4.96	1.81	3.00
144	-1.18	4.96	1.80	3.00
145	-1.23	4.95	1.79	3.00
146	-1.28	4.95	1.78	3.00
147	-1.33	4.94	1.77	3.00
148	-1.39	4.94	1.76	3.00
149	-1.44	4.93	1.74	3.00
150	-1.48	4.93	1.73	3.00
151	-1.52	4.92	1.72	3.00
152	-1.54	4.93	1.70	3.00
153	-1.57	4.93	1.68	3.00
154	-1.61	4.94	1.67	3.00
155	-1.66	4.95	1.65	3.00
156	-1.69	4.95	1.65	3.00
157	-1.73	4.95	1.65	3.00
158	-1.78	4.94	1.66	3.00
159	-1.83	4.94	1.66	3.00
160	-1.87	4.94	1.65	3.00
161	-1.92	4.94	1.64	1.00
162	-1.97	4.93	1.65	1.00
163	-2.01	4.92	1.66	3.00
164	-2.06	4.92	1.66	3.00
165	-2.11	4.92	1.67	3.00
166	-2.15	4.91	1.68	3.00
167	-2.20	4.91	1.68	3.00
168	-2.24	4.90	1.70	3.00
169	-2.28	4.89	1.72	3.00
170	-2.33	4.89	1.72	3.00
171	-2.38	4.90	1.72	3.00
172	-2.44	4.89	1.69	3.00
173	-2.50	4.89	1.66	3.00
Target 9 (frames from 109 to 171)
Bounding Boxes (frame, x, y, width, height)
109	402	151	82	164
110	405	151	81	163
111	407	152	81	162
112	410	152	80	161
113	413	153	80	160
114	416	153	79	159
115	419	153	79	158
116	422	154	78	157
117	425	154	78	157
118	428	155	78	156
119	432	155	77	155
120	435	155	77	155
121	438	156	77	155
122	442	156	77	155
123	446	157	77	154
124	450	157	77	154
125	454	157	77	154
126	458	157	77	154
127	462	157	77	154
128	466	156	77	155
129	469	156	78	156
130	472	155	78	157
131	475	154	78	157
132	478	153	79	158
133	481	152	79	159
134	484	151	79	159
135	487	150	79	159
136	490	150	79	159
137	494	149	79	159
138	498	149	79	159
139	502	149	79	159
140	506	149	79	159
141	510	148	79	158
142	515	148	79	158
143	519	148	79	158
144	523	148	79	158
145	527	147	79	158
146	531	147	79	158
147	535	146	79	158
148	540	146	79	158
149	544	145	79	158
150	549	144	79	158
151	554	144	79	158
152	559	143	79	158
153	564	143	78	157
154	569	143	78	157
155	573	143	78	157
156	577	143	78	157
157	580	143	78	157
158	583	143	78	157
159	586	143	78	157
160	587	143	78	156
161	589	143	78	156
162	590	143	77	155
163	592	143	77	155
164	594	143	77	155
165	596	142	77	155
166	598	142	77	155
167	600	142	77	154
168	602	141	77	154
169	604	141	77	154
170	606	140	77	154
171	608	139	77	154
3D Trajetory (frame, x, z, height, pose)
109	0.85	5.41	1.77	2.00
110	0.86	5.41	1.77	2.00
111	0.86	5.40	1.77	2.00
112	0.94	5.46	1.75	2.00
113	1.01	5.52	1.72	2.00
114	1.04	5.52	1.74	2.00
115	1.06	5.52	1.75	2.00
116	1.11	5.55	1.75	2.00
117	1.16	5.57	1.75	3.00
118	1.18	5.59	1.75	3.00
119	1.19	5.61	1.75	3.00
120	1.23	5.59	1.74	3.00
121	1.27	5.57	1.74	3.00
122	1.32	5.62	1.73	3.00
123	1.37	5.67	1.72	1.00
124	1.42	5.67	1.73	1.00
125	1.46	5.67	1.75	1.00
126	1.51	5.70	1.75	1.00
127	1.56	5.72	1.75	1.00
128	1.61	5.73	1.76	1.00
129	1.65	5.74	1.77	1.00
130	1.68	5.75	1.79	1.00
131	1.71	5.77	1.81	1.00
132	1.77	5.77	1.82	1.00
133	1.82	5.78	1.84	1.00
134	1.87	5.78	1.85	1.00
135	1.92	5.79	1.85	1.00
136	1.97	5.80	1.85	1.00
137	2.03	5.81	1.85	1.00
138	2.09	5.83	1.85	1.00
139	2.15	5.84	1.85	1.00
140	2.22	5.86	1.85	1.00
141	2.28	5.87	1.85	1.00
142	2.33	5.88	1.85	1.00
143	2.39	5.88	1.85	1.00
144	2.42	5.89	1.86	1.00
145	2.46	5.90	1.87	1.00
146	2.51	5.91	1.88	1.00
147	2.56	5.92	1.88	1.00
148	2.61	5.93	1.87	1.00
149	2.66	5.94	1.86	1.00
150	2.72	5.95	1.87	1.00
151	2.77	5.95	1.87	1.00
152	2.83	5.95	1.88	1.00
153	2.90	5.95	1.89	1.00
154	2.93	5.96	1.88	1.00
155	2.97	5.97	1.86	1.00
156	3.02	5.98	1.86	1.00
157	3.06	5.99	1.86	1.00
158	3.11	5.99	1.86	1.00
159	3.15	5.99	1.87	1.00
160	3.20	5.99	1.87	1.00
161	3.25	5.98	1.88	1.00
162	3.28	6.01	1.88	1.00
163	3.31	6.04	1.89	1.00
164	3.35	6.04	1.88	1.00
165	3.40	6.05	1.88	3.00
166	3.43	6.06	1.88	3.00
167	3.46	6.07	1.88	3.00
168	3.51	6.07	1.87	3.00
169	3.55	6.06	1.87	3.00
170	3.60	6.04	1.88	3.00
171	3.65	6.02	1.89	3.00
