Total frames 362
Number of Targets 18
Target 1 (frames from 3 to 134)
Bounding Boxes (frame, x, y, width, height)
3	269	115	139	279
4	269	117	139	279
5	269	119	139	279
6	269	120	139	279
7	269	122	139	279
8	268	122	140	280
9	268	123	140	280
10	267	124	140	281
11	266	124	141	282
12	265	124	141	283
13	264	123	142	284
14	263	122	143	287
15	261	121	144	289
16	259	119	146	292
17	258	117	146	293
18	257	116	147	294
19	256	116	146	293
20	255	115	146	293
21	254	115	146	293
22	253	114	147	294
23	253	114	146	293
24	253	113	146	293
25	253	113	146	292
26	254	113	145	291
27	256	113	144	289
28	258	113	144	288
29	260	113	144	288
30	261	113	143	286
31	262	112	143	286
32	262	112	143	286
33	263	112	142	285
34	264	111	142	285
35	264	112	142	284
36	265	113	141	283
37	265	112	142	284
38	264	112	142	285
39	263	111	143	286
40	262	110	143	287
41	262	110	143	287
42	263	110	143	286
43	264	110	143	286
44	266	110	143	286
45	268	110	143	286
46	271	110	143	287
47	274	110	144	288
48	276	110	144	289
49	279	111	144	289
50	283	112	144	288
51	286	113	143	286
52	289	115	142	284
53	292	117	140	281
54	295	119	139	278
55	296	121	137	275
56	296	121	137	274
57	296	121	137	274
58	295	120	137	275
59	294	119	138	277
60	293	118	139	279
61	291	116	142	284
62	288	114	144	289
63	286	112	147	295
64	283	110	150	300
65	280	108	152	305
66	278	107	154	308
67	277	106	154	308
68	277	107	153	307
69	277	107	152	305
70	278	108	151	302
71	280	110	148	297
72	282	111	145	291
73	285	112	143	287
74	288	113	142	285
75	292	113	141	283
76	296	112	142	284
77	300	112	142	285
78	302	112	143	287
79	304	111	145	290
80	305	110	147	295
81	306	108	150	300
82	306	106	153	306
83	306	105	155	311
84	307	103	157	314
85	308	102	158	316
86	309	102	158	316
87	310	102	157	314
88	309	102	155	311
89	308	103	154	308
90	307	104	152	305
91	305	105	151	302
92	302	107	149	299
93	300	108	148	297
94	298	110	147	294
95	295	112	145	290
96	293	115	142	285
97	291	117	141	283
98	289	117	141	282
99	287	117	142	284
100	286	115	142	285
101	286	114	143	286
102	287	112	144	288
103	287	110	144	289
104	288	109	144	289
105	289	107	144	289
106	289	106	145	290
107	288	105	145	291
108	288	103	145	291
109	287	102	146	292
110	287	101	147	295
111	287	100	149	298
112	289	100	150	301
113	291	101	151	302
114	292	102	151	303
115	294	104	151	303
116	295	105	151	303
117	296	106	151	303
118	297	107	150	301
119	297	109	149	299
120	298	111	148	297
121	298	112	147	294
122	297	114	145	290
123	297	116	142	285
124	296	117	140	281
125	295	120	137	274
126	294	120	136	273
127	293	120	136	272
128	292	120	136	272
129	290	120	136	273
130	289	119	137	274
131	287	117	138	277
132	285	116	140	280
133	283	114	142	285
134	281	111	145	290
3D Trajetory (frame, x, z, height, pose)
3	0.14	2.79	2.00	2.00
4	0.14	2.79	2.00	2.00
5	0.14	2.80	1.97	2.00
6	0.14	2.81	1.95	2.00
7	0.13	2.82	1.92	2.00
8	0.13	2.82	1.89	2.00
9	0.13	2.82	1.89	2.00
10	0.13	2.83	1.95	2.00
11	0.10	2.74	1.96	2.00
12	0.09	2.72	1.97	2.00
13	0.09	2.72	1.98	2.00
14	0.10	2.76	2.01	2.00
15	0.09	2.79	2.02	2.00
16	0.10	2.80	2.03	2.00
17	0.11	2.80	2.03	2.00
18	0.09	2.78	2.04	2.00
19	0.08	2.76	2.04	2.00
20	0.04	2.83	2.03	2.00
21	0.04	2.77	2.03	2.00
22	0.04	2.75	2.03	2.00
23	0.04	2.74	2.03	2.00
24	0.04	2.73	2.03	2.00
25	0.04	2.73	2.02	2.00
26	0.04	2.72	2.02	2.00
27	0.04	2.71	2.02	2.00
28	0.04	2.70	2.01	2.00
29	0.05	2.72	2.01	2.00
30	0.06	2.73	2.01	2.00
31	0.07	2.75	2.01	2.00
32	0.08	2.76	2.01	2.00
33	0.08	2.77	2.02	2.00
34	0.09	2.80	2.02	2.00
35	0.09	2.79	2.02	2.00
36	0.09	2.77	2.02	2.00
37	0.09	2.78	2.02	2.00
38	0.10	2.79	2.02	2.00
39	0.11	2.80	2.01	2.00
40	0.11	2.80	2.01	2.00
41	0.12	2.80	2.01	2.00
42	0.12	2.79	2.00	2.00
43	0.12	2.80	2.00	2.00
44	0.12	2.78	2.00	3.00
45	0.11	2.77	2.00	3.00
46	0.12	2.76	2.00	3.00
47	0.14	2.76	2.00	2.00
48	0.17	2.76	2.00	2.00
49	0.20	2.77	1.99	2.00
50	0.22	2.75	1.99	2.00
51	0.24	2.74	1.99	2.00
52	0.26	2.75	1.99	2.00
53	0.28	2.76	1.99	2.00
54	0.29	2.77	1.99	2.00
55	0.30	2.77	1.99	2.00
56	0.31	2.79	1.99	2.00
57	0.32	2.82	1.99	2.00
58	0.33	2.84	1.99	2.00
59	0.34	2.86	1.99	2.00
60	0.34	2.88	2.00	2.00
61	0.35	2.90	2.00	2.00
62	0.36	2.95	2.01	2.00
63	0.34	2.95	2.02	2.00
64	0.33	2.92	2.02	2.00
65	0.32	2.89	2.02	2.00
66	0.31	2.84	2.02	2.00
67	0.29	2.83	2.02	2.00
68	0.28	2.81	2.02	2.00
69	0.26	2.80	2.02	2.00
70	0.25	2.78	2.02	2.00
71	0.27	2.78	2.02	2.00
72	0.27	2.78	2.02	2.00
73	0.28	2.79	2.02	2.00
74	0.28	2.79	2.02	2.00
75	0.28	2.79	2.02	2.00
76	0.30	2.80	2.02	2.00
77	0.31	2.82	2.02	2.00
78	0.32	2.83	2.02	2.00
79	0.36	2.82	2.02	2.00
80	0.38	2.77	2.02	4.00
81	0.40	2.74	2.02	4.00
82	0.41	2.70	2.02	4.00
83	0.42	2.65	2.01	3.00
84	0.43	2.62	2.01	3.00
85	0.41	2.63	2.01	3.00
86	0.42	2.60	2.01	3.00
87	0.43	2.57	2.01	3.00
88	0.43	2.54	2.01	3.00
89	0.44	2.51	2.01	3.00
90	0.45	2.53	2.01	3.00
91	0.46	2.57	2.01	3.00
92	0.45	2.57	2.01	2.00
93	0.43	2.60	2.01	2.00
94	0.41	2.64	2.01	2.00
95	0.37	2.64	2.01	2.00
96	0.34	2.64	2.00	2.00
97	0.32	2.64	2.00	2.00
98	0.31	2.65	2.00	2.00
99	0.30	2.67	2.00	2.00
100	0.29	2.70	2.00	2.00
101	0.29	2.72	2.00	2.00
102	0.29	2.75	2.00	2.00
103	0.28	2.75	2.00	2.00
104	0.27	2.75	2.00	2.00
105	0.27	2.75	2.00	2.00
106	0.26	2.75	2.00	2.00
107	0.26	2.75	2.00	2.00
108	0.26	2.74	2.00	2.00
109	0.26	2.74	2.00	2.00
110	0.26	2.74	2.00	2.00
111	0.26	2.75	2.00	2.00
112	0.27	2.76	2.00	2.00
113	0.27	2.77	2.00	2.00
114	0.27	2.78	2.00	2.00
115	0.27	2.79	2.00	3.00
116	0.32	2.71	2.00	3.00
117	0.35	2.63	2.00	3.00
118	0.36	2.57	2.00	3.00
119	0.35	2.61	2.00	3.00
120	0.35	2.64	2.00	2.00
121	0.35	2.68	2.00	2.00
122	0.34	2.71	2.00	2.00
123	0.34	2.73	2.00	2.00
124	0.34	2.74	2.00	2.00
125	0.33	2.77	2.00	2.00
126	0.32	2.79	2.00	2.00
127	0.32	2.79	2.00	2.00
128	0.32	2.79	2.00	2.00
129	0.32	2.79	2.00	2.00
130	0.31	2.79	2.00	2.00
131	0.31	2.79	2.00	2.00
132	0.31	2.79	2.00	2.00
133	0.30	2.80	2.00	2.00
134	0.24	2.81	2.00	2.00
Target 2 (frames from 7 to 362)
Bounding Boxes (frame, x, y, width, height)
7	142	140	94	188
8	144	142	92	185
9	145	143	91	183
10	146	144	91	182
11	147	145	90	180
12	147	146	89	179
13	148	147	89	178
14	148	147	88	177
15	148	148	88	177
16	148	148	88	177
17	147	148	89	178
18	146	147	89	179
19	146	147	90	180
20	144	146	91	182
21	143	145	92	185
22	142	144	93	186
23	142	143	93	187
24	141	142	94	188
25	140	142	95	190
26	141	142	93	187
27	142	142	92	184
28	144	143	89	179
29	146	144	87	175
30	147	144	85	171
31	149	145	84	169
32	149	146	83	167
33	150	146	83	167
34	149	146	84	168
35	149	146	84	169
36	148	146	86	172
37	147	146	88	176
38	145	145	91	182
39	143	143	94	189
40	141	142	97	194
41	140	140	100	200
42	138	138	103	206
43	137	137	105	211
44	136	136	106	212
45	136	135	106	213
46	135	134	106	213
47	134	133	106	212
48	134	133	105	211
49	134	134	104	209
50	134	135	103	207
51	134	136	102	205
52	134	138	101	202
53	135	139	99	199
54	136	141	99	198
55	138	142	99	198
56	139	142	99	199
57	140	143	100	200
58	141	143	101	202
59	142	143	102	204
60	142	143	103	206
61	141	143	103	207
62	140	142	104	208
63	138	142	104	208
64	136	142	103	207
65	133	142	102	205
66	130	143	101	202
67	128	143	99	198
68	126	144	97	195
69	124	144	96	193
70	123	143	95	191
71	123	143	95	190
72	124	143	95	191
73	125	143	96	192
74	126	143	96	193
75	127	142	97	195
76	129	142	98	197
77	130	142	99	199
78	132	143	101	202
79	133	143	102	204
80	133	143	103	206
81	134	144	103	207
82	133	144	104	208
83	132	145	104	208
84	131	146	104	208
85	130	147	103	207
86	129	147	102	205
87	128	147	102	204
88	127	147	101	203
89	125	146	100	201
90	123	145	100	200
91	121	144	99	198
92	120	143	98	197
93	118	141	98	196
94	116	139	97	195
95	115	137	97	195
96	114	135	98	196
97	113	133	98	196
98	112	132	98	197
99	112	131	99	198
100	112	131	100	200
101	112	131	100	201
102	113	132	100	201
103	114	133	100	201
104	115	134	100	200
105	115	135	99	199
106	116	137	99	198
107	116	139	98	196
108	116	140	96	193
109	115	142	95	191
110	115	143	94	189
111	114	145	92	185
112	113	146	91	183
113	112	147	91	182
114	110	147	90	181
115	109	147	91	182
116	108	146	91	183
117	108	145	92	184
118	108	143	93	186
119	108	142	93	187
120	109	140	94	188
121	110	139	93	187
122	112	138	93	186
123	113	136	92	185
124	114	135	92	184
125	115	134	92	184
126	116	133	93	187
127	116	133	94	189
128	117	134	94	188
129	118	136	92	185
130	118	137	91	183
131	119	138	91	182
132	119	139	91	182
133	120	139	91	182
134	120	140	91	183
135	121	140	91	183
136	122	141	91	183
137	123	142	91	183
138	124	143	91	182
139	125	143	90	180
140	126	144	90	180
141	127	144	90	181
142	127	144	91	182
143	127	144	92	185
144	126	143	94	188
145	126	144	94	189
146	127	144	93	186
147	127	145	92	185
148	127	145	92	184
149	127	145	92	184
150	126	145	92	184
151	126	144	92	184
152	125	144	92	184
153	125	144	92	184
154	124	144	92	184
155	124	144	92	184
156	124	144	92	184
157	123	144	92	184
158	123	144	92	184
159	122	144	92	184
160	122	144	92	184
161	122	143	92	185
162	121	143	93	186
163	121	143	93	187
164	121	143	93	187
165	122	143	93	187
166	123	143	93	186
167	123	144	93	186
168	124	144	92	185
169	125	145	92	184
170	126	146	91	183
171	127	146	91	182
172	128	147	90	181
173	129	148	90	180
174	130	149	89	179
175	130	149	89	178
176	130	149	89	178
177	131	149	89	178
178	131	149	88	177
179	131	149	88	177
180	131	149	88	176
181	132	149	87	175
182	133	149	87	174
183	134	149	87	174
184	135	149	87	175
185	136	148	88	176
186	137	147	89	178
187	139	146	89	179
188	140	146	90	181
189	141	146	91	182
190	142	146	91	183
191	143	145	92	185
192	144	145	93	186
193	144	144	94	188
194	143	144	94	189
195	143	143	94	189
196	142	143	94	189
197	141	143	94	188
198	140	143	94	188
199	138	143	94	188
200	137	142	94	189
201	135	141	94	189
202	133	140	95	190
203	132	139	95	191
204	130	139	95	191
205	129	139	95	191
206	127	139	95	191
207	126	138	95	191
208	125	138	95	190
209	124	139	94	189
210	122	139	94	189
211	120	139	95	190
212	119	141	94	188
213	119	142	92	184
214	118	143	90	180
215	118	144	88	176
216	118	145	87	174
217	118	145	86	173
218	117	145	86	173
219	117	144	86	173
220	117	144	87	174
221	117	144	87	175
222	118	144	87	175
223	119	144	88	176
224	120	144	88	177
225	120	144	89	179
226	121	144	90	180
227	121	144	92	184
228	121	144	93	187
229	121	144	94	188
230	122	144	92	185
231	123	144	91	182
232	124	144	90	181
233	125	144	90	180
234	126	143	90	180
235	127	143	90	181
236	127	143	90	180
237	128	143	90	180
238	129	144	89	179
239	130	146	88	177
240	132	148	87	174
241	134	149	86	172
242	135	150	86	173
243	136	150	87	174
244	136	150	87	175
245	137	149	88	177
246	139	149	89	178
247	140	148	89	178
248	140	148	89	179
249	141	147	89	179
250	142	147	89	179
251	142	146	90	180
252	141	146	90	181
253	140	146	90	181
254	139	145	90	181
255	138	145	91	182
256	137	145	91	182
257	135	145	91	182
258	133	145	92	184
259	131	144	93	186
260	128	143	94	188
261	126	143	95	190
262	125	143	96	192
263	123	142	97	194
264	122	143	97	195
265	120	144	97	195
266	119	145	97	195
267	118	146	97	194
268	117	146	96	193
269	116	147	96	192
270	115	147	95	191
271	115	146	95	191
272	115	145	95	190
273	115	145	94	189
274	115	144	94	188
275	116	143	93	187
276	116	143	93	186
277	117	143	92	184
278	118	143	91	182
279	119	144	90	180
280	120	145	89	179
281	121	145	89	178
282	123	146	88	177
283	124	148	88	176
284	125	149	87	175
285	126	149	87	175
286	127	149	87	175
287	127	149	88	176
288	127	148	89	178
289	127	148	89	179
290	128	147	90	180
291	128	148	89	179
292	128	148	89	179
293	129	148	89	178
294	129	148	89	178
295	130	148	89	179
296	131	147	90	180
297	133	146	90	181
298	134	146	90	181
299	137	145	90	181
300	139	145	90	181
301	141	145	90	181
302	142	145	91	183
303	143	144	91	183
304	143	144	92	184
305	143	143	92	185
306	143	143	92	185
307	143	144	92	184
308	142	144	91	183
309	141	145	91	182
310	140	145	91	182
311	138	144	91	182
312	136	144	91	183
313	135	144	91	183
314	133	144	91	183
315	132	143	91	183
316	131	144	91	182
317	131	144	90	181
318	130	144	90	181
319	128	144	91	183
320	127	144	92	185
321	125	144	92	185
322	123	145	92	185
323	122	146	92	184
324	120	147	91	183
325	119	148	90	181
326	118	149	90	180
327	117	149	90	180
328	117	149	89	179
329	117	149	89	178
330	117	149	88	176
331	118	149	87	175
332	118	148	87	175
333	118	147	88	176
334	118	146	89	178
335	118	145	90	180
336	119	144	90	181
337	119	144	91	183
338	120	143	92	184
339	120	143	92	185
340	121	144	92	185
341	121	144	92	185
342	122	144	92	185
343	122	143	93	186
344	123	143	93	186
345	124	143	93	187
346	125	143	93	186
347	126	144	92	184
348	127	145	91	182
349	128	145	91	182
350	128	145	91	182
351	129	145	90	181
352	131	146	90	180
353	132	146	90	180
354	133	146	90	180
355	134	146	90	180
356	135	145	90	180
357	136	145	90	180
358	137	145	90	180
359	138	145	90	181
360	139	144	90	181
361	140	144	91	182
362	141	143	91	182
3D Trajetory (frame, x, z, height, pose)
7	-1.29	3.98	1.85	3.00
8	-1.30	4.03	1.86	2.00
9	-1.32	4.09	1.88	2.00
10	-1.33	4.14	1.89	2.00
11	-1.35	4.20	1.91	2.00
12	-1.36	4.25	1.92	2.00
13	-1.38	4.31	1.94	2.00
14	-1.39	4.36	1.95	2.00
15	-1.41	4.42	1.96	2.00
16	-1.42	4.48	1.98	2.00
17	-1.44	4.53	1.99	2.00
18	-1.45	4.59	2.01	3.00
19	-1.44	4.50	2.00	2.00
20	-1.42	4.41	1.99	2.00
21	-1.41	4.32	1.98	2.00
22	-1.39	4.23	1.98	2.00
23	-1.39	4.23	1.98	2.00
24	-1.39	4.23	1.98	2.00
25	-1.37	4.21	1.96	2.00
26	-1.36	4.18	1.97	2.00
27	-1.35	4.15	1.97	2.00
28	-1.33	4.09	1.96	2.00
29	-1.33	4.14	1.95	2.00
30	-1.47	4.62	1.96	2.00
31	-1.45	4.52	1.96	2.00
32	-1.42	4.44	1.95	2.00
33	-1.55	4.86	1.97	2.00
34	-1.63	5.14	1.98	2.00
35	-1.60	5.04	1.98	2.00
36	-1.56	4.89	1.97	2.00
37	-1.50	4.71	1.96	1.00
38	-1.48	4.64	1.96	1.00
39	-1.47	4.58	1.96	1.00
40	-1.45	4.51	1.95	1.00
41	-1.39	4.29	1.94	1.00
42	-1.35	4.11	1.92	1.00
43	-1.28	3.92	1.91	1.00
44	-1.22	3.75	1.90	1.00
45	-1.18	3.63	1.90	1.00
46	-1.15	3.55	1.90	2.00
47	-1.16	3.57	1.90	2.00
48	-1.14	3.51	1.90	2.00
49	-1.15	3.49	1.90	1.00
50	-1.15	3.48	1.90	1.00
51	-1.18	3.51	1.90	1.00
52	-1.20	3.56	1.91	1.00
53	-1.21	3.60	1.91	1.00
54	-1.21	3.59	1.91	1.00
55	-1.21	3.59	1.91	1.00
56	-1.22	3.62	1.90	1.00
57	-1.20	3.63	1.91	2.00
58	-1.19	3.63	1.91	1.00
59	-1.19	3.64	1.92	1.00
60	-1.19	3.65	1.92	1.00
61	-1.18	3.66	1.92	1.00
62	-1.18	3.67	1.93	2.00
63	-1.24	3.75	1.94	2.00
64	-1.24	3.75	1.94	1.00
65	-1.25	3.75	1.94	1.00
66	-1.26	3.75	1.94	1.00
67	-1.27	3.75	1.94	1.00
68	-1.28	3.75	1.94	1.00
69	-1.29	3.76	1.94	1.00
70	-1.29	3.76	1.94	1.00
71	-1.30	3.76	1.94	1.00
72	-1.31	3.76	1.94	1.00
73	-1.35	3.82	1.94	1.00
74	-1.38	3.88	1.94	1.00
75	-1.40	3.92	1.94	1.00
76	-1.39	3.91	1.94	2.00
77	-1.38	3.90	1.94	2.00
78	-1.37	3.89	1.94	2.00
79	-1.36	3.87	1.94	2.00
80	-1.36	3.86	1.94	2.00
81	-1.36	3.85	1.94	2.00
82	-1.36	3.84	1.94	2.00
83	-1.36	3.83	1.94	2.00
84	-1.36	3.83	1.94	1.00
85	-1.37	3.82	1.94	1.00
86	-1.38	3.82	1.94	1.00
87	-1.39	3.82	1.94	1.00
88	-1.40	3.81	1.94	1.00
89	-1.40	3.81	1.94	1.00
90	-1.41	3.80	1.94	1.00
91	-1.42	3.80	1.94	1.00
92	-1.44	3.85	1.93	1.00
93	-1.46	3.86	1.93	1.00
94	-1.48	3.87	1.93	1.00
95	-1.48	3.86	1.93	1.00
96	-1.49	3.86	1.93	1.00
97	-1.49	3.86	1.93	1.00
98	-1.49	3.86	1.93	1.00
99	-1.50	3.86	1.93	1.00
100	-1.50	3.86	1.93	1.00
101	-1.50	3.86	1.93	1.00
102	-1.50	3.85	1.93	1.00
103	-1.50	3.85	1.93	1.00
104	-1.50	3.85	1.93	2.00
105	-1.50	3.85	1.93	2.00
106	-1.50	3.85	1.93	2.00
107	-1.51	3.87	1.93	1.00
108	-1.52	3.88	1.93	1.00
109	-1.53	3.89	1.93	1.00
110	-1.54	3.90	1.93	1.00
111	-1.58	3.96	1.93	1.00
112	-1.61	4.02	1.94	1.00
113	-1.61	4.03	1.94	1.00
114	-1.62	4.03	1.93	1.00
115	-1.63	4.04	1.93	1.00
116	-1.63	4.04	1.93	1.00
117	-1.64	4.05	1.93	1.00
118	-1.65	4.06	1.93	1.00
119	-1.65	4.06	1.93	1.00
120	-1.64	4.03	1.93	1.00
121	-1.65	4.06	1.94	1.00
122	-1.66	4.09	1.94	1.00
123	-1.67	4.12	1.94	1.00
124	-1.67	4.14	1.94	1.00
125	-1.68	4.16	1.94	1.00
126	-1.69	4.18	1.94	1.00
127	-1.69	4.20	1.94	2.00
128	-1.70	4.25	1.94	2.00
129	-1.71	4.29	1.94	2.00
130	-1.67	4.22	1.93	2.00
131	-1.64	4.15	1.93	1.00
132	-1.60	4.10	1.93	1.00
133	-1.58	4.06	1.93	1.00
134	-1.58	4.07	1.93	1.00
135	-1.62	4.22	1.93	2.00
136	-1.66	4.33	1.93	2.00
137	-1.64	4.30	1.93	2.00
138	-1.63	4.29	1.93	2.00
139	-1.61	4.28	1.93	2.00
140	-1.60	4.27	1.93	2.00
141	-1.59	4.26	1.93	2.00
142	-1.58	4.26	1.93	2.00
143	-1.57	4.26	1.93	2.00
144	-1.56	4.25	1.93	2.00
145	-1.55	4.25	1.93	2.00
146	-1.55	4.24	1.93	2.00
147	-1.55	4.24	1.93	2.00
148	-1.56	4.25	1.93	2.00
149	-1.57	4.25	1.93	2.00
150	-1.57	4.26	1.93	2.00
151	-1.58	4.26	1.93	2.00
152	-1.59	4.27	1.93	2.00
153	-1.59	4.27	1.93	2.00
154	-1.60	4.28	1.93	2.00
155	-1.61	4.28	1.93	2.00
156	-1.61	4.29	1.93	2.00
157	-1.62	4.29	1.93	2.00
158	-1.63	4.29	1.93	2.00
159	-1.64	4.30	1.93	2.00
160	-1.64	4.30	1.93	2.00
161	-1.65	4.31	1.93	2.00
162	-1.66	4.31	1.93	2.00
163	-1.66	4.32	1.93	2.00
164	-1.67	4.32	1.93	2.00
165	-1.65	4.34	1.93	2.00
166	-1.63	4.32	1.94	2.00
167	-1.62	4.32	1.94	2.00
168	-1.62	4.32	1.94	2.00
169	-1.61	4.31	1.94	2.00
170	-1.60	4.32	1.94	2.00
171	-1.60	4.30	1.94	2.00
172	-1.59	4.30	1.94	2.00
173	-1.58	4.31	1.94	2.00
174	-1.57	4.29	1.94	2.00
175	-1.56	4.30	1.94	2.00
176	-1.56	4.29	1.94	2.00
177	-1.55	4.30	1.94	2.00
178	-1.56	4.30	1.94	1.00
179	-1.55	4.31	1.94	2.00
180	-1.55	4.32	1.94	1.00
181	-1.55	4.33	1.94	2.00
182	-1.55	4.34	1.94	2.00
183	-1.55	4.35	1.94	2.00
184	-1.55	4.37	1.94	2.00
185	-1.55	4.39	1.94	2.00
186	-1.56	4.43	1.94	2.00
187	-1.53	4.42	1.94	2.00
188	-1.50	4.39	1.94	2.00
189	-1.47	4.37	1.94	2.00
190	-1.44	4.32	1.93	2.00
191	-1.42	4.28	1.93	2.00
192	-1.40	4.25	1.93	2.00
193	-1.38	4.24	1.93	2.00
194	-1.37	4.23	1.93	2.00
195	-1.36	4.22	1.93	2.00
196	-1.35	4.21	1.93	2.00
197	-1.35	4.20	1.93	2.00
198	-1.35	4.19	1.93	2.00
199	-1.36	4.18	1.93	2.00
200	-1.36	4.16	1.93	4.00
201	-1.36	4.13	1.93	4.00
202	-1.37	4.13	1.93	2.00
203	-1.38	4.12	1.93	2.00
204	-1.39	4.12	1.93	2.00
205	-1.40	4.11	1.93	2.00
206	-1.41	4.11	1.93	2.00
207	-1.42	4.11	1.93	2.00
208	-1.43	4.10	1.93	2.00
209	-1.44	4.10	1.93	2.00
210	-1.45	4.09	1.93	2.00
211	-1.46	4.09	1.93	2.00
212	-1.47	4.08	1.93	2.00
213	-1.48	4.08	1.93	2.00
214	-1.49	4.07	1.93	1.00
215	-1.56	4.11	1.93	2.00
216	-1.60	4.15	1.93	2.00
217	-1.61	4.14	1.93	2.00
218	-1.62	4.13	1.93	2.00
219	-1.70	4.31	1.93	2.00
220	-1.77	4.45	1.93	2.00
221	-1.76	4.42	1.93	2.00
222	-1.75	4.39	1.93	2.00
223	-1.74	4.37	1.93	2.00
224	-1.73	4.34	1.94	2.00
225	-1.71	4.32	1.94	2.00
226	-1.72	4.34	1.94	2.00
227	-1.71	4.33	1.94	2.00
228	-1.71	4.36	1.94	2.00
229	-1.69	4.35	1.93	2.00
230	-1.68	4.36	1.93	2.00
231	-1.66	4.34	1.93	1.00
232	-1.65	4.32	1.93	1.00
233	-1.64	4.29	1.93	1.00
234	-1.63	4.27	1.94	1.00
235	-1.61	4.26	1.94	1.00
236	-1.62	4.35	1.94	1.00
237	-1.61	4.33	1.94	1.00
238	-1.60	4.33	1.93	1.00
239	-1.59	4.33	1.93	1.00
240	-1.58	4.34	1.93	2.00
241	-1.57	4.34	1.93	2.00
242	-1.56	4.36	1.93	2.00
243	-1.57	4.39	1.94	2.00
244	-1.57	4.41	1.94	2.00
245	-1.54	4.42	1.94	2.00
246	-1.54	4.44	1.94	2.00
247	-1.54	4.46	1.94	2.00
248	-1.51	4.43	1.94	2.00
249	-1.49	4.38	1.94	2.00
250	-1.47	4.38	1.94	2.00
251	-1.45	4.37	1.94	2.00
252	-1.43	4.38	1.94	2.00
253	-1.42	4.35	1.94	2.00
254	-1.44	4.36	1.94	2.00
255	-1.45	4.36	1.93	2.00
256	-1.44	4.33	1.93	3.00
257	-1.44	4.32	1.93	2.00
258	-1.45	4.31	1.93	2.00
259	-1.45	4.30	1.93	2.00
260	-1.46	4.29	1.93	2.00
261	-1.46	4.28	1.93	2.00
262	-1.46	4.27	1.93	2.00
263	-1.47	4.25	1.93	2.00
264	-1.47	4.24	1.93	2.00
265	-1.48	4.23	1.93	3.00
266	-1.48	4.20	1.93	2.00
267	-1.49	4.18	1.93	2.00
268	-1.50	4.15	1.93	2.00
269	-1.50	4.12	1.93	2.00
270	-1.51	4.09	1.93	3.00
271	-1.53	4.10	1.93	2.00
272	-1.56	4.10	1.93	2.00
273	-1.59	4.11	1.93	2.00
274	-1.59	4.09	1.93	2.00
275	-1.59	4.08	1.93	2.00
276	-1.60	4.07	1.93	2.00
277	-1.60	4.08	1.93	2.00
278	-1.61	4.08	1.93	2.00
279	-1.61	4.11	1.93	2.00
280	-1.63	4.14	1.93	2.00
281	-1.64	4.16	1.93	2.00
282	-1.66	4.20	1.93	2.00
283	-1.67	4.23	1.93	2.00
284	-1.66	4.26	1.93	2.00
285	-1.65	4.27	1.93	2.00
286	-1.64	4.28	1.93	2.00
287	-1.63	4.28	1.93	2.00
288	-1.62	4.29	1.93	1.00
289	-1.61	4.30	1.93	1.00
290	-1.61	4.30	1.93	1.00
291	-1.60	4.31	1.93	1.00
292	-1.60	4.31	1.93	1.00
293	-1.59	4.31	1.93	1.00
294	-1.59	4.31	1.93	1.00
295	-1.58	4.31	1.93	1.00
296	-1.57	4.33	1.93	1.00
297	-1.56	4.35	1.93	1.00
298	-1.56	4.36	1.93	1.00
299	-1.53	4.37	1.93	1.00
300	-1.51	4.35	1.93	1.00
301	-1.49	4.32	1.93	2.00
302	-1.46	4.30	1.93	2.00
303	-1.44	4.28	1.93	2.00
304	-1.41	4.27	1.93	2.00
305	-1.39	4.27	1.93	2.00
306	-1.39	4.28	1.93	2.00
307	-1.38	4.29	1.93	2.00
308	-1.38	4.29	1.93	2.00
309	-1.38	4.27	1.93	2.00
310	-1.38	4.26	1.93	2.00
311	-1.41	4.30	1.93	2.00
312	-1.41	4.28	1.93	2.00
313	-1.41	4.27	1.93	2.00
314	-1.42	4.27	1.93	2.00
315	-1.42	4.27	1.93	2.00
316	-1.43	4.27	1.93	2.00
317	-1.43	4.27	1.93	2.00
318	-1.44	4.27	1.93	2.00
319	-1.44	4.27	1.93	2.00
320	-1.45	4.26	1.93	2.00
321	-1.45	4.26	1.93	2.00
322	-1.46	4.26	1.93	2.00
323	-1.48	4.23	1.93	2.00
324	-1.51	4.20	1.93	2.00
325	-1.53	4.20	1.93	2.00
326	-1.56	4.19	1.93	2.00
327	-1.58	4.19	1.93	3.00
328	-1.63	4.22	1.93	3.00
329	-1.66	4.26	1.93	3.00
330	-1.69	4.29	1.93	2.00
331	-1.71	4.31	1.93	2.00
332	-1.72	4.32	1.93	2.00
333	-1.71	4.32	1.93	2.00
334	-1.70	4.31	1.93	2.00
335	-1.71	4.32	1.93	2.00
336	-1.72	4.33	1.93	2.00
337	-1.73	4.34	1.93	2.00
338	-1.72	4.31	1.93	2.00
339	-1.71	4.28	1.93	2.00
340	-1.69	4.25	1.93	2.00
341	-1.67	4.26	1.93	2.00
342	-1.66	4.27	1.93	1.00
343	-1.65	4.26	1.93	1.00
344	-1.63	4.26	1.93	1.00
345	-1.62	4.26	1.93	1.00
346	-1.60	4.25	1.93	1.00
347	-1.59	4.23	1.93	1.00
348	-1.58	4.22	1.93	1.00
349	-1.57	4.22	1.93	1.00
350	-1.56	4.22	1.93	1.00
351	-1.56	4.23	1.93	1.00
352	-1.55	4.24	1.93	4.00
353	-1.54	4.26	1.93	4.00
354	-1.54	4.27	1.93	2.00
355	-1.53	4.28	1.93	2.00
356	-1.50	4.27	1.93	2.00
357	-1.47	4.25	1.93	2.00
358	-1.47	4.27	1.93	2.00
359	-1.47	4.29	1.93	2.00
360	-1.45	4.28	1.93	2.00
361	-1.44	4.26	1.93	2.00
362	-1.45	4.28	1.93	2.00
Target 3 (frames from 21 to 60)
Bounding Boxes (frame, x, y, width, height)
21	366	113	109	219
22	368	119	106	213
23	370	124	104	208
24	371	129	101	203
25	373	133	99	199
26	374	136	98	196
27	375	139	96	193
28	375	141	95	191
29	376	142	95	190
30	376	142	94	189
31	377	141	94	189
32	377	139	95	190
33	377	137	96	192
34	376	134	97	194
35	374	130	98	196
36	371	126	100	200
37	369	122	102	204
38	365	118	104	208
39	362	114	106	213
40	359	110	109	218
41	356	107	111	223
42	353	105	113	227
43	350	103	115	231
44	348	103	116	233
45	346	104	117	235
46	345	104	118	237
47	344	105	119	238
48	344	106	119	239
49	344	107	119	239
50	345	109	119	239
51	345	110	119	239
52	344	111	119	239
53	344	111	119	239
54	343	112	119	239
55	342	113	119	239
56	341	113	119	239
57	340	114	119	239
58	339	115	119	238
59	337	115	119	238
60	336	115	118	237
3D Trajetory (frame, x, z, height, pose)
21	1.02	4.01	2.21	2.00
22	1.03	4.04	2.17	2.00
23	1.04	4.07	2.13	2.00
24	1.05	4.11	2.08	2.00
25	1.06	4.14	2.04	2.00
26	1.07	4.17	1.99	2.00
27	1.08	4.17	2.00	2.00
28	1.06	4.08	1.97	2.00
29	1.04	4.02	1.96	2.00
30	1.04	4.01	1.95	2.00
31	1.05	4.06	1.95	2.00
32	1.05	4.03	1.95	3.00
33	1.08	4.16	1.97	3.00
34	1.09	4.20	1.98	3.00
35	1.09	4.22	1.99	3.00
36	1.07	4.16	2.01	2.00
37	1.06	4.13	2.02	2.00
38	1.06	4.13	2.04	2.00
39	1.06	4.12	2.05	2.00
40	0.98	4.01	2.06	1.00
41	0.91	3.90	2.07	1.00
42	0.86	3.81	2.06	1.00
43	0.83	3.72	2.07	3.00
44	0.80	3.64	2.07	3.00
45	0.79	3.64	2.08	3.00
46	0.77	3.58	2.08	3.00
47	0.75	3.52	2.08	3.00
48	0.74	3.52	2.08	3.00
49	0.73	3.51	2.09	3.00
50	0.71	3.50	2.09	3.00
51	0.70	3.50	2.09	3.00
52	0.68	3.49	2.09	3.00
53	0.67	3.48	2.10	3.00
54	0.66	3.48	2.10	3.00
55	0.64	3.47	2.10	3.00
56	0.63	3.46	2.10	3.00
57	0.62	3.46	2.10	3.00
58	0.60	3.45	2.11	3.00
59	0.59	3.44	2.11	4.00
60	0.60	3.55	2.13	4.00
Target 4 (frames from 30 to 55)
Bounding Boxes (frame, x, y, width, height)
30	448	119	100	200
31	448	119	100	201
32	448	120	100	201
33	448	121	101	202
34	448	122	101	203
35	447	122	101	203
36	447	123	101	203
37	447	124	101	203
38	447	126	101	203
39	446	127	101	203
40	446	129	101	203
41	446	131	100	201
42	445	133	100	201
43	444	134	100	200
44	444	136	100	200
45	443	137	100	200
46	442	138	100	200
47	442	139	99	199
48	442	139	99	199
49	442	139	99	198
50	443	138	98	197
51	443	137	98	197
52	444	136	98	196
53	444	135	97	195
54	445	134	97	194
55	446	132	96	192
3D Trajetory (frame, x, z, height, pose)
30	1.91	4.27	2.12	2.00
31	2.00	4.48	2.17	2.00
32	1.84	4.16	2.18	2.00
33	1.97	4.45	2.26	2.00
34	2.00	4.51	2.27	2.00
35	1.94	4.24	2.29	2.00
36	1.97	4.36	2.26	2.00
37	1.94	4.32	2.22	2.00
38	1.90	4.26	2.20	3.00
39	1.86	4.18	2.18	3.00
40	1.86	4.20	2.18	3.00
41	1.87	4.21	2.18	3.00
42	1.87	4.23	2.18	3.00
43	1.87	4.24	2.18	3.00
44	1.88	4.26	2.18	3.00
45	1.88	4.27	2.18	3.00
46	1.89	4.29	2.18	3.00
47	1.89	4.30	2.18	3.00
48	1.90	4.32	2.18	3.00
49	1.90	4.33	2.18	3.00
50	1.91	4.35	2.18	3.00
51	1.91	4.36	2.18	3.00
52	1.92	4.38	2.18	3.00
53	1.93	4.40	2.18	3.00
54	1.94	4.42	2.17	3.00
55	1.95	4.43	2.17	3.00
Target 5 (frames from 61 to 74)
Bounding Boxes (frame, x, y, width, height)
61	368	117	106	212
62	361	116	108	217
63	355	116	111	222
64	350	115	113	226
65	345	115	114	229
66	340	114	115	231
67	336	114	116	233
68	333	113	116	232
69	331	113	116	233
70	328	112	116	233
71	327	112	116	233
72	325	112	116	232
73	324	112	115	231
74	324	112	115	230
3D Trajetory (frame, x, z, height, pose)
61	1.50	5.87	3.02	2.00
62	1.23	5.27	2.89	4.00
63	0.96	4.66	2.76	4.00
64	0.96	4.47	2.62	4.00
65	0.91	4.16	2.45	4.00
66	0.86	3.95	2.34	4.00
67	0.72	3.81	2.27	4.00
68	0.64	3.71	2.22	4.00
69	0.60	3.66	2.19	4.00
70	0.58	3.61	2.16	4.00
71	0.58	3.63	2.16	4.00
72	0.57	3.64	2.16	4.00
73	0.58	3.66	2.16	4.00
74	0.58	3.69	2.16	4.00
Target 6 (frames from 67 to 86)
Bounding Boxes (frame, x, y, width, height)
67	444	123	104	208
68	445	123	101	203
69	446	124	99	199
70	447	124	98	196
71	448	124	96	192
72	449	124	94	189
73	449	124	93	186
74	450	124	91	183
75	451	124	90	181
76	452	124	89	178
77	453	125	86	172
78	454	125	85	171
79	454	125	85	170
80	454	125	85	171
81	454	125	86	172
82	453	125	87	174
83	453	125	88	176
84	452	124	90	180
85	451	124	92	184
86	450	124	94	189
3D Trajetory (frame, x, z, height, pose)
67	1.88	4.24	2.04	3.00
68	1.86	4.21	2.04	3.00
69	1.86	4.21	2.04	3.00
70	1.76	4.02	2.03	3.00
71	1.75	4.00	2.03	3.00
72	1.79	4.08	2.06	3.00
73	1.96	4.43	2.13	3.00
74	2.12	4.78	2.19	3.00
75	2.29	5.13	2.25	3.00
76	2.46	5.49	2.32	3.00
77	2.62	5.84	2.38	3.00
78	2.79	6.19	2.44	3.00
79	2.95	6.55	2.51	3.00
80	3.04	6.95	2.34	2.00
81	3.05	6.99	2.34	2.00
82	2.93	6.51	2.30	2.00
83	1.84	4.11	2.13	2.00
84	1.78	3.97	2.13	2.00
85	1.62	3.63	2.07	3.00
86	1.56	3.52	2.03	3.00
Target 7 (frames from 79 to 171)
Bounding Boxes (frame, x, y, width, height)
79	282	152	78	156
80	282	150	79	158
81	282	149	80	160
82	282	148	81	162
83	282	146	82	164
84	281	145	82	165
85	281	143	83	167
86	281	142	84	169
87	281	141	85	171
88	281	139	86	173
89	281	138	87	175
90	280	136	88	177
91	280	135	89	178
92	280	134	90	180
93	280	132	91	182
94	280	131	92	184
95	279	130	93	186
96	279	128	94	188
97	279	127	95	190
98	279	125	95	191
99	279	124	96	193
100	278	123	97	195
101	278	121	98	197
102	278	120	99	199
103	278	118	100	201
104	278	117	101	203
105	277	115	102	205
106	277	114	103	207
107	277	113	104	208
108	277	111	105	210
109	277	110	106	212
110	277	109	106	213
111	277	109	107	214
112	277	108	107	215
113	277	108	108	216
114	277	108	108	216
115	277	109	108	217
116	278	109	108	217
117	278	109	108	217
118	278	110	108	217
119	279	110	108	217
120	279	111	108	217
121	280	112	109	218
122	280	112	109	218
123	280	113	109	218
124	281	114	109	218
125	282	115	109	218
126	282	115	109	219
127	283	115	110	220
128	283	114	111	222
129	283	114	111	223
130	282	114	111	223
131	282	115	111	222
132	281	115	110	221
133	280	116	110	220
134	279	117	109	219
135	277	117	109	218
136	274	118	108	217
137	272	119	107	215
138	269	120	106	213
139	265	120	106	213
140	261	121	106	213
141	257	120	107	215
142	252	119	109	219
143	248	118	111	223
144	244	116	114	228
145	239	113	117	234
146	235	110	120	241
147	231	109	122	245
148	227	107	125	250
149	224	105	127	255
150	221	103	129	259
151	218	102	131	262
152	215	101	133	266
153	212	100	134	268
154	210	99	135	270
155	208	99	135	271
156	205	98	136	273
157	202	98	137	275
158	200	97	138	277
159	197	96	139	279
160	195	95	141	282
161	192	95	142	284
162	189	94	143	286
163	187	93	144	288
164	184	92	145	290
165	181	92	146	292
166	179	91	147	294
167	176	90	148	297
168	174	89	149	299
169	171	89	150	301
170	168	88	151	303
171	166	87	152	305
3D Trajetory (frame, x, z, height, pose)
79	0.02	4.92	1.93	4.00
80	0.03	4.92	1.95	1.00
81	0.03	4.91	1.97	1.00
82	0.03	4.90	1.99	1.00
83	0.04	4.90	2.01	1.00
84	0.04	4.89	2.03	1.00
85	0.04	4.88	2.04	1.00
86	0.05	4.88	2.06	1.00
87	0.05	4.87	2.08	1.00
88	0.05	4.87	2.10	1.00
89	0.06	4.86	2.12	1.00
90	0.06	4.85	2.14	1.00
91	0.06	4.85	2.16	1.00
92	0.07	4.84	2.18	1.00
93	0.07	4.83	2.20	1.00
94	0.07	4.83	2.22	1.00
95	0.08	4.82	2.24	1.00
96	0.08	4.81	2.26	1.00
97	0.08	4.81	2.28	1.00
98	0.09	4.80	2.30	1.00
99	0.09	4.79	2.32	1.00
100	0.09	4.79	2.34	1.00
101	0.10	4.78	2.35	1.00
102	0.10	4.77	2.37	1.00
103	0.10	4.77	2.39	1.00
104	0.11	4.76	2.41	1.00
105	0.11	4.76	2.43	1.00
106	0.11	4.75	2.45	1.00
107	0.12	4.74	2.47	1.00
108	0.12	4.74	2.49	1.00
109	0.12	4.73	2.51	1.00
110	0.13	4.72	2.53	1.00
111	0.13	4.72	2.55	4.00
112	0.13	4.79	2.59	1.00
113	0.13	4.72	2.55	1.00
114	0.14	4.65	2.52	1.00
115	0.14	4.58	2.48	1.00
116	0.14	4.52	2.45	1.00
117	0.14	4.45	2.42	1.00
118	0.15	4.38	2.38	1.00
119	0.15	4.31	2.35	1.00
120	0.15	4.25	2.31	1.00
121	0.15	4.18	2.28	1.00
122	0.16	4.11	2.25	1.00
123	0.16	4.05	2.21	1.00
124	0.16	3.98	2.18	1.00
125	0.16	3.91	2.14	1.00
126	0.17	3.84	2.11	1.00
127	0.17	3.78	2.08	1.00
128	0.17	3.75	2.06	1.00
129	0.17	3.75	2.06	1.00
130	0.16	3.66	2.03	1.00
131	0.17	3.59	2.03	1.00
132	0.17	3.56	2.03	1.00
133	0.14	3.62	2.04	1.00
134	0.11	3.68	2.05	1.00
135	0.08	3.73	2.06	1.00
136	0.05	3.78	2.08	1.00
137	0.04	3.94	2.06	1.00
138	0.02	3.95	2.07	1.00
139	-0.01	3.91	2.08	1.00
140	-0.04	3.87	2.08	1.00
141	-0.07	3.83	2.08	1.00
142	-0.10	3.79	2.08	1.00
143	-0.13	3.76	2.08	1.00
144	-0.16	3.72	2.08	1.00
145	-0.19	3.68	2.08	4.00
146	-0.23	3.51	2.08	4.00
147	-0.24	3.42	2.08	4.00
148	-0.26	3.36	2.08	4.00
149	-0.27	3.36	2.08	4.00
150	-0.29	3.36	2.08	4.00
151	-0.31	3.35	2.08	4.00
152	-0.33	3.35	2.08	4.00
153	-0.35	3.35	2.08	4.00
154	-0.36	3.35	2.08	4.00
155	-0.38	3.34	2.08	4.00
156	-0.40	3.34	2.08	4.00
157	-0.42	3.34	2.08	4.00
158	-0.44	3.34	2.08	4.00
159	-0.45	3.33	2.08	4.00
160	-0.47	3.33	2.08	4.00
161	-0.49	3.33	2.08	4.00
162	-0.51	3.32	2.08	4.00
163	-0.53	3.32	2.08	4.00
164	-0.54	3.32	2.08	4.00
165	-0.56	3.32	2.08	4.00
166	-0.58	3.31	2.08	4.00
167	-0.60	3.31	2.08	4.00
168	-0.62	3.31	2.08	4.00
169	-0.63	3.30	2.08	4.00
170	-0.65	3.30	2.08	4.00
171	-0.67	3.30	2.08	3.00
Target 8 (frames from 85 to 148)
Bounding Boxes (frame, x, y, width, height)
85	387	147	89	178
86	387	147	89	178
87	388	148	89	178
88	388	148	89	178
89	388	148	89	178
90	388	148	89	179
91	388	148	89	179
92	387	147	89	179
93	387	147	90	180
94	387	147	90	181
95	386	146	90	181
96	385	146	91	182
97	385	145	91	183
98	384	145	92	184
99	383	144	93	186
100	382	143	93	187
101	380	142	94	188
102	379	141	95	190
103	378	141	95	191
104	377	140	96	192
105	376	139	96	193
106	375	138	97	195
107	374	138	98	196
108	373	137	98	197
109	372	136	99	198
110	371	135	99	199
111	370	135	100	201
112	369	134	101	202
113	368	133	101	203
114	367	132	102	204
115	366	132	103	206
116	365	131	103	207
117	364	130	104	208
118	363	129	104	209
119	363	129	105	210
120	362	128	105	211
121	361	127	106	213
122	359	126	107	214
123	357	125	108	216
124	356	124	109	218
125	354	123	110	220
126	353	121	111	222
127	352	120	112	224
128	350	120	112	225
129	348	119	113	226
130	346	119	113	226
131	344	119	113	226
132	341	118	113	226
133	338	118	113	226
134	336	119	113	226
135	334	119	112	225
136	332	120	111	223
137	331	121	111	222
138	329	122	110	221
139	327	123	109	219
140	325	123	109	219
141	323	123	109	219
142	321	123	109	219
143	319	124	109	219
144	318	124	110	220
145	316	124	110	220
146	314	124	110	221
147	313	124	111	222
148	311	124	111	223
3D Trajetory (frame, x, z, height, pose)
85	1.19	4.24	1.89	2.00
86	1.18	4.21	1.88	3.00
87	1.18	4.18	1.87	3.00
88	1.17	4.15	1.86	3.00
89	1.16	4.13	1.85	3.00
90	1.16	4.10	1.84	3.00
91	1.15	4.07	1.83	3.00
92	1.14	4.04	1.82	3.00
93	1.13	4.02	1.81	3.00
94	1.16	4.12	1.86	3.00
95	1.15	4.10	1.86	3.00
96	1.14	4.08	1.87	3.00
97	1.13	4.07	1.87	3.00
98	1.11	4.05	1.88	3.00
99	1.10	4.03	1.88	3.00
100	1.09	4.02	1.89	3.00
101	1.08	4.00	1.89	3.00
102	1.06	3.98	1.90	3.00
103	1.05	3.97	1.90	3.00
104	1.04	3.95	1.91	3.00
105	1.03	3.93	1.92	3.00
106	1.02	3.91	1.92	3.00
107	1.00	3.90	1.93	3.00
108	0.99	3.88	1.93	3.00
109	0.98	3.86	1.94	3.00
110	0.97	3.85	1.94	3.00
111	0.95	3.83	1.95	3.00
112	0.94	3.81	1.95	3.00
113	0.93	3.80	1.96	3.00
114	0.92	3.78	1.96	3.00
115	0.90	3.76	1.97	3.00
116	0.89	3.75	1.97	3.00
117	0.88	3.73	1.98	3.00
118	0.87	3.71	1.99	3.00
119	0.85	3.69	1.99	3.00
120	0.84	3.68	2.00	3.00
121	0.83	3.66	2.00	3.00
122	0.82	3.64	2.01	3.00
123	0.81	3.63	2.01	3.00
124	0.79	3.61	2.02	3.00
125	0.78	3.59	2.02	3.00
126	0.77	3.58	2.03	3.00
127	0.76	3.56	2.03	3.00
128	0.75	3.54	2.02	4.00
129	0.75	3.54	2.02	4.00
130	0.74	3.48	1.99	4.00
131	0.73	3.45	1.98	4.00
132	0.73	3.44	1.97	1.00
133	0.73	3.46	1.97	1.00
134	0.69	3.63	2.01	4.00
135	0.65	3.68	2.02	4.00
136	0.62	3.70	2.02	4.00
137	0.60	3.72	2.03	4.00
138	0.58	3.72	2.03	4.00
139	0.57	3.72	2.04	4.00
140	0.55	3.73	2.04	4.00
141	0.54	3.75	2.04	4.00
142	0.54	3.77	2.04	4.00
143	0.51	3.76	2.04	4.00
144	0.49	3.75	2.04	4.00
145	0.47	3.74	2.04	4.00
146	0.44	3.74	2.04	4.00
147	0.42	3.73	2.04	2.00
148	0.39	3.65	2.03	2.00
Target 9 (frames from 98 to 362)
Bounding Boxes (frame, x, y, width, height)
98	451	135	90	180
99	450	132	92	184
100	449	130	94	188
101	449	128	95	191
102	448	126	96	193
103	448	124	97	195
104	448	123	98	197
105	448	122	99	198
106	448	122	99	198
107	448	122	99	198
108	448	122	98	197
109	448	123	97	195
110	449	124	96	193
111	450	126	95	190
112	450	128	93	186
113	451	130	91	183
114	452	131	90	180
115	452	132	89	178
116	452	132	88	177
117	452	132	88	177
118	452	132	88	177
119	452	132	89	178
120	451	131	90	180
121	451	130	91	183
122	450	128	93	186
123	449	127	94	189
124	449	126	96	192
125	448	125	97	194
126	448	124	98	196
127	448	123	99	198
128	448	123	99	199
129	448	123	100	200
130	448	123	99	199
131	448	123	99	198
132	448	124	99	198
133	448	124	99	198
134	448	124	98	197
135	449	124	98	196
136	449	125	97	195
137	449	125	97	195
138	449	125	97	195
139	449	125	97	194
140	449	125	97	194
141	448	125	97	195
142	448	125	97	194
143	448	124	97	195
144	448	124	98	196
145	448	124	98	197
146	447	123	99	198
147	446	123	99	198
148	446	123	98	197
149	445	124	97	194
150	445	125	95	190
151	445	127	92	185
152	445	129	90	181
153	444	131	88	177
154	444	133	87	175
155	443	135	86	172
156	443	138	84	168
157	442	139	83	167
158	440	140	84	168
159	439	141	84	169
160	438	141	85	170
161	436	141	86	173
162	435	140	87	175
163	433	139	88	177
164	432	138	89	179
165	431	137	90	180
166	431	136	90	180
167	431	136	89	179
168	432	135	88	177
169	433	135	87	175
170	434	135	87	174
171	435	135	86	173
172	437	135	86	173
173	438	135	85	171
174	439	135	85	170
175	440	135	85	171
176	441	134	85	171
177	441	134	86	172
178	442	133	86	173
179	443	133	87	174
180	445	132	87	175
181	447	132	87	175
182	448	132	88	176
183	450	132	88	177
184	451	132	89	178
185	452	131	89	179
186	454	131	90	180
187	454	131	90	181
188	454	131	90	181
189	455	131	91	182
190	455	131	91	183
191	456	132	92	184
192	456	132	92	184
193	456	132	92	185
194	456	132	93	186
195	456	132	93	187
196	456	133	93	187
197	456	133	94	188
198	455	133	94	188
199	455	133	94	189
200	454	132	95	190
201	452	131	96	192
202	451	130	96	193
203	450	129	97	194
204	449	128	96	193
205	448	127	96	192
206	447	127	95	191
207	446	126	95	190
208	446	126	94	189
209	445	127	93	186
210	445	128	91	183
211	444	129	90	181
212	442	130	90	180
213	440	131	89	179
214	439	132	89	179
215	437	133	89	179
216	435	134	90	180
217	433	134	91	182
218	432	134	92	184
219	431	133	93	187
220	430	132	95	191
221	429	132	97	194
222	428	131	98	196
223	428	131	98	197
224	429	132	98	197
225	430	132	98	196
226	431	133	97	194
227	433	135	95	190
228	435	136	93	187
229	438	138	90	181
230	441	140	88	176
231	444	141	85	171
232	446	142	84	168
233	448	141	82	165
234	450	141	82	164
235	452	140	82	165
236	454	139	83	166
237	455	138	84	169
238	456	136	86	173
239	457	135	88	176
240	458	133	90	181
241	459	132	92	185
242	460	131	94	188
243	460	130	95	191
244	461	130	96	193
245	462	130	97	194
246	463	131	96	193
247	465	132	95	190
248	466	132	94	189
249	466	132	94	189
250	465	131	94	189
251	463	131	94	189
252	462	130	94	189
253	460	130	94	188
254	459	131	93	187
255	457	131	93	186
256	455	131	93	186
257	454	130	93	187
258	452	129	94	188
259	450	129	94	189
260	449	128	95	190
261	448	128	95	190
262	448	128	95	190
263	448	128	94	189
264	449	128	94	188
265	450	128	94	188
266	450	128	93	187
267	449	129	93	187
268	448	129	94	188
269	446	130	94	188
270	444	130	94	189
271	441	132	94	189
272	439	132	94	189
273	437	133	94	189
274	435	133	94	189
275	433	133	95	190
276	431	133	96	192
277	429	132	96	193
278	428	132	97	194
279	427	132	97	194
280	427	132	97	194
281	429	132	96	193
282	430	131	95	191
283	432	131	94	189
284	435	131	93	187
285	437	131	92	185
286	440	131	92	184
287	442	131	91	182
288	445	131	90	181
289	447	131	90	180
290	450	131	89	179
291	452	131	88	177
292	454	131	88	177
293	455	131	88	177
294	456	131	89	178
295	456	131	89	178
296	457	131	87	175
297	458	132	85	171
298	458	132	84	168
299	459	132	82	165
300	460	132	81	163
301	461	132	81	162
302	462	132	80	161
303	461	132	81	162
304	461	131	82	164
305	460	130	84	169
306	459	129	87	174
307	458	129	89	178
308	457	128	91	183
309	456	128	93	187
310	455	128	95	191
311	454	128	97	194
312	452	127	98	197
313	452	127	99	198
314	451	127	98	196
315	451	127	97	194
316	451	127	96	192
317	450	127	95	191
318	450	128	95	190
319	450	128	94	188
320	450	129	93	186
321	449	129	92	185
322	449	129	92	184
323	449	129	92	184
324	448	129	91	183
325	446	130	91	182
326	445	130	90	180
327	443	131	89	179
328	442	131	89	178
329	440	131	88	177
330	439	130	88	177
331	437	130	88	177
332	436	130	88	177
333	435	130	88	177
334	434	130	89	179
335	433	130	90	181
336	433	130	91	182
337	433	130	91	183
338	433	130	92	184
339	435	130	92	184
340	437	131	91	183
341	439	132	90	181
342	441	132	90	180
343	443	132	90	180
344	445	132	89	179
345	447	131	89	179
346	449	131	89	179
347	451	130	89	179
348	452	129	90	180
349	452	128	90	181
350	453	127	91	182
351	452	127	92	184
352	452	126	93	187
353	452	125	95	190
354	452	125	96	192
355	453	124	97	195
356	454	124	98	197
357	455	124	99	199
358	456	123	101	202
359	457	123	102	204
360	459	123	103	206
361	460	124	104	209
362	462	124	105	211
3D Trajetory (frame, x, z, height, pose)
98	1.90	4.30	1.96	2.00
99	1.90	4.30	1.99	2.00
100	1.93	4.36	2.01	2.00
101	1.89	4.27	2.04	2.00
102	1.92	4.33	2.05	2.00
103	1.88	4.24	2.07	2.00
104	1.88	4.25	2.07	2.00
105	1.89	4.26	2.07	2.00
106	1.90	4.27	2.07	3.00
107	1.89	4.25	2.07	3.00
108	1.88	4.24	2.07	3.00
109	1.88	4.23	2.07	3.00
110	1.85	4.16	2.07	3.00
111	1.91	4.30	2.10	2.00
112	1.96	4.41	2.13	2.00
113	2.03	4.56	2.14	2.00
114	2.08	4.68	2.16	2.00
115	2.08	4.68	2.16	2.00
116	2.08	4.68	2.16	2.00
117	2.08	4.68	2.15	2.00
118	2.08	4.69	2.15	2.00
119	2.08	4.69	2.15	2.00
120	2.08	4.69	2.15	2.00
121	2.06	4.64	2.16	2.00
122	2.06	4.64	2.16	2.00
123	2.05	4.62	2.16	2.00
124	2.04	4.60	2.16	2.00
125	2.03	4.57	2.16	2.00
126	2.01	4.53	2.15	2.00
127	1.99	4.49	2.15	2.00
128	1.97	4.43	2.14	2.00
129	1.95	4.38	2.14	3.00
130	1.95	4.39	2.14	2.00
131	1.96	4.40	2.14	2.00
132	1.96	4.41	2.14	2.00
133	1.97	4.42	2.15	2.00
134	1.97	4.43	2.15	3.00
135	1.97	4.42	2.15	2.00
136	1.97	4.42	2.15	2.00
137	1.97	4.42	2.15	2.00
138	1.97	4.42	2.15	2.00
139	1.97	4.42	2.15	3.00
140	1.96	4.40	2.15	2.00
141	1.96	4.40	2.15	2.00
142	1.96	4.41	2.15	2.00
143	1.96	4.41	2.15	2.00
144	1.93	4.36	2.14	2.00
145	1.93	4.35	2.14	2.00
146	1.94	4.38	2.14	4.00
147	1.93	4.36	2.14	4.00
148	1.92	4.33	2.14	4.00
149	1.92	4.34	2.13	4.00
150	1.93	4.35	2.13	4.00
151	1.90	4.30	2.13	2.00
152	1.89	4.35	2.13	2.00
153	1.88	4.39	2.13	2.00
154	1.87	4.43	2.13	2.00
155	1.89	4.50	2.13	2.00
156	1.91	4.56	2.12	4.00
157	1.93	4.62	2.12	4.00
158	1.94	4.67	2.12	4.00
159	1.93	4.68	2.12	2.00
160	1.91	4.68	2.11	2.00
161	1.91	4.70	2.12	2.00
162	1.91	4.74	2.12	2.00
163	1.91	4.80	2.12	2.00
164	1.88	4.78	2.12	4.00
165	1.86	4.77	2.13	4.00
166	1.88	4.81	2.13	4.00
167	1.89	4.86	2.13	4.00
168	1.90	4.91	2.14	4.00
169	1.91	4.93	2.14	4.00
170	1.92	4.93	2.14	4.00
171	1.93	4.94	2.14	4.00
172	1.94	4.95	2.14	4.00
173	1.95	4.95	2.14	4.00
174	1.96	4.96	2.14	4.00
175	1.97	4.97	2.14	4.00
176	1.98	4.97	2.14	4.00
177	1.99	4.98	2.14	4.00
178	2.00	4.98	2.14	4.00
179	2.01	4.99	2.14	4.00
180	2.02	5.00	2.14	4.00
181	2.03	5.00	2.14	4.00
182	2.04	5.01	2.14	4.00
183	2.05	5.02	2.14	3.00
184	2.09	4.92	2.14	2.00
185	2.11	4.93	2.14	2.00
186	2.14	4.95	2.14	2.00
187	2.16	4.97	2.14	2.00
188	2.19	4.99	2.14	2.00
189	2.17	4.90	2.13	2.00
190	2.16	4.83	2.13	2.00
191	2.14	4.78	2.13	2.00
192	2.13	4.74	2.13	2.00
193	2.15	4.73	2.13	2.00
194	2.14	4.71	2.13	2.00
195	2.14	4.69	2.13	2.00
196	2.15	4.66	2.13	2.00
197	2.16	4.62	2.13	4.00
198	2.17	4.58	2.13	4.00
199	2.15	4.59	2.13	4.00
200	2.13	4.57	2.13	2.00
201	2.11	4.56	2.13	2.00
202	2.09	4.54	2.13	2.00
203	2.06	4.52	2.12	2.00
204	2.04	4.49	2.12	2.00
205	2.00	4.43	2.12	2.00
206	1.98	4.41	2.12	2.00
207	1.98	4.41	2.12	2.00
208	1.97	4.42	2.12	2.00
209	1.96	4.41	2.12	4.00
210	1.97	4.45	2.12	4.00
211	1.96	4.50	2.12	4.00
212	1.94	4.49	2.12	4.00
213	1.92	4.49	2.12	4.00
214	1.91	4.48	2.12	4.00
215	1.89	4.47	2.12	4.00
216	1.87	4.46	2.12	4.00
217	1.86	4.46	2.12	4.00
218	1.81	4.43	2.12	4.00
219	1.79	4.43	2.12	2.00
220	1.77	4.42	2.12	2.00
221	1.76	4.43	2.12	2.00
222	1.76	4.44	2.12	2.00
223	1.75	4.44	2.12	2.00
224	1.73	4.40	2.12	2.00
225	1.71	4.37	2.12	2.00
226	1.70	4.34	2.12	2.00
227	1.69	4.32	2.12	2.00
228	1.68	4.30	2.12	2.00
229	1.72	4.37	2.11	2.00
230	1.73	4.36	2.11	2.00
231	1.74	4.36	2.11	2.00
232	1.74	4.35	2.11	2.00
233	1.75	4.35	2.11	2.00
234	1.76	4.34	2.11	2.00
235	1.76	4.34	2.11	2.00
236	1.77	4.33	2.11	2.00
237	1.78	4.33	2.11	2.00
238	1.83	4.33	2.11	2.00
239	1.87	4.34	2.11	2.00
240	1.90	4.35	2.11	2.00
241	1.95	4.36	2.11	2.00
242	2.00	4.40	2.11	2.00
243	2.04	4.44	2.11	2.00
244	2.07	4.46	2.11	2.00
245	2.09	4.44	2.11	2.00
246	2.10	4.43	2.11	3.00
247	2.11	4.40	2.11	3.00
248	2.12	4.42	2.11	3.00
249	2.14	4.43	2.11	3.00
250	2.15	4.43	2.11	3.00
251	2.16	4.44	2.11	3.00
252	2.17	4.46	2.11	4.00
253	2.18	4.46	2.11	4.00
254	2.18	4.47	2.11	4.00
255	2.16	4.47	2.11	2.00
256	2.13	4.48	2.11	2.00
257	2.11	4.47	2.11	2.00
258	2.09	4.47	2.11	2.00
259	2.06	4.46	2.11	2.00
260	2.05	4.47	2.11	2.00
261	2.04	4.47	2.11	2.00
262	2.02	4.47	2.11	2.00
263	2.01	4.46	2.10	2.00
264	2.00	4.46	2.11	2.00
265	1.99	4.45	2.11	2.00
266	1.97	4.45	2.11	2.00
267	1.97	4.47	2.11	4.00
268	1.97	4.48	2.10	4.00
269	1.96	4.48	2.10	4.00
270	1.95	4.47	2.10	2.00
271	1.95	4.48	2.10	2.00
272	1.92	4.48	2.10	2.00
273	1.88	4.46	2.10	2.00
274	1.84	4.44	2.10	2.00
275	1.81	4.42	2.10	2.00
276	1.78	4.40	2.10	2.00
277	1.77	4.41	2.10	2.00
278	1.76	4.42	2.10	2.00
279	1.75	4.43	2.10	2.00
280	1.75	4.44	2.10	2.00
281	1.74	4.44	2.10	2.00
282	1.73	4.42	2.10	2.00
283	1.72	4.41	2.10	2.00
284	1.72	4.41	2.10	2.00
285	1.72	4.41	2.10	2.00
286	1.74	4.44	2.10	2.00
287	1.76	4.46	2.10	2.00
288	1.81	4.49	2.10	2.00
289	1.85	4.51	2.10	2.00
290	1.88	4.54	2.10	2.00
291	1.90	4.55	2.10	2.00
292	1.92	4.55	2.10	2.00
293	1.95	4.56	2.10	2.00
294	1.97	4.57	2.10	2.00
295	1.99	4.59	2.10	2.00
296	2.01	4.62	2.10	2.00
297	2.03	4.64	2.10	2.00
298	2.05	4.67	2.10	2.00
299	2.07	4.70	2.10	2.00
300	2.09	4.72	2.10	2.00
301	2.12	4.75	2.10	2.00
302	2.14	4.77	2.10	2.00
303	2.21	4.91	2.10	2.00
304	2.28	5.04	2.10	2.00
305	2.26	5.00	2.10	2.00
306	2.27	4.96	2.10	2.00
307	2.29	4.95	2.11	2.00
308	2.28	4.94	2.11	2.00
309	2.26	4.92	2.11	2.00
310	2.24	4.89	2.11	2.00
311	2.23	4.81	2.11	2.00
312	2.22	4.73	2.11	2.00
313	2.20	4.71	2.11	2.00
314	2.18	4.70	2.11	2.00
315	2.16	4.70	2.11	2.00
316	2.14	4.68	2.11	2.00
317	2.13	4.66	2.11	2.00
318	2.11	4.64	2.11	2.00
319	2.09	4.62	2.11	2.00
320	2.07	4.60	2.11	2.00
321	2.07	4.62	2.11	2.00
322	2.07	4.63	2.11	2.00
323	2.07	4.65	2.12	2.00
324	2.06	4.64	2.12	2.00
325	2.06	4.66	2.12	2.00
326	2.06	4.67	2.12	3.00
327	2.03	4.69	2.12	2.00
328	2.02	4.69	2.12	4.00
329	2.00	4.69	2.12	4.00
330	1.99	4.70	2.12	4.00
331	1.98	4.70	2.12	4.00
332	1.96	4.70	2.12	4.00
333	1.95	4.72	2.12	4.00
334	1.93	4.74	2.12	4.00
335	1.92	4.75	2.12	4.00
336	1.92	4.77	2.12	4.00
337	1.91	4.79	2.12	4.00
338	1.90	4.76	2.12	2.00
339	1.88	4.74	2.12	2.00
340	1.87	4.72	2.12	2.00
341	1.86	4.70	2.12	2.00
342	1.85	4.68	2.12	2.00
343	1.88	4.68	2.12	2.00
344	1.91	4.70	2.12	2.00
345	1.95	4.72	2.12	2.00
346	1.98	4.74	2.12	2.00
347	2.00	4.75	2.12	2.00
348	2.02	4.76	2.12	2.00
349	2.03	4.73	2.12	2.00
350	2.03	4.70	2.12	2.00
351	2.03	4.67	2.12	2.00
352	2.04	4.65	2.12	2.00
353	2.05	4.63	2.12	2.00
354	2.05	4.61	2.12	2.00
355	2.05	4.59	2.12	2.00
356	2.05	4.56	2.12	2.00
357	2.07	4.57	2.12	2.00
358	2.08	4.49	2.12	2.00
359	2.08	4.42	2.12	3.00
360	2.08	4.38	2.12	3.00
361	2.07	4.32	2.12	3.00
362	2.06	4.28	2.12	2.00
Target 10 (frames from 143 to 237)
Bounding Boxes (frame, x, y, width, height)
143	292	114	141	283
144	293	116	139	279
145	295	117	137	275
146	296	119	136	272
147	296	120	135	270
148	297	121	134	268
149	297	122	133	267
150	296	122	133	266
151	296	123	133	266
152	295	123	133	267
153	294	123	134	269
154	293	122	136	272
155	291	121	138	276
156	289	120	140	280
157	286	119	141	282
158	283	119	142	284
159	280	119	143	286
160	277	118	144	288
161	274	119	143	286
162	272	120	142	284
163	269	121	141	283
164	266	122	141	283
165	264	122	142	284
166	262	122	142	285
167	260	121	143	286
168	260	120	143	287
169	260	118	144	289
170	260	116	145	290
171	260	115	145	291
172	260	114	145	291
173	261	114	145	291
174	261	114	144	289
175	262	115	143	286
176	262	116	142	285
177	263	118	141	283
178	263	119	141	282
179	263	121	140	281
180	263	122	140	281
181	263	123	140	281
182	263	123	140	281
183	263	123	140	281
184	264	122	140	281
185	264	121	140	280
186	264	119	140	280
187	265	118	140	280
188	266	116	140	280
189	266	114	141	282
190	266	112	141	283
191	265	111	142	284
192	265	110	143	286
193	265	110	143	286
194	265	110	143	286
195	266	110	142	285
196	266	111	142	284
197	267	111	141	282
198	267	112	140	280
199	268	113	139	278
200	269	113	138	277
201	270	113	138	277
202	272	113	138	277
203	273	113	139	279
204	274	112	140	281
205	275	112	142	285
206	276	110	144	289
207	277	110	146	293
208	279	109	148	296
209	281	109	149	298
210	283	109	149	299
211	285	110	149	298
212	287	110	148	297
213	288	111	147	295
214	290	111	146	293
215	291	112	145	290
216	292	113	143	287
217	293	113	142	285
218	293	113	141	283
219	294	113	141	282
220	294	113	141	282
221	294	113	141	282
222	294	112	141	282
223	294	112	141	283
224	294	112	141	282
225	293	112	141	283
226	292	112	142	284
227	291	111	143	287
228	290	111	144	289
229	289	111	144	289
230	288	112	144	289
231	287	112	144	289
232	285	113	144	289
233	284	114	144	289
234	283	115	144	288
235	281	116	143	287
236	279	117	143	286
237	277	118	142	285
3D Trajetory (frame, x, z, height, pose)
143	0.31	2.81	1.91	2.00
144	0.32	2.76	1.96	2.00
145	0.31	2.74	1.95	2.00
146	0.30	2.73	1.94	2.00
147	0.30	2.77	1.93	2.00
148	0.30	2.81	1.93	2.00
149	0.30	2.85	1.92	2.00
150	0.30	2.87	1.91	2.00
151	0.31	3.10	1.91	2.00
152	0.31	3.06	1.91	2.00
153	0.30	2.98	1.90	2.00
154	0.29	2.92	1.90	2.00
155	0.28	2.81	1.89	2.00
156	0.28	2.79	1.89	2.00
157	0.28	2.73	1.89	2.00
158	0.27	2.68	1.90	2.00
159	0.26	2.66	1.91	2.00
160	0.22	2.67	1.91	2.00
161	0.20	2.70	1.92	2.00
162	0.18	2.73	1.93	2.00
163	0.16	2.76	1.93	2.00
164	0.14	2.78	1.94	2.00
165	0.13	2.80	1.94	2.00
166	0.12	2.78	1.95	2.00
167	0.10	2.78	1.95	2.00
168	0.09	2.78	1.96	2.00
169	0.08	2.77	1.96	2.00
170	0.07	2.75	1.96	2.00
171	0.06	2.73	1.96	2.00
172	0.06	2.72	1.96	2.00
173	0.07	2.71	1.96	2.00
174	0.07	2.72	1.96	2.00
175	0.07	2.73	1.96	2.00
176	0.07	2.73	1.96	2.00
177	0.08	2.74	1.96	2.00
178	0.08	2.73	1.96	2.00
179	0.08	2.73	1.96	2.00
180	0.07	2.73	1.96	2.00
181	0.07	2.73	1.96	2.00
182	0.08	2.73	1.96	2.00
183	0.08	2.74	1.96	2.00
184	0.08	2.74	1.96	2.00
185	0.08	2.75	1.96	2.00
186	0.09	2.76	1.96	2.00
187	0.10	2.77	1.96	2.00
188	0.11	2.78	1.96	2.00
189	0.11	2.78	1.96	2.00
190	0.11	2.78	1.96	2.00
191	0.11	2.78	1.96	2.00
192	0.11	2.77	1.96	2.00
193	0.10	2.77	1.96	2.00
194	0.11	2.76	1.96	2.00
195	0.12	2.76	1.96	2.00
196	0.11	2.74	1.96	2.00
197	0.12	2.76	1.96	2.00
198	0.12	2.77	1.97	2.00
199	0.13	2.79	1.97	2.00
200	0.14	2.81	1.97	2.00
201	0.14	2.83	1.97	2.00
202	0.15	2.83	1.97	2.00
203	0.15	2.83	1.97	2.00
204	0.15	2.83	1.97	2.00
205	0.15	2.84	1.97	2.00
206	0.18	2.80	1.96	2.00
207	0.20	2.77	1.96	2.00
208	0.21	2.74	1.96	2.00
209	0.22	2.73	1.96	2.00
210	0.23	2.71	1.96	2.00
211	0.24	2.70	1.96	2.00
212	0.25	2.69	1.96	2.00
213	0.26	2.69	1.97	2.00
214	0.28	2.69	1.97	2.00
215	0.29	2.71	1.97	2.00
216	0.30	2.72	1.97	2.00
217	0.31	2.72	1.97	2.00
218	0.31	2.73	1.97	2.00
219	0.32	2.74	1.97	2.00
220	0.32	2.75	1.97	2.00
221	0.33	2.75	1.97	2.00
222	0.33	2.76	1.97	2.00
223	0.33	2.76	1.97	2.00
224	0.34	2.77	1.97	2.00
225	0.33	2.77	1.97	2.00
226	0.33	2.78	1.97	2.00
227	0.32	2.79	1.97	2.00
228	0.32	2.79	1.97	2.00
229	0.31	2.79	1.97	2.00
230	0.31	2.79	1.97	2.00
231	0.30	2.77	1.97	2.00
232	0.29	2.76	1.97	2.00
233	0.27	2.70	1.97	2.00
234	0.26	2.69	1.97	2.00
235	0.27	2.70	1.97	2.00
236	0.24	2.72	1.97	2.00
237	0.22	2.75	1.97	2.00
Target 11 (frames from 161 to 240)
Bounding Boxes (frame, x, y, width, height)
161	368	211	65	130
162	368	211	65	130
163	368	210	64	129
164	368	210	64	129
165	369	209	65	130
166	369	208	65	130
167	369	206	65	131
168	370	205	66	132
169	370	203	67	134
170	371	201	67	135
171	371	198	69	138
172	372	195	70	140
173	373	192	71	143
174	374	190	72	145
175	375	187	73	147
176	376	183	75	151
177	376	178	78	156
178	376	174	80	160
179	377	169	82	164
180	377	164	84	168
181	378	160	85	171
182	378	155	87	174
183	379	151	88	176
184	379	147	89	179
185	380	144	90	180
186	381	140	91	182
187	381	137	91	182
188	382	135	91	182
189	383	134	91	182
190	383	134	91	182
191	383	134	91	182
192	382	134	91	183
193	381	134	92	184
194	379	134	93	186
195	376	131	96	192
196	372	129	99	199
197	367	126	105	210
198	361	123	110	221
199	356	119	117	235
200	350	116	124	248
201	345	113	131	263
202	340	109	138	276
203	335	106	145	290
204	332	103	151	302
205	329	102	156	313
206	326	101	161	322
207	325	101	164	329
208	325	102	166	332
209	325	104	166	332
210	327	107	164	329
211	329	111	161	322
212	331	115	158	316
213	332	118	155	310
214	334	122	151	303
215	337	127	147	295
216	340	132	142	285
217	342	137	138	276
218	346	142	132	265
219	349	148	127	255
220	352	153	122	245
221	354	158	117	235
222	357	163	113	226
223	360	168	108	216
224	363	173	103	206
225	366	179	98	197
226	369	184	93	187
227	371	189	89	178
228	374	194	84	168
229	377	199	79	159
230	380	204	74	148
231	383	210	68	137
232	386	215	64	128
233	388	219	60	121
234	391	223	56	113
235	394	228	53	106
236	397	232	50	100
237	399	236	46	93
238	402	239	44	88
239	404	243	41	82
240	407	246	39	78
3D Trajetory (frame, x, z, height, pose)
161	0.89	4.30	1.43	4.00
162	0.89	4.33	1.42	4.00
163	0.89	4.35	1.41	4.00
164	0.89	4.37	1.39	4.00
165	0.87	4.37	1.41	4.00
166	0.88	4.38	1.42	4.00
167	0.90	4.40	1.42	4.00
168	0.91	4.41	1.42	4.00
169	0.92	4.40	1.47	2.00
170	0.94	4.40	1.52	2.00
171	0.96	4.39	1.56	2.00
172	0.97	4.39	1.61	2.00
173	0.99	4.39	1.65	2.00
174	1.00	4.38	1.70	2.00
175	1.02	4.38	1.75	2.00
176	1.03	4.37	1.79	2.00
177	1.05	4.37	1.84	2.00
178	1.06	4.37	1.88	2.00
179	1.08	4.36	1.93	2.00
180	1.09	4.36	1.97	2.00
181	1.11	4.36	2.02	2.00
182	1.13	4.35	2.07	2.00
183	1.08	4.17	1.98	2.00
184	1.08	4.17	1.98	2.00
185	1.08	4.18	1.99	3.00
186	1.31	4.84	1.99	3.00
187	1.26	4.69	2.01	1.00
188	1.23	4.61	2.01	4.00
189	1.21	4.53	2.00	4.00
190	1.18	4.44	2.00	4.00
191	1.15	4.36	1.99	4.00
192	1.12	4.28	1.99	4.00
193	1.10	4.20	1.98	4.00
194	1.07	4.11	1.98	4.00
195	1.07	4.11	1.98	4.00
196	1.01	4.00	2.01	4.00
197	0.96	3.89	2.04	4.00
198	0.90	3.78	2.07	4.00
199	0.85	3.67	2.11	4.00
200	0.79	3.56	2.14	4.00
201	0.75	3.58	2.06	4.00
202	0.52	2.15	1.99	4.00
203	0.39	1.33	1.99	4.00
204	0.26	0.56	1.98	4.00
205	0.10	-0.44	1.98	2.00
206	0.19	0.08	1.99	2.00
207	0.27	0.60	2.01	2.00
208	0.35	1.12	2.02	2.00
209	0.44	1.64	2.03	2.00
210	0.52	2.16	2.04	2.00
211	0.61	2.68	2.06	2.00
212	0.62	2.73	2.01	2.00
213	0.64	2.78	1.97	2.00
214	0.66	2.83	1.93	2.00
215	0.68	2.87	1.88	2.00
216	0.69	2.92	1.84	2.00
217	0.71	2.97	1.80	2.00
218	0.73	3.02	1.76	2.00
219	0.75	3.07	1.71	2.00
220	0.76	3.11	1.67	2.00
221	0.78	3.16	1.63	2.00
222	0.80	3.21	1.58	2.00
223	0.82	3.26	1.54	2.00
224	0.83	3.31	1.50	2.00
225	0.85	3.35	1.46	2.00
226	0.87	3.40	1.41	2.00
227	0.89	3.45	1.37	2.00
228	0.90	3.50	1.33	2.00
229	0.92	3.55	1.28	2.00
230	0.94	3.59	1.24	2.00
231	0.96	3.64	1.20	2.00
232	0.97	3.69	1.15	2.00
233	0.99	3.74	1.11	2.00
234	1.01	3.79	1.07	2.00
235	1.03	3.83	1.03	2.00
236	1.04	3.88	0.98	2.00
237	1.06	3.93	0.94	2.00
238	1.08	3.98	0.90	2.00
239	1.08	3.98	0.90	2.00
240	1.11	4.09	0.91	2.00
Target 12 (frames from 170 to 205)
Bounding Boxes (frame, x, y, width, height)
170	211	109	121	242
171	210	110	121	243
172	209	110	122	244
173	208	110	122	245
174	207	110	123	246
175	206	110	123	247
176	205	110	123	247
177	205	110	124	248
178	204	109	124	249
179	203	109	124	249
180	202	107	125	251
181	201	106	126	253
182	201	104	127	254
183	201	104	127	255
184	202	103	127	254
185	204	103	126	253
186	205	104	125	251
187	207	105	124	248
188	208	106	122	245
189	210	108	121	243
190	212	109	120	240
191	213	110	119	238
192	215	111	118	237
193	216	112	118	236
194	217	113	118	236
195	217	113	118	237
196	217	112	118	237
197	217	112	118	237
198	217	112	118	237
199	216	112	118	237
200	216	111	118	237
201	215	111	118	237
202	214	110	118	237
203	213	109	118	237
204	211	108	118	237
205	210	106	118	237
3D Trajetory (frame, x, z, height, pose)
170	-0.44	3.48	2.15	4.00
171	-0.43	3.47	2.14	4.00
172	-0.42	3.46	2.12	4.00
173	-0.42	3.46	2.12	4.00
174	-0.42	3.46	2.12	4.00
175	-0.42	3.48	2.13	4.00
176	-0.50	3.51	2.11	4.00
177	-0.48	3.49	2.12	4.00
178	-0.47	3.47	2.13	4.00
179	-0.45	3.44	2.13	4.00
180	-0.46	3.46	2.15	4.00
181	-0.47	3.48	2.17	4.00
182	-0.47	3.50	2.19	4.00
183	-0.48	3.52	2.21	4.00
184	-0.49	3.54	2.23	4.00
185	-0.49	3.56	2.25	4.00
186	-0.51	3.73	2.35	1.00
187	-0.50	3.66	2.32	1.00
188	-0.44	3.61	2.25	1.00
189	-0.41	3.58	2.22	1.00
190	-0.39	3.65	2.19	3.00
191	-0.38	3.68	2.17	3.00
192	-0.39	3.65	2.16	3.00
193	-0.40	3.63	2.16	1.00
194	-0.41	3.61	2.17	1.00
195	-0.42	3.59	2.17	1.00
196	-0.43	3.57	2.18	1.00
197	-0.44	3.55	2.18	1.00
198	-0.45	3.53	2.19	1.00
199	-0.45	3.51	2.19	1.00
200	-0.46	3.50	2.20	1.00
201	-0.44	3.62	2.14	1.00
202	-0.43	3.63	2.14	1.00
203	-0.42	3.59	2.12	1.00
204	-0.42	3.57	2.11	1.00
205	-0.42	3.56	2.11	1.00
Target 13 (frames from 194 to 261)
Bounding Boxes (frame, x, y, width, height)
194	199	104	154	309
195	199	105	153	306
196	200	106	151	303
197	200	107	150	301
198	201	108	149	299
199	201	109	148	297
200	201	109	148	296
201	202	110	147	295
202	202	110	147	294
203	202	110	147	294
204	202	110	147	294
205	201	110	147	294
206	201	110	147	295
207	201	109	148	296
208	201	109	148	297
209	202	108	149	298
210	203	107	150	300
211	205	106	151	302
212	207	105	152	305
213	209	104	154	308
214	211	104	155	311
215	213	103	157	314
216	214	104	158	316
217	215	104	159	318
218	216	104	160	321
219	216	104	162	324
220	215	104	163	326
221	214	104	164	328
222	213	104	165	330
223	211	104	166	332
224	209	103	166	332
225	208	103	166	333
226	207	103	166	333
227	207	102	166	333
228	207	102	166	333
229	206	101	166	333
230	206	100	167	334
231	206	100	167	334
232	205	100	166	333
233	205	100	166	333
234	204	99	166	333
235	204	99	166	333
236	204	99	166	333
237	203	98	166	333
238	203	98	166	333
239	202	98	166	332
240	202	98	166	332
241	201	97	166	332
242	201	97	166	332
243	201	97	166	332
244	200	96	166	332
245	200	96	166	332
246	199	96	166	332
247	199	96	166	332
248	198	95	165	331
249	198	95	165	331
250	197	95	165	331
251	197	94	165	331
252	196	93	166	333
253	196	93	166	333
254	196	93	165	331
255	195	93	165	330
256	195	94	164	328
257	195	94	163	326
258	195	94	162	324
259	195	95	160	321
260	196	95	159	318
261	196	96	157	315
3D Trajetory (frame, x, z, height, pose)
194	-0.28	2.62	2.00	4.00
195	-0.28	2.62	2.00	4.00
196	-0.29	2.62	2.00	4.00
197	-0.29	2.62	1.99	4.00
198	-0.29	2.62	1.98	4.00
199	-0.29	2.63	1.97	4.00
200	-0.29	2.63	1.96	4.00
201	-0.29	2.63	1.95	4.00
202	-0.29	2.63	1.94	4.00
203	-0.29	2.63	1.94	4.00
204	-0.29	2.64	1.93	4.00
205	-0.29	2.64	1.92	4.00
206	-0.29	2.64	1.91	4.00
207	-0.27	2.63	1.96	4.00
208	-0.28	2.60	1.97	4.00
209	-0.29	2.62	1.98	4.00
210	-0.29	2.63	1.99	4.00
211	-0.28	2.64	1.99	4.00
212	-0.28	2.64	1.99	4.00
213	-0.23	2.62	1.99	4.00
214	-0.18	2.59	1.99	4.00
215	-0.15	2.59	2.00	4.00
216	-0.14	2.56	2.00	4.00
217	-0.13	2.53	2.00	4.00
218	-0.13	2.50	2.00	4.00
219	-0.13	2.45	2.00	4.00
220	-0.14	2.43	1.99	4.00
221	-0.14	2.41	1.99	4.00
222	-0.14	2.40	1.99	4.00
223	-0.13	2.38	1.99	4.00
224	-0.13	2.36	1.99	4.00
225	-0.13	2.36	1.99	4.00
226	-0.13	2.36	1.99	4.00
227	-0.14	2.36	1.99	4.00
228	-0.14	2.36	1.99	4.00
229	-0.14	2.36	1.99	4.00
230	-0.14	2.36	1.99	4.00
231	-0.14	2.36	1.99	4.00
232	-0.14	2.36	1.99	4.00
233	-0.14	2.36	1.99	4.00
234	-0.14	2.36	1.99	4.00
235	-0.14	2.36	1.99	4.00
236	-0.14	2.36	1.99	4.00
237	-0.15	2.36	1.99	4.00
238	-0.15	2.36	1.99	4.00
239	-0.15	2.37	1.99	4.00
240	-0.15	2.37	1.99	4.00
241	-0.15	2.37	1.99	4.00
242	-0.15	2.37	1.99	4.00
243	-0.15	2.37	1.99	4.00
244	-0.15	2.37	1.99	4.00
245	-0.15	2.37	1.99	4.00
246	-0.15	2.37	1.99	4.00
247	-0.15	2.37	1.99	4.00
248	-0.16	2.37	1.99	4.00
249	-0.16	2.37	1.99	4.00
250	-0.16	2.37	1.99	4.00
251	-0.16	2.37	1.99	4.00
252	-0.16	2.37	1.99	4.00
253	-0.16	2.37	1.99	4.00
254	-0.16	2.37	1.99	4.00
255	-0.16	2.37	1.99	4.00
256	-0.16	2.37	1.99	4.00
257	-0.16	2.37	1.99	4.00
258	-0.17	2.38	1.99	4.00
259	-0.17	2.38	1.99	4.00
260	-0.17	2.38	1.99	4.00
261	-0.21	2.44	1.98	4.00
Target 14 (frames from 223 to 277)
Bounding Boxes (frame, x, y, width, height)
223	278	109	123	246
224	278	109	123	246
225	278	109	123	246
226	278	109	123	246
227	278	109	123	246
228	278	109	122	245
229	278	109	122	245
230	278	109	122	245
231	278	109	122	245
232	278	109	122	245
233	278	109	122	245
234	278	109	122	245
235	278	109	122	245
236	278	109	122	245
237	278	109	122	245
238	278	109	122	245
239	278	109	122	245
240	278	110	122	245
241	278	110	122	245
242	278	110	122	245
243	278	110	122	245
244	278	110	122	245
245	278	110	122	245
246	278	110	122	245
247	278	110	122	245
248	278	110	122	245
249	278	110	122	245
250	278	110	122	245
251	278	110	122	245
252	278	110	122	245
253	278	110	122	245
254	278	110	122	245
255	278	109	122	245
256	278	109	122	245
257	278	109	122	245
258	278	109	123	246
259	278	109	122	245
260	278	110	122	244
261	279	112	120	241
262	280	113	119	238
263	280	115	118	236
264	280	116	118	236
265	280	116	118	237
266	279	116	120	240
267	279	116	121	242
268	278	116	122	245
269	278	116	122	245
270	278	117	122	245
271	278	117	122	245
272	278	117	123	246
273	278	117	123	246
274	278	117	123	246
275	278	117	123	246
276	278	117	123	246
277	278	116	123	246
3D Trajetory (frame, x, z, height, pose)
223	0.18	3.44	2.11	1.00
224	0.18	3.43	2.11	2.00
225	0.18	3.43	2.11	2.00
226	0.18	3.43	2.11	2.00
227	0.18	3.43	2.11	2.00
228	0.18	3.43	2.11	2.00
229	0.17	3.42	2.11	2.00
230	0.17	3.42	2.10	2.00
231	0.17	3.42	2.10	2.00
232	0.17	3.42	2.10	2.00
233	0.17	3.42	2.10	2.00
234	0.17	3.41	2.10	2.00
235	0.17	3.41	2.10	2.00
236	0.17	3.41	2.10	2.00
237	0.17	3.41	2.09	2.00
238	0.17	3.41	2.09	2.00
239	0.17	3.40	2.09	2.00
240	0.17	3.40	2.09	2.00
241	0.17	3.40	2.09	2.00
242	0.17	3.40	2.09	2.00
243	0.17	3.40	2.08	2.00
244	0.17	3.40	2.08	2.00
245	0.17	3.39	2.08	2.00
246	0.17	3.39	2.08	2.00
247	0.17	3.39	2.08	2.00
248	0.17	3.39	2.08	2.00
249	0.17	3.39	2.08	2.00
250	0.17	3.38	2.07	2.00
251	0.17	3.38	2.07	2.00
252	0.17	3.38	2.07	2.00
253	0.17	3.38	2.07	2.00
254	0.17	3.38	2.07	2.00
255	0.17	3.37	2.07	2.00
256	0.17	3.37	2.07	2.00
257	0.17	3.37	2.06	2.00
258	0.17	3.37	2.06	2.00
259	0.17	3.37	2.06	2.00
260	0.17	3.36	2.06	2.00
261	0.17	3.36	2.06	2.00
262	0.17	3.36	2.06	2.00
263	0.17	3.36	2.06	2.00
264	0.17	3.44	2.06	2.00
265	0.17	3.51	2.06	2.00
266	0.17	3.55	2.05	2.00
267	0.18	3.59	2.05	2.00
268	0.18	3.57	2.03	2.00
269	0.17	3.55	2.02	2.00
270	0.15	3.19	2.01	2.00
271	0.15	3.10	2.01	2.00
272	0.15	3.02	2.00	2.00
273	0.16	3.10	2.03	2.00
274	0.16	3.17	2.03	3.00
275	0.16	3.21	2.03	3.00
276	0.16	3.24	2.03	3.00
277	0.16	3.31	2.04	3.00
Target 15 (frames from 227 to 259)
Bounding Boxes (frame, x, y, width, height)
227	233	106	122	244
228	234	106	121	243
229	234	106	121	243
230	234	107	121	242
231	235	107	121	242
232	235	108	120	241
233	236	108	120	241
234	236	109	120	240
235	236	109	119	239
236	237	110	119	239
237	237	111	119	238
238	238	112	118	236
239	238	112	118	236
240	239	114	117	234
241	240	114	116	233
242	241	116	116	232
243	242	117	115	231
244	242	117	115	230
245	242	117	115	231
246	241	116	116	232
247	240	115	117	234
248	239	114	117	235
249	236	113	118	236
250	233	111	118	237
251	231	110	119	238
252	228	108	120	240
253	225	107	121	243
254	221	105	122	245
255	217	103	124	248
256	213	100	125	250
257	208	98	127	254
258	203	95	128	257
259	198	93	130	260
3D Trajetory (frame, x, z, height, pose)
227	-0.22	3.65	2.21	2.00
228	-0.22	3.65	2.21	2.00
229	-0.23	3.58	2.20	2.00
230	-0.22	3.56	2.18	2.00
231	-0.22	3.57	2.18	2.00
232	-0.21	3.58	2.17	2.00
233	-0.21	3.59	2.16	2.00
234	-0.21	3.60	2.16	2.00
235	-0.21	3.61	2.15	2.00
236	-0.21	3.61	2.14	2.00
237	-0.20	3.62	2.14	2.00
238	-0.20	3.63	2.13	2.00
239	-0.20	3.64	2.12	2.00
240	-0.20	3.65	2.12	2.00
241	-0.20	3.66	2.11	2.00
242	-0.19	3.67	2.10	2.00
243	-0.19	3.67	2.10	2.00
244	-0.19	3.68	2.09	2.00
245	-0.19	3.69	2.08	2.00
246	-0.19	3.70	2.08	2.00
247	-0.18	3.71	2.07	2.00
248	-0.18	3.72	2.06	4.00
249	-0.24	3.56	2.15	4.00
250	-0.20	3.66	2.12	4.00
251	-0.26	3.58	2.17	2.00
252	-0.28	3.54	2.21	2.00
253	-0.28	3.50	2.22	2.00
254	-0.36	3.58	2.21	2.00
255	-0.41	3.62	2.20	2.00
256	-0.42	3.55	2.20	2.00
257	-0.44	3.49	2.20	2.00
258	-0.43	3.41	2.20	2.00
259	-0.43	3.36	2.19	2.00
Target 16 (frames from 248 to 307)
Bounding Boxes (frame, x, y, width, height)
248	336	108	151	302
249	336	109	146	292
250	337	109	141	283
251	338	110	137	275
252	338	110	133	267
253	339	110	130	261
254	340	110	127	255
255	341	111	125	250
256	341	111	123	246
257	342	111	121	243
258	342	110	121	243
259	343	109	122	244
260	343	108	122	245
261	344	108	123	246
262	345	107	123	247
263	346	108	123	246
264	347	108	122	244
265	348	109	120	241
266	349	110	118	237
267	350	111	116	232
268	351	113	113	227
269	351	113	112	225
270	351	113	112	225
271	350	112	113	227
272	350	111	113	227
273	350	111	114	228
274	350	110	114	229
275	350	110	115	230
276	350	109	115	231
277	350	109	115	230
278	350	108	115	231
279	350	108	115	231
280	350	108	115	231
281	350	107	116	232
282	350	107	116	232
283	350	106	116	232
284	350	105	117	234
285	349	105	117	235
286	349	103	118	236
287	350	104	117	235
288	350	103	117	235
289	351	103	117	235
290	352	104	116	232
291	354	107	114	229
292	357	111	112	224
293	361	116	108	217
294	365	121	105	211
295	368	127	102	204
296	373	133	98	197
297	377	138	95	191
298	379	142	93	187
299	380	143	93	186
300	380	143	93	186
301	379	143	94	188
302	377	142	95	190
303	375	140	97	194
304	372	137	99	199
305	368	133	102	205
306	364	128	106	213
307	359	122	111	222
3D Trajetory (frame, x, z, height, pose)
248	0.58	2.58	2.01	1.00
249	0.60	2.64	2.00	4.00
250	0.61	2.69	2.00	2.00
251	0.64	2.92	2.01	4.00
252	0.68	3.14	2.03	4.00
253	0.71	3.36	2.05	4.00
254	0.74	3.58	2.07	4.00
255	0.74	3.58	2.07	4.00
256	0.73	3.61	2.07	4.00
257	0.74	3.57	2.07	4.00
258	0.73	3.53	2.06	4.00
259	0.63	2.82	2.04	4.00
260	0.66	2.91	2.06	1.00
261	0.68	3.00	2.08	1.00
262	0.71	3.08	2.06	1.00
263	0.71	3.11	2.04	1.00
264	0.72	3.17	2.05	1.00
265	0.73	3.23	2.04	1.00
266	0.74	3.29	2.04	1.00
267	0.76	3.35	2.04	1.00
268	0.76	3.39	2.04	1.00
269	0.77	3.41	2.04	1.00
270	0.78	3.43	2.04	1.00
271	0.79	3.45	2.04	1.00
272	0.79	3.47	2.04	1.00
273	0.80	3.49	2.04	1.00
274	0.81	3.51	2.04	1.00
275	0.82	3.53	2.04	1.00
276	0.83	3.54	2.04	1.00
277	0.84	3.56	2.04	1.00
278	0.85	3.58	2.04	1.00
279	0.85	3.60	2.04	1.00
280	0.86	3.62	2.04	1.00
281	0.87	3.64	2.04	1.00
282	0.88	3.66	2.04	1.00
283	0.89	3.68	2.04	1.00
284	0.90	3.70	2.04	1.00
285	0.91	3.72	2.04	1.00
286	0.92	3.73	2.04	1.00
287	0.92	3.75	2.04	1.00
288	0.93	3.77	2.05	1.00
289	0.94	3.79	2.05	1.00
290	0.95	3.81	2.05	1.00
291	0.96	3.83	2.05	1.00
292	0.97	3.85	2.05	1.00
293	0.98	3.88	2.06	1.00
294	0.99	3.90	2.07	2.00
295	0.99	3.99	2.07	2.00
296	0.96	3.93	2.07	2.00
297	1.02	4.07	2.07	2.00
298	1.08	4.17	2.06	2.00
299	1.09	4.21	2.06	2.00
300	1.11	4.24	2.06	2.00
301	1.14	4.28	2.05	2.00
302	1.13	4.27	2.05	2.00
303	1.14	4.27	2.04	2.00
304	1.14	4.27	2.04	2.00
305	1.09	4.21	2.04	2.00
306	1.04	4.15	2.04	2.00
307	1.04	4.16	2.04	2.00
Target 17 (frames from 250 to 362)
Bounding Boxes (frame, x, y, width, height)
250	257	108	166	333
251	259	109	162	324
252	260	109	158	317
253	262	110	155	310
254	263	110	151	303
255	265	111	149	298
256	266	112	146	292
257	267	113	144	288
258	268	113	142	284
259	269	114	140	280
260	268	115	140	280
261	268	115	139	279
262	268	116	139	279
263	268	117	139	278
264	269	119	138	276
265	270	120	137	274
266	270	122	135	271
267	271	123	134	268
268	272	125	133	266
269	272	127	131	263
270	274	130	129	258
271	275	132	127	255
272	275	133	126	253
273	276	133	126	252
274	275	133	126	253
275	275	132	127	255
276	274	130	129	258
277	273	128	131	262
278	272	126	133	267
279	270	123	136	272
280	268	120	139	278
281	267	117	142	284
282	265	114	144	289
283	264	112	146	293
284	263	111	147	295
285	263	111	148	296
286	264	112	147	294
287	265	115	145	290
288	267	119	141	283
289	269	122	139	279
290	270	124	137	275
291	272	126	135	271
292	273	128	134	268
293	274	129	132	265
294	275	130	131	263
295	276	129	131	263
296	276	128	131	263
297	276	126	132	264
298	276	123	133	266
299	276	120	134	268
300	275	118	134	269
301	275	117	135	270
302	275	117	135	270
303	275	118	134	269
304	275	121	134	268
305	275	124	132	265
306	275	127	131	263
307	275	130	130	261
308	275	134	129	259
309	275	136	129	258
310	276	139	128	257
311	276	141	128	257
312	275	142	128	256
313	275	143	128	257
314	275	143	128	257
315	274	143	129	258
316	274	143	129	258
317	273	142	130	260
318	272	141	130	261
319	272	141	131	263
320	272	139	133	267
321	273	138	134	269
322	275	136	136	272
323	277	133	137	274
324	279	130	139	278
325	281	126	140	281
326	283	123	142	285
327	284	119	144	288
328	285	116	146	292
329	286	113	147	294
330	287	111	148	296
331	287	109	148	297
332	287	109	149	298
333	286	109	148	297
334	285	109	148	297
335	283	109	148	297
336	282	109	149	298
337	282	110	149	298
338	281	110	149	299
339	281	110	149	298
340	281	110	149	298
341	281	110	149	299
342	281	110	149	299
343	281	110	149	299
344	281	110	149	298
345	282	110	149	298
346	283	110	148	297
347	284	111	147	295
348	286	111	146	293
349	287	112	145	291
350	289	112	144	288
351	290	113	143	287
352	291	113	143	286
353	291	114	142	284
354	292	114	141	283
355	292	115	141	282
356	292	115	140	280
357	292	116	139	279
358	292	116	139	278
359	292	117	138	277
360	291	117	138	276
361	291	118	137	275
362	290	119	137	274
3D Trajetory (frame, x, z, height, pose)
250	0.11	2.17	1.90	1.00
251	0.12	2.31	1.91	2.00
252	0.12	2.45	1.92	2.00
253	0.13	2.58	1.93	2.00
254	0.14	2.72	1.93	2.00
255	0.14	2.72	1.93	2.00
256	0.14	2.74	1.94	2.00
257	0.13	2.72	1.94	2.00
258	0.13	2.70	1.93	2.00
259	0.13	2.68	1.92	2.00
260	0.13	2.68	1.92	2.00
261	0.12	2.68	1.92	2.00
262	0.12	2.72	1.92	2.00
263	0.13	2.75	1.92	2.00
264	0.13	2.79	1.92	2.00
265	0.13	2.80	1.93	2.00
266	0.13	2.81	1.93	2.00
267	0.13	2.83	1.94	2.00
268	0.13	2.84	1.94	2.00
269	0.13	2.85	1.95	2.00
270	0.14	2.86	1.95	2.00
271	0.14	2.88	1.96	2.00
272	0.14	2.89	1.96	2.00
273	0.14	2.90	1.97	2.00
274	0.14	2.91	1.97	2.00
275	0.14	2.92	1.98	2.00
276	0.14	2.94	1.98	2.00
277	0.14	2.95	1.99	2.00
278	0.14	2.96	1.99	2.00
279	0.14	2.89	2.06	3.00
280	0.14	2.84	2.03	3.00
281	0.13	2.83	2.03	3.00
282	0.12	2.77	2.01	3.00
283	0.12	2.78	2.01	3.00
284	0.13	2.79	2.01	3.00
285	0.13	2.81	2.01	3.00
286	0.14	2.82	2.01	3.00
287	0.14	2.85	2.00	3.00
288	0.15	2.87	1.98	3.00
289	0.15	2.90	1.97	3.00
290	0.15	2.92	1.95	3.00
291	0.16	2.95	1.93	3.00
292	0.15	2.85	1.87	1.00
293	0.15	2.86	1.87	1.00
294	0.15	2.86	1.88	4.00
295	0.15	2.86	1.88	3.00
296	0.16	2.84	1.88	4.00
297	0.16	2.89	1.93	2.00
298	0.16	2.95	1.98	2.00
299	0.16	3.01	2.03	2.00
300	0.16	3.06	2.07	2.00
301	0.16	3.02	2.04	2.00
302	0.16	2.97	2.00	2.00
303	0.16	2.93	1.97	2.00
304	0.16	2.88	1.93	2.00
305	0.16	2.84	1.90	2.00
306	0.14	2.84	1.87	2.00
307	0.14	2.81	1.87	2.00
308	0.16	2.98	1.90	2.00
309	0.16	2.98	1.90	2.00
310	0.15	2.97	1.90	2.00
311	0.15	2.97	1.90	2.00
312	0.15	2.95	1.89	2.00
313	0.15	2.94	1.88	4.00
314	0.15	2.87	1.87	4.00
315	0.14	2.82	1.86	4.00
316	0.15	2.84	1.86	4.00
317	0.14	2.81	1.85	4.00
318	0.14	2.79	1.85	4.00
319	0.13	2.78	1.84	4.00
320	0.13	2.77	1.84	4.00
321	0.13	2.77	1.84	4.00
322	0.13	2.75	1.83	4.00
323	0.13	2.76	1.84	4.00
324	0.15	2.74	1.85	4.00
325	0.18	2.71	1.86	2.00
326	0.21	2.67	1.86	2.00
327	0.23	2.64	1.86	2.00
328	0.24	2.62	1.87	2.00
329	0.26	2.65	1.88	2.00
330	0.27	2.64	1.88	2.00
331	0.27	2.63	1.89	2.00
332	0.27	2.62	1.90	2.00
333	0.27	2.60	1.90	2.00
334	0.27	2.59	1.90	2.00
335	0.27	2.58	1.91	2.00
336	0.27	2.58	1.91	2.00
337	0.27	2.58	1.91	2.00
338	0.27	2.58	1.92	2.00
339	0.26	2.57	1.92	2.00
340	0.26	2.57	1.92	2.00
341	0.25	2.57	1.92	2.00
342	0.25	2.57	1.93	2.00
343	0.25	2.57	1.93	2.00
344	0.25	2.58	1.93	2.00
345	0.25	2.58	1.93	2.00
346	0.25	2.58	1.93	2.00
347	0.25	2.58	1.93	2.00
348	0.25	2.58	1.93	2.00
349	0.25	2.59	1.94	2.00
350	0.25	2.61	1.94	3.00
351	0.27	2.63	1.94	3.00
352	0.28	2.65	1.94	3.00
353	0.29	2.67	1.94	3.00
354	0.29	2.70	1.94	3.00
355	0.29	2.71	1.94	3.00
356	0.29	2.72	1.94	2.00
357	0.29	2.73	1.94	2.00
358	0.29	2.74	1.94	2.00
359	0.29	2.76	1.95	2.00
360	0.29	2.77	1.95	2.00
361	0.29	2.81	1.95	2.00
362	0.29	2.82	1.95	2.00
Target 18 (frames from 302 to 324)
Bounding Boxes (frame, x, y, width, height)
302	208	158	89	179
303	209	155	90	180
304	210	153	91	182
305	210	151	91	183
306	211	149	92	184
307	211	147	92	185
308	211	145	93	186
309	211	143	94	188
310	211	141	94	189
311	210	140	95	190
312	210	137	96	193
313	209	134	98	196
314	208	132	99	198
315	207	131	99	198
316	206	132	99	198
317	204	133	98	196
318	202	135	97	194
319	200	138	95	191
320	197	141	93	187
321	194	145	91	183
322	191	150	89	178
323	188	156	86	172
324	185	162	82	165
3D Trajetory (frame, x, z, height, pose)
302	-0.59	3.71	1.73	1.00
303	-0.61	3.80	1.76	2.00
304	-0.62	3.90	1.79	2.00
305	-0.64	4.00	1.82	2.00
306	-0.66	4.09	1.86	2.00
307	-0.68	4.19	1.89	2.00
308	-0.70	4.28	1.92	2.00
309	-0.72	4.38	1.96	2.00
310	-0.73	4.48	1.99	2.00
311	-0.66	4.25	2.00	2.00
312	-0.66	4.26	2.00	2.00
313	-0.65	4.21	2.04	2.00
314	-0.65	4.16	2.09	2.00
315	-0.64	4.11	2.13	2.00
316	-0.63	4.06	2.18	1.00
317	-0.70	4.11	2.09	3.00
318	-0.76	4.15	2.00	3.00
319	-0.82	4.20	1.92	3.00
320	-0.86	4.33	1.93	3.00
321	-0.87	4.38	1.94	3.00
322	-0.87	4.38	1.94	3.00
323	-0.94	4.36	1.93	3.00
324	-1.01	4.35	1.92	2.00
