Total frames 315
Number of Targets 8
Target 1 (frames from 1 to 175)
Bounding Boxes (frame, x, y, width, height)
1	409	272	95	191
2	414	274	94	188
3	419	276	92	185
4	424	278	90	181
5	428	279	89	178
6	433	280	88	176
7	438	281	86	173
8	443	282	85	171
9	447	283	84	169
10	452	283	83	166
11	457	282	82	165
12	462	282	81	163
13	467	280	80	161
14	472	279	80	160
15	476	278	79	159
16	480	278	79	159
17	484	278	79	159
18	488	278	79	159
19	492	279	79	159
20	496	280	80	160
21	500	282	80	161
22	503	283	81	162
23	507	284	81	163
24	512	286	82	164
25	516	287	82	165
26	520	288	83	166
27	525	288	83	167
28	529	288	84	168
29	534	288	84	169
30	538	288	84	169
31	543	287	85	170
32	548	286	85	171
33	553	285	86	172
34	558	284	86	172
35	563	283	86	172
36	569	282	86	173
37	574	281	86	173
38	580	280	86	173
39	586	280	86	172
40	592	280	86	172
41	597	280	86	172
42	603	280	85	171
43	608	281	85	171
44	612	281	85	171
45	617	281	86	172
46	621	282	86	172
47	624	282	86	173
48	628	283	87	174
49	631	284	87	175
50	634	285	88	176
51	636	286	88	176
52	638	287	88	177
53	640	289	88	177
54	642	290	88	177
55	643	291	88	177
56	645	292	88	177
57	646	293	88	176
58	647	294	87	175
59	648	295	86	173
60	649	296	86	172
61	649	296	85	171
62	650	297	85	170
63	650	297	84	169
64	650	297	83	167
65	650	297	83	166
66	650	297	82	165
67	650	297	81	163
68	650	297	80	161
69	650	297	80	160
70	650	298	79	159
71	650	298	78	157
72	650	299	78	156
73	649	300	77	154
74	649	301	76	153
75	649	301	75	151
76	649	302	75	150
77	649	303	74	149
78	649	303	74	149
79	649	303	74	148
80	648	303	74	148
81	647	303	74	148
82	646	303	74	148
83	644	303	74	149
84	642	303	75	150
85	640	303	75	151
86	638	303	76	152
87	636	303	76	153
88	634	304	77	154
89	633	304	77	154
90	632	305	77	155
91	632	305	77	155
92	632	306	77	154
93	633	306	77	155
94	634	307	77	155
95	636	307	77	155
96	638	307	77	155
97	640	307	77	155
98	642	307	77	155
99	644	307	77	155
100	645	306	78	156
101	645	307	78	156
102	646	307	78	157
103	646	306	78	157
104	646	306	78	156
105	645	306	77	155
106	645	305	77	154
107	645	305	76	153
108	644	305	75	151
109	643	304	75	150
110	642	303	74	148
111	641	302	73	147
112	640	302	72	145
113	638	301	72	144
114	637	301	71	142
115	635	301	70	141
116	634	302	70	140
117	633	302	69	139
118	632	303	69	138
119	632	303	69	138
120	632	304	69	138
121	632	304	69	138
122	633	305	69	139
123	634	305	70	141
124	635	306	71	143
125	635	306	72	145
126	636	306	73	147
127	636	306	74	149
128	637	307	75	150
129	637	307	75	151
130	637	307	75	151
131	638	307	75	151
132	638	307	75	150
133	638	308	74	149
134	639	308	73	147
135	639	309	73	146
136	640	309	72	144
137	641	310	71	143
138	642	310	70	141
139	643	311	70	140
140	643	311	69	139
141	643	311	69	139
142	643	311	69	139
143	642	311	69	139
144	641	311	70	140
145	639	310	70	141
146	637	310	71	142
147	635	309	72	144
148	633	308	72	145
149	631	307	73	146
150	628	306	73	147
151	627	304	74	149
152	625	303	75	150
153	624	303	75	151
154	623	302	76	152
155	623	302	76	152
156	623	303	76	152
157	624	303	76	152
158	625	304	75	151
159	626	305	75	151
160	627	306	75	151
161	628	307	75	150
162	629	308	75	150
163	630	310	74	149
164	631	312	74	149
165	632	313	74	148
166	633	313	74	148
167	634	314	73	147
168	635	315	73	147
169	636	315	73	147
170	637	316	73	147
171	639	316	73	147
172	640	317	73	147
173	641	317	73	147
174	642	317	73	147
175	643	317	73	147
3D Trajetory (frame, x, z, height, pose)
1	-1.69	4.65	1.80	1.00
2	-1.74	4.77	1.79	1.00
3	-1.78	4.90	1.79	1.00
4	-1.76	4.88	1.80	1.00
5	-1.75	4.86	1.80	1.00
6	-1.81	5.02	1.80	1.00
7	-1.87	5.18	1.80	3.00
8	-1.89	5.25	1.80	3.00
9	-1.90	5.32	1.80	3.00
10	-1.86	5.36	1.80	3.00
11	-1.83	5.39	1.80	3.00
12	-1.81	5.43	1.81	3.00
13	-1.79	5.46	1.82	1.00
14	-1.74	5.49	1.82	1.00
15	-1.70	5.51	1.83	3.00
16	-1.67	5.57	1.81	3.00
17	-1.63	5.63	1.80	3.00
18	-1.59	5.64	1.80	3.00
19	-1.55	5.66	1.79	3.00
20	-1.49	5.58	1.80	3.00
21	-1.42	5.51	1.80	3.00
22	-1.37	5.44	1.80	3.00
23	-1.32	5.37	1.80	1.00
24	-1.25	5.34	1.81	1.00
25	-1.18	5.31	1.81	1.00
26	-1.11	5.32	1.81	1.00
27	-1.03	5.32	1.81	3.00
28	-0.97	5.34	1.81	3.00
29	-0.91	5.35	1.81	3.00
30	-0.83	5.36	1.81	3.00
31	-0.76	5.37	1.81	3.00
32	-0.69	5.33	1.81	3.00
33	-0.61	5.29	1.81	3.00
34	-0.52	5.20	1.82	3.00
35	-0.43	5.12	1.82	1.00
36	-0.33	5.18	1.82	1.00
37	-0.23	5.24	1.82	1.00
38	-0.14	5.24	1.82	1.00
39	-0.06	5.24	1.82	3.00
40	0.02	5.31	1.83	3.00
41	0.10	5.38	1.83	3.00
42	0.18	5.38	1.82	3.00
43	0.26	5.37	1.82	3.00
44	0.34	5.32	1.82	3.00
45	0.42	5.27	1.82	1.00
46	0.51	5.25	1.82	1.00
47	0.59	5.22	1.82	1.00
48	0.67	5.20	1.82	1.00
49	0.74	5.19	1.82	1.00
50	0.82	5.10	1.82	1.00
51	0.89	5.01	1.82	3.00
52	0.96	5.04	1.82	3.00
53	1.04	5.08	1.82	3.00
54	1.10	5.04	1.82	3.00
55	1.15	5.00	1.82	1.00
56	1.23	5.01	1.82	1.00
57	1.30	5.02	1.82	1.00
58	1.36	5.02	1.82	1.00
59	1.43	5.02	1.82	1.00
60	1.49	5.00	1.82	1.00
61	1.55	4.99	1.82	1.00
62	1.66	5.13	1.82	1.00
63	1.77	5.27	1.83	3.00
64	1.83	5.24	1.82	3.00
65	1.89	5.21	1.82	3.00
66	1.95	5.17	1.82	3.00
67	2.00	5.12	1.82	1.00
68	2.08	5.17	1.82	1.00
69	2.17	5.21	1.82	1.00
70	2.27	5.26	1.82	1.00
71	2.36	5.32	1.83	1.00
72	2.47	5.34	1.83	1.00
73	2.57	5.37	1.83	1.00
74	2.66	5.39	1.83	1.00
75	2.74	5.42	1.83	1.00
76	2.81	5.42	1.83	1.00
77	2.87	5.42	1.83	3.00
78	2.93	5.41	1.83	3.00
79	2.98	5.39	1.83	3.00
80	3.02	5.35	1.83	3.00
81	3.07	5.30	1.83	2.00
82	3.11	5.26	1.83	2.00
83	3.14	5.21	1.83	2.00
84	3.21	5.19	1.82	2.00
85	3.27	5.17	1.82	2.00
86	3.24	5.11	1.82	2.00
87	3.21	5.05	1.82	1.00
88	3.19	4.96	1.82	1.00
89	3.17	4.87	1.82	1.00
90	3.18	4.78	1.82	1.00
91	3.18	4.70	1.82	1.00
92	3.29	4.73	1.82	1.00
93	3.39	4.76	1.82	1.00
94	3.50	4.81	1.82	1.00
95	3.61	4.86	1.82	1.00
96	3.63	4.78	1.82	1.00
97	3.66	4.71	1.82	1.00
98	3.67	4.60	1.82	1.00
99	3.67	4.50	1.82	1.00
100	3.66	4.40	1.82	1.00
101	3.64	4.30	1.81	1.00
102	3.73	4.34	1.82	1.00
103	3.82	4.38	1.82	1.00
104	3.86	4.36	1.82	1.00
105	3.90	4.33	1.82	2.00
106	3.97	4.34	1.82	2.00
107	4.03	4.35	1.82	2.00
108	4.12	4.37	1.82	2.00
109	4.21	4.40	1.82	2.00
110	4.31	4.41	1.82	2.00
111	4.40	4.43	1.82	2.00
112	4.43	4.40	1.82	2.00
113	4.46	4.37	1.82	1.00
114	4.52	4.38	1.82	1.00
115	4.58	4.40	1.82	1.00
116	4.67	4.45	1.82	1.00
117	4.76	4.51	1.82	3.00
118	4.83	4.51	1.82	3.00
119	4.90	4.51	1.82	3.00
120	4.90	4.46	1.82	3.00
121	4.90	4.40	1.82	3.00
122	4.89	4.32	1.82	3.00
123	4.89	4.24	1.82	3.00
124	4.86	4.14	1.82	3.00
125	4.83	4.04	1.82	3.00
126	4.78	3.92	1.83	3.00
127	4.73	3.79	1.83	1.00
128	4.71	3.72	1.83	1.00
129	4.68	3.64	1.84	2.00
130	4.72	3.63	1.84	2.00
131	4.75	3.61	1.83	2.00
132	4.85	3.63	1.83	2.00
133	4.94	3.65	1.82	2.00
134	4.98	3.61	1.82	2.00
135	5.02	3.58	1.82	1.00
136	5.13	3.60	1.81	1.00
137	5.23	3.61	1.81	1.00
138	5.32	3.62	1.81	1.00
139	5.40	3.64	1.80	3.00
140	5.41	3.59	1.81	3.00
141	5.42	3.55	1.81	3.00
142	5.41	3.49	1.81	3.00
143	5.39	3.44	1.81	2.00
144	5.48	3.44	1.81	2.00
145	5.56	3.44	1.81	3.00
146	5.49	3.35	1.81	3.00
147	5.41	3.26	1.82	4.00
148	5.35	3.18	1.82	4.00
149	5.29	3.10	1.82	4.00
150	5.27	3.04	1.82	4.00
151	5.24	2.98	1.82	4.00
152	5.24	2.93	1.82	4.00
153	5.23	2.88	1.82	2.00
154	5.25	2.85	1.82	2.00
155	5.28	2.81	1.82	2.00
156	5.27	2.77	1.82	2.00
157	5.27	2.72	1.82	3.00
158	5.30	2.69	1.82	3.00
159	5.33	2.67	1.82	3.00
160	5.37	2.65	1.82	3.00
161	5.40	2.63	1.82	1.00
162	5.44	2.60	1.82	1.00
163	5.47	2.58	1.81	4.00
164	5.49	2.54	1.81	4.00
165	5.52	2.51	1.81	2.00
166	5.55	2.50	1.81	2.00
167	5.59	2.49	1.81	2.00
168	5.61	2.46	1.81	2.00
169	5.63	2.44	1.81	3.00
170	5.65	2.39	1.81	3.00
171	5.67	2.35	1.81	1.00
172	5.68	2.31	1.81	1.00
173	5.69	2.26	1.81	2.00
174	5.70	2.23	1.81	2.00
175	5.72	2.20	1.81	2.00
Target 2 (frames from 1 to 155)
Bounding Boxes (frame, x, y, width, height)
1	245	306	98	197
2	250	307	97	195
3	255	308	96	192
4	260	308	95	190
5	265	309	94	188
6	270	309	93	187
7	274	309	92	185
8	278	309	92	184
9	282	309	91	183
10	286	309	91	183
11	290	308	91	182
12	293	306	91	182
13	296	305	91	182
14	299	303	91	182
15	301	303	91	182
16	304	302	91	183
17	307	302	91	183
18	311	303	92	184
19	314	304	92	185
20	319	305	93	186
21	323	306	93	187
22	327	308	94	188
23	332	309	94	189
24	337	311	94	189
25	342	312	94	189
26	347	313	94	189
27	353	314	95	190
28	358	314	94	189
29	363	314	94	189
30	368	314	94	189
31	372	313	95	190
32	375	312	95	190
33	380	311	95	190
34	384	310	95	191
35	389	309	95	191
36	394	308	95	191
37	400	308	95	191
38	406	307	95	191
39	411	307	95	190
40	417	307	95	190
41	423	307	94	189
42	429	307	94	188
43	435	308	93	187
44	440	308	93	186
45	445	309	92	185
46	449	309	92	185
47	453	310	92	185
48	456	311	92	184
49	459	312	92	185
50	461	313	92	185
51	463	314	93	186
52	464	315	93	186
53	466	316	93	186
54	468	318	93	186
55	470	319	93	186
56	472	320	92	185
57	474	321	92	184
58	476	322	92	184
59	478	323	91	183
60	480	323	91	183
61	482	324	91	182
62	483	324	91	182
63	485	324	90	181
64	486	324	90	181
65	487	324	90	180
66	488	323	89	179
67	488	323	89	179
68	489	323	89	178
69	490	323	88	177
70	490	323	88	177
71	491	324	88	176
72	492	324	87	175
73	493	325	87	174
74	494	325	87	174
75	495	326	86	173
76	497	326	86	172
77	498	326	85	171
78	500	327	85	170
79	501	327	85	170
80	502	327	84	169
81	502	326	84	168
82	503	326	83	167
83	502	326	83	166
84	502	326	82	165
85	502	326	82	164
86	501	326	81	163
87	501	326	81	162
88	500	327	80	161
89	500	328	80	161
90	500	328	80	160
91	500	329	80	160
92	501	329	80	160
93	501	329	80	160
94	502	330	80	160
95	503	330	80	160
96	504	330	80	160
97	505	329	80	160
98	506	329	80	160
99	507	329	80	160
100	507	329	80	161
101	508	329	80	161
102	507	329	80	161
103	507	329	80	161
104	506	329	80	161
105	506	328	80	161
106	505	328	80	160
107	504	327	80	160
108	503	327	80	160
109	502	326	79	159
110	501	325	79	159
111	499	324	79	158
112	497	323	79	158
113	495	322	79	158
114	493	322	79	158
115	491	322	79	158
116	490	322	79	158
117	488	322	79	158
118	487	322	79	159
119	486	323	79	159
120	486	323	79	159
121	485	324	79	159
122	485	325	79	158
123	486	326	79	158
124	486	327	78	157
125	487	328	78	156
126	488	328	77	155
127	489	329	77	154
128	491	329	76	152
129	492	330	75	150
130	494	330	74	149
131	495	330	73	147
132	497	331	73	146
133	498	331	72	144
134	500	331	71	143
135	502	331	71	142
136	504	331	70	141
137	505	331	70	141
138	507	331	70	141
139	507	331	70	141
140	508	331	70	141
141	508	331	70	141
142	509	331	70	140
143	508	331	70	140
144	508	331	70	140
145	507	331	69	139
146	507	331	69	138
147	506	331	69	138
148	505	330	68	137
149	505	330	68	137
150	504	329	68	136
151	503	328	67	135
152	501	328	67	134
153	500	327	66	133
154	499	326	66	132
155	497	325	65	131
3D Trajetory (frame, x, z, height, pose)
1	-2.63	3.81	1.50	1.00
2	-2.62	3.81	1.49	1.00
3	-2.61	3.81	1.48	1.00
4	-2.66	3.84	1.49	1.00
5	-2.71	3.88	1.50	1.00
6	-2.72	3.91	1.50	1.00
7	-2.73	3.94	1.51	1.00
8	-2.75	3.97	1.52	1.00
9	-2.76	4.00	1.53	1.00
10	-2.77	4.05	1.53	1.00
11	-2.79	4.09	1.53	1.00
12	-2.77	4.08	1.52	1.00
13	-2.74	4.07	1.52	3.00
14	-2.70	4.02	1.52	3.00
15	-2.66	3.97	1.53	3.00
16	-2.63	3.97	1.52	3.00
17	-2.60	3.96	1.52	1.00
18	-2.55	3.96	1.52	1.00
19	-2.51	3.96	1.52	1.00
20	-2.47	3.94	1.52	1.00
21	-2.42	3.93	1.52	1.00
22	-2.37	3.92	1.52	1.00
23	-2.32	3.91	1.52	1.00
24	-2.26	3.90	1.52	1.00
25	-2.21	3.90	1.52	1.00
26	-2.14	3.87	1.53	1.00
27	-2.08	3.84	1.53	1.00
28	-2.04	3.87	1.53	1.00
29	-2.01	3.89	1.53	1.00
30	-1.98	3.96	1.52	1.00
31	-1.94	4.02	1.52	1.00
32	-1.87	4.02	1.53	1.00
33	-1.80	4.02	1.53	1.00
34	-1.73	4.00	1.53	1.00
35	-1.67	3.97	1.53	1.00
36	-1.61	3.96	1.53	1.00
37	-1.55	3.95	1.53	1.00
38	-1.48	3.95	1.53	1.00
39	-1.41	3.94	1.53	1.00
40	-1.34	3.97	1.53	1.00
41	-1.27	3.99	1.53	1.00
42	-1.23	4.11	1.52	1.00
43	-1.20	4.23	1.52	1.00
44	-1.12	4.22	1.52	1.00
45	-1.05	4.21	1.52	3.00
46	-0.98	4.18	1.52	3.00
47	-0.92	4.16	1.52	3.00
48	-0.86	4.13	1.53	3.00
49	-0.79	4.11	1.53	1.00
50	-0.74	4.14	1.53	1.00
51	-0.68	4.18	1.53	1.00
52	-0.63	4.19	1.53	1.00
53	-0.58	4.21	1.53	1.00
54	-0.52	4.21	1.53	1.00
55	-0.46	4.21	1.53	1.00
56	-0.41	4.21	1.53	1.00
57	-0.35	4.20	1.53	1.00
58	-0.29	4.21	1.53	1.00
59	-0.23	4.22	1.52	1.00
60	-0.17	4.25	1.53	1.00
61	-0.10	4.28	1.53	1.00
62	-0.04	4.29	1.52	1.00
63	0.02	4.30	1.52	1.00
64	0.08	4.32	1.52	1.00
65	0.14	4.34	1.52	1.00
66	0.20	4.34	1.52	1.00
67	0.26	4.34	1.52	1.00
68	0.31	4.33	1.52	1.00
69	0.37	4.31	1.53	1.00
70	0.43	4.33	1.53	1.00
71	0.49	4.35	1.53	1.00
72	0.56	4.40	1.53	1.00
73	0.63	4.46	1.53	1.00
74	0.70	4.44	1.53	1.00
75	0.77	4.42	1.53	1.00
76	0.84	4.43	1.53	1.00
77	0.90	4.44	1.53	1.00
78	0.96	4.44	1.53	1.00
79	1.02	4.43	1.53	1.00
80	1.07	4.44	1.53	1.00
81	1.12	4.45	1.53	1.00
82	1.18	4.48	1.54	1.00
83	1.24	4.52	1.54	1.00
84	1.30	4.53	1.54	1.00
85	1.36	4.55	1.54	1.00
86	1.41	4.58	1.54	1.00
87	1.45	4.61	1.54	1.00
88	1.49	4.60	1.54	1.00
89	1.52	4.60	1.54	1.00
90	1.57	4.59	1.54	1.00
91	1.62	4.59	1.54	1.00
92	1.67	4.59	1.54	1.00
93	1.71	4.60	1.54	1.00
94	1.76	4.57	1.54	1.00
95	1.80	4.54	1.54	1.00
96	1.84	4.51	1.54	1.00
97	1.88	4.48	1.54	1.00
98	1.92	4.47	1.54	1.00
99	1.95	4.45	1.54	1.00
100	1.98	4.44	1.54	1.00
101	2.01	4.43	1.54	1.00
102	2.04	4.41	1.54	1.00
103	2.08	4.38	1.54	1.00
104	2.12	4.37	1.54	1.00
105	2.17	4.36	1.54	1.00
106	2.19	4.34	1.54	1.00
107	2.20	4.33	1.54	1.00
108	2.26	4.34	1.55	1.00
109	2.32	4.35	1.55	1.00
110	2.36	4.33	1.55	1.00
111	2.39	4.31	1.55	1.00
112	2.43	4.34	1.55	1.00
113	2.47	4.36	1.55	1.00
114	2.49	4.34	1.55	1.00
115	2.51	4.32	1.55	1.00
116	2.53	4.29	1.55	1.00
117	2.55	4.27	1.55	3.00
118	2.57	4.24	1.55	3.00
119	2.58	4.22	1.55	3.00
120	2.59	4.20	1.55	3.00
121	2.61	4.18	1.55	1.00
122	2.66	4.19	1.55	1.00
123	2.71	4.19	1.55	1.00
124	2.75	4.19	1.55	1.00
125	2.79	4.19	1.55	1.00
126	2.84	4.21	1.54	1.00
127	2.89	4.23	1.54	1.00
128	2.95	4.23	1.54	1.00
129	3.00	4.23	1.54	1.00
130	3.08	4.24	1.54	1.00
131	3.16	4.26	1.54	1.00
132	3.24	4.27	1.54	1.00
133	3.33	4.29	1.54	1.00
134	3.38	4.29	1.54	1.00
135	3.44	4.29	1.54	1.00
136	3.49	4.27	1.54	1.00
137	3.54	4.25	1.54	1.00
138	3.58	4.22	1.54	1.00
139	3.62	4.20	1.54	1.00
140	3.65	4.17	1.54	1.00
141	3.68	4.15	1.54	1.00
142	3.69	4.12	1.54	1.00
143	3.71	4.09	1.54	1.00
144	3.75	4.07	1.54	1.00
145	3.79	4.06	1.54	1.00
146	3.86	4.06	1.54	1.00
147	3.94	4.07	1.54	1.00
148	3.99	4.06	1.53	1.00
149	4.05	4.06	1.53	1.00
150	4.10	4.04	1.53	1.00
151	4.16	4.03	1.53	1.00
152	4.21	4.02	1.53	1.00
153	4.26	4.00	1.53	1.00
154	4.28	3.99	1.53	1.00
155	4.31	3.98	1.53	1.00
Target 3 (frames from 1 to 315)
Bounding Boxes (frame, x, y, width, height)
1	503	280	97	195
2	507	281	99	198
3	512	282	100	200
4	517	283	101	203
5	522	284	102	205
6	527	284	103	206
7	532	285	103	207
8	537	285	104	208
9	542	285	104	209
10	547	285	104	209
11	553	284	104	209
12	558	283	104	209
13	563	282	104	208
14	568	280	103	207
15	573	280	103	206
16	578	280	102	204
17	583	280	101	202
18	588	280	100	200
19	593	282	99	198
20	597	283	98	197
21	601	285	97	195
22	605	286	97	194
23	609	288	97	194
24	612	289	96	193
25	616	290	96	193
26	620	292	96	193
27	624	293	96	193
28	628	293	96	193
29	633	294	96	193
30	637	293	97	194
31	642	293	97	194
32	646	293	97	195
33	651	292	97	195
34	657	292	98	196
35	662	291	98	196
36	667	290	98	196
37	673	289	98	196
38	678	288	97	195
39	683	288	97	195
40	687	288	97	194
41	692	288	96	193
42	696	288	96	192
43	700	289	95	191
44	704	289	95	190
45	707	290	94	189
46	710	290	93	187
47	712	291	93	187
48	714	292	93	186
49	716	294	92	185
50	718	295	92	184
51	719	296	91	183
52	720	298	91	183
53	721	299	91	182
54	722	300	91	182
55	722	302	91	182
56	722	303	91	182
57	722	303	91	183
58	722	304	91	183
59	723	305	91	183
60	723	306	91	183
61	724	306	91	183
62	724	306	91	183
63	724	306	91	182
64	725	306	91	182
65	725	305	91	182
66	724	305	90	181
67	724	305	90	180
68	724	305	90	180
69	724	305	89	179
70	723	305	89	178
71	723	306	89	178
72	723	307	89	178
73	722	307	89	178
74	721	307	89	178
75	721	308	89	178
76	721	308	89	178
77	721	309	89	178
78	721	309	88	177
79	721	309	88	177
80	721	309	88	177
81	721	309	88	176
82	720	309	88	176
83	719	309	87	175
84	718	309	87	174
85	717	309	86	173
86	716	310	86	172
87	715	310	85	171
88	714	311	85	170
89	713	312	85	170
90	712	312	84	169
91	711	313	84	168
92	710	313	84	168
93	710	314	83	167
94	711	315	83	166
95	713	315	82	165
96	715	315	81	163
97	717	315	80	161
98	720	315	79	159
99	724	315	78	157
100	726	316	77	155
101	729	316	76	153
102	731	316	76	152
103	733	316	75	150
104	734	316	74	149
105	735	316	74	148
106	735	316	74	148
107	734	315	74	148
108	732	314	74	149
109	731	313	74	149
110	728	312	75	150
111	726	311	75	151
112	724	310	75	151
113	722	309	75	151
114	721	309	75	150
115	720	309	74	149
116	719	309	73	147
117	719	310	73	146
118	719	310	72	144
119	719	311	71	142
120	719	312	70	140
121	719	313	68	137
122	720	314	67	135
123	721	316	66	133
124	721	317	66	132
125	721	318	65	131
126	721	319	65	130
127	721	319	65	130
128	721	319	65	130
129	720	320	65	130
130	720	320	65	131
131	720	320	65	131
132	721	320	65	131
133	721	320	66	132
134	721	320	66	132
135	722	320	66	132
136	723	320	66	132
137	724	320	66	132
138	725	320	66	132
139	726	320	65	131
140	727	320	65	131
141	728	320	65	131
142	729	321	65	131
143	729	320	65	131
144	729	320	65	131
145	728	320	65	131
146	727	320	66	132
147	726	319	66	132
148	724	318	66	133
149	723	318	66	133
150	721	317	66	133
151	720	316	66	133
152	719	315	67	134
153	718	314	67	134
154	717	314	67	135
155	718	314	67	135
156	718	314	68	136
157	719	315	68	136
158	720	316	68	137
159	721	316	68	137
160	723	317	68	137
161	724	318	68	137
162	725	320	68	137
163	726	321	68	136
164	728	323	67	135
165	729	324	67	134
166	730	324	66	132
167	732	325	65	131
168	733	326	64	129
169	735	326	64	128
170	736	327	63	127
171	737	328	63	127
172	738	328	63	127
173	739	329	63	127
174	740	329	64	128
175	741	330	64	129
176	741	330	65	130
177	741	330	65	131
178	741	331	66	132
179	740	331	66	133
180	740	331	67	134
181	739	331	67	134
182	739	331	67	134
183	738	331	67	135
184	739	330	67	134
185	739	330	67	134
186	739	330	67	134
187	740	330	67	134
188	741	329	66	133
189	742	329	66	133
190	743	329	66	132
191	745	329	66	132
192	746	329	66	132
193	747	330	66	132
194	748	331	66	132
195	748	332	66	132
196	749	333	66	132
197	749	334	66	132
198	749	335	66	132
199	748	336	66	133
200	748	337	66	133
201	748	337	66	133
202	747	338	66	133
203	747	338	66	133
204	747	338	66	132
205	746	339	66	132
206	746	339	66	132
207	745	339	65	131
208	745	339	65	131
209	745	339	65	131
210	745	339	65	130
211	745	338	65	130
212	745	338	64	129
213	745	337	64	129
214	745	337	64	129
215	745	336	64	129
216	746	336	64	128
217	746	336	64	128
218	747	335	64	128
219	747	335	64	128
220	748	335	64	128
221	748	334	64	128
222	748	334	64	128
223	749	334	64	128
224	749	334	63	127
225	749	335	63	127
226	749	335	63	127
227	749	335	63	127
228	749	335	63	126
229	748	336	63	126
230	748	336	63	126
231	747	336	62	125
232	747	336	62	125
233	746	336	62	124
234	746	336	62	124
235	745	336	61	123
236	744	336	61	123
237	743	335	61	122
238	742	335	61	122
239	741	335	61	122
240	739	335	61	122
241	738	335	61	122
242	737	336	61	122
243	736	336	61	123
244	735	336	61	123
245	735	337	61	123
246	735	337	61	123
247	735	337	61	123
248	735	336	61	123
249	735	336	61	123
250	735	335	61	123
251	735	335	61	123
252	734	334	61	122
253	734	334	61	122
254	734	333	60	121
255	734	333	60	121
256	733	333	60	120
257	733	333	60	120
258	732	334	59	119
259	731	334	59	118
260	731	335	59	118
261	730	335	58	117
262	729	335	58	116
263	728	335	57	115
264	727	334	57	114
265	725	334	56	113
266	724	333	56	113
267	722	333	56	112
268	721	333	55	111
269	720	334	55	110
270	718	334	54	109
271	717	335	54	108
272	717	335	53	107
273	716	337	53	106
274	716	338	53	106
275	716	339	52	105
276	715	340	52	104
277	715	341	51	103
278	715	342	51	103
279	715	342	51	102
280	715	343	51	102
281	714	343	51	102
282	714	343	50	101
283	713	343	50	101
284	713	343	50	101
285	712	343	50	101
286	712	343	50	101
287	711	343	50	100
288	711	343	50	100
289	710	343	49	99
290	710	343	49	99
291	709	343	49	99
292	708	343	49	99
293	708	342	49	99
294	707	342	49	98
295	706	342	49	98
296	705	341	49	98
297	704	341	49	98
298	703	341	49	98
299	702	340	49	98
300	701	340	49	98
301	700	340	49	98
302	699	340	49	98
303	698	340	49	98
304	697	340	49	98
305	696	339	48	97
306	695	339	48	97
307	695	339	48	97
308	694	338	48	96
309	693	338	48	96
310	693	338	48	96
311	692	337	47	95
312	691	337	47	95
313	691	337	47	94
314	690	336	47	94
315	690	336	46	93
3D Trajetory (frame, x, z, height, pose)
1	-0.75	4.29	1.71	1.00
2	-0.73	4.27	1.71	1.00
3	-0.71	4.26	1.71	1.00
4	-0.70	4.24	1.71	1.00
5	-0.68	4.22	1.71	1.00
6	-0.65	4.18	1.71	1.00
7	-0.61	4.15	1.71	1.00
8	-0.58	4.10	1.71	1.00
9	-0.55	4.06	1.71	1.00
10	-0.52	4.05	1.71	1.00
11	-0.50	4.04	1.72	1.00
12	-0.47	4.04	1.72	1.00
13	-0.44	4.04	1.72	1.00
14	-0.40	4.07	1.72	1.00
15	-0.36	4.11	1.72	1.00
16	-0.33	4.20	1.71	1.00
17	-0.30	4.30	1.71	1.00
18	-0.25	4.30	1.71	1.00
19	-0.20	4.30	1.70	1.00
20	-0.17	4.32	1.71	1.00
21	-0.14	4.34	1.71	1.00
22	-0.12	4.38	1.71	1.00
23	-0.09	4.41	1.71	1.00
24	-0.06	4.41	1.71	1.00
25	-0.02	4.41	1.72	1.00
26	0.02	4.44	1.72	1.00
27	0.05	4.46	1.72	1.00
28	0.11	4.45	1.72	1.00
29	0.17	4.43	1.71	1.00
30	0.23	4.40	1.70	1.00
31	0.29	4.37	1.70	1.00
32	0.37	4.36	1.70	1.00
33	0.44	4.34	1.69	1.00
34	0.50	4.34	1.70	1.00
35	0.55	4.33	1.70	1.00
36	0.62	4.30	1.70	1.00
37	0.70	4.28	1.69	1.00
38	0.76	4.28	1.69	1.00
39	0.82	4.28	1.70	1.00
40	0.89	4.35	1.70	1.00
41	0.96	4.42	1.70	4.00
42	1.03	4.44	1.70	4.00
43	1.10	4.45	1.70	4.00
44	1.15	4.44	1.70	4.00
45	1.21	4.43	1.70	1.00
46	1.27	4.44	1.70	1.00
47	1.32	4.46	1.70	1.00
48	1.39	4.47	1.70	1.00
49	1.46	4.48	1.70	1.00
50	1.52	4.48	1.70	1.00
51	1.58	4.47	1.70	1.00
52	1.63	4.47	1.70	1.00
53	1.69	4.48	1.69	1.00
54	1.74	4.47	1.69	1.00
55	1.79	4.46	1.69	1.00
56	1.84	4.45	1.69	1.00
57	1.89	4.44	1.69	1.00
58	1.93	4.38	1.69	1.00
59	1.96	4.32	1.69	1.00
60	2.00	4.28	1.69	1.00
61	2.05	4.24	1.69	1.00
62	2.08	4.18	1.69	1.00
63	2.11	4.12	1.69	1.00
64	2.24	4.22	1.69	1.00
65	2.37	4.32	1.69	1.00
66	2.42	4.28	1.69	1.00
67	2.46	4.24	1.70	1.00
68	2.50	4.19	1.70	1.00
69	2.53	4.14	1.70	1.00
70	2.57	4.11	1.70	1.00
71	2.62	4.09	1.70	1.00
72	2.68	4.07	1.70	1.00
73	2.74	4.05	1.70	1.00
74	2.79	4.02	1.70	1.00
75	2.84	3.99	1.70	1.00
76	2.90	3.96	1.70	1.00
77	2.95	3.93	1.70	1.00
78	3.00	3.91	1.70	1.00
79	3.05	3.89	1.70	1.00
80	3.07	3.86	1.70	1.00
81	3.09	3.83	1.70	1.00
82	3.14	3.80	1.70	1.00
83	3.18	3.78	1.70	1.00
84	3.25	3.77	1.70	1.00
85	3.31	3.77	1.70	1.00
86	3.36	3.78	1.70	1.00
87	3.40	3.78	1.70	1.00
88	3.44	3.77	1.70	1.00
89	3.48	3.76	1.70	1.00
90	3.53	3.75	1.70	1.00
91	3.57	3.74	1.70	1.00
92	3.61	3.72	1.70	1.00
93	3.64	3.70	1.70	1.00
94	3.68	3.69	1.70	1.00
95	3.72	3.69	1.70	1.00
96	3.75	3.66	1.70	1.00
97	3.78	3.63	1.70	1.00
98	3.95	3.67	1.70	1.00
99	4.13	3.70	1.70	1.00
100	4.26	3.71	1.70	1.00
101	4.39	3.72	1.70	3.00
102	4.50	3.74	1.70	3.00
103	4.60	3.76	1.70	3.00
104	4.63	3.71	1.70	3.00
105	4.66	3.66	1.70	3.00
106	4.64	3.60	1.70	3.00
107	4.63	3.53	1.69	4.00
108	4.61	3.46	1.69	4.00
109	4.59	3.38	1.69	4.00
110	4.68	3.41	1.69	4.00
111	4.77	3.43	1.69	4.00
112	4.76	3.37	1.70	4.00
113	4.74	3.31	1.70	4.00
114	4.74	3.27	1.70	4.00
115	4.74	3.23	1.70	2.00
116	4.80	3.24	1.70	2.00
117	4.85	3.24	1.70	3.00
118	4.98	3.25	1.70	3.00
119	5.11	3.26	1.69	3.00
120	5.24	3.29	1.69	3.00
121	5.37	3.33	1.69	2.00
122	5.45	3.35	1.68	2.00
123	5.53	3.38	1.68	2.00
124	5.62	3.39	1.68	2.00
125	5.70	3.39	1.68	2.00
126	5.71	3.35	1.68	2.00
127	5.72	3.31	1.68	2.00
128	5.74	3.26	1.68	2.00
129	5.75	3.20	1.68	2.00
130	5.72	3.14	1.68	2.00
131	5.70	3.08	1.68	2.00
132	5.72	3.04	1.68	2.00
133	5.74	3.00	1.68	2.00
134	5.79	2.97	1.69	2.00
135	5.83	2.94	1.69	2.00
136	5.86	2.87	1.69	2.00
137	5.88	2.81	1.69	2.00
138	5.92	2.79	1.69	2.00
139	5.96	2.76	1.69	3.00
140	5.98	2.72	1.69	3.00
141	6.01	2.68	1.69	3.00
142	6.05	2.62	1.69	3.00
143	6.09	2.56	1.69	1.00
144	6.08	2.51	1.69	1.00
145	6.08	2.46	1.69	2.00
146	6.13	2.43	1.69	2.00
147	6.17	2.39	1.69	3.00
148	6.11	2.32	1.69	3.00
149	6.05	2.24	1.69	3.00
150	6.02	2.18	1.69	3.00
151	6.00	2.12	1.69	2.00
152	5.96	2.07	1.69	2.00
153	5.92	2.01	1.69	4.00
154	6.04	2.00	1.68	4.00
155	6.16	1.99	1.68	4.00
156	6.13	1.92	1.68	4.00
157	6.10	1.85	1.68	2.00
158	6.04	1.80	1.68	2.00
159	5.99	1.76	1.68	2.00
160	5.97	1.71	1.68	2.00
161	5.95	1.66	1.68	3.00
162	5.98	1.62	1.68	3.00
163	6.02	1.58	1.68	1.00
164	6.07	1.56	1.68	1.00
165	6.12	1.54	1.68	1.00
166	6.31	1.56	1.68	1.00
167	6.50	1.58	1.68	3.00
168	6.54	1.54	1.68	3.00
169	6.59	1.50	1.68	3.00
170	6.68	1.47	1.68	3.00
171	6.77	1.44	1.68	2.00
172	6.68	1.38	1.67	2.00
173	6.59	1.32	1.67	2.00
174	6.54	1.26	1.67	2.00
175	6.48	1.20	1.67	2.00
176	6.47	1.16	1.67	2.00
177	6.45	1.11	1.67	2.00
178	6.42	1.07	1.67	2.00
179	6.40	1.03	1.67	2.00
180	6.37	1.01	1.67	2.00
181	6.35	0.99	1.67	2.00
182	6.32	0.96	1.67	2.00
183	6.30	0.93	1.68	2.00
184	6.30	0.91	1.68	2.00
185	6.31	0.88	1.67	2.00
186	6.31	0.84	1.68	2.00
187	6.31	0.80	1.68	2.00
188	6.40	0.75	1.67	2.00
189	6.49	0.71	1.67	2.00
190	6.51	0.67	1.67	2.00
191	6.54	0.63	1.67	2.00
192	6.52	0.59	1.67	2.00
193	6.51	0.55	1.67	2.00
194	6.52	0.52	1.67	2.00
195	6.53	0.49	1.67	2.00
196	6.51	0.45	1.67	2.00
197	6.50	0.41	1.67	2.00
198	6.49	0.38	1.67	2.00
199	6.48	0.35	1.67	2.00
200	6.48	0.32	1.67	2.00
201	6.47	0.30	1.67	2.00
202	6.46	0.28	1.67	2.00
203	6.46	0.26	1.67	2.00
204	6.47	0.24	1.67	2.00
205	6.47	0.22	1.67	2.00
206	6.50	0.20	1.66	2.00
207	6.52	0.17	1.66	2.00
208	6.54	0.14	1.66	2.00
209	6.56	0.10	1.66	2.00
210	6.57	0.08	1.66	2.00
211	6.58	0.06	1.66	2.00
212	6.59	0.02	1.66	2.00
213	6.60	-0.01	1.66	2.00
214	6.62	-0.05	1.66	2.00
215	6.65	-0.08	1.66	2.00
216	6.64	-0.12	1.66	2.00
217	6.64	-0.15	1.66	2.00
218	6.65	-0.18	1.66	2.00
219	6.66	-0.21	1.66	2.00
220	6.66	-0.24	1.66	2.00
221	6.67	-0.27	1.66	2.00
222	6.67	-0.29	1.66	2.00
223	6.68	-0.31	1.66	1.00
224	6.69	-0.33	1.66	1.00
225	6.70	-0.35	1.66	1.00
226	6.72	-0.38	1.66	1.00
227	6.73	-0.40	1.66	1.00
228	6.75	-0.42	1.66	1.00
229	6.77	-0.44	1.66	2.00
230	6.78	-0.46	1.66	2.00
231	6.79	-0.49	1.66	2.00
232	6.80	-0.52	1.65	2.00
233	6.82	-0.55	1.65	1.00
234	6.84	-0.57	1.65	1.00
235	6.86	-0.58	1.65	1.00
236	6.89	-0.60	1.65	1.00
237	6.92	-0.62	1.65	1.00
238	6.93	-0.63	1.65	1.00
239	6.93	-0.65	1.65	2.00
240	6.93	-0.66	1.65	2.00
241	6.94	-0.68	1.65	2.00
242	6.89	-0.69	1.65	2.00
243	6.84	-0.70	1.65	2.00
244	6.79	-0.71	1.65	2.00
245	6.74	-0.73	1.65	2.00
246	6.75	-0.75	1.65	2.00
247	6.76	-0.77	1.65	2.00
248	6.77	-0.81	1.65	2.00
249	6.78	-0.84	1.64	1.00
250	6.79	-0.87	1.64	1.00
251	6.80	-0.90	1.64	2.00
252	6.81	-0.91	1.64	2.00
253	6.82	-0.93	1.64	2.00
254	6.84	-0.94	1.64	2.00
255	6.86	-0.96	1.64	2.00
256	6.89	-0.97	1.64	2.00
257	6.92	-0.99	1.64	2.00
258	6.96	-1.01	1.64	2.00
259	7.00	-1.03	1.64	2.00
260	7.03	-1.05	1.64	2.00
261	7.07	-1.06	1.64	2.00
262	7.12	-1.08	1.64	2.00
263	7.17	-1.10	1.64	2.00
264	7.21	-1.12	1.64	2.00
265	7.25	-1.14	1.63	2.00
266	7.31	-1.16	1.63	2.00
267	7.37	-1.17	1.63	2.00
268	7.39	-1.19	1.63	2.00
269	7.41	-1.21	1.63	2.00
270	7.44	-1.22	1.63	2.00
271	7.46	-1.23	1.63	2.00
272	7.51	-1.26	1.63	2.00
273	7.56	-1.28	1.63	2.00
274	7.67	-1.31	1.62	2.00
275	7.78	-1.34	1.62	2.00
276	7.81	-1.36	1.62	2.00
277	7.84	-1.38	1.62	2.00
278	7.87	-1.41	1.62	2.00
279	7.90	-1.44	1.62	2.00
280	7.88	-1.46	1.62	2.00
281	7.85	-1.48	1.62	2.00
282	7.88	-1.50	1.61	2.00
283	7.90	-1.53	1.61	3.00
284	7.89	-1.55	1.61	3.00
285	7.87	-1.56	1.61	1.00
286	7.91	-1.59	1.61	1.00
287	7.94	-1.61	1.61	1.00
288	7.97	-1.64	1.61	1.00
289	8.00	-1.66	1.61	1.00
290	8.01	-1.69	1.61	1.00
291	8.01	-1.72	1.61	1.00
292	8.02	-1.74	1.61	1.00
293	8.02	-1.77	1.61	1.00
294	8.06	-1.78	1.61	1.00
295	8.09	-1.80	1.61	1.00
296	8.04	-1.81	1.61	1.00
297	7.99	-1.82	1.61	1.00
298	7.99	-1.85	1.61	1.00
299	7.99	-1.87	1.61	1.00
300	8.00	-1.88	1.61	1.00
301	8.01	-1.90	1.60	1.00
302	8.02	-1.92	1.60	1.00
303	8.04	-1.95	1.60	1.00
304	8.01	-1.96	1.60	1.00
305	7.98	-1.97	1.60	1.00
306	7.98	-1.99	1.60	1.00
307	7.99	-2.01	1.60	1.00
308	8.06	-2.05	1.60	1.00
309	8.12	-2.10	1.60	1.00
310	8.13	-2.12	1.60	1.00
311	8.13	-2.15	1.60	1.00
312	8.16	-2.17	1.60	1.00
313	8.19	-2.20	1.60	1.00
314	8.21	-2.22	1.60	1.00
315	8.24	-2.24	1.60	1.00
Target 4 (frames from 1 to 227)
Bounding Boxes (frame, x, y, width, height)
1	144	283	89	179
2	146	285	93	186
3	148	287	96	193
4	150	289	99	199
5	153	290	102	204
6	156	291	104	209
7	158	292	106	213
8	161	292	108	217
9	164	292	110	220
10	167	292	111	223
11	170	291	112	225
12	173	290	113	227
13	176	288	113	227
14	180	286	113	227
15	184	285	113	226
16	188	284	112	224
17	191	284	111	222
18	195	285	109	219
19	199	286	108	216
20	202	287	107	214
21	206	289	105	211
22	209	291	104	209
23	213	293	103	207
24	216	294	103	206
25	220	296	102	205
26	223	297	102	205
27	226	298	103	206
28	229	298	104	209
29	233	297	105	211
30	236	296	107	214
31	239	295	108	217
32	242	295	110	220
33	246	293	111	223
34	251	292	112	225
35	256	291	113	227
36	262	289	114	228
37	268	288	114	229
38	274	288	115	230
39	280	287	115	230
40	287	287	115	230
41	294	287	115	230
42	300	287	115	230
43	306	288	115	230
44	311	288	115	230
45	316	289	115	231
46	321	289	115	231
47	325	290	116	232
48	329	291	116	232
49	332	292	116	233
50	334	293	117	234
51	336	294	117	235
52	338	295	118	236
53	339	296	118	237
54	341	297	119	239
55	342	298	120	240
56	344	300	120	240
57	346	300	120	240
58	348	301	120	240
59	350	302	120	240
60	352	303	119	239
61	354	303	119	238
62	357	303	118	236
63	359	303	117	234
64	362	303	116	232
65	364	304	115	230
66	366	304	114	228
67	368	304	113	226
68	370	304	112	224
69	371	304	111	222
70	373	304	110	221
71	374	305	109	219
72	375	306	108	217
73	376	306	108	216
74	377	307	107	214
75	378	308	106	213
76	379	309	105	211
77	380	309	105	210
78	381	310	104	209
79	381	310	103	207
80	382	310	103	206
81	382	310	102	205
82	382	310	102	204
83	383	310	101	203
84	383	310	100	201
85	383	311	100	200
86	384	311	99	198
87	385	312	98	197
88	386	312	97	195
89	387	313	96	193
90	389	314	96	192
91	391	314	95	191
92	393	315	95	191
93	394	316	95	191
94	396	316	96	192
95	398	316	96	193
96	400	316	97	194
97	402	316	98	196
98	405	315	98	197
99	407	315	99	198
100	409	315	99	199
101	411	315	100	200
102	413	315	100	201
103	414	315	101	202
104	415	315	101	202
105	416	314	101	202
106	417	314	101	202
107	418	313	101	202
108	419	313	101	202
109	420	312	101	203
110	420	311	101	203
111	420	310	102	204
112	420	309	102	204
113	420	308	102	205
114	421	308	102	205
115	421	308	102	205
116	422	308	103	206
117	424	308	103	206
118	426	308	103	207
119	428	309	103	207
120	430	309	103	207
121	432	310	104	208
122	435	311	104	208
123	437	312	104	208
124	440	313	104	208
125	442	313	103	207
126	444	314	103	207
127	446	314	103	206
128	448	315	102	205
129	449	315	102	204
130	450	316	101	203
131	452	316	100	201
132	453	316	100	200
133	455	316	99	199
134	456	316	99	199
135	459	316	99	198
136	461	316	98	197
137	464	316	98	196
138	467	316	98	196
139	470	316	97	195
140	473	317	97	194
141	475	317	96	193
142	477	318	96	192
143	478	318	95	191
144	479	318	95	190
145	479	318	94	189
146	479	318	93	187
147	479	317	93	186
148	478	317	92	184
149	478	316	91	183
150	477	316	91	182
151	477	315	90	180
152	478	314	89	179
153	478	314	89	178
154	479	314	88	176
155	481	314	87	175
156	483	314	87	174
157	485	315	86	173
158	487	316	86	172
159	489	317	85	170
160	491	318	84	169
161	493	319	84	168
162	494	320	83	167
163	496	322	83	166
164	497	323	82	165
165	498	324	82	164
166	500	325	82	164
167	501	325	81	163
168	502	326	81	163
169	502	326	81	163
170	503	327	81	163
171	504	327	81	163
172	504	328	81	163
173	505	328	81	163
174	506	329	81	163
175	507	329	81	163
176	508	329	81	163
177	510	330	81	163
178	511	330	81	163
179	513	330	82	164
180	514	331	81	163
181	516	331	81	163
182	518	331	81	163
183	519	331	81	162
184	521	331	80	161
185	523	331	80	160
186	525	330	79	158
187	526	330	78	157
188	528	330	77	155
189	530	330	76	153
190	531	330	75	151
191	533	331	74	149
192	534	331	73	147
193	535	332	72	145
194	537	332	72	144
195	538	333	71	143
196	539	334	71	142
197	540	336	71	142
198	541	337	70	141
199	542	338	70	141
200	543	338	70	141
201	544	339	70	141
202	545	340	71	142
203	546	340	71	142
204	546	340	71	142
205	547	340	71	142
206	547	340	71	143
207	547	340	71	143
208	547	340	72	144
209	547	339	72	144
210	547	339	72	145
211	546	338	72	145
212	546	338	73	146
213	546	337	73	146
214	546	337	73	146
215	547	337	72	145
216	547	336	72	145
217	549	336	72	144
218	550	336	72	144
219	551	335	71	143
220	552	335	71	143
221	554	335	71	142
222	555	335	70	141
223	557	335	70	141
224	559	335	70	140
225	561	335	69	139
226	563	335	69	138
227	565	335	68	137
3D Trajetory (frame, x, z, height, pose)
1	-4.19	4.59	1.71	3.00
2	-4.04	4.47	1.69	3.00
3	-3.90	4.36	1.67	3.00
4	-3.81	4.22	1.66	3.00
5	-3.71	4.08	1.66	3.00
6	-3.57	3.86	1.64	3.00
7	-3.42	3.65	1.62	1.00
8	-3.31	3.54	1.62	1.00
9	-3.20	3.43	1.63	1.00
10	-3.18	3.44	1.63	1.00
11	-3.16	3.44	1.64	1.00
12	-3.17	3.47	1.65	1.00
13	-3.19	3.50	1.66	1.00
14	-3.18	3.53	1.66	1.00
15	-3.18	3.56	1.66	3.00
16	-3.13	3.51	1.66	3.00
17	-3.08	3.47	1.66	3.00
18	-3.10	3.53	1.65	3.00
19	-3.13	3.60	1.64	3.00
20	-3.15	3.66	1.64	3.00
21	-3.17	3.71	1.65	3.00
22	-3.18	3.76	1.65	3.00
23	-3.19	3.80	1.65	1.00
24	-3.23	3.89	1.65	1.00
25	-3.28	3.98	1.65	3.00
26	-3.19	3.91	1.65	3.00
27	-3.10	3.84	1.65	3.00
28	-3.02	3.83	1.65	3.00
29	-2.95	3.81	1.65	3.00
30	-2.84	3.74	1.66	3.00
31	-2.74	3.67	1.66	3.00
32	-2.67	3.65	1.66	3.00
33	-2.59	3.63	1.67	3.00
34	-2.51	3.61	1.67	3.00
35	-2.42	3.59	1.67	3.00
36	-2.36	3.62	1.67	3.00
37	-2.31	3.65	1.67	3.00
38	-2.23	3.65	1.67	3.00
39	-2.16	3.65	1.67	3.00
40	-2.08	3.63	1.67	3.00
41	-2.01	3.62	1.67	3.00
42	-1.97	3.66	1.67	3.00
43	-1.93	3.70	1.67	3.00
44	-1.84	3.68	1.67	3.00
45	-1.75	3.67	1.67	1.00
46	-1.69	3.68	1.67	1.00
47	-1.63	3.69	1.67	1.00
48	-1.57	3.68	1.67	1.00
49	-1.51	3.67	1.66	1.00
50	-1.45	3.69	1.66	1.00
51	-1.40	3.70	1.66	3.00
52	-1.35	3.69	1.66	3.00
53	-1.29	3.67	1.66	3.00
54	-1.24	3.67	1.67	3.00
55	-1.19	3.66	1.67	1.00
56	-1.12	3.65	1.67	1.00
57	-1.06	3.64	1.67	1.00
58	-1.01	3.64	1.67	1.00
59	-0.96	3.64	1.66	1.00
60	-0.91	3.66	1.66	1.00
61	-0.86	3.69	1.66	1.00
62	-0.81	3.78	1.66	1.00
63	-0.77	3.86	1.66	1.00
64	-0.71	3.87	1.66	1.00
65	-0.66	3.88	1.66	1.00
66	-0.61	3.92	1.66	1.00
67	-0.56	3.95	1.66	1.00
68	-0.49	4.00	1.67	1.00
69	-0.43	4.05	1.67	1.00
70	-0.37	4.06	1.66	1.00
71	-0.32	4.07	1.66	1.00
72	-0.26	4.10	1.66	1.00
73	-0.21	4.13	1.66	1.00
74	-0.16	4.19	1.66	1.00
75	-0.11	4.26	1.66	1.00
76	-0.05	4.27	1.66	1.00
77	0.00	4.28	1.66	1.00
78	0.05	4.29	1.66	1.00
79	0.10	4.29	1.66	1.00
80	0.15	4.32	1.66	1.00
81	0.19	4.34	1.66	1.00
82	0.24	4.37	1.66	1.00
83	0.29	4.39	1.66	3.00
84	0.34	4.42	1.66	3.00
85	0.40	4.44	1.66	3.00
86	0.44	4.47	1.66	3.00
87	0.49	4.50	1.66	1.00
88	0.54	4.53	1.66	1.00
89	0.59	4.55	1.66	1.00
90	0.65	4.57	1.66	1.00
91	0.71	4.60	1.66	1.00
92	0.77	4.61	1.66	1.00
93	0.82	4.62	1.66	1.00
94	0.87	4.58	1.66	1.00
95	0.92	4.54	1.66	1.00
96	0.96	4.48	1.66	1.00
97	1.00	4.42	1.66	1.00
98	1.02	4.32	1.65	1.00
99	1.04	4.23	1.65	1.00
100	1.07	4.16	1.65	1.00
101	1.11	4.10	1.65	1.00
102	1.18	4.14	1.65	1.00
103	1.24	4.19	1.65	1.00
104	1.29	4.17	1.65	1.00
105	1.34	4.15	1.65	1.00
106	1.38	4.10	1.65	1.00
107	1.42	4.06	1.65	1.00
108	1.44	4.03	1.65	1.00
109	1.47	4.00	1.65	1.00
110	1.51	3.97	1.65	1.00
111	1.55	3.94	1.65	1.00
112	1.59	3.91	1.65	1.00
113	1.63	3.88	1.65	1.00
114	1.67	3.85	1.65	1.00
115	1.71	3.83	1.65	1.00
116	1.76	3.83	1.65	1.00
117	1.81	3.83	1.65	1.00
118	1.83	3.79	1.65	1.00
119	1.85	3.74	1.65	1.00
120	1.89	3.71	1.65	1.00
121	1.93	3.67	1.65	1.00
122	1.94	3.61	1.65	1.00
123	1.96	3.55	1.65	1.00
124	2.01	3.54	1.65	1.00
125	2.07	3.54	1.65	1.00
126	2.11	3.54	1.65	1.00
127	2.15	3.53	1.65	1.00
128	2.20	3.54	1.65	1.00
129	2.25	3.55	1.65	1.00
130	2.29	3.56	1.65	1.00
131	2.34	3.56	1.65	1.00
132	2.36	3.54	1.65	1.00
133	2.39	3.51	1.65	1.00
134	2.44	3.50	1.65	1.00
135	2.48	3.49	1.65	1.00
136	2.53	3.48	1.65	1.00
137	2.58	3.46	1.65	1.00
138	2.63	3.43	1.65	1.00
139	2.68	3.41	1.65	1.00
140	2.72	3.39	1.65	1.00
141	2.77	3.37	1.65	1.00
142	2.81	3.35	1.65	1.00
143	2.85	3.34	1.65	1.00
144	2.88	3.32	1.65	1.00
145	2.91	3.30	1.65	1.00
146	2.97	3.32	1.65	1.00
147	3.04	3.34	1.64	1.00
148	3.10	3.35	1.64	1.00
149	3.16	3.35	1.64	1.00
150	3.21	3.35	1.64	1.00
151	3.27	3.34	1.64	1.00
152	3.32	3.33	1.64	1.00
153	3.36	3.32	1.64	1.00
154	3.40	3.28	1.64	1.00
155	3.44	3.25	1.64	1.00
156	3.48	3.24	1.64	1.00
157	3.53	3.23	1.64	1.00
158	3.59	3.24	1.64	1.00
159	3.65	3.25	1.64	1.00
160	3.70	3.25	1.64	1.00
161	3.76	3.25	1.64	1.00
162	3.79	3.23	1.64	1.00
163	3.82	3.21	1.64	1.00
164	3.87	3.21	1.64	1.00
165	3.91	3.21	1.64	2.00
166	3.92	3.18	1.64	2.00
167	3.93	3.16	1.64	3.00
168	3.97	3.15	1.64	3.00
169	4.01	3.15	1.64	1.00
170	4.03	3.12	1.64	1.00
171	4.04	3.10	1.64	1.00
172	4.07	3.08	1.64	1.00
173	4.10	3.06	1.64	1.00
174	4.11	3.02	1.64	1.00
175	4.11	2.99	1.64	1.00
176	4.11	2.94	1.64	1.00
177	4.10	2.89	1.64	1.00
178	4.15	2.87	1.64	1.00
179	4.20	2.85	1.64	1.00
180	4.24	2.83	1.64	1.00
181	4.28	2.81	1.64	1.00
182	4.28	2.76	1.64	1.00
183	4.28	2.70	1.64	1.00
184	4.31	2.68	1.64	1.00
185	4.34	2.66	1.64	1.00
186	4.43	2.67	1.64	1.00
187	4.53	2.68	1.64	1.00
188	4.59	2.68	1.64	1.00
189	4.66	2.67	1.64	1.00
190	4.71	2.66	1.63	1.00
191	4.76	2.65	1.63	1.00
192	4.90	2.68	1.63	1.00
193	5.04	2.71	1.63	2.00
194	5.07	2.69	1.63	2.00
195	5.10	2.68	1.63	3.00
196	5.10	2.65	1.63	3.00
197	5.10	2.62	1.63	3.00
198	5.13	2.59	1.63	3.00
199	5.16	2.56	1.63	3.00
200	5.18	2.52	1.63	3.00
201	5.21	2.49	1.63	3.00
202	5.23	2.45	1.63	3.00
203	5.25	2.41	1.63	1.00
204	5.25	2.38	1.63	1.00
205	5.26	2.34	1.64	3.00
206	5.25	2.30	1.64	3.00
207	5.25	2.27	1.64	3.00
208	5.22	2.23	1.64	3.00
209	5.20	2.20	1.64	1.00
210	5.22	2.19	1.64	1.00
211	5.24	2.17	1.64	1.00
212	5.20	2.13	1.64	1.00
213	5.15	2.09	1.64	1.00
214	5.20	2.06	1.64	1.00
215	5.24	2.02	1.64	1.00
216	5.25	1.99	1.64	1.00
217	5.25	1.96	1.64	1.00
218	5.33	1.96	1.63	1.00
219	5.40	1.96	1.63	1.00
220	5.42	1.93	1.63	1.00
221	5.44	1.91	1.63	1.00
222	5.48	1.88	1.63	1.00
223	5.52	1.85	1.63	1.00
224	5.54	1.82	1.63	1.00
225	5.56	1.79	1.63	1.00
226	5.59	1.77	1.63	1.00
227	5.63	1.74	1.63	1.00
Target 5 (frames from 1 to 27)
Bounding Boxes (frame, x, y, width, height)
1	582	284	85	171
2	585	285	87	174
3	588	285	88	176
4	591	286	89	178
5	594	286	90	180
6	598	287	90	181
7	601	287	91	183
8	604	287	92	184
9	608	287	92	185
10	611	286	92	185
11	615	286	93	186
12	619	285	93	186
13	622	283	93	186
14	625	282	93	186
15	628	282	92	185
16	632	281	92	185
17	635	281	92	184
18	639	282	92	184
19	642	282	92	184
20	646	283	91	183
21	649	285	91	183
22	653	286	91	183
23	656	288	91	183
24	660	290	91	183
25	663	293	91	183
26	666	296	91	183
27	670	299	91	182
3D Trajetory (frame, x, z, height, pose)
1	-0.16	4.95	1.69	1.00
2	-0.14	4.85	1.70	1.00
3	-0.12	4.76	1.71	1.00
4	-0.13	4.81	1.72	1.00
5	-0.13	4.87	1.72	1.00
6	-0.12	4.81	1.73	1.00
7	-0.10	4.75	1.74	1.00
8	-0.09	4.70	1.72	1.00
9	-0.09	4.65	1.70	1.00
10	-0.07	4.64	1.71	1.00
11	-0.05	4.63	1.72	1.00
12	-0.02	4.60	1.73	1.00
13	0.01	4.57	1.75	1.00
14	0.03	4.62	1.74	1.00
15	0.05	4.68	1.74	1.00
16	0.09	4.70	1.73	1.00
17	0.13	4.71	1.71	1.00
18	0.17	4.70	1.71	1.00
19	0.21	4.69	1.70	1.00
20	0.23	4.68	1.70	1.00
21	0.25	4.67	1.70	1.00
22	0.28	4.67	1.70	1.00
23	0.30	4.67	1.70	1.00
24	0.35	4.67	1.71	1.00
25	0.39	4.67	1.71	1.00
26	0.43	4.67	1.71	1.00
27	0.48	4.68	1.71	1.00
Target 6 (frames from 5 to 315)
Bounding Boxes (frame, x, y, width, height)
5	124	294	93	186
6	127	291	94	189
7	129	288	95	191
8	131	286	97	194
9	134	283	97	195
10	136	281	98	197
11	138	280	99	198
12	141	278	99	198
13	143	277	99	198
14	145	277	99	198
15	147	276	98	197
16	150	276	97	195
17	152	276	96	193
18	155	277	95	191
19	157	278	94	189
20	159	280	94	188
21	162	282	93	186
22	164	284	92	185
23	166	287	92	184
24	167	289	92	184
25	169	291	92	184
26	171	293	92	184
27	173	295	92	184
28	175	296	92	184
29	178	296	92	184
30	181	296	91	183
31	183	296	91	183
32	186	296	91	182
33	189	295	90	181
34	193	294	90	180
35	197	293	89	179
36	201	293	89	178
37	205	292	88	177
38	209	291	88	177
39	214	291	88	176
40	218	291	88	176
41	222	291	87	175
42	226	292	87	175
43	230	292	87	175
44	233	293	87	174
45	237	293	87	174
46	239	294	86	173
47	242	295	86	173
48	244	296	86	173
49	246	297	86	173
50	248	298	86	173
51	249	299	86	173
52	250	300	86	173
53	251	301	87	174
54	252	303	87	174
55	253	304	87	175
56	253	305	87	175
57	254	306	88	176
58	254	306	88	177
59	255	307	89	178
60	256	308	89	178
61	257	308	89	179
62	258	308	90	180
63	259	308	90	180
64	260	308	90	180
65	262	307	90	180
66	263	307	90	180
67	264	307	90	180
68	265	307	89	179
69	266	307	89	179
70	267	307	89	179
71	268	308	89	178
72	268	309	89	178
73	268	309	89	178
74	269	310	88	177
75	270	310	88	176
76	271	311	87	175
77	273	312	86	173
78	274	312	86	172
79	275	312	85	171
80	277	312	84	169
81	278	312	84	168
82	279	312	83	167
83	280	312	82	165
84	280	312	82	164
85	280	312	82	164
86	280	313	81	163
87	280	313	81	163
88	280	314	81	163
89	280	314	81	163
90	281	315	81	163
91	283	315	81	162
92	285	316	80	161
93	287	316	80	160
94	290	317	79	158
95	293	317	78	157
96	296	317	77	155
97	300	317	77	154
98	304	317	76	153
99	308	317	75	151
100	311	317	75	150
101	314	317	74	148
102	317	318	73	147
103	319	318	73	146
104	320	317	72	145
105	322	317	72	144
106	323	317	72	144
107	323	316	72	144
108	323	315	72	144
109	323	315	72	145
110	322	314	72	145
111	321	313	73	146
112	321	312	73	146
113	320	311	73	147
114	319	311	74	148
115	319	311	75	150
116	320	310	75	151
117	320	311	76	152
118	322	311	76	153
119	323	311	77	154
120	325	312	78	156
121	327	312	78	157
122	328	313	79	158
123	330	314	80	160
124	332	315	80	161
125	333	315	81	163
126	335	316	81	163
127	337	316	82	164
128	339	317	82	164
129	340	317	82	165
130	341	317	82	165
131	343	317	82	165
132	345	317	82	165
133	347	317	83	166
134	349	317	83	166
135	351	317	83	166
136	354	317	83	166
137	356	317	82	165
138	359	317	82	165
139	361	318	82	164
140	363	318	82	164
141	365	318	81	163
142	366	319	81	162
143	367	319	80	160
144	368	319	79	159
145	368	319	79	158
146	368	318	78	157
147	367	318	78	156
148	367	317	78	156
149	366	316	77	155
150	365	316	77	155
151	364	315	77	155
152	363	314	77	154
153	363	313	77	154
154	363	313	77	154
155	363	313	76	153
156	364	314	76	153
157	366	314	76	153
158	367	315	76	152
159	369	316	75	151
160	371	317	75	150
161	373	318	74	149
162	375	320	74	148
163	378	321	73	147
164	380	323	72	145
165	383	324	72	144
166	385	325	71	143
167	387	325	70	141
168	389	326	70	140
169	391	326	70	140
170	393	327	69	139
171	395	328	69	139
172	397	328	69	139
173	398	329	70	140
174	400	329	70	141
175	402	329	71	142
176	403	329	71	143
177	404	330	72	144
178	406	330	72	145
179	407	330	73	146
180	408	331	73	146
181	409	331	73	147
182	411	331	73	147
183	412	330	73	147
184	414	330	73	147
185	416	330	73	147
186	417	330	73	147
187	419	329	73	147
188	421	329	73	146
189	422	329	72	145
190	424	329	72	145
191	426	329	72	144
192	428	330	72	144
193	430	330	71	143
194	432	331	71	143
195	433	332	71	143
196	435	333	71	142
197	436	334	71	142
198	437	335	71	142
199	439	336	71	142
200	441	337	70	141
201	442	338	70	141
202	444	338	70	140
203	446	339	69	139
204	448	339	69	138
205	451	339	68	137
206	453	339	68	136
207	455	339	68	136
208	456	339	67	135
209	458	339	67	134
210	460	339	67	134
211	460	338	66	133
212	461	338	66	133
213	461	337	66	133
214	462	337	66	133
215	462	337	66	133
216	463	336	66	133
217	464	336	66	133
218	465	335	66	133
219	466	335	66	133
220	467	335	66	133
221	468	335	66	133
222	469	334	66	133
223	471	335	66	133
224	472	335	66	133
225	473	335	66	132
226	474	335	66	132
227	474	335	66	132
228	475	336	65	131
229	475	336	65	131
230	476	337	65	131
231	477	337	65	130
232	478	337	64	129
233	479	337	64	128
234	480	337	64	128
235	481	337	63	127
236	482	336	63	126
237	483	336	63	126
238	484	336	62	125
239	484	336	62	124
240	484	336	62	124
241	484	336	62	124
242	484	337	62	124
243	484	337	61	123
244	484	338	62	124
245	484	338	62	124
246	484	338	62	124
247	484	338	61	123
248	484	338	61	123
249	485	337	61	123
250	486	336	61	122
251	487	336	61	122
252	488	335	60	121
253	489	335	60	120
254	490	334	60	120
255	491	334	60	120
256	491	334	60	120
257	492	334	59	119
258	492	335	59	119
259	492	335	60	120
260	491	335	60	120
261	490	335	60	121
262	488	335	60	121
263	487	335	60	121
264	485	334	61	122
265	484	334	61	122
266	482	333	60	121
267	481	333	60	121
268	481	333	60	121
269	481	333	60	120
270	481	333	59	119
271	481	334	59	118
272	482	335	58	117
273	483	336	58	116
274	484	337	57	115
275	485	339	57	114
276	486	340	56	113
277	487	341	56	112
278	487	341	55	111
279	488	342	55	110
280	488	342	55	110
281	489	343	54	109
282	489	343	54	109
283	490	343	54	108
284	490	343	54	108
285	490	343	53	107
286	490	343	53	107
287	491	343	53	107
288	491	343	53	106
289	491	343	53	106
290	491	343	53	106
291	490	342	52	105
292	490	342	52	105
293	490	342	52	105
294	490	342	52	104
295	489	341	52	104
296	489	341	51	103
297	489	341	51	102
298	490	340	51	102
299	490	340	50	101
300	491	340	50	101
301	491	340	50	100
302	491	340	49	99
303	492	340	49	99
304	492	340	49	98
305	492	339	49	98
306	492	339	48	97
307	492	339	48	97
308	492	338	48	97
309	492	338	48	96
310	491	338	48	96
311	491	337	48	96
312	491	337	47	95
313	491	337	47	95
314	490	336	47	95
315	490	336	47	95
3D Trajetory (frame, x, z, height, pose)
5	-4.40	4.44	1.68	1.00
6	-4.37	4.37	1.70	1.00
7	-4.34	4.30	1.72	1.00
8	-4.29	4.26	1.74	1.00
9	-4.23	4.23	1.75	1.00
10	-4.22	4.22	1.76	1.00
11	-4.21	4.21	1.76	2.00
12	-4.21	4.20	1.76	2.00
13	-4.21	4.19	1.76	2.00
14	-4.22	4.21	1.76	2.00
15	-4.22	4.23	1.77	2.00
16	-4.18	4.21	1.76	2.00
17	-4.15	4.19	1.76	1.00
18	-4.25	4.33	1.76	1.00
19	-4.35	4.47	1.76	1.00
20	-4.33	4.49	1.75	1.00
21	-4.32	4.50	1.75	1.00
22	-4.33	4.52	1.75	1.00
23	-4.34	4.54	1.74	1.00
24	-4.27	4.48	1.73	1.00
25	-4.21	4.43	1.72	1.00
26	-4.12	4.38	1.71	1.00
27	-4.03	4.32	1.70	1.00
28	-4.03	4.37	1.70	1.00
29	-4.03	4.43	1.70	1.00
30	-3.96	4.42	1.69	1.00
31	-3.88	4.41	1.68	1.00
32	-3.88	4.49	1.69	1.00
33	-3.88	4.57	1.69	1.00
34	-3.88	4.66	1.69	1.00
35	-3.88	4.75	1.69	1.00
36	-3.79	4.73	1.69	1.00
37	-3.71	4.71	1.69	3.00
38	-3.63	4.72	1.69	3.00
39	-3.56	4.72	1.68	3.00
40	-3.55	4.80	1.68	3.00
41	-3.54	4.88	1.68	3.00
42	-3.45	4.88	1.68	3.00
43	-3.36	4.87	1.68	1.00
44	-3.31	4.92	1.68	1.00
45	-3.25	4.96	1.68	1.00
46	-3.20	4.98	1.68	1.00
47	-3.15	5.00	1.68	3.00
48	-3.09	5.05	1.68	3.00
49	-3.04	5.11	1.68	3.00
50	-2.97	5.10	1.68	3.00
51	-2.90	5.10	1.68	3.00
52	-2.83	5.13	1.68	3.00
53	-2.77	5.16	1.68	1.00
54	-2.70	5.17	1.68	1.00
55	-2.62	5.18	1.68	1.00
56	-2.55	5.17	1.68	1.00
57	-2.47	5.17	1.68	1.00
58	-2.40	5.18	1.68	1.00
59	-2.33	5.19	1.68	1.00
60	-2.26	5.19	1.68	1.00
61	-2.20	5.19	1.68	1.00
62	-2.12	5.18	1.68	1.00
63	-2.05	5.16	1.68	1.00
64	-1.96	5.19	1.68	1.00
65	-1.87	5.23	1.68	1.00
66	-1.79	5.25	1.68	1.00
67	-1.71	5.28	1.68	1.00
68	-1.64	5.31	1.67	1.00
69	-1.56	5.33	1.67	1.00
70	-1.50	5.41	1.68	1.00
71	-1.43	5.48	1.68	1.00
72	-1.37	5.47	1.67	1.00
73	-1.31	5.46	1.67	1.00
74	-1.24	5.46	1.67	1.00
75	-1.18	5.47	1.67	1.00
76	-1.10	5.50	1.67	1.00
77	-1.02	5.54	1.67	1.00
78	-0.95	5.61	1.67	1.00
79	-0.88	5.68	1.67	1.00
80	-0.84	5.82	1.67	1.00
81	-0.79	5.97	1.68	1.00
82	-0.73	5.99	1.68	1.00
83	-0.67	6.02	1.68	1.00
84	-0.60	6.00	1.68	1.00
85	-0.53	5.99	1.68	1.00
86	-0.47	5.99	1.68	1.00
87	-0.41	5.98	1.68	1.00
88	-0.35	6.04	1.68	1.00
89	-0.30	6.10	1.68	1.00
90	-0.24	6.14	1.68	1.00
91	-0.18	6.18	1.68	1.00
92	-0.12	6.15	1.68	1.00
93	-0.05	6.11	1.68	1.00
94	0.02	6.16	1.68	1.00
95	0.09	6.21	1.68	1.00
96	0.17	6.30	1.69	1.00
97	0.25	6.40	1.69	1.00
98	0.33	6.45	1.69	1.00
99	0.41	6.51	1.69	1.00
100	0.48	6.52	1.69	1.00
101	0.55	6.54	1.69	1.00
102	0.64	6.53	1.69	1.00
103	0.72	6.53	1.69	1.00
104	0.79	6.56	1.69	1.00
105	0.86	6.59	1.69	3.00
106	0.93	6.61	1.69	3.00
107	1.00	6.64	1.69	3.00
108	1.07	6.61	1.68	3.00
109	1.14	6.58	1.68	3.00
110	1.18	6.52	1.68	3.00
111	1.23	6.47	1.68	3.00
112	1.28	6.40	1.68	3.00
113	1.33	6.33	1.68	3.00
114	1.37	6.25	1.68	3.00
115	1.41	6.16	1.68	3.00
116	1.48	6.18	1.67	3.00
117	1.54	6.19	1.67	3.00
118	1.58	6.09	1.67	3.00
119	1.62	5.98	1.67	3.00
120	1.65	5.87	1.67	3.00
121	1.67	5.75	1.67	1.00
122	1.72	5.70	1.67	1.00
123	1.77	5.64	1.67	1.00
124	1.81	5.55	1.67	1.00
125	1.85	5.46	1.67	1.00
126	1.87	5.44	1.67	1.00
127	1.89	5.42	1.67	1.00
128	1.92	5.35	1.67	1.00
129	1.95	5.29	1.67	1.00
130	2.02	5.27	1.67	1.00
131	2.08	5.25	1.67	1.00
132	2.14	5.25	1.67	1.00
133	2.20	5.24	1.67	1.00
134	2.24	5.18	1.67	1.00
135	2.28	5.12	1.67	1.00
136	2.31	5.07	1.67	1.00
137	2.35	5.02	1.67	1.00
138	2.40	5.00	1.67	1.00
139	2.45	4.99	1.67	1.00
140	2.50	4.96	1.67	1.00
141	2.54	4.93	1.67	1.00
142	2.63	5.01	1.67	1.00
143	2.72	5.08	1.67	1.00
144	2.79	5.08	1.67	1.00
145	2.86	5.08	1.67	1.00
146	2.91	5.07	1.67	1.00
147	2.95	5.06	1.67	1.00
148	3.00	5.05	1.67	1.00
149	3.05	5.05	1.67	1.00
150	3.10	5.03	1.67	1.00
151	3.15	5.02	1.67	1.00
152	3.20	5.00	1.67	1.00
153	3.26	4.99	1.67	1.00
154	3.31	4.98	1.67	1.00
155	3.35	4.98	1.67	1.00
156	3.39	4.96	1.67	1.00
157	3.43	4.95	1.67	1.00
158	3.47	4.93	1.67	1.00
159	3.51	4.92	1.67	3.00
160	3.55	4.90	1.67	3.00
161	3.59	4.87	1.67	2.00
162	3.63	4.86	1.67	2.00
163	3.67	4.84	1.67	1.00
164	3.79	4.91	1.67	1.00
165	3.90	4.98	1.67	1.00
166	3.96	4.99	1.67	1.00
167	4.02	5.00	1.66	1.00
168	4.08	5.00	1.66	1.00
169	4.13	4.99	1.66	1.00
170	4.16	4.94	1.66	1.00
171	4.18	4.90	1.66	2.00
172	4.19	4.83	1.66	2.00
173	4.20	4.76	1.66	2.00
174	4.20	4.70	1.66	2.00
175	4.20	4.63	1.66	2.00
176	4.23	4.58	1.66	2.00
177	4.27	4.53	1.66	2.00
178	4.26	4.45	1.66	2.00
179	4.26	4.37	1.66	3.00
180	4.24	4.30	1.66	3.00
181	4.22	4.22	1.66	3.00
182	4.24	4.19	1.66	3.00
183	4.26	4.16	1.66	3.00
184	4.30	4.13	1.66	3.00
185	4.34	4.11	1.66	1.00
186	4.38	4.08	1.66	1.00
187	4.42	4.04	1.66	1.00
188	4.47	4.01	1.66	1.00
189	4.52	3.99	1.66	1.00
190	4.56	3.97	1.66	1.00
191	4.60	3.95	1.66	2.00
192	4.63	3.92	1.65	2.00
193	4.65	3.90	1.65	2.00
194	4.69	3.87	1.65	2.00
195	4.72	3.84	1.65	2.00
196	4.74	3.80	1.65	2.00
197	4.76	3.76	1.65	2.00
198	4.81	3.73	1.65	2.00
199	4.86	3.71	1.65	1.00
200	4.87	3.67	1.65	1.00
201	4.88	3.64	1.65	1.00
202	4.93	3.61	1.65	1.00
203	4.99	3.59	1.65	3.00
204	5.04	3.57	1.65	3.00
205	5.09	3.55	1.65	2.00
206	5.21	3.56	1.65	2.00
207	5.32	3.56	1.66	3.00
208	5.35	3.52	1.66	3.00
209	5.38	3.49	1.66	1.00
210	5.41	3.46	1.66	1.00
211	5.44	3.43	1.66	1.00
212	5.46	3.38	1.65	1.00
213	5.47	3.34	1.65	1.00
214	5.48	3.31	1.65	1.00
215	5.48	3.28	1.65	1.00
216	5.49	3.25	1.65	1.00
217	5.49	3.22	1.65	2.00
218	5.50	3.19	1.65	2.00
219	5.51	3.16	1.65	2.00
220	5.54	3.11	1.65	2.00
221	5.57	3.07	1.65	3.00
222	5.58	3.04	1.65	3.00
223	5.60	3.01	1.65	1.00
224	5.63	3.00	1.65	1.00
225	5.65	2.99	1.65	3.00
226	5.68	2.97	1.64	3.00
227	5.70	2.94	1.64	2.00
228	5.72	2.92	1.64	2.00
229	5.74	2.90	1.64	1.00
230	5.75	2.87	1.64	1.00
231	5.77	2.83	1.64	1.00
232	5.82	2.82	1.64	1.00
233	5.88	2.80	1.64	1.00
234	5.94	2.78	1.64	1.00
235	5.99	2.75	1.64	2.00
236	6.06	2.74	1.64	2.00
237	6.13	2.72	1.64	2.00
238	6.17	2.71	1.63	2.00
239	6.20	2.69	1.63	2.00
240	6.19	2.65	1.63	2.00
241	6.18	2.62	1.63	3.00
242	6.19	2.60	1.63	3.00
243	6.19	2.57	1.63	3.00
244	6.22	2.55	1.63	3.00
245	6.25	2.53	1.63	3.00
246	6.27	2.52	1.63	3.00
247	6.30	2.50	1.63	2.00
248	6.30	2.47	1.63	2.00
249	6.31	2.45	1.63	2.00
250	6.32	2.42	1.63	2.00
251	6.33	2.40	1.63	1.00
252	6.40	2.39	1.63	1.00
253	6.48	2.38	1.63	2.00
254	6.53	2.35	1.63	2.00
255	6.58	2.32	1.63	2.00
256	6.58	2.29	1.63	2.00
257	6.59	2.26	1.63	1.00
258	6.60	2.24	1.63	1.00
259	6.61	2.21	1.63	2.00
260	6.54	2.19	1.63	2.00
261	6.48	2.17	1.63	2.00
262	6.49	2.16	1.63	2.00
263	6.49	2.15	1.63	2.00
264	6.48	2.14	1.63	2.00
265	6.46	2.12	1.63	2.00
266	6.49	2.12	1.63	2.00
267	6.51	2.12	1.63	2.00
268	6.57	2.11	1.63	2.00
269	6.63	2.09	1.63	2.00
270	6.68	2.07	1.62	2.00
271	6.72	2.05	1.62	2.00
272	6.78	2.04	1.62	2.00
273	6.84	2.03	1.62	2.00
274	6.91	2.01	1.62	2.00
275	6.97	2.00	1.62	1.00
276	7.04	2.00	1.62	1.00
277	7.12	1.99	1.61	1.00
278	7.16	1.97	1.61	1.00
279	7.19	1.94	1.61	1.00
280	7.24	1.93	1.61	1.00
281	7.28	1.92	1.61	2.00
282	7.31	1.89	1.61	2.00
283	7.34	1.87	1.61	2.00
284	7.38	1.85	1.61	2.00
285	7.43	1.83	1.61	2.00
286	7.46	1.79	1.61	2.00
287	7.49	1.76	1.61	2.00
288	7.52	1.73	1.61	2.00
289	7.55	1.70	1.61	2.00
290	7.57	1.70	1.61	2.00
291	7.59	1.69	1.61	2.00
292	7.63	1.68	1.61	2.00
293	7.66	1.67	1.61	2.00
294	7.71	1.65	1.61	2.00
295	7.76	1.63	1.61	1.00
296	7.80	1.60	1.61	1.00
297	7.84	1.58	1.61	1.00
298	7.89	1.55	1.61	1.00
299	7.94	1.52	1.61	1.00
300	8.00	1.49	1.61	1.00
301	8.06	1.46	1.60	1.00
302	8.11	1.43	1.60	1.00
303	8.17	1.40	1.60	2.00
304	8.21	1.38	1.60	2.00
305	8.25	1.35	1.60	2.00
306	8.27	1.32	1.60	2.00
307	8.30	1.29	1.60	2.00
308	8.33	1.27	1.60	2.00
309	8.37	1.24	1.60	2.00
310	8.39	1.22	1.60	2.00
311	8.42	1.19	1.60	2.00
312	8.44	1.17	1.60	2.00
313	8.47	1.15	1.60	2.00
314	8.51	1.12	1.60	2.00
315	8.55	1.09	1.60	2.00
Target 7 (frames from 101 to 315)
Bounding Boxes (frame, x, y, width, height)
101	697	312	84	168
102	695	311	84	168
103	693	310	84	168
104	691	309	84	168
105	690	308	84	168
106	688	308	84	168
107	687	307	84	168
108	685	307	84	168
109	684	306	84	169
110	683	306	84	169
111	681	305	84	169
112	679	305	84	169
113	678	305	84	169
114	677	304	84	169
115	677	305	84	169
116	676	305	84	168
117	676	305	84	168
118	676	306	83	167
119	676	307	83	166
120	676	308	82	165
121	676	309	82	164
122	676	310	81	162
123	676	311	80	161
124	676	312	79	159
125	676	313	79	158
126	675	314	78	157
127	675	315	78	157
128	675	315	78	157
129	674	316	78	157
130	674	316	78	157
131	674	316	78	157
132	674	316	78	157
133	674	316	78	157
134	674	316	78	157
135	675	316	78	157
136	675	316	78	157
137	676	316	78	157
138	677	316	78	156
139	677	316	78	156
140	678	317	78	156
141	678	317	77	155
142	679	317	77	154
143	678	317	77	154
144	678	317	76	153
145	677	317	76	153
146	676	317	76	152
147	674	316	76	152
148	672	316	75	151
149	670	315	75	150
150	667	314	74	149
151	665	313	74	149
152	663	313	74	148
153	661	312	73	147
154	659	312	73	146
155	658	312	72	145
156	658	313	72	144
157	657	313	71	143
158	658	314	71	143
159	658	315	71	142
160	659	316	70	141
161	659	317	70	141
162	660	318	70	141
163	660	320	70	141
164	661	321	70	141
165	661	322	70	141
166	662	322	70	141
167	663	323	71	142
168	664	323	71	142
169	664	323	71	142
170	665	324	71	143
171	665	325	71	143
172	665	325	71	143
173	665	326	71	143
174	666	326	71	142
175	666	326	71	142
176	666	327	71	142
177	665	327	71	142
178	665	328	70	141
179	664	328	70	141
180	664	329	70	140
181	663	329	70	140
182	663	329	70	140
183	662	329	69	139
184	662	328	69	139
185	663	328	69	139
186	663	328	69	138
187	664	328	69	138
188	665	328	68	137
189	666	328	68	137
190	667	328	68	136
191	668	328	68	136
192	670	328	67	135
193	671	329	67	134
194	672	330	67	134
195	672	331	66	133
196	672	332	66	133
197	672	333	66	133
198	672	334	66	132
199	672	335	66	132
200	672	336	65	131
201	672	337	65	131
202	672	337	65	130
203	673	338	64	129
204	673	338	64	129
205	674	338	64	128
206	674	339	63	127
207	675	339	63	127
208	675	339	63	126
209	675	338	63	126
210	676	338	62	125
211	676	338	62	124
212	676	337	62	124
213	676	337	62	124
214	676	336	61	123
215	676	336	61	123
216	676	336	61	122
217	676	335	61	122
218	677	335	61	122
219	677	334	61	122
220	678	334	60	121
221	679	334	60	121
222	679	334	60	121
223	680	334	60	121
224	681	334	60	121
225	681	334	60	121
226	681	335	60	120
227	682	335	60	120
228	682	335	60	120
229	681	336	60	120
230	681	336	60	120
231	681	336	60	120
232	680	336	60	120
233	680	336	60	120
234	679	336	60	120
235	679	336	60	120
236	678	335	60	120
237	677	335	60	120
238	676	335	60	120
239	676	334	60	120
240	675	335	59	119
241	674	335	59	119
242	673	335	59	119
243	672	336	59	118
244	671	336	59	118
245	670	337	59	118
246	669	337	59	118
247	668	337	58	117
248	667	336	58	117
249	667	336	58	117
250	666	335	58	117
251	666	335	58	117
252	666	334	58	117
253	666	334	58	117
254	666	333	58	117
255	667	333	58	117
256	667	333	58	117
257	668	333	58	117
258	669	334	58	117
259	669	334	58	117
260	670	334	58	117
261	670	334	58	117
262	670	334	58	117
263	669	334	58	117
264	668	333	58	116
265	667	333	58	116
266	666	332	58	116
267	665	332	58	116
268	664	332	57	115
269	663	332	57	115
270	662	333	57	114
271	661	333	57	114
272	660	334	56	113
273	660	335	56	112
274	659	336	55	111
275	659	337	55	110
276	659	338	55	110
277	659	339	54	109
278	659	340	54	108
279	658	340	53	107
280	658	341	53	106
281	657	341	53	106
282	656	341	52	105
283	655	341	52	105
284	654	341	52	104
285	653	341	52	104
286	653	341	51	103
287	652	341	51	103
288	651	341	51	102
289	651	341	50	101
290	650	341	50	101
291	650	341	50	100
292	649	341	50	100
293	649	340	49	99
294	648	340	49	99
295	647	340	49	98
296	645	339	49	98
297	644	339	49	98
298	642	339	49	98
299	641	339	49	98
300	639	339	49	98
301	638	338	49	98
302	636	338	49	98
303	635	338	49	98
304	634	338	49	98
305	633	337	49	98
306	632	337	49	98
307	631	337	49	98
308	630	336	48	97
309	629	336	48	97
310	628	336	48	97
311	628	335	48	96
312	627	335	48	96
313	627	335	48	96
314	626	334	47	95
315	626	334	47	95
3D Trajetory (frame, x, z, height, pose)
101	3.86	3.72	1.74	1.00
102	3.83	3.66	1.75	1.00
103	3.80	3.60	1.75	1.00
104	3.83	3.57	1.75	1.00
105	3.86	3.53	1.75	1.00
106	3.87	3.50	1.75	1.00
107	3.88	3.47	1.76	1.00
108	3.91	3.44	1.75	1.00
109	3.95	3.42	1.74	1.00
110	3.96	3.39	1.74	1.00
111	3.97	3.35	1.74	1.00
112	4.01	3.34	1.73	1.00
113	4.04	3.32	1.73	1.00
114	4.03	3.26	1.72	1.00
115	4.01	3.20	1.72	1.00
116	3.99	3.14	1.71	1.00
117	3.97	3.07	1.71	1.00
118	4.04	3.05	1.71	1.00
119	4.10	3.02	1.71	1.00
120	4.21	3.08	1.71	1.00
121	4.32	3.13	1.71	1.00
122	4.35	3.13	1.71	1.00
123	4.37	3.13	1.71	1.00
124	4.41	3.13	1.70	1.00
125	4.45	3.13	1.70	1.00
126	4.48	3.11	1.70	1.00
127	4.50	3.10	1.70	1.00
128	4.51	3.05	1.70	1.00
129	4.51	3.00	1.70	1.00
130	4.53	2.96	1.70	1.00
131	4.55	2.93	1.70	4.00
132	4.56	2.89	1.70	4.00
133	4.57	2.86	1.70	4.00
134	4.60	2.81	1.70	4.00
135	4.63	2.77	1.70	4.00
136	4.68	2.78	1.70	4.00
137	4.72	2.80	1.70	2.00
138	4.73	2.75	1.70	2.00
139	4.73	2.70	1.70	1.00
140	4.76	2.65	1.70	1.00
141	4.79	2.61	1.70	1.00
142	4.84	2.60	1.70	1.00
143	4.89	2.59	1.70	1.00
144	4.93	2.57	1.69	1.00
145	4.97	2.56	1.69	1.00
146	5.01	2.53	1.69	1.00
147	5.04	2.50	1.69	1.00
148	5.07	2.47	1.70	1.00
149	5.10	2.44	1.70	1.00
150	5.13	2.44	1.70	1.00
151	5.15	2.44	1.69	1.00
152	5.17	2.41	1.69	1.00
153	5.18	2.38	1.70	1.00
154	5.25	2.38	1.69	1.00
155	5.31	2.38	1.69	1.00
156	5.37	2.38	1.69	1.00
157	5.42	2.39	1.69	1.00
158	5.46	2.38	1.69	1.00
159	5.50	2.36	1.69	1.00
160	5.52	2.34	1.69	1.00
161	5.54	2.32	1.69	1.00
162	5.56	2.28	1.70	1.00
163	5.57	2.24	1.70	1.00
164	5.57	2.21	1.70	1.00
165	5.57	2.19	1.70	1.00
166	5.59	2.17	1.70	1.00
167	5.60	2.15	1.70	1.00
168	5.60	2.11	1.70	1.00
169	5.60	2.07	1.70	1.00
170	5.60	2.03	1.70	1.00
171	5.59	1.99	1.70	1.00
172	5.59	1.95	1.70	1.00
173	5.60	1.91	1.70	1.00
174	5.60	1.89	1.70	1.00
175	5.61	1.86	1.69	1.00
176	5.66	1.86	1.70	1.00
177	5.70	1.86	1.70	1.00
178	5.76	1.85	1.70	1.00
179	5.81	1.83	1.70	1.00
180	5.81	1.81	1.70	1.00
181	5.81	1.78	1.70	1.00
182	5.80	1.75	1.70	1.00
183	5.80	1.73	1.70	1.00
184	5.81	1.71	1.70	1.00
185	5.82	1.69	1.70	1.00
186	5.85	1.66	1.69	1.00
187	5.88	1.63	1.69	3.00
188	5.93	1.60	1.69	3.00
189	5.98	1.57	1.69	3.00
190	6.02	1.53	1.68	3.00
191	6.06	1.50	1.68	1.00
192	6.08	1.45	1.68	1.00
193	6.09	1.40	1.68	1.00
194	6.11	1.38	1.68	1.00
195	6.13	1.36	1.68	1.00
196	6.16	1.35	1.68	1.00
197	6.19	1.34	1.68	1.00
198	6.24	1.31	1.68	1.00
199	6.28	1.28	1.68	2.00
200	6.28	1.26	1.68	2.00
201	6.28	1.24	1.68	2.00
202	6.31	1.22	1.68	2.00
203	6.34	1.19	1.68	1.00
204	6.41	1.17	1.68	1.00
205	6.47	1.14	1.68	1.00
206	6.51	1.11	1.68	1.00
207	6.54	1.07	1.68	2.00
208	6.57	1.04	1.68	2.00
209	6.61	1.01	1.68	2.00
210	6.64	0.98	1.68	2.00
211	6.67	0.96	1.67	2.00
212	6.69	0.93	1.67	2.00
213	6.72	0.90	1.67	1.00
214	6.74	0.87	1.67	1.00
215	6.75	0.84	1.68	2.00
216	6.78	0.81	1.67	2.00
217	6.81	0.79	1.67	2.00
218	6.83	0.76	1.67	2.00
219	6.85	0.73	1.67	2.00
220	6.86	0.70	1.67	2.00
221	6.88	0.67	1.67	2.00
222	6.88	0.64	1.67	2.00
223	6.87	0.62	1.67	2.00
224	6.88	0.58	1.67	2.00
225	6.88	0.55	1.67	1.00
226	6.89	0.53	1.67	1.00
227	6.89	0.50	1.67	3.00
228	6.91	0.47	1.67	3.00
229	6.93	0.45	1.66	3.00
230	6.94	0.42	1.66	3.00
231	6.95	0.40	1.66	2.00
232	6.93	0.37	1.66	2.00
233	6.91	0.35	1.66	2.00
234	6.89	0.33	1.66	2.00
235	6.88	0.31	1.66	2.00
236	6.87	0.29	1.66	2.00
237	6.86	0.27	1.66	4.00
238	6.90	0.25	1.66	4.00
239	6.95	0.23	1.66	4.00
240	6.97	0.21	1.66	4.00
241	6.98	0.20	1.66	2.00
242	6.99	0.18	1.66	2.00
243	6.99	0.16	1.66	2.00
244	6.99	0.14	1.66	2.00
245	6.99	0.13	1.65	2.00
246	7.00	0.12	1.65	2.00
247	7.02	0.11	1.65	2.00
248	7.03	0.10	1.65	2.00
249	7.04	0.10	1.65	2.00
250	7.04	0.08	1.65	2.00
251	7.05	0.07	1.65	2.00
252	7.04	0.04	1.65	2.00
253	7.04	0.01	1.65	2.00
254	7.03	-0.02	1.65	2.00
255	7.02	-0.06	1.65	2.00
256	7.02	-0.08	1.65	2.00
257	7.01	-0.11	1.65	2.00
258	7.01	-0.14	1.65	2.00
259	7.00	-0.18	1.65	2.00
260	7.01	-0.20	1.65	2.00
261	7.01	-0.22	1.65	2.00
262	7.02	-0.24	1.65	2.00
263	7.04	-0.27	1.65	2.00
264	7.07	-0.31	1.65	2.00
265	7.11	-0.35	1.65	2.00
266	7.11	-0.35	1.65	2.00
267	7.11	-0.35	1.64	2.00
268	7.10	-0.35	1.64	2.00
269	7.08	-0.35	1.64	2.00
270	7.11	-0.36	1.64	2.00
271	7.13	-0.37	1.64	2.00
272	7.19	-0.41	1.64	2.00
273	7.24	-0.44	1.64	2.00
274	7.33	-0.46	1.64	2.00
275	7.41	-0.49	1.64	2.00
276	7.46	-0.50	1.64	2.00
277	7.51	-0.51	1.64	2.00
278	7.59	-0.52	1.64	2.00
279	7.66	-0.54	1.64	4.00
280	7.67	-0.56	1.64	4.00
281	7.69	-0.58	1.64	4.00
282	7.72	-0.59	1.64	4.00
283	7.75	-0.60	1.64	4.00
284	7.78	-0.62	1.64	4.00
285	7.80	-0.63	1.64	2.00
286	7.84	-0.65	1.64	2.00
287	7.88	-0.67	1.64	2.00
288	7.92	-0.69	1.64	2.00
289	7.97	-0.72	1.64	2.00
290	8.05	-0.75	1.64	2.00
291	8.14	-0.77	1.64	1.00
292	8.17	-0.79	1.64	1.00
293	8.20	-0.81	1.64	1.00
294	8.22	-0.83	1.64	1.00
295	8.24	-0.85	1.64	1.00
296	8.26	-0.87	1.64	1.00
297	8.28	-0.89	1.64	4.00
298	8.28	-0.89	1.64	4.00
299	8.28	-0.90	1.64	2.00
300	8.28	-0.90	1.64	2.00
301	8.29	-0.90	1.64	2.00
302	8.23	-0.90	1.64	2.00
303	8.18	-0.90	1.64	2.00
304	8.20	-0.93	1.64	2.00
305	8.22	-0.96	1.64	2.00
306	8.21	-0.98	1.64	2.00
307	8.20	-1.00	1.64	1.00
308	8.22	-1.02	1.63	1.00
309	8.25	-1.05	1.63	1.00
310	8.30	-1.07	1.63	1.00
311	8.35	-1.09	1.63	1.00
312	8.36	-1.11	1.63	1.00
313	8.37	-1.13	1.63	1.00
314	8.41	-1.16	1.63	1.00
315	8.46	-1.19	1.63	1.00
Target 8 (frames from 245 to 315)
Bounding Boxes (frame, x, y, width, height)
245	571	358	57	115
246	571	357	57	115
247	570	355	57	115
248	570	354	57	115
249	570	353	57	115
250	569	352	57	115
251	569	352	57	115
252	569	351	57	115
253	569	351	57	115
254	568	350	58	116
255	568	350	57	115
256	568	350	57	115
257	568	351	58	116
258	568	351	58	116
259	568	351	58	116
260	567	351	58	116
261	567	351	58	116
262	567	351	58	117
263	566	351	58	117
264	566	350	58	116
265	565	349	58	116
266	564	349	58	116
267	564	349	58	116
268	563	348	58	116
269	562	348	58	116
270	562	349	57	115
271	561	349	57	114
272	562	350	56	113
273	562	351	56	112
274	563	352	55	111
275	564	354	55	110
276	565	355	54	109
277	566	355	54	108
278	567	356	53	106
279	568	357	52	105
280	569	357	52	104
281	569	357	51	103
282	570	357	51	102
283	571	357	51	102
284	571	357	50	101
285	572	357	50	100
286	572	357	50	100
287	572	357	49	99
288	573	356	49	98
289	573	356	49	98
290	573	356	48	97
291	573	356	48	96
292	572	355	48	96
293	572	355	47	95
294	571	355	47	95
295	571	354	47	94
296	570	354	47	94
297	570	354	46	93
298	569	353	46	93
299	569	353	46	93
300	569	353	46	93
301	568	353	46	93
302	568	353	46	93
303	568	353	46	93
304	567	352	46	93
305	566	352	46	93
306	566	351	46	93
307	565	351	46	93
308	565	350	47	94
309	564	350	47	94
310	564	349	47	94
311	563	349	47	94
312	562	348	47	94
313	562	348	47	94
314	561	347	47	94
315	560	346	47	95
3D Trajetory (frame, x, z, height, pose)
245	5.89	1.31	1.38	1.00
246	5.91	1.30	1.41	1.00
247	5.93	1.28	1.43	1.00
248	5.96	1.27	1.43	1.00
249	6.00	1.27	1.43	1.00
250	5.99	1.24	1.42	1.00
251	5.99	1.21	1.42	1.00
252	6.00	1.21	1.42	1.00
253	6.02	1.20	1.41	1.00
254	6.02	1.18	1.41	1.00
255	6.02	1.17	1.41	2.00
256	5.99	1.15	1.42	2.00
257	5.95	1.13	1.42	4.00
258	5.97	1.10	1.42	4.00
259	5.98	1.08	1.42	1.00
260	5.97	1.06	1.42	1.00
261	5.96	1.04	1.42	1.00
262	6.00	1.02	1.42	1.00
263	6.03	1.01	1.42	1.00
264	6.02	0.99	1.42	1.00
265	6.01	0.98	1.43	1.00
266	6.02	0.96	1.42	1.00
267	6.03	0.94	1.42	1.00
268	6.05	0.92	1.42	1.00
269	6.08	0.91	1.43	1.00
270	6.10	0.90	1.42	1.00
271	6.13	0.88	1.42	4.00
272	6.16	0.87	1.42	4.00
273	6.20	0.85	1.42	4.00
274	6.25	0.84	1.42	4.00
275	6.29	0.83	1.42	4.00
276	6.42	0.81	1.41	4.00
277	6.55	0.78	1.41	4.00
278	6.58	0.76	1.41	4.00
279	6.61	0.74	1.41	2.00
280	6.69	0.70	1.41	2.00
281	6.76	0.67	1.41	2.00
282	6.79	0.66	1.41	2.00
283	6.83	0.64	1.41	1.00
284	6.89	0.62	1.41	1.00
285	6.94	0.59	1.41	1.00
286	6.98	0.57	1.41	1.00
287	7.01	0.55	1.41	1.00
288	7.07	0.52	1.41	1.00
289	7.12	0.49	1.41	2.00
290	7.20	0.46	1.41	2.00
291	7.27	0.44	1.41	2.00
292	7.31	0.42	1.41	2.00
293	7.34	0.40	1.41	3.00
294	7.40	0.39	1.41	3.00
295	7.45	0.39	1.41	1.00
296	7.48	0.38	1.41	1.00
297	7.52	0.37	1.41	1.00
298	7.50	0.35	1.41	1.00
299	7.49	0.33	1.41	1.00
300	7.50	0.29	1.40	1.00
301	7.50	0.24	1.40	1.00
302	7.52	0.19	1.40	1.00
303	7.53	0.15	1.40	1.00
304	7.54	0.14	1.40	1.00
305	7.55	0.12	1.41	1.00
306	7.53	0.11	1.41	1.00
307	7.51	0.10	1.42	1.00
308	7.50	0.09	1.42	1.00
309	7.49	0.08	1.42	1.00
310	7.49	0.07	1.42	1.00
311	7.50	0.06	1.42	1.00
312	7.51	0.01	1.42	1.00
313	7.51	-0.03	1.43	2.00
314	7.54	-0.07	1.43	2.00
315	7.56	-0.11	1.43	2.00
