Total frames 342
Number of Targets 17
Target 1 (frames from 1 to 112)
Bounding Boxes (frame, x, y, width, height)
1	281	195	42	85
2	281	195	42	85
3	281	195	43	86
4	281	195	43	86
5	281	195	43	86
6	281	195	43	87
7	281	195	43	87
8	281	195	43	87
9	281	195	44	88
10	281	195	44	88
11	281	195	44	88
12	281	195	44	88
13	281	195	44	88
14	280	195	44	88
15	280	195	44	89
16	280	195	44	89
17	280	195	44	89
18	280	195	44	89
19	280	195	44	89
20	280	195	44	89
21	280	195	44	89
22	279	195	45	90
23	279	195	45	90
24	279	195	45	90
25	279	195	45	90
26	279	195	45	91
27	279	195	45	91
28	279	195	45	91
29	279	194	46	92
30	278	194	46	92
31	278	194	46	92
32	278	194	46	93
33	278	193	46	93
34	278	193	46	93
35	278	193	47	94
36	278	193	47	94
37	279	193	46	93
38	279	193	46	93
39	279	194	46	93
40	279	194	46	93
41	280	194	46	92
42	280	194	46	92
43	280	194	46	92
44	281	194	46	92
45	281	194	46	92
46	281	194	46	92
47	282	194	46	92
48	283	194	46	92
49	284	195	45	91
50	284	195	45	91
51	285	195	45	91
52	286	195	45	91
53	286	196	45	90
54	287	196	45	90
55	288	197	45	90
56	288	197	45	90
57	289	197	44	89
58	289	197	44	89
59	289	197	44	89
60	289	197	44	89
61	289	197	44	89
62	289	197	45	90
63	289	196	45	90
64	289	195	45	91
65	289	195	45	91
66	290	194	46	92
67	290	194	46	93
68	290	194	46	93
69	291	194	46	93
70	291	193	46	93
71	292	193	47	94
72	293	193	47	94
73	294	192	47	94
74	294	192	47	95
75	295	192	47	95
76	296	192	47	95
77	297	191	47	95
78	298	191	47	95
79	299	191	47	95
80	300	191	47	95
81	301	191	47	95
82	302	191	47	95
83	303	191	47	94
84	304	191	47	94
85	305	192	47	94
86	306	193	46	93
87	307	193	46	93
88	308	193	46	93
89	309	193	46	93
90	310	193	46	93
91	311	193	46	93
92	312	192	47	94
93	313	192	47	94
94	314	191	47	95
95	314	190	48	96
96	315	189	48	97
97	316	189	49	98
98	317	188	49	98
99	318	187	49	99
100	319	187	50	100
101	321	187	50	100
102	322	187	50	100
103	323	187	50	100
104	324	187	50	100
105	326	187	50	100
106	327	187	50	101
107	328	187	50	101
108	330	187	50	101
109	331	188	50	100
110	333	188	50	100
111	334	189	50	100
112	336	189	50	100
3D Trajetory (frame, x, z, height, pose)
1	-1.86	9.57	1.64	4.00
2	-1.87	9.56	1.65	2.00
3	-1.87	9.54	1.63	2.00
4	-1.85	9.46	1.63	2.00
5	-1.85	9.42	1.65	2.00
6	-1.83	9.37	1.63	2.00
7	-1.82	9.34	1.63	2.00
8	-1.81	9.28	1.63	2.00
9	-1.80	9.23	1.62	2.00
10	-1.80	9.21	1.62	2.00
11	-1.80	9.16	1.63	2.00
12	-1.80	9.13	1.63	2.00
13	-1.80	9.16	1.63	2.00
14	-1.79	9.12	1.62	2.00
15	-1.80	9.14	1.63	2.00
16	-1.79	9.14	1.63	2.00
17	-1.79	9.13	1.61	2.00
18	-1.80	9.12	1.61	2.00
19	-1.78	9.09	1.62	2.00
20	-1.78	9.07	1.63	2.00
21	-1.78	9.05	1.64	2.00
22	-1.77	9.03	1.64	2.00
23	-1.76	9.00	1.63	2.00
24	-1.77	8.98	1.62	2.00
25	-1.77	8.96	1.62	2.00
26	-1.77	8.94	1.63	2.00
27	-1.76	8.92	1.62	2.00
28	-1.76	8.89	1.63	2.00
29	-1.74	8.87	1.63	2.00
30	-1.74	8.84	1.63	2.00
31	-1.73	8.83	1.63	2.00
32	-1.74	8.81	1.64	2.00
33	-1.74	8.81	1.65	2.00
34	-1.73	8.79	1.65	2.00
35	-1.73	8.78	1.66	2.00
36	-1.72	8.76	1.66	2.00
37	-1.71	8.76	1.66	2.00
38	-1.70	8.78	1.64	2.00
39	-1.71	8.79	1.63	2.00
40	-1.71	8.77	1.63	2.00
41	-1.70	8.79	1.63	2.00
42	-1.69	8.79	1.62	2.00
43	-1.68	8.78	1.62	2.00
44	-1.68	8.78	1.62	2.00
45	-1.68	8.77	1.61	4.00
46	-1.67	8.77	1.61	4.00
47	-1.66	8.76	1.61	4.00
48	-1.66	8.76	1.60	4.00
49	-1.65	8.75	1.61	2.00
50	-1.64	8.76	1.62	2.00
51	-1.62	8.77	1.62	2.00
52	-1.61	8.77	1.61	2.00
53	-1.59	8.78	1.61	2.00
54	-1.59	8.80	1.59	2.00
55	-1.59	8.81	1.59	2.00
56	-1.59	8.83	1.58	2.00
57	-1.57	8.84	1.58	2.00
58	-1.57	8.87	1.59	2.00
59	-1.56	8.89	1.59	2.00
60	-1.56	8.90	1.59	2.00
61	-1.56	8.92	1.60	2.00
62	-1.55	8.91	1.61	2.00
63	-1.55	8.92	1.63	2.00
64	-1.55	8.92	1.63	2.00
65	-1.55	8.92	1.63	2.00
66	-1.55	8.92	1.64	2.00
67	-1.54	8.94	1.66	2.00
68	-1.53	8.96	1.68	2.00
69	-1.53	8.95	1.70	2.00
70	-1.52	8.94	1.71	4.00
71	-1.51	8.93	1.72	4.00
72	-1.50	8.95	1.69	4.00
73	-1.49	8.94	1.69	4.00
74	-1.46	8.95	1.68	4.00
75	-1.44	8.94	1.68	4.00
76	-1.43	8.95	1.68	4.00
77	-1.42	8.93	1.71	4.00
78	-1.40	8.90	1.73	2.00
79	-1.38	8.90	1.73	2.00
80	-1.36	8.89	1.71	2.00
81	-1.35	8.92	1.71	2.00
82	-1.34	8.92	1.70	4.00
83	-1.33	8.92	1.69	4.00
84	-1.32	8.93	1.68	4.00
85	-1.31	8.94	1.68	4.00
86	-1.31	8.95	1.67	4.00
87	-1.28	8.95	1.67	4.00
88	-1.26	8.98	1.67	4.00
89	-1.25	8.98	1.67	4.00
90	-1.22	8.98	1.67	4.00
91	-1.21	8.98	1.67	4.00
92	-1.19	8.99	1.68	2.00
93	-1.18	8.98	1.69	2.00
94	-1.17	8.99	1.71	2.00
95	-1.13	8.97	1.73	2.00
96	-1.10	8.96	1.75	2.00
97	-1.08	8.98	1.76	2.00
98	-1.05	8.96	1.78	2.00
99	-1.03	8.96	1.79	2.00
100	-1.00	8.94	1.80	2.00
101	-0.98	8.91	1.78	2.00
102	-0.96	8.89	1.78	2.00
103	-0.93	8.86	1.79	2.00
104	-0.90	8.85	1.79	2.00
105	-0.87	8.83	1.78	2.00
106	-0.84	8.80	1.77	2.00
107	-0.82	8.78	1.75	2.00
108	-0.80	8.77	1.74	2.00
109	-0.77	8.76	1.76	2.00
110	-0.74	8.75	1.76	2.00
111	-0.70	8.74	1.77	2.00
112	-0.68	8.74	1.77	2.00
Target 2 (frames from 1 to 107)
Bounding Boxes (frame, x, y, width, height)
1	250	191	44	88
2	249	191	44	88
3	247	191	44	89
4	246	191	44	89
5	245	191	44	89
6	244	191	45	90
7	244	191	45	90
8	243	191	45	90
9	242	191	45	90
10	242	191	45	90
11	241	191	45	90
12	241	192	45	90
13	241	192	45	90
14	241	192	45	90
15	241	192	45	90
16	241	193	45	90
17	241	193	45	90
18	241	193	45	90
19	241	193	45	90
20	241	193	45	90
21	242	193	45	90
22	242	194	45	90
23	242	194	45	90
24	242	194	45	90
25	242	194	45	90
26	242	193	45	91
27	242	193	45	91
28	243	193	45	91
29	243	193	45	91
30	243	192	46	92
31	243	192	46	92
32	243	192	46	93
33	243	191	46	93
34	243	191	46	93
35	243	191	47	94
36	243	190	47	94
37	243	190	47	95
38	243	190	47	95
39	243	189	47	95
40	242	189	48	96
41	242	189	48	96
42	242	188	48	96
43	242	188	48	96
44	243	188	48	96
45	243	188	48	96
46	243	188	48	96
47	244	188	48	96
48	244	189	48	96
49	245	189	47	95
50	246	190	47	95
51	247	190	47	95
52	248	190	47	95
53	248	190	47	95
54	249	190	47	95
55	250	190	47	95
56	251	189	48	96
57	251	189	48	96
58	252	188	48	97
59	253	188	48	97
60	254	188	48	97
61	254	188	49	98
62	255	187	49	98
63	256	187	49	98
64	257	187	49	98
65	258	188	49	98
66	258	188	49	98
67	259	188	49	98
68	259	188	49	98
69	260	188	49	98
70	260	188	49	99
71	260	187	49	99
72	260	187	49	99
73	261	187	49	99
74	261	187	49	99
75	261	187	49	99
76	262	187	49	98
77	262	187	49	98
78	263	188	48	97
79	264	188	48	97
80	264	188	48	97
81	265	188	48	96
82	266	188	48	96
83	268	188	48	96
84	269	188	48	96
85	270	188	48	96
86	272	187	48	97
87	273	186	49	98
88	275	185	49	99
89	276	185	50	100
90	278	184	50	101
91	279	183	51	102
92	280	183	51	102
93	281	182	51	103
94	283	182	51	103
95	284	182	51	103
96	285	182	51	103
97	286	181	52	104
98	286	181	52	104
99	288	181	52	104
100	289	180	52	105
101	290	180	52	105
102	291	180	53	106
103	292	179	53	106
104	293	179	53	107
105	294	178	54	108
106	296	178	54	108
107	297	177	54	109
3D Trajetory (frame, x, z, height, pose)
1	-2.54	9.86	1.70	2.00
2	-2.53	9.73	1.74	2.00
3	-2.50	9.63	1.74	2.00
4	-2.52	9.60	1.74	2.00
5	-2.54	9.60	1.73	2.00
6	-2.56	9.56	1.73	2.00
7	-2.57	9.53	1.73	2.00
8	-2.57	9.48	1.72	2.00
9	-2.57	9.44	1.71	2.00
10	-2.57	9.43	1.71	2.00
11	-2.56	9.39	1.71	2.00
12	-2.55	9.34	1.70	2.00
13	-2.55	9.34	1.69	2.00
14	-2.56	9.34	1.68	2.00
15	-2.55	9.29	1.68	2.00
16	-2.54	9.28	1.67	2.00
17	-2.54	9.29	1.66	2.00
18	-2.54	9.28	1.66	2.00
19	-2.53	9.26	1.66	2.00
20	-2.52	9.24	1.67	2.00
21	-2.51	9.21	1.68	2.00
22	-2.51	9.22	1.68	2.00
23	-2.50	9.22	1.67	2.00
24	-2.50	9.21	1.67	2.00
25	-2.49	9.21	1.67	2.00
26	-2.48	9.19	1.67	2.00
27	-2.48	9.19	1.67	2.00
28	-2.47	9.18	1.67	2.00
29	-2.46	9.18	1.67	2.00
30	-2.46	9.17	1.69	2.00
31	-2.45	9.14	1.69	2.00
32	-2.44	9.12	1.71	2.00
33	-2.44	9.12	1.71	2.00
34	-2.44	9.11	1.72	2.00
35	-2.44	9.11	1.72	2.00
36	-2.43	9.09	1.72	2.00
37	-2.42	9.07	1.73	2.00
38	-2.41	9.06	1.73	2.00
39	-2.41	9.07	1.72	2.00
40	-2.40	9.05	1.72	2.00
41	-2.39	9.02	1.74	2.00
42	-2.39	9.01	1.75	2.00
43	-2.39	8.99	1.75	2.00
44	-2.39	8.98	1.75	2.00
45	-2.38	8.99	1.75	2.00
46	-2.39	9.00	1.75	2.00
47	-2.38	8.98	1.76	2.00
48	-2.37	8.99	1.73	2.00
49	-2.36	8.99	1.71	2.00
50	-2.35	8.99	1.70	2.00
51	-2.33	8.97	1.70	2.00
52	-2.32	8.98	1.71	2.00
53	-2.31	8.98	1.72	2.00
54	-2.30	9.01	1.70	2.00
55	-2.28	9.02	1.70	2.00
56	-2.26	9.03	1.72	2.00
57	-2.25	9.03	1.75	2.00
58	-2.23	9.04	1.77	2.00
59	-2.21	9.03	1.78	2.00
60	-2.20	9.03	1.79	2.00
61	-2.20	9.03	1.78	2.00
62	-2.16	9.04	1.79	2.00
63	-2.14	9.05	1.79	2.00
64	-2.12	9.05	1.78	2.00
65	-2.11	9.07	1.77	2.00
66	-2.10	9.06	1.77	2.00
67	-2.09	9.06	1.77	2.00
68	-2.09	9.06	1.79	2.00
69	-2.09	9.07	1.78	2.00
70	-2.09	9.08	1.80	2.00
71	-2.09	9.09	1.80	2.00
72	-2.08	9.09	1.81	2.00
73	-2.08	9.09	1.82	2.00
74	-2.08	9.08	1.83	2.00
75	-2.08	9.06	1.83	2.00
76	-2.07	9.07	1.81	2.00
77	-2.06	9.08	1.78	2.00
78	-2.07	9.11	1.76	2.00
79	-2.06	9.12	1.76	2.00
80	-2.06	9.12	1.77	2.00
81	-2.06	9.18	1.77	2.00
82	-2.03	9.19	1.77	2.00
83	-2.01	9.18	1.78	2.00
84	-2.00	9.22	1.76	2.00
85	-1.98	9.20	1.78	2.00
86	-1.96	9.18	1.80	2.00
87	-1.93	9.14	1.81	2.00
88	-1.89	9.16	1.80	2.00
89	-1.84	9.15	1.81	2.00
90	-1.80	9.15	1.84	2.00
91	-1.76	9.14	1.88	2.00
92	-1.74	9.12	1.90	2.00
93	-1.70	9.11	1.91	2.00
94	-1.68	9.12	1.92	2.00
95	-1.68	9.13	1.90	4.00
96	-1.66	9.12	1.90	4.00
97	-1.64	9.14	1.88	4.00
98	-1.62	9.12	1.88	4.00
99	-1.59	9.13	1.87	4.00
100	-1.57	9.14	1.89	4.00
101	-1.54	9.11	1.90	4.00
102	-1.51	9.08	1.93	4.00
103	-1.48	9.05	1.94	4.00
104	-1.46	9.03	1.95	4.00
105	-1.43	9.03	1.96	4.00
106	-1.39	9.01	1.97	2.00
107	-1.35	8.99	1.98	2.00
Target 3 (frames from 4 to 105)
Bounding Boxes (frame, x, y, width, height)
4	336	184	57	114
5	338	183	58	116
6	341	181	58	117
7	343	181	59	118
8	346	180	60	120
9	349	179	60	120
10	352	179	60	121
11	355	178	61	122
12	359	178	61	122
13	362	178	61	122
14	367	178	61	122
15	371	179	60	121
16	375	180	60	121
17	380	180	60	120
18	384	180	60	120
19	387	181	59	119
20	391	181	59	119
21	394	181	59	119
22	398	181	60	120
23	401	181	60	120
24	404	181	60	120
25	407	181	60	120
26	410	181	60	121
27	413	182	60	120
28	417	182	60	120
29	420	183	60	120
30	424	183	60	120
31	428	183	60	120
32	432	183	60	121
33	436	182	61	122
34	441	180	62	124
35	445	178	63	126
36	448	176	64	128
37	452	175	65	130
38	456	173	66	132
39	459	172	66	133
40	462	171	67	134
41	466	170	67	134
42	469	170	67	134
43	472	170	66	133
44	476	171	66	132
45	479	172	65	131
46	483	173	65	130
47	487	174	64	128
48	491	175	63	127
49	496	176	63	126
50	500	176	62	125
51	504	176	62	125
52	508	176	62	125
53	512	176	62	125
54	515	176	63	126
55	519	176	63	126
56	522	175	63	126
57	526	175	63	127
58	530	175	63	127
59	534	175	63	127
60	538	175	64	128
61	542	174	64	129
62	546	174	65	130
63	551	173	65	131
64	556	173	66	132
65	560	172	66	132
66	565	172	66	133
67	569	173	66	133
68	574	173	67	134
69	578	173	67	134
70	582	173	67	134
71	587	173	67	134
72	591	173	67	135
73	595	172	68	136
74	599	172	68	136
75	603	172	68	137
76	607	171	68	137
77	611	170	69	138
78	615	170	69	139
79	619	169	70	140
80	624	168	71	142
81	628	167	71	143
82	633	167	72	144
83	638	166	72	145
84	642	166	73	146
85	645	166	73	147
86	649	166	74	148
87	652	166	75	150
88	655	165	75	151
89	659	165	76	153
90	662	164	77	155
91	665	164	78	157
92	668	164	79	158
93	671	164	79	158
94	675	165	78	157
95	679	165	78	157
96	683	166	78	156
97	688	167	78	156
98	693	168	77	155
99	698	169	76	153
100	704	171	76	152
101	710	172	75	150
102	717	174	74	148
103	724	176	73	146
104	731	177	71	143
105	739	180	70	141
3D Trajetory (frame, x, z, height, pose)
4	-0.46	7.17	1.64	1.00
5	-0.46	7.16	1.67	1.00
6	-0.43	7.14	1.67	1.00
7	-0.41	7.18	1.70	1.00
8	-0.39	7.17	1.71	1.00
9	-0.38	7.21	1.71	1.00
10	-0.25	7.06	1.75	1.00
11	-0.19	7.03	1.75	1.00
12	-0.15	7.03	1.74	1.00
13	-0.10	7.00	1.74	1.00
14	-0.06	7.03	1.73	1.00
15	-0.00	7.00	1.72	1.00
16	0.05	7.00	1.72	1.00
17	0.12	7.10	1.68	1.00
18	0.18	7.14	1.67	1.00
19	0.25	7.14	1.68	1.00
20	0.31	7.15	1.68	1.00
21	0.37	7.11	1.71	1.00
22	0.39	7.10	1.70	1.00
23	0.43	7.08	1.72	1.00
24	0.48	7.06	1.72	1.00
25	0.51	7.01	1.72	1.00
26	0.55	6.98	1.71	1.00
27	0.59	6.96	1.70	1.00
28	0.65	6.97	1.67	1.00
29	0.69	6.96	1.67	1.00
30	0.74	6.94	1.66	1.00
31	0.80	6.90	1.64	1.00
32	0.85	6.88	1.65	1.00
33	0.90	6.86	1.67	1.00
34	0.97	6.82	1.67	1.00
35	1.02	6.78	1.67	1.00
36	1.09	6.81	1.72	1.00
37	1.17	6.79	1.77	1.00
38	1.22	6.79	1.82	1.00
39	1.27	6.79	1.84	1.00
40	1.33	6.77	1.85	1.00
41	1.37	6.75	1.86	1.00
42	1.38	6.75	1.85	1.00
43	1.39	6.73	1.85	1.00
44	1.48	6.84	1.79	1.00
45	1.53	6.87	1.78	3.00
46	1.59	6.90	1.76	3.00
47	1.65	6.93	1.75	3.00
48	1.71	6.94	1.75	3.00
49	1.77	6.96	1.75	1.00
50	1.83	6.98	1.76	1.00
51	1.90	6.99	1.76	1.00
52	1.96	7.01	1.77	1.00
53	2.02	7.04	1.78	1.00
54	2.06	7.03	1.78	1.00
55	2.11	7.03	1.79	1.00
56	2.17	7.04	1.78	1.00
57	2.23	7.04	1.78	1.00
58	2.26	7.00	1.78	3.00
59	2.31	6.97	1.79	3.00
60	2.36	6.94	1.80	3.00
61	2.42	6.92	1.80	3.00
62	2.48	6.91	1.80	3.00
63	2.54	6.87	1.79	4.00
64	2.60	6.84	1.79	4.00
65	2.64	6.79	1.79	4.00
66	2.70	6.74	1.80	1.00
67	2.74	6.68	1.83	1.00
68	2.80	6.69	1.82	1.00
69	2.87	6.66	1.83	1.00
70	2.89	6.63	1.81	1.00
71	2.93	6.63	1.78	1.00
72	2.96	6.61	1.77	1.00
73	3.01	6.63	1.78	1.00
74	3.06	6.61	1.77	1.00
75	3.10	6.57	1.79	1.00
76	3.15	6.52	1.81	1.00
77	3.21	6.49	1.80	1.00
78	3.25	6.45	1.81	1.00
79	3.27	6.40	1.83	1.00
80	3.28	6.34	1.85	1.00
81	3.31	6.32	1.83	1.00
82	3.35	6.33	1.80	1.00
83	3.39	6.30	1.80	1.00
84	3.41	6.21	1.81	1.00
85	3.42	6.15	1.81	1.00
86	3.47	6.10	1.80	1.00
87	3.49	6.00	1.79	1.00
88	3.48	5.92	1.80	1.00
89	3.50	5.87	1.79	1.00
90	3.48	5.83	1.79	1.00
91	3.43	5.74	1.78	1.00
92	3.38	5.64	1.78	1.00
93	3.36	5.55	1.79	1.00
94	3.45	5.55	1.78	1.00
95	3.53	5.56	1.77	1.00
96	3.59	5.59	1.76	1.00
97	3.61	5.54	1.74	1.00
98	3.68	5.56	1.73	1.00
99	3.82	5.69	1.69	1.00
100	3.90	5.71	1.67	1.00
101	3.96	5.72	1.68	1.00
102	4.03	5.71	1.68	1.00
103	4.06	5.66	1.69	1.00
104	4.12	5.65	1.62	1.00
105	4.17	5.62	1.62	1.00
Target 4 (frames from 60 to 91)
Bounding Boxes (frame, x, y, width, height)
60	725	156	84	169
61	722	156	84	168
62	719	157	84	168
63	716	158	83	167
64	713	158	83	167
65	710	159	83	167
66	707	159	83	167
67	705	159	83	167
68	702	159	83	167
69	699	159	84	168
70	697	158	84	169
71	694	158	85	171
72	692	157	86	172
73	690	157	86	173
74	688	156	86	173
75	686	156	86	173
76	684	156	86	173
77	682	156	86	173
78	680	156	86	173
79	678	156	86	172
80	676	156	86	172
81	674	155	86	172
82	672	155	86	172
83	670	155	86	172
84	667	155	86	172
85	665	155	86	172
86	663	156	86	172
87	660	156	86	172
88	658	156	86	172
89	655	156	86	172
90	652	157	86	172
91	650	157	86	172
3D Trajetory (frame, x, z, height, pose)
60	3.88	5.26	1.86	3.00
61	3.85	5.27	1.85	3.00
62	3.91	5.40	1.77	3.00
63	3.91	5.44	1.77	3.00
64	3.90	5.47	1.78	3.00
65	3.87	5.49	1.79	3.00
66	3.81	5.44	1.80	3.00
67	3.78	5.44	1.81	3.00
68	3.71	5.38	1.80	3.00
69	3.65	5.32	1.80	3.00
70	3.60	5.27	1.80	3.00
71	3.51	5.17	1.80	3.00
72	3.46	5.15	1.80	3.00
73	3.44	5.17	1.81	3.00
74	3.41	5.15	1.80	3.00
75	3.43	5.24	1.81	3.00
76	3.44	5.27	1.80	3.00
77	3.42	5.28	1.80	3.00
78	3.37	5.23	1.81	3.00
79	3.36	5.25	1.83	3.00
80	3.33	5.24	1.82	3.00
81	3.32	5.21	1.81	3.00
82	3.30	5.28	1.79	3.00
83	3.27	5.26	1.79	3.00
84	3.24	5.26	1.81	3.00
85	3.20	5.27	1.83	3.00
86	3.18	5.25	1.84	3.00
87	3.16	5.26	1.83	3.00
88	3.14	5.27	1.82	3.00
89	3.11	5.29	1.80	3.00
90	3.09	5.29	1.81	3.00
91	3.07	5.29	1.80	3.00
Target 5 (frames from 90 to 342)
Bounding Boxes (frame, x, y, width, height)
90	-13	94	155	310
91	-5	90	157	315
92	3	87	160	320
93	12	84	162	325
94	20	82	164	329
95	29	79	167	334
96	39	77	169	338
97	48	75	170	341
98	58	74	172	345
99	68	73	174	348
100	78	70	176	353
101	87	67	179	359
102	98	67	180	361
103	109	67	181	363
104	122	67	182	364
105	135	68	182	365
106	148	70	182	364
107	162	73	181	362
108	174	75	180	360
109	186	78	179	358
110	198	81	177	355
111	209	84	176	352
112	220	88	173	347
113	230	91	172	344
114	239	93	170	341
115	247	95	169	339
116	254	96	169	338
117	261	96	169	338
118	268	96	169	338
119	275	95	169	338
120	282	95	169	339
121	289	94	170	340
122	297	92	171	342
123	305	91	171	343
124	313	91	171	342
125	321	91	170	341
126	329	91	170	340
127	336	92	169	339
128	343	93	168	336
129	351	96	166	333
130	358	99	164	328
131	365	101	162	325
132	372	103	161	323
133	378	105	160	320
134	383	106	159	318
135	389	108	158	316
136	394	110	156	313
137	399	111	155	311
138	404	113	154	308
139	409	114	152	305
140	413	115	151	302
141	418	115	150	300
142	422	115	149	298
143	426	115	148	297
144	430	114	148	296
145	434	114	147	295
146	438	115	146	292
147	444	117	144	289
148	449	118	143	286
149	455	120	141	283
150	460	121	140	281
151	465	122	139	279
152	470	123	138	277
153	474	124	137	274
154	479	125	135	271
155	482	126	134	269
156	486	126	133	267
157	489	127	132	265
158	491	127	132	264
159	493	127	131	263
160	495	127	130	261
161	497	127	130	260
162	499	128	129	258
163	501	128	128	256
164	503	129	127	254
165	506	130	126	252
166	507	130	125	251
167	509	130	125	251
168	511	129	125	251
169	512	128	125	251
170	513	127	126	252
171	514	126	126	253
172	516	124	127	254
173	517	124	127	254
174	519	123	127	254
175	520	123	127	254
176	522	123	126	253
177	524	124	125	251
178	526	126	124	248
179	528	127	123	246
180	530	130	121	242
181	532	132	119	238
182	533	135	117	235
183	534	137	115	231
184	535	139	114	228
185	536	140	112	225
186	537	141	111	223
187	537	142	110	221
188	537	142	109	219
189	538	143	108	217
190	538	143	108	216
191	538	143	107	215
192	538	143	107	214
193	538	143	106	212
194	538	143	106	212
195	538	143	105	211
196	538	142	105	211
197	538	142	105	211
198	538	141	105	211
199	538	141	105	211
200	537	140	105	211
201	537	139	106	212
202	537	138	106	213
203	536	137	107	214
204	536	136	107	215
205	536	136	107	215
206	536	136	107	214
207	536	137	106	213
208	535	138	105	211
209	535	140	104	209
210	535	142	103	206
211	534	144	101	203
212	533	146	100	200
213	532	148	98	197
214	530	149	97	195
215	529	149	97	194
216	528	149	96	193
217	526	149	96	193
218	525	148	96	193
219	523	146	97	195
220	522	145	98	197
221	520	143	99	198
222	519	142	100	200
223	518	141	100	201
224	518	140	101	202
225	518	141	100	201
226	517	142	100	200
227	517	144	99	198
228	516	146	97	195
229	515	149	95	191
230	515	152	93	187
231	514	154	91	183
232	513	157	90	180
233	512	159	88	177
234	511	160	86	173
235	510	162	85	170
236	509	163	83	167
237	507	164	82	165
238	506	164	81	163
239	505	165	80	161
240	503	165	80	160
241	502	165	79	158
242	501	165	78	157
243	500	165	77	155
244	499	166	77	154
245	498	166	76	152
246	497	167	75	151
247	497	167	74	149
248	496	167	74	148
249	496	167	73	147
250	496	167	73	147
251	496	167	73	146
252	496	166	73	146
253	495	165	73	146
254	495	164	73	146
255	495	163	73	147
256	494	162	73	147
257	493	162	74	148
258	492	161	74	148
259	490	160	74	148
260	489	159	74	149
261	488	158	74	149
262	487	157	75	150
263	486	156	75	151
264	484	156	76	152
265	483	155	76	152
266	482	155	76	152
267	481	155	76	152
268	479	155	76	152
269	478	155	75	151
270	476	156	75	151
271	475	156	75	150
272	473	157	74	149
273	472	158	74	148
274	470	159	73	147
275	468	160	73	146
276	466	161	72	145
277	465	162	72	144
278	463	163	71	143
279	461	163	71	143
280	459	164	71	142
281	456	164	71	142
282	454	165	71	142
283	452	165	70	141
284	450	166	70	141
285	449	167	70	140
286	447	168	69	139
287	445	169	69	138
288	444	170	68	137
289	442	171	68	136
290	440	172	67	135
291	438	172	67	134
292	436	173	67	134
293	435	173	66	133
294	433	173	66	133
295	431	174	66	133
296	429	173	66	133
297	426	173	67	134
298	424	173	67	134
299	423	172	67	135
300	421	171	68	136
301	419	171	68	137
302	418	171	68	137
303	416	171	68	137
304	415	172	68	137
305	413	173	68	137
306	412	173	68	136
307	410	174	68	136
308	409	175	67	135
309	408	176	67	134
310	406	178	66	132
311	405	179	65	131
312	403	181	65	130
313	402	182	64	129
314	400	183	64	128
315	398	184	63	127
316	395	184	63	127
317	393	184	63	127
318	391	184	63	127
319	388	184	63	127
320	385	184	63	127
321	382	184	64	128
322	379	184	64	128
323	376	184	63	127
324	374	184	63	127
325	371	184	63	127
326	369	184	63	126
327	367	184	62	125
328	365	185	62	124
329	363	186	61	122
330	360	186	60	121
331	358	187	59	119
332	356	187	59	118
333	353	188	58	117
334	351	188	58	116
335	348	188	57	115
336	345	187	57	115
337	343	187	57	115
338	340	187	57	115
339	337	187	57	115
340	334	186	57	115
341	331	186	58	116
342	329	185	58	116
3D Trajetory (frame, x, z, height, pose)
90	-1.99	2.92	1.93	1.00
91	-1.94	2.88	1.90	1.00
92	-1.90	3.03	1.87	1.00
93	-1.82	2.99	1.88	1.00
94	-1.79	2.99	1.90	3.00
95	-1.68	2.96	1.89	3.00
96	-1.59	2.90	1.90	3.00
97	-1.51	2.83	1.92	3.00
98	-1.44	2.74	1.95	3.00
99	-1.35	2.72	1.94	3.00
100	-1.27	2.70	1.94	4.00
101	-1.20	2.69	1.94	4.00
102	-1.13	2.68	1.94	4.00
103	-1.06	2.66	1.94	1.00
104	-0.99	2.63	1.92	1.00
105	-0.92	2.62	1.89	1.00
106	-0.85	2.60	1.88	1.00
107	-0.79	2.61	1.87	1.00
108	-0.71	2.59	1.86	1.00
109	-0.64	2.58	1.86	1.00
110	-0.57	2.58	1.83	1.00
111	-0.50	2.56	1.82	4.00
112	-0.45	2.55	1.83	4.00
113	-0.42	2.58	1.78	4.00
114	-0.41	2.61	1.75	4.00
115	-0.37	2.62	1.74	4.00
116	-0.32	2.62	1.76	4.00
117	-0.28	2.63	1.74	4.00
118	-0.24	2.64	1.74	1.00
119	-0.21	2.64	1.74	1.00
120	-0.16	2.62	1.76	1.00
121	-0.12	2.55	1.81	1.00
122	-0.09	2.58	1.80	1.00
123	-0.05	2.60	1.80	1.00
124	-0.00	2.61	1.80	1.00
125	0.04	2.62	1.80	1.00
126	0.08	2.64	1.79	1.00
127	0.12	2.66	1.79	4.00
128	0.15	2.69	1.78	1.00
129	0.19	2.70	1.78	1.00
130	0.24	2.72	1.78	1.00
131	0.27	2.72	1.76	1.00
132	0.29	2.73	1.76	1.00
133	0.29	2.70	1.78	1.00
134	0.33	2.73	1.74	1.00
135	0.35	2.68	1.73	1.00
136	0.41	2.76	1.68	1.00
137	0.43	2.76	1.68	1.00
138	0.45	2.77	1.69	1.00
139	0.47	2.78	1.70	1.00
140	0.48	2.79	1.72	4.00
141	0.50	2.81	1.72	4.00
142	0.54	2.89	1.69	2.00
143	0.56	2.93	1.71	2.00
144	0.58	2.95	1.71	2.00
145	0.60	2.96	1.73	4.00
146	0.63	2.96	1.73	4.00
147	0.65	2.98	1.73	4.00
148	0.67	2.98	1.73	4.00
149	0.70	2.97	1.73	4.00
150	0.74	3.01	1.71	4.00
151	0.76	3.05	1.70	4.00
152	0.81	3.11	1.68	4.00
153	0.85	3.15	1.67	4.00
154	0.89	3.18	1.68	4.00
155	0.91	3.19	1.70	4.00
156	0.90	3.21	1.71	2.00
157	0.93	3.22	1.72	2.00
158	0.94	3.25	1.72	2.00
159	0.95	3.26	1.72	2.00
160	0.97	3.28	1.72	2.00
161	0.99	3.30	1.73	2.00
162	1.01	3.34	1.72	2.00
163	1.04	3.38	1.71	2.00
164	1.05	3.40	1.72	2.00
165	1.07	3.43	1.71	2.00
166	1.09	3.46	1.72	2.00
167	1.11	3.49	1.72	2.00
168	1.13	3.51	1.74	2.00
169	1.15	3.54	1.76	2.00
170	1.16	3.56	1.77	2.00
171	1.17	3.56	1.78	4.00
172	1.17	3.55	1.79	4.00
173	1.19	3.56	1.82	4.00
174	1.20	3.56	1.82	4.00
175	1.21	3.58	1.82	4.00
176	1.22	3.60	1.82	4.00
177	1.24	3.64	1.81	4.00
178	1.26	3.65	1.81	2.00
179	1.29	3.70	1.79	2.00
180	1.30	3.72	1.78	2.00
181	1.30	3.73	1.76	2.00
182	1.32	3.77	1.75	2.00
183	1.34	3.80	1.74	2.00
184	1.34	3.83	1.73	2.00
185	1.36	3.86	1.73	2.00
186	1.36	3.92	1.72	2.00
187	1.37	3.95	1.72	2.00
188	1.38	3.99	1.72	2.00
189	1.38	4.02	1.72	2.00
190	1.39	4.05	1.73	2.00
191	1.40	4.07	1.74	4.00
192	1.40	4.11	1.75	4.00
193	1.41	4.13	1.75	4.00
194	1.41	4.16	1.76	4.00
195	1.42	4.19	1.75	4.00
196	1.42	4.21	1.74	4.00
197	1.43	4.22	1.75	4.00
198	1.43	4.24	1.76	4.00
199	1.43	4.26	1.77	4.00
200	1.44	4.27	1.78	4.00
201	1.44	4.29	1.80	4.00
202	1.43	4.30	1.83	4.00
203	1.43	4.30	1.82	4.00
204	1.43	4.30	1.83	4.00
205	1.43	4.30	1.83	4.00
206	1.42	4.31	1.83	4.00
207	1.42	4.34	1.82	4.00
208	1.42	4.34	1.83	4.00
209	1.42	4.34	1.84	4.00
210	1.42	4.37	1.81	4.00
211	1.41	4.42	1.78	4.00
212	1.41	4.46	1.77	4.00
213	1.41	4.52	1.74	4.00
214	1.40	4.57	1.74	1.00
215	1.40	4.65	1.72	1.00
216	1.40	4.67	1.75	1.00
217	1.38	4.69	1.78	1.00
218	1.36	4.71	1.81	1.00
219	1.36	4.73	1.82	4.00
220	1.35	4.69	1.83	4.00
221	1.34	4.66	1.85	4.00
222	1.33	4.64	1.86	4.00
223	1.31	4.59	1.87	4.00
224	1.31	4.64	1.86	4.00
225	1.31	4.68	1.86	4.00
226	1.31	4.70	1.85	4.00
227	1.29	4.68	1.84	4.00
228	1.29	4.69	1.82	4.00
229	1.29	4.70	1.81	4.00
230	1.29	4.76	1.79	4.00
231	1.30	4.84	1.78	4.00
232	1.27	4.87	1.73	4.00
233	1.26	4.96	1.70	1.00
234	1.24	5.01	1.68	2.00
235	1.24	5.12	1.68	2.00
236	1.25	5.18	1.70	2.00
237	1.25	5.26	1.73	1.00
238	1.26	5.33	1.76	1.00
239	1.26	5.40	1.77	1.00
240	1.25	5.47	1.75	1.00
241	1.25	5.56	1.75	4.00
242	1.27	5.63	1.76	4.00
243	1.26	5.70	1.77	4.00
244	1.24	5.77	1.77	4.00
245	1.24	5.85	1.76	4.00
246	1.23	5.94	1.76	4.00
247	1.24	5.98	1.77	4.00
248	1.25	6.02	1.78	4.00
249	1.26	6.12	1.78	4.00
250	1.26	6.15	1.79	4.00
251	1.26	6.19	1.81	4.00
252	1.27	6.23	1.82	4.00
253	1.28	6.27	1.85	4.00
254	1.28	6.33	1.84	4.00
255	1.27	6.38	1.84	4.00
256	1.27	6.42	1.85	4.00
257	1.26	6.46	1.88	4.00
258	1.24	6.47	1.92	4.00
259	1.24	6.51	1.92	4.00
260	1.24	6.54	1.95	4.00
261	1.23	6.58	1.98	4.00
262	1.22	6.59	1.98	4.00
263	1.21	6.61	1.99	4.00
264	1.20	6.65	1.99	4.00
265	1.19	6.67	2.00	4.00
266	1.17	6.68	2.02	4.00
267	1.19	6.67	2.03	4.00
268	1.18	6.69	2.05	4.00
269	1.16	6.71	2.05	4.00
270	1.13	6.73	2.04	4.00
271	1.11	6.75	2.02	4.00
272	1.09	6.76	2.00	4.00
273	1.06	6.77	2.00	4.00
274	1.04	6.78	1.99	4.00
275	1.02	6.80	1.96	4.00
276	1.00	6.81	1.96	4.00
277	0.98	6.82	1.96	4.00
278	0.96	6.82	1.96	4.00
279	0.92	6.81	1.95	4.00
280	0.90	6.80	1.94	4.00
281	0.87	6.80	1.92	4.00
282	0.84	6.79	1.91	4.00
283	0.82	6.77	1.91	4.00
284	0.78	6.75	1.90	4.00
285	0.76	6.75	1.89	4.00
286	0.73	6.75	1.88	4.00
287	0.72	6.73	1.88	4.00
288	0.70	6.73	1.87	4.00
289	0.68	6.74	1.84	4.00
290	0.65	6.75	1.82	4.00
291	0.62	6.77	1.80	4.00
292	0.60	6.78	1.79	4.00
293	0.58	6.77	1.78	4.00
294	0.56	6.76	1.79	4.00
295	0.52	6.76	1.81	4.00
296	0.50	6.77	1.82	4.00
297	0.49	6.77	1.84	4.00
298	0.47	6.76	1.84	4.00
299	0.45	6.75	1.83	4.00
300	0.43	6.74	1.82	4.00
301	0.41	6.70	1.83	4.00
302	0.39	6.67	1.83	4.00
303	0.37	6.66	1.82	4.00
304	0.36	6.61	1.82	4.00
305	0.34	6.56	1.82	4.00
306	0.34	6.46	1.80	4.00
307	0.31	6.47	1.78	2.00
308	0.28	6.49	1.76	2.00
309	0.26	6.50	1.75	2.00
310	0.24	6.51	1.73	2.00
311	0.23	6.52	1.72	2.00
312	0.22	6.52	1.71	2.00
313	0.21	6.53	1.69	3.00
314	0.20	6.50	1.68	3.00
315	0.17	6.53	1.66	3.00
316	0.17	6.52	1.65	3.00
317	0.13	6.53	1.64	3.00
318	0.09	6.50	1.66	3.00
319	0.07	6.49	1.67	3.00
320	0.03	6.49	1.67	3.00
321	-0.00	6.48	1.67	3.00
322	-0.04	6.48	1.69	4.00
323	-0.07	6.48	1.69	1.00
324	-0.09	6.47	1.68	4.00
325	-0.13	6.49	1.66	2.00
326	-0.16	6.51	1.65	2.00
327	-0.19	6.56	1.65	2.00
328	-0.22	6.64	1.66	1.00
329	-0.24	6.71	1.64	1.00
330	-0.27	6.76	1.65	1.00
331	-0.30	6.81	1.67	1.00
332	-0.33	6.91	1.66	1.00
333	-0.37	7.01	1.66	2.00
334	-0.41	7.11	1.66	2.00
335	-0.46	7.19	1.67	2.00
336	-0.51	7.23	1.65	2.00
337	-0.55	7.31	1.66	2.00
338	-0.57	7.34	1.68	2.00
339	-0.60	7.35	1.71	2.00
340	-0.63	7.35	1.72	2.00
341	-0.66	7.36	1.73	2.00
342	-0.68	7.36	1.75	2.00
Target 6 (frames from 120 to 130)
Bounding Boxes (frame, x, y, width, height)
120	575	179	53	106
121	574	179	53	106
122	573	179	53	106
123	571	178	53	107
124	569	177	54	108
125	567	175	54	109
126	564	174	55	111
127	560	172	56	112
128	556	170	57	114
129	552	167	58	117
130	547	165	59	119
3D Trajetory (frame, x, z, height, pose)
120	3.73	9.20	1.99	2.00
121	3.72	9.22	1.95	1.00
122	3.72	9.23	1.94	1.00
123	3.69	9.23	1.98	1.00
124	3.65	9.24	2.01	3.00
125	3.63	9.24	2.04	3.00
126	3.56	9.29	2.08	3.00
127	3.49	9.32	2.11	3.00
128	3.44	9.31	2.14	3.00
129	3.36	9.29	2.17	1.00
130	3.29	9.27	2.20	1.00
Target 7 (frames from 126 to 138)
Bounding Boxes (frame, x, y, width, height)
126	319	170	67	134
127	322	172	65	131
128	325	174	64	129
129	328	175	63	127
130	331	176	62	124
131	334	177	61	123
132	336	178	60	121
133	338	178	60	120
134	340	178	59	118
135	342	179	59	118
136	343	178	58	117
137	345	178	58	116
138	346	178	58	116
3D Trajetory (frame, x, z, height, pose)
126	-0.68	6.94	1.84	1.00
127	-0.62	7.03	1.84	1.00
128	-0.56	6.94	1.84	1.00
129	-0.54	7.15	1.82	1.00
130	-0.53	7.25	1.82	1.00
131	-0.52	7.28	1.81	4.00
132	-0.51	7.32	1.79	4.00
133	-0.49	7.41	1.77	2.00
134	-0.47	7.49	1.75	2.00
135	-0.45	7.55	1.74	2.00
136	-0.44	7.59	1.75	2.00
137	-0.41	7.61	1.78	1.00
138	-0.39	7.64	1.82	1.00
Target 8 (frames from 132 to 142)
Bounding Boxes (frame, x, y, width, height)
132	526	174	67	134
133	525	174	67	134
134	525	174	67	134
135	524	174	67	134
136	523	174	66	133
137	522	174	66	132
138	521	174	65	131
139	520	174	65	130
140	518	174	64	129
141	517	175	63	127
142	516	175	63	126
3D Trajetory (frame, x, z, height, pose)
132	2.10	6.65	1.75	2.00
133	2.07	6.52	1.76	2.00
134	2.04	6.45	1.76	2.00
135	2.01	6.40	1.75	2.00
136	2.00	6.43	1.75	2.00
137	2.01	6.62	1.74	2.00
138	2.02	6.72	1.73	2.00
139	2.03	6.79	1.74	2.00
140	2.02	6.87	1.74	2.00
141	2.01	6.90	1.75	4.00
142	1.99	6.89	1.77	4.00
Target 9 (frames from 134 to 154)
Bounding Boxes (frame, x, y, width, height)
134	375	182	55	110
135	378	183	54	109
136	380	184	54	109
137	382	184	54	108
138	385	184	53	107
139	387	185	53	107
140	389	185	53	107
141	391	185	53	107
142	393	185	53	107
143	395	184	54	108
144	397	184	54	108
145	398	183	55	110
146	400	183	55	110
147	402	182	55	111
148	404	182	56	112
149	405	182	56	113
150	407	181	56	113
151	409	181	57	114
152	410	181	58	116
153	412	180	58	117
154	413	180	59	118
3D Trajetory (frame, x, z, height, pose)
134	0.05	8.10	1.76	1.00
135	0.08	7.98	1.75	1.00
136	0.09	7.73	1.71	1.00
137	0.12	7.74	1.68	1.00
138	0.15	7.69	1.69	1.00
139	0.18	7.68	1.70	2.00
140	0.20	7.83	1.68	2.00
141	0.22	8.02	1.67	2.00
142	0.26	8.07	1.68	2.00
143	0.29	8.05	1.70	2.00
144	0.32	8.04	1.71	2.00
145	0.34	7.98	1.73	2.00
146	0.37	7.85	1.76	2.00
147	0.39	7.77	1.78	2.00
148	0.41	7.71	1.77	2.00
149	0.41	7.66	1.77	4.00
150	0.41	7.54	1.77	4.00
151	0.42	7.50	1.78	4.00
152	0.46	7.57	1.77	4.00
153	0.50	7.57	1.75	4.00
154	0.51	7.61	1.70	4.00
Target 10 (frames from 147 to 211)
Bounding Boxes (frame, x, y, width, height)
147	353	165	67	134
148	356	166	67	134
149	359	167	66	133
150	362	167	66	133
151	364	168	66	133
152	367	169	66	132
153	369	169	66	132
154	372	170	66	132
155	374	170	65	131
156	376	171	65	131
157	379	171	65	130
158	381	172	65	130
159	383	172	64	129
160	385	173	64	129
161	386	173	64	129
162	388	173	64	129
163	390	173	64	128
164	392	173	64	128
165	394	172	64	128
166	395	172	64	128
167	397	172	64	129
168	398	171	64	129
169	400	170	65	130
170	402	169	65	131
171	403	168	66	133
172	405	167	67	134
173	407	166	67	135
174	409	166	68	136
175	411	165	68	137
176	413	164	69	138
177	415	163	69	139
178	417	162	70	140
179	419	161	70	141
180	421	160	71	143
181	423	160	72	144
182	425	159	72	144
183	427	159	72	145
184	428	160	72	145
185	430	160	72	145
186	432	160	72	144
187	434	161	72	144
188	436	162	71	143
189	438	163	71	142
190	441	164	70	141
191	444	164	70	140
192	446	165	69	139
193	449	166	69	138
194	452	166	69	138
195	455	166	68	137
196	457	166	68	137
197	460	167	68	137
198	463	167	68	136
199	467	167	68	136
200	470	168	68	136
201	473	168	67	135
202	476	168	67	135
203	479	168	68	136
204	482	167	68	136
205	485	167	68	137
206	488	166	69	138
207	491	165	69	139
208	494	164	70	141
209	497	162	71	142
210	500	161	72	144
211	503	159	73	146
3D Trajetory (frame, x, z, height, pose)
147	-0.25	7.24	1.92	1.00
148	-0.24	7.12	1.92	1.00
149	-0.22	7.14	1.94	1.00
150	-0.19	7.13	1.91	2.00
151	-0.15	7.16	1.90	2.00
152	-0.11	7.14	1.88	2.00
153	-0.08	7.15	1.87	2.00
154	-0.06	7.13	1.87	2.00
155	-0.03	7.11	1.87	2.00
156	-0.01	7.11	1.86	2.00
157	0.01	7.08	1.85	2.00
158	0.05	7.06	1.84	2.00
159	0.08	7.03	1.84	2.00
160	0.10	7.02	1.86	2.00
161	0.10	7.05	1.84	2.00
162	0.12	7.02	1.83	2.00
163	0.16	7.08	1.78	2.00
164	0.18	7.08	1.78	2.00
165	0.21	7.08	1.82	2.00
166	0.24	7.13	1.83	2.00
167	0.26	7.11	1.83	1.00
168	0.28	7.09	1.84	1.00
169	0.30	7.08	1.86	1.00
170	0.32	7.09	1.87	1.00
171	0.33	7.09	1.89	1.00
172	0.36	7.07	1.90	1.00
173	0.39	7.05	1.90	1.00
174	0.42	7.02	1.91	1.00
175	0.46	7.00	1.94	1.00
176	0.48	6.98	1.94	1.00
177	0.51	6.97	1.93	2.00
178	0.54	6.94	1.95	2.00
179	0.57	6.93	1.94	2.00
180	0.58	6.90	1.94	2.00
181	0.62	6.87	1.96	2.00
182	0.65	6.84	1.97	2.00
183	0.65	6.77	1.97	2.00
184	0.66	6.74	1.98	4.00
185	0.67	6.69	1.97	4.00
186	0.68	6.67	1.97	4.00
187	0.71	6.66	1.94	1.00
188	0.74	6.67	1.91	2.00
189	0.75	6.70	1.88	2.00
190	0.77	6.75	1.86	2.00
191	0.80	6.76	1.86	2.00
192	0.83	6.75	1.87	2.00
193	0.88	6.73	1.88	1.00
194	0.93	6.79	1.86	1.00
195	0.95	6.78	1.86	1.00
196	0.98	6.75	1.87	1.00
197	1.02	6.79	1.87	1.00
198	1.06	6.83	1.88	1.00
199	1.09	6.84	1.87	1.00
200	1.12	6.85	1.86	1.00
201	1.16	6.88	1.84	1.00
202	1.22	6.86	1.84	1.00
203	1.27	6.87	1.85	1.00
204	1.31	6.86	1.84	1.00
205	1.35	6.85	1.84	1.00
206	1.39	6.83	1.87	1.00
207	1.43	6.81	1.89	2.00
208	1.45	6.78	1.91	2.00
209	1.48	6.78	1.93	2.00
210	1.49	6.76	1.94	2.00
211	1.52	6.71	1.97	2.00
Target 11 (frames from 167 to 195)
Bounding Boxes (frame, x, y, width, height)
167	447	177	60	121
168	447	176	61	123
169	448	175	62	124
170	448	173	63	126
171	449	172	63	127
172	450	171	64	128
173	451	171	64	129
174	453	170	65	130
175	454	170	65	131
176	456	169	65	131
177	457	169	66	132
178	459	169	66	132
179	461	169	66	132
180	464	169	66	132
181	466	170	65	131
182	469	170	65	131
183	471	171	65	131
184	474	171	65	130
185	477	172	65	130
186	479	172	64	129
187	482	173	64	129
188	485	174	64	128
189	488	174	63	127
190	490	175	63	127
191	493	175	63	126
192	496	176	62	125
193	499	177	62	125
194	502	177	62	124
195	505	178	61	123
3D Trajetory (frame, x, z, height, pose)
167	0.91	7.23	1.82	2.00
168	0.96	7.28	1.80	2.00
169	0.99	7.29	1.79	2.00
170	0.99	7.23	1.80	2.00
171	1.02	7.26	1.81	2.00
172	1.04	7.25	1.82	2.00
173	1.03	7.23	1.82	2.00
174	1.04	7.21	1.83	4.00
175	1.04	7.19	1.84	4.00
176	1.04	7.13	1.89	4.00
177	1.06	7.09	1.93	4.00
178	1.10	7.07	1.94	4.00
179	1.13	7.06	1.94	3.00
180	1.17	7.08	1.87	3.00
181	1.19	7.09	1.82	4.00
182	1.23	7.11	1.80	4.00
183	1.26	7.09	1.80	4.00
184	1.29	7.07	1.80	4.00
185	1.31	7.05	1.82	4.00
186	1.32	7.04	1.81	4.00
187	1.36	7.02	1.80	4.00
188	1.39	6.99	1.81	2.00
189	1.41	6.98	1.82	2.00
190	1.43	6.95	1.83	1.00
191	1.47	6.96	1.81	4.00
192	1.50	6.97	1.76	4.00
193	1.54	7.00	1.72	1.00
194	1.60	7.03	1.70	2.00
195	1.65	7.07	1.68	1.00
Target 12 (frames from 165 to 210)
Bounding Boxes (frame, x, y, width, height)
165	354	199	45	90
166	354	198	46	92
167	353	197	46	93
168	353	196	47	94
169	354	195	48	96
170	354	195	48	97
171	354	194	49	98
172	355	193	49	98
173	355	193	49	99
174	356	193	50	100
175	357	192	50	100
176	358	192	50	100
177	359	192	50	101
178	360	192	50	101
179	361	192	50	100
180	363	193	50	100
181	364	193	50	100
182	366	193	50	100
183	367	194	50	100
184	369	193	50	100
185	371	193	50	100
186	372	193	50	101
187	373	192	50	101
188	374	192	51	102
189	375	191	51	103
190	376	191	52	104
191	377	190	52	105
192	378	189	53	106
193	379	188	53	106
194	379	188	53	107
195	380	188	53	107
196	381	187	54	108
197	382	187	54	108
198	383	187	54	108
199	384	187	54	109
200	386	187	54	109
201	387	187	55	110
202	388	187	55	110
203	390	186	55	110
204	391	186	55	111
205	393	186	55	111
206	394	186	56	112
207	396	185	56	112
208	397	185	56	113
209	399	185	56	113
210	400	185	56	113
3D Trajetory (frame, x, z, height, pose)
165	-0.58	8.23	1.50	2.00
166	-0.57	8.13	1.53	2.00
167	-0.56	8.17	1.54	2.00
168	-0.55	8.16	1.54	2.00
169	-0.56	8.23	1.54	2.00
170	-0.54	8.05	1.55	2.00
171	-0.54	7.97	1.56	2.00
172	-0.54	7.94	1.58	2.00
173	-0.53	7.92	1.59	2.00
174	-0.51	7.90	1.61	2.00
175	-0.48	7.91	1.60	2.00
176	-0.47	7.91	1.61	2.00
177	-0.46	7.91	1.59	2.00
178	-0.45	7.91	1.60	2.00
179	-0.44	7.89	1.59	3.00
180	-0.43	7.86	1.60	3.00
181	-0.41	7.85	1.59	3.00
182	-0.39	7.85	1.56	3.00
183	-0.36	7.82	1.56	2.00
184	-0.33	7.80	1.56	2.00
185	-0.32	7.78	1.56	2.00
186	-0.29	7.76	1.56	2.00
187	-0.29	7.74	1.56	2.00
188	-0.26	7.73	1.57	2.00
189	-0.24	7.69	1.60	2.00
190	-0.22	7.66	1.62	2.00
191	-0.21	7.64	1.63	2.00
192	-0.21	7.60	1.63	3.00
193	-0.21	7.59	1.63	3.00
194	-0.23	7.57	1.62	3.00
195	-0.21	7.54	1.62	3.00
196	-0.19	7.54	1.63	3.00
197	-0.15	7.52	1.65	3.00
198	-0.13	7.50	1.64	2.00
199	-0.11	7.48	1.65	3.00
200	-0.10	7.48	1.64	2.00
201	-0.10	7.47	1.64	2.00
202	-0.08	7.45	1.64	2.00
203	-0.04	7.43	1.64	2.00
204	-0.01	7.42	1.66	2.00
205	-0.00	7.41	1.67	2.00
206	0.01	7.40	1.68	2.00
207	0.02	7.40	1.68	3.00
208	0.04	7.39	1.67	3.00
209	0.05	7.38	1.67	3.00
210	0.08	7.36	1.68	3.00
Target 13 (frames from 218 to 255)
Bounding Boxes (frame, x, y, width, height)
218	368	196	47	94
219	366	195	48	96
220	365	194	48	97
221	363	193	49	98
222	362	192	50	100
223	360	191	50	101
224	358	190	51	102
225	356	189	51	102
226	354	189	51	103
227	352	188	51	103
228	349	188	52	104
229	347	188	52	104
230	344	188	52	104
231	341	188	52	104
232	338	188	52	104
233	336	189	51	103
234	333	189	51	103
235	330	189	51	103
236	327	189	51	103
237	325	189	52	104
238	322	189	52	104
239	319	189	52	104
240	316	189	52	104
241	313	189	52	104
242	310	189	52	104
243	307	189	52	104
244	304	189	52	104
245	302	189	52	104
246	299	190	51	103
247	296	190	51	103
248	294	190	51	103
249	291	190	51	102
250	289	191	51	102
251	286	191	50	101
252	284	192	50	101
253	282	192	50	100
254	280	193	49	99
255	277	193	49	99
3D Trajetory (frame, x, z, height, pose)
218	-0.52	8.13	1.54	2.00
219	-0.56	8.09	1.56	2.00
220	-0.62	8.09	1.59	2.00
221	-0.63	8.08	1.60	2.00
222	-0.63	8.08	1.62	2.00
223	-0.64	8.08	1.63	2.00
224	-0.63	8.05	1.65	2.00
225	-0.68	8.03	1.67	2.00
226	-0.70	8.01	1.69	2.00
227	-0.77	7.99	1.70	2.00
228	-0.84	8.02	1.68	1.00
229	-0.88	8.04	1.69	1.00
230	-0.90	7.99	1.69	1.00
231	-0.93	7.96	1.68	1.00
232	-1.00	7.91	1.65	1.00
233	-1.05	7.92	1.65	1.00
234	-1.10	7.88	1.64	1.00
235	-1.14	7.86	1.64	1.00
236	-1.18	7.85	1.64	3.00
237	-1.22	7.84	1.66	3.00
238	-1.26	7.84	1.67	3.00
239	-1.30	7.83	1.68	3.00
240	-1.36	7.82	1.66	3.00
241	-1.42	7.81	1.66	3.00
242	-1.46	7.79	1.66	3.00
243	-1.51	7.80	1.66	3.00
244	-1.55	7.80	1.66	3.00
245	-1.58	7.78	1.65	3.00
246	-1.63	7.79	1.62	3.00
247	-1.67	7.77	1.62	3.00
248	-1.72	7.80	1.63	3.00
249	-1.77	7.79	1.63	3.00
250	-1.81	7.79	1.64	3.00
251	-1.87	7.79	1.63	3.00
252	-1.91	7.79	1.62	3.00
253	-1.95	7.80	1.61	3.00
254	-2.02	7.88	1.59	3.00
255	-2.05	7.89	1.59	3.00
Target 14 (frames from 221 to 245)
Bounding Boxes (frame, x, y, width, height)
221	422	177	58	117
222	424	178	59	118
223	426	178	59	118
224	429	178	59	119
225	431	179	59	119
226	433	179	59	119
227	435	180	59	119
228	437	180	59	119
229	440	180	59	119
230	442	181	59	119
231	445	182	59	118
232	448	183	58	117
233	451	183	58	117
234	453	184	58	116
235	455	184	58	116
236	457	183	58	117
237	459	183	58	117
238	460	182	59	118
239	462	182	59	119
240	464	181	60	121
241	465	180	61	122
242	467	179	62	124
243	468	177	63	126
244	469	175	64	129
245	470	174	65	131
3D Trajetory (frame, x, z, height, pose)
221	0.46	7.83	1.81	3.00
222	0.45	7.67	1.80	3.00
223	0.48	7.62	1.81	3.00
224	0.48	7.50	1.80	3.00
225	0.48	7.50	1.80	3.00
226	0.49	7.45	1.78	3.00
227	0.55	7.34	1.75	3.00
228	0.61	7.17	1.73	3.00
229	0.64	7.10	1.75	3.00
230	0.67	7.01	1.74	3.00
231	0.70	7.05	1.72	3.00
232	0.73	7.18	1.69	3.00
233	0.75	7.24	1.66	2.00
234	0.78	7.32	1.65	2.00
235	0.81	7.29	1.64	2.00
236	0.84	7.26	1.65	3.00
237	0.86	7.20	1.67	3.00
238	0.88	7.14	1.68	3.00
239	0.90	7.08	1.71	3.00
240	0.91	7.01	1.73	3.00
241	0.93	6.97	1.74	3.00
242	0.95	6.92	1.76	3.00
243	0.97	6.86	1.75	3.00
244	0.97	6.82	1.76	3.00
245	1.04	6.84	1.73	1.00
Target 15 (frames from 239 to 266)
Bounding Boxes (frame, x, y, width, height)
239	572	119	115	231
240	576	122	113	226
241	580	125	110	221
242	584	127	108	217
243	588	130	106	212
244	592	132	104	208
245	596	134	102	205
246	600	136	101	202
247	604	138	99	199
248	608	139	98	196
249	613	141	96	193
250	618	142	95	191
251	623	142	95	190
252	627	143	95	190
253	632	143	94	189
254	636	144	94	188
255	641	145	93	187
256	646	146	92	185
257	650	147	91	183
258	654	147	91	183
259	658	147	91	182
260	662	147	91	182
261	665	146	91	182
262	669	146	91	183
263	672	145	91	183
264	675	144	92	184
265	678	142	92	185
266	681	141	93	186
3D Trajetory (frame, x, z, height, pose)
239	1.84	4.61	2.01	1.00
240	1.79	4.44	1.98	1.00
241	1.80	4.47	2.01	3.00
242	1.79	4.43	2.00	3.00
243	1.93	4.68	1.94	3.00
244	1.96	4.68	1.92	3.00
245	2.10	4.91	1.92	3.00
246	2.18	5.03	1.91	2.00
247	2.22	5.04	1.92	2.00
248	2.28	5.10	1.92	2.00
249	2.32	5.14	1.94	2.00
250	2.37	5.14	1.94	2.00
251	2.42	5.19	1.95	2.00
252	2.44	5.13	1.93	2.00
253	2.47	5.07	1.93	2.00
254	2.53	5.12	1.91	1.00
255	2.58	5.16	1.89	1.00
256	2.63	5.19	1.88	1.00
257	2.69	5.24	1.86	1.00
258	2.76	5.31	1.85	1.00
259	2.83	5.37	1.87	1.00
260	2.89	5.40	1.88	1.00
261	2.94	5.43	1.88	1.00
262	2.99	5.45	1.90	1.00
263	3.04	5.47	1.94	1.00
264	3.08	5.48	1.96	1.00
265	3.12	5.49	1.98	1.00
266	3.16	5.46	2.03	1.00
Target 16 (frames from 260 to 275)
Bounding Boxes (frame, x, y, width, height)
260	656	101	136	273
261	658	103	135	270
262	661	106	133	267
263	663	108	131	263
264	666	111	130	260
265	669	114	128	256
266	672	117	126	252
267	676	120	124	248
268	679	124	121	243
269	683	127	119	238
270	687	131	116	233
271	691	134	114	228
272	695	138	111	223
273	699	142	109	218
274	703	146	106	213
275	708	151	103	207
3D Trajetory (frame, x, z, height, pose)
260	2.18	3.83	1.99	1.00
261	2.13	3.73	1.97	1.00
262	2.15	3.75	1.97	1.00
263	2.17	3.75	1.96	1.00
264	2.26	3.92	1.94	1.00
265	2.28	3.93	1.93	1.00
266	2.30	3.94	1.93	1.00
267	2.35	3.95	1.91	1.00
268	2.42	4.01	1.86	1.00
269	2.46	4.05	1.85	1.00
270	2.52	4.11	1.83	1.00
271	2.52	4.09	1.85	1.00
272	2.56	4.13	1.83	1.00
273	2.60	4.18	1.78	1.00
274	2.67	4.25	1.72	1.00
275	2.73	4.27	1.70	1.00
Target 17 (frames from 283 to 330)
Bounding Boxes (frame, x, y, width, height)
283	576	176	72	144
284	578	176	71	142
285	580	177	70	141
286	583	178	70	140
287	585	179	69	139
288	588	179	68	137
289	591	180	68	137
290	593	180	68	136
291	596	180	67	135
292	599	181	67	134
293	603	181	67	134
294	606	181	67	134
295	610	181	67	134
296	613	180	67	134
297	617	180	67	134
298	620	180	67	134
299	624	180	67	134
300	628	179	67	134
301	631	178	67	135
302	635	177	68	137
303	639	176	69	138
304	643	175	69	139
305	646	174	70	141
306	650	172	71	142
307	654	171	71	143
308	658	170	72	145
309	661	170	73	146
310	664	169	73	147
311	667	168	74	149
312	670	168	75	150
313	672	167	75	151
314	675	167	76	152
315	678	167	76	153
316	680	167	77	154
317	683	167	77	155
318	686	167	78	156
319	689	167	78	157
320	693	168	78	157
321	698	168	79	158
322	702	168	79	159
323	706	168	79	159
324	710	169	79	159
325	715	169	80	160
326	719	169	80	160
327	724	169	80	160
328	729	170	80	160
329	735	170	80	160
330	740	171	80	160
3D Trajetory (frame, x, z, height, pose)
283	2.18	5.98	1.69	3.00
284	2.21	5.97	1.68	3.00
285	2.21	5.96	1.68	3.00
286	2.22	5.95	1.68	3.00
287	2.29	6.04	1.63	3.00
288	2.31	6.08	1.63	3.00
289	2.43	6.22	1.63	3.00
290	2.47	6.27	1.64	3.00
291	2.49	6.23	1.65	3.00
292	2.53	6.22	1.66	3.00
293	2.57	6.21	1.67	3.00
294	2.64	6.26	1.66	3.00
295	2.68	6.25	1.69	3.00
296	2.77	6.33	1.67	3.00
297	2.83	6.35	1.67	3.00
298	2.87	6.36	1.67	3.00
299	2.92	6.36	1.67	3.00
300	2.99	6.40	1.68	3.00
301	3.04	6.41	1.69	3.00
302	3.09	6.41	1.71	3.00
303	3.14	6.39	1.72	3.00
304	3.19	6.38	1.73	3.00
305	3.24	6.34	1.76	3.00
306	3.28	6.33	1.77	3.00
307	3.29	6.25	1.80	3.00
308	3.33	6.20	1.82	3.00
309	3.37	6.18	1.81	1.00
310	3.46	6.23	1.78	2.00
311	3.50	6.23	1.77	2.00
312	3.51	6.17	1.79	2.00
313	3.50	6.09	1.81	3.00
314	3.51	6.03	1.81	3.00
315	3.51	5.97	1.81	3.00
316	3.53	5.95	1.81	3.00
317	3.52	5.86	1.80	3.00
318	3.49	5.74	1.80	3.00
319	3.48	5.61	1.79	3.00
320	3.57	5.68	1.78	3.00
321	3.60	5.63	1.77	3.00
322	3.65	5.66	1.73	3.00
323	3.68	5.60	1.73	1.00
324	3.70	5.55	1.73	1.00
325	3.73	5.49	1.74	1.00
326	3.76	5.46	1.72	1.00
327	3.78	5.43	1.72	1.00
328	3.81	5.35	1.72	1.00
329	3.83	5.34	1.73	1.00
330	3.89	5.37	1.69	1.00
