Total frames 400
Number of Targets 15
Target 1 (frames from 1 to 49)
Bounding Boxes (frame, x, y, width, height)
1	638	294	48	97
2	639	294	48	96
3	641	293	48	96
4	642	293	47	95
5	644	292	47	94
6	645	292	47	94
7	646	292	46	93
8	648	292	46	93
9	649	292	46	93
10	650	293	46	93
11	652	293	46	93
12	653	294	47	94
13	654	295	47	94
14	655	296	47	94
15	657	296	47	94
16	658	297	47	94
17	659	298	47	94
18	661	299	47	94
19	662	299	47	94
20	663	299	47	94
21	665	300	47	94
22	667	300	47	94
23	668	301	47	94
24	670	301	47	95
25	672	302	48	96
26	674	302	48	96
27	676	303	49	98
28	678	304	49	99
29	679	304	50	101
30	681	304	51	102
31	683	305	52	104
32	684	305	52	105
33	686	305	53	106
34	687	305	53	107
35	688	305	53	107
36	690	305	54	108
37	692	306	54	108
38	694	307	54	108
39	696	307	54	108
40	698	308	54	108
41	699	308	54	108
42	701	309	53	107
43	703	310	53	107
44	705	311	53	106
45	707	312	53	106
46	708	313	52	105
47	710	314	52	104
48	712	315	51	103
49	714	316	51	102
3D Trajetory (frame, x, z, height, pose)
1	0.39	9.13	1.80	2.00
2	0.43	9.25	1.80	2.00
3	0.47	9.38	1.81	2.00
4	0.48	9.48	1.80	2.00
5	0.49	9.58	1.79	2.00
6	0.51	9.56	1.79	2.00
7	0.52	9.55	1.79	2.00
8	0.53	9.57	1.79	2.00
9	0.54	9.58	1.79	2.00
10	0.55	9.60	1.79	2.00
11	0.56	9.62	1.79	2.00
12	0.57	9.53	1.79	2.00
13	0.58	9.44	1.78	2.00
14	0.59	9.42	1.78	2.00
15	0.60	9.41	1.78	2.00
16	0.60	9.36	1.78	2.00
17	0.61	9.32	1.78	2.00
18	0.62	9.28	1.78	2.00
19	0.62	9.24	1.78	2.00
20	0.64	9.54	1.79	2.00
21	0.65	9.83	1.80	2.00
22	0.66	9.69	1.79	2.00
23	0.66	9.55	1.79	2.00
24	0.66	9.40	1.79	2.00
25	0.65	9.26	1.78	2.00
26	0.69	9.20	1.78	2.00
27	0.74	9.14	1.78	2.00
28	0.74	9.01	1.78	2.00
29	0.74	8.88	1.78	2.00
30	0.73	8.68	1.78	2.00
31	0.71	8.49	1.77	2.00
32	0.72	8.45	1.78	2.00
33	0.72	8.41	1.78	2.00
34	0.72	8.32	1.78	2.00
35	0.71	8.24	1.78	2.00
36	0.72	8.26	1.78	2.00
37	0.74	8.28	1.78	2.00
38	0.76	8.33	1.78	2.00
39	0.78	8.37	1.78	2.00
40	0.81	8.37	1.78	2.00
41	0.83	8.37	1.78	2.00
42	0.85	8.39	1.79	2.00
43	0.87	8.40	1.79	2.00
44	0.89	8.46	1.79	2.00
45	0.91	8.53	1.79	2.00
46	0.91	8.66	1.80	2.00
47	0.91	8.79	1.80	4.00
48	0.91	8.83	1.80	4.00
49	0.91	8.87	1.80	4.00
Target 2 (frames from 1 to 307)
Bounding Boxes (frame, x, y, width, height)
1	707	296	44	88
2	707	294	44	88
3	708	293	44	88
4	708	292	44	89
5	709	291	44	89
6	709	290	44	89
7	710	289	44	89
8	711	289	45	90
9	712	289	45	90
10	713	289	45	90
11	714	289	45	90
12	715	290	45	90
13	717	291	45	90
14	718	291	45	90
15	720	292	45	90
16	721	293	45	90
17	723	294	45	91
18	724	294	45	91
19	726	294	45	91
20	727	295	46	92
21	729	295	46	92
22	730	295	46	93
23	731	296	46	93
24	732	296	47	94
25	732	296	47	94
26	733	297	47	95
27	734	297	47	95
28	735	298	48	96
29	735	298	48	97
30	736	298	49	98
31	736	298	49	99
32	737	298	49	99
33	737	298	50	100
34	738	298	50	101
35	738	299	50	101
36	738	299	50	101
37	738	300	51	102
38	738	300	51	102
39	737	301	51	103
40	737	301	51	103
41	737	302	52	104
42	737	302	52	104
43	737	303	52	105
44	737	304	53	106
45	737	304	53	107
46	737	305	54	108
47	737	306	54	109
48	737	307	55	110
49	737	308	56	112
50	736	309	56	113
51	736	310	57	114
52	736	311	57	115
53	735	312	58	116
54	735	313	58	117
55	734	314	58	117
56	734	315	59	118
57	733	315	59	119
58	733	316	60	120
59	733	316	60	121
60	732	316	60	121
61	732	316	60	121
62	731	317	60	121
63	730	317	60	121
64	729	317	61	122
65	729	318	61	122
66	728	318	61	122
67	727	318	61	122
68	725	318	61	122
69	724	318	61	122
70	724	319	61	122
71	723	319	61	122
72	723	320	61	122
73	724	320	61	122
74	724	321	60	121
75	725	321	60	121
76	726	321	60	121
77	727	321	60	120
78	728	321	60	120
79	729	321	59	119
80	730	321	59	119
81	731	320	59	118
82	733	320	59	118
83	733	320	58	117
84	734	319	58	117
85	734	319	58	117
86	734	318	59	118
87	734	318	59	118
88	733	317	59	119
89	733	317	59	119
90	733	317	60	120
91	733	316	60	121
92	733	316	61	122
93	732	315	62	124
94	732	315	63	126
95	733	314	64	128
96	733	313	65	131
97	734	312	67	134
98	734	312	68	137
99	735	311	70	141
100	736	311	72	144
101	736	311	73	147
102	737	311	75	150
103	737	311	76	153
104	736	311	77	154
105	736	311	77	155
106	734	311	78	156
107	733	312	78	156
108	731	313	77	155
109	728	313	77	154
110	725	313	76	153
111	722	314	76	152
112	719	314	75	151
113	716	315	75	150
114	712	315	74	149
115	709	316	74	149
116	705	316	75	150
117	701	316	75	150
118	697	316	75	151
119	693	316	76	152
120	690	315	76	153
121	686	315	77	154
122	682	314	78	156
123	678	314	78	157
124	674	314	79	159
125	669	313	80	160
126	665	313	81	162
127	661	313	82	164
128	657	313	82	165
129	653	313	83	167
130	648	313	84	169
131	644	314	85	171
132	639	314	86	173
133	633	315	88	176
134	628	315	89	178
135	622	315	90	180
136	617	316	91	183
137	611	315	92	185
138	606	315	94	188
139	602	315	95	190
140	597	314	96	193
141	594	313	97	195
142	591	312	98	197
143	590	310	99	198
144	589	308	100	200
145	590	307	100	201
146	591	305	101	203
147	594	303	102	204
148	597	302	103	206
149	601	301	103	207
150	605	301	104	208
151	609	300	104	209
152	614	300	105	210
153	619	299	105	210
154	624	299	105	211
155	628	298	106	212
156	633	297	106	212
157	636	296	106	213
158	640	296	107	214
159	643	294	107	214
160	647	293	107	215
161	651	292	108	217
162	655	290	109	218
163	659	290	110	220
164	664	290	111	222
165	669	290	111	223
166	673	290	112	225
167	678	290	113	226
168	682	290	113	227
169	687	290	114	228
170	690	290	114	229
171	694	289	114	229
172	696	288	114	229
173	698	287	114	229
174	700	285	114	229
175	701	284	115	230
176	702	283	115	230
177	704	282	115	231
178	707	281	115	231
179	709	279	116	232
180	713	279	116	233
181	716	278	117	234
182	720	277	118	237
183	725	277	119	239
184	731	276	120	241
185	737	275	121	243
186	742	275	123	246
187	747	273	124	248
188	751	272	126	252
189	755	269	128	256
190	757	266	131	262
191	758	264	133	267
192	759	262	136	273
193	760	259	139	279
194	760	257	141	283
195	760	255	144	288
196	759	253	145	291
197	758	252	147	295
198	758	251	148	297
199	759	249	150	300
200	761	249	150	301
201	764	248	151	302
202	767	248	150	301
203	770	248	150	300
204	773	247	149	299
205	776	246	149	298
206	779	245	148	296
207	780	243	147	295
208	782	242	147	294
209	783	241	146	293
210	783	240	145	291
211	783	238	144	289
212	783	236	143	287
213	783	235	143	287
214	782	233	143	287
215	780	231	144	288
216	779	229	145	290
217	778	227	146	293
218	776	226	148	297
219	775	224	151	302
220	773	222	153	307
221	771	220	156	312
222	770	218	159	318
223	768	217	162	324
224	766	215	165	330
225	763	214	167	335
226	760	212	169	339
227	757	210	171	343
228	753	209	172	345
229	749	208	173	346
230	745	207	173	346
231	739	207	173	346
232	733	208	172	345
233	726	209	172	344
234	719	210	171	343
235	711	211	171	342
236	703	213	170	341
237	695	214	169	339
238	687	215	169	338
239	679	217	168	337
240	672	219	168	336
241	666	221	167	335
242	659	223	167	335
243	654	225	167	334
244	649	228	166	332
245	645	229	165	331
246	641	230	165	330
247	637	230	164	329
248	634	229	164	328
249	631	230	163	327
250	629	230	163	326
251	625	230	163	326
252	621	230	162	325
253	617	231	162	324
254	613	232	161	322
255	609	232	160	321
256	605	234	160	320
257	601	235	159	318
258	596	237	158	317
259	592	239	158	317
260	588	241	158	316
261	584	243	157	315
262	580	244	157	315
263	575	243	158	316
264	570	241	158	317
265	565	240	159	318
266	561	239	159	319
267	557	239	160	320
268	553	238	160	321
269	548	237	161	322
270	544	235	162	324
271	539	233	163	326
272	534	232	164	328
273	529	231	165	331
274	524	231	166	333
275	519	231	167	335
276	514	231	168	337
277	509	231	169	338
278	503	232	169	339
279	498	232	170	340
280	492	234	170	340
281	486	235	169	339
282	480	237	168	336
283	475	239	166	332
284	471	241	164	328
285	466	243	161	322
286	461	245	158	317
287	456	246	156	312
288	452	248	153	307
289	447	250	151	302
290	443	253	148	296
291	440	256	145	291
292	436	259	142	285
293	433	261	140	280
294	430	263	137	275
295	428	265	135	270
296	427	267	133	266
297	425	268	132	264
298	423	269	131	262
299	422	270	130	260
300	421	271	128	257
301	421	271	127	255
302	422	271	127	254
303	422	271	126	252
304	423	270	125	251
305	425	269	125	250
306	427	268	124	249
307	429	267	124	248
3D Trajetory (frame, x, z, height, pose)
1	1.84	10.36	1.77	3.00
2	1.84	10.31	1.81	3.00
3	1.84	10.26	1.84	3.00
4	1.82	10.23	1.86	3.00
5	1.79	10.20	1.87	3.00
6	1.83	10.31	1.88	3.00
7	1.87	10.42	1.89	1.00
8	1.89	10.50	1.89	1.00
9	1.92	10.58	1.90	2.00
10	1.92	10.55	1.89	2.00
11	1.92	10.53	1.89	2.00
12	1.93	10.55	1.90	2.00
13	1.95	10.58	1.90	2.00
14	1.97	10.60	1.91	2.00
15	1.98	10.62	1.91	2.00
16	1.99	10.60	1.91	2.00
17	1.99	10.58	1.91	2.00
18	1.99	10.50	1.91	2.00
19	1.99	10.42	1.92	2.00
20	2.00	10.37	1.92	2.00
21	2.00	10.33	1.92	2.00
22	2.01	10.35	1.92	2.00
23	2.01	10.37	1.91	1.00
24	2.00	10.32	1.92	1.00
25	1.99	10.27	1.92	1.00
26	1.97	10.21	1.93	1.00
27	1.95	10.15	1.93	1.00
28	1.92	10.08	1.94	1.00
29	1.89	10.01	1.94	1.00
30	1.88	10.00	1.94	1.00
31	1.86	9.99	1.94	2.00
32	1.84	9.92	1.94	2.00
33	1.81	9.85	1.94	2.00
34	1.79	9.78	1.95	2.00
35	1.77	9.70	1.95	2.00
36	1.73	9.61	1.95	2.00
37	1.70	9.52	1.95	2.00
38	1.68	9.53	1.95	2.00
39	1.67	9.54	1.95	2.00
40	1.65	9.59	1.94	2.00
41	1.63	9.64	1.94	2.00
42	1.59	9.55	1.95	2.00
43	1.55	9.47	1.95	1.00
44	1.52	9.37	1.95	1.00
45	1.50	9.27	1.96	1.00
46	1.47	9.17	1.96	1.00
47	1.44	9.08	1.96	1.00
48	1.42	9.02	1.96	1.00
49	1.40	8.96	1.96	1.00
50	1.36	8.86	1.96	1.00
51	1.32	8.77	1.97	2.00
52	1.27	8.67	1.97	2.00
53	1.22	8.57	1.97	2.00
54	1.18	8.54	1.97	2.00
55	1.14	8.51	1.97	2.00
56	1.10	8.48	1.97	2.00
57	1.07	8.45	1.97	2.00
58	1.04	8.42	1.97	2.00
59	1.01	8.40	1.97	2.00
60	0.97	8.35	1.97	2.00
61	0.93	8.30	1.97	2.00
62	0.91	8.24	1.97	2.00
63	0.89	8.18	1.97	2.00
64	0.84	8.15	1.97	2.00
65	0.79	8.12	1.97	2.00
66	0.72	8.29	1.97	2.00
67	0.65	8.45	1.98	1.00
68	0.62	8.42	1.98	1.00
69	0.58	8.39	1.98	1.00
70	0.55	8.32	1.98	1.00
71	0.51	8.24	1.98	1.00
72	0.46	8.29	1.98	1.00
73	0.40	8.33	1.98	2.00
74	0.36	8.26	1.98	2.00
75	0.32	8.19	1.98	2.00
76	0.30	8.30	1.98	2.00
77	0.28	8.42	1.98	2.00
78	0.25	8.51	1.98	2.00
79	0.22	8.60	1.98	2.00
80	0.18	8.65	1.98	2.00
81	0.15	8.70	1.98	2.00
82	0.11	8.66	1.98	2.00
83	0.07	8.62	1.98	2.00
84	0.03	8.59	1.98	2.00
85	-0.02	8.57	1.98	2.00
86	-0.07	8.61	1.98	2.00
87	-0.13	8.65	1.98	1.00
88	-0.18	8.60	1.98	1.00
89	-0.23	8.55	1.98	1.00
90	-0.29	8.42	1.98	1.00
91	-0.35	8.29	1.98	1.00
92	-0.41	8.29	1.98	1.00
93	-0.46	8.28	1.98	2.00
94	-0.49	8.10	1.97	2.00
95	-0.51	7.91	1.97	2.00
96	-0.54	7.72	1.96	2.00
97	-0.58	7.52	1.96	2.00
98	-0.60	7.32	1.95	2.00
99	-0.63	7.12	1.95	2.00
100	-0.66	6.95	1.94	2.00
101	-0.69	6.79	1.94	2.00
102	-0.72	6.64	1.94	2.00
103	-0.74	6.49	1.94	2.00
104	-0.78	6.36	1.94	2.00
105	-0.82	6.24	1.94	2.00
106	-0.89	6.30	1.94	2.00
107	-0.96	6.37	1.94	2.00
108	-1.03	6.37	1.94	2.00
109	-1.10	6.38	1.95	3.00
110	-1.19	6.46	1.95	3.00
111	-1.28	6.54	1.95	1.00
112	-1.36	6.55	1.94	1.00
113	-1.43	6.55	1.94	1.00
114	-1.49	6.52	1.94	1.00
115	-1.55	6.49	1.94	2.00
116	-1.59	6.38	1.94	2.00
117	-1.62	6.27	1.94	2.00
118	-1.70	6.26	1.94	2.00
119	-1.77	6.25	1.94	2.00
120	-1.83	6.19	1.94	2.00
121	-1.89	6.14	1.94	2.00
122	-1.93	6.02	1.94	2.00
123	-1.97	5.90	1.94	2.00
124	-2.02	5.85	1.94	2.00
125	-2.06	5.79	1.94	2.00
126	-2.07	5.66	1.94	2.00
127	-2.09	5.53	1.94	2.00
128	-2.14	5.45	1.94	2.00
129	-2.19	5.36	1.94	2.00
130	-2.23	5.28	1.94	2.00
131	-2.26	5.19	1.93	1.00
132	-2.32	5.11	1.94	1.00
133	-2.37	5.03	1.94	1.00
134	-2.41	4.92	1.93	1.00
135	-2.44	4.82	1.93	1.00
136	-2.47	4.69	1.93	1.00
137	-2.49	4.56	1.93	3.00
138	-2.51	4.44	1.93	3.00
139	-2.54	4.32	1.93	2.00
140	-2.59	4.25	1.93	2.00
141	-2.64	4.19	1.93	3.00
142	-2.67	4.12	1.93	3.00
143	-2.70	4.05	1.93	3.00
144	-2.72	3.97	1.93	3.00
145	-2.74	3.90	1.93	1.00
146	-2.78	3.84	1.93	1.00
147	-2.81	3.78	1.93	1.00
148	-2.86	3.75	1.93	1.00
149	-2.90	3.72	1.93	2.00
150	-2.90	3.63	1.93	2.00
151	-2.89	3.55	1.93	2.00
152	-2.92	3.52	1.93	2.00
153	-2.95	3.49	1.93	1.00
154	-2.99	3.45	1.93	1.00
155	-3.03	3.40	1.93	1.00
156	-3.08	3.38	1.93	1.00
157	-3.13	3.36	1.93	3.00
158	-3.16	3.31	1.93	3.00
159	-3.19	3.25	1.93	4.00
160	-3.21	3.19	1.93	4.00
161	-3.23	3.13	1.93	1.00
162	-3.23	3.09	1.93	1.00
163	-3.23	3.05	1.93	3.00
164	-3.23	3.00	1.93	3.00
165	-3.24	2.96	1.93	3.00
166	-3.24	2.91	1.93	3.00
167	-3.24	2.86	1.93	2.00
168	-3.26	2.83	1.93	2.00
169	-3.28	2.80	1.94	1.00
170	-3.31	2.77	1.94	1.00
171	-3.34	2.74	1.94	1.00
172	-3.38	2.71	1.94	1.00
173	-3.43	2.67	1.94	1.00
174	-3.46	2.62	1.93	1.00
175	-3.50	2.57	1.93	1.00
176	-3.52	2.51	1.93	1.00
177	-3.53	2.46	1.93	1.00
178	-3.55	2.44	1.93	1.00
179	-3.57	2.42	1.93	1.00
180	-3.57	2.36	1.93	1.00
181	-3.57	2.31	1.94	1.00
182	-3.58	2.28	1.94	1.00
183	-3.59	2.25	1.94	1.00
184	-3.59	2.22	1.94	1.00
185	-3.60	2.19	1.94	1.00
186	-3.57	2.14	1.94	1.00
187	-3.54	2.10	1.94	3.00
188	-3.49	2.05	1.94	3.00
189	-3.44	2.00	1.95	3.00
190	-3.46	1.98	1.94	3.00
191	-3.48	1.96	1.94	3.00
192	-3.41	1.87	1.95	3.00
193	-3.35	1.78	1.95	3.00
194	-3.29	1.69	1.95	3.00
195	-3.23	1.61	1.95	3.00
196	-3.16	1.53	1.95	3.00
197	-3.08	1.45	1.95	3.00
198	-3.14	1.45	1.95	3.00
199	-3.20	1.45	1.95	3.00
200	-3.24	1.42	1.95	3.00
201	-3.28	1.40	1.96	1.00
202	-3.26	1.35	1.96	1.00
203	-3.24	1.30	1.96	1.00
204	-3.29	1.29	1.96	1.00
205	-3.34	1.27	1.96	1.00
206	-3.35	1.25	1.96	1.00
207	-3.35	1.22	1.96	1.00
208	-3.42	1.20	1.96	1.00
209	-3.48	1.19	1.96	1.00
210	-3.49	1.14	1.96	1.00
211	-3.50	1.09	1.96	1.00
212	-3.54	1.06	1.96	1.00
213	-3.59	1.03	1.96	1.00
214	-3.59	0.99	1.96	1.00
215	-3.59	0.94	1.96	1.00
216	-3.58	0.90	1.96	1.00
217	-3.57	0.85	1.96	1.00
218	-3.52	0.81	1.96	1.00
219	-3.47	0.77	1.96	1.00
220	-3.38	0.71	1.96	1.00
221	-3.29	0.65	1.95	1.00
222	-3.26	0.61	1.95	1.00
223	-3.23	0.56	1.96	1.00
224	-3.16	0.51	1.96	1.00
225	-3.10	0.45	1.96	1.00
226	-3.09	0.41	1.96	1.00
227	-3.09	0.37	1.96	1.00
228	-3.05	0.33	1.96	1.00
229	-3.01	0.28	1.96	1.00
230	-3.00	0.22	1.96	1.00
231	-2.99	0.16	1.96	1.00
232	-2.99	0.11	1.96	1.00
233	-3.00	0.05	1.96	1.00
234	-3.02	-0.00	1.96	1.00
235	-3.05	-0.06	1.96	1.00
236	-3.04	-0.11	1.96	1.00
237	-3.04	-0.15	1.96	1.00
238	-3.00	-0.21	1.96	1.00
239	-2.97	-0.26	1.96	1.00
240	-2.95	-0.31	1.96	1.00
241	-2.93	-0.35	1.96	3.00
242	-2.95	-0.42	1.96	3.00
243	-2.97	-0.48	1.96	3.00
244	-2.95	-0.54	1.96	3.00
245	-2.93	-0.61	1.96	1.00
246	-2.93	-0.67	1.96	1.00
247	-2.93	-0.72	1.96	1.00
248	-2.94	-0.77	1.96	1.00
249	-2.95	-0.82	1.96	1.00
250	-2.95	-0.87	1.96	1.00
251	-2.94	-0.92	1.96	1.00
252	-2.86	-0.95	1.96	1.00
253	-2.79	-0.98	1.96	1.00
254	-2.81	-1.05	1.96	1.00
255	-2.84	-1.11	1.96	3.00
256	-2.86	-1.16	1.96	3.00
257	-2.88	-1.21	1.96	3.00
258	-2.84	-1.27	1.96	3.00
259	-2.81	-1.32	1.96	1.00
260	-2.81	-1.39	1.96	1.00
261	-2.80	-1.46	1.96	1.00
262	-2.75	-1.49	1.96	1.00
263	-2.70	-1.52	1.96	1.00
264	-2.64	-1.57	1.96	1.00
265	-2.59	-1.62	1.96	1.00
266	-2.54	-1.69	1.96	1.00
267	-2.48	-1.76	1.96	1.00
268	-2.45	-1.81	1.96	1.00
269	-2.42	-1.87	1.96	1.00
270	-2.37	-1.90	1.96	1.00
271	-2.32	-1.94	1.96	1.00
272	-2.27	-1.98	1.96	1.00
273	-2.23	-2.02	1.96	1.00
274	-2.15	-2.05	1.96	1.00
275	-2.07	-2.08	1.96	3.00
276	-2.00	-2.10	1.96	3.00
277	-1.93	-2.12	1.96	3.00
278	-1.88	-2.16	1.96	3.00
279	-1.84	-2.20	1.96	3.00
280	-1.82	-2.27	1.96	3.00
281	-1.81	-2.35	1.96	3.00
282	-1.76	-2.41	1.96	3.00
283	-1.70	-2.47	1.96	3.00
284	-1.65	-2.54	1.96	3.00
285	-1.60	-2.60	1.96	3.00
286	-1.54	-2.70	1.96	3.00
287	-1.48	-2.79	1.96	1.00
288	-1.47	-2.93	1.96	1.00
289	-1.45	-3.08	1.95	1.00
290	-1.40	-3.16	1.95	1.00
291	-1.35	-3.25	1.95	1.00
292	-1.29	-3.31	1.95	1.00
293	-1.24	-3.38	1.95	3.00
294	-1.18	-3.45	1.95	3.00
295	-1.12	-3.51	1.95	3.00
296	-1.09	-3.63	1.95	3.00
297	-1.05	-3.74	1.95	3.00
298	-0.99	-3.82	1.95	3.00
299	-0.93	-3.90	1.95	1.00
300	-0.86	-3.93	1.95	1.00
301	-0.80	-3.97	1.95	1.00
302	-0.73	-3.97	1.95	1.00
303	-0.67	-3.97	1.95	1.00
304	-0.58	-3.93	1.95	1.00
305	-0.50	-3.90	1.95	1.00
306	-0.46	-4.05	1.95	1.00
307	-0.43	-4.21	1.95	1.00
Target 3 (frames from 1 to 235)
Bounding Boxes (frame, x, y, width, height)
1	608	292	50	100
2	607	291	50	100
3	606	290	50	100
4	605	290	50	101
5	604	290	50	101
6	603	289	51	102
7	602	289	51	102
8	601	289	51	103
9	600	289	52	104
10	599	289	52	104
11	598	290	52	105
12	597	291	53	106
13	596	291	54	108
14	595	292	54	109
15	594	292	55	110
16	593	293	55	111
17	592	293	56	112
18	591	294	56	112
19	590	294	56	113
20	588	294	56	113
21	587	295	56	113
22	585	295	57	114
23	583	295	57	114
24	581	296	57	114
25	580	296	57	115
26	578	297	57	115
27	577	297	58	116
28	575	298	58	116
29	574	299	58	116
30	572	299	58	116
31	571	300	58	116
32	570	300	58	116
33	568	300	57	115
34	567	301	57	115
35	566	301	57	115
36	565	302	57	115
37	564	302	57	115
38	562	303	57	115
39	560	303	57	115
40	559	304	57	115
41	557	305	57	115
42	555	305	58	116
43	553	306	58	116
44	551	307	58	117
45	549	308	59	118
46	546	309	59	119
47	544	310	59	119
48	542	311	60	120
49	540	312	60	121
50	538	313	61	122
51	536	315	61	123
52	533	316	62	124
53	531	317	62	125
54	528	318	63	126
55	525	319	63	126
56	522	320	63	127
57	519	320	64	128
58	516	321	64	129
59	513	321	65	130
60	510	322	65	130
61	507	322	65	131
62	504	322	66	132
63	501	322	66	133
64	498	323	66	133
65	496	323	67	134
66	494	323	67	134
67	492	323	67	134
68	490	324	67	134
69	488	324	67	134
70	486	324	67	135
71	484	325	67	135
72	483	325	68	136
73	481	326	68	136
74	480	326	68	136
75	479	326	68	136
76	478	326	67	135
77	477	326	68	136
78	476	326	68	136
79	474	325	68	137
80	473	325	68	137
81	471	324	69	139
82	470	323	70	140
83	468	322	71	142
84	465	321	72	144
85	463	321	73	146
86	461	320	74	149
87	458	319	76	152
88	456	318	78	156
89	453	317	79	159
90	450	317	81	162
91	448	316	82	164
92	446	315	83	166
93	444	315	83	167
94	442	314	84	169
95	440	313	85	171
96	439	313	86	172
97	437	312	87	174
98	435	312	88	176
99	434	311	89	178
100	432	311	90	180
101	431	311	91	182
102	429	312	92	184
103	428	312	93	186
104	425	312	94	188
105	423	312	95	190
106	419	312	95	191
107	416	312	96	193
108	412	312	97	194
109	407	313	97	195
110	402	313	97	195
111	397	313	98	196
112	392	313	98	196
113	386	313	98	197
114	379	313	99	198
115	373	313	99	199
116	366	314	99	199
117	359	314	100	200
118	353	313	100	200
119	346	313	100	201
120	339	313	101	202
121	332	312	101	203
122	326	312	102	204
123	319	312	102	205
124	313	312	103	206
125	307	312	103	206
126	300	312	103	207
127	294	311	103	207
128	287	312	104	208
129	280	312	104	209
130	273	313	105	210
131	266	313	105	211
132	258	314	106	213
133	250	315	107	214
134	241	316	108	216
135	233	316	109	218
136	224	316	110	220
137	216	316	111	222
138	208	316	112	225
139	201	316	113	227
140	195	315	114	229
141	191	314	115	231
142	187	313	116	233
143	184	311	117	235
144	182	309	118	237
145	181	308	119	238
146	181	306	119	239
147	181	305	120	240
148	182	304	120	241
149	183	303	120	241
150	183	303	121	242
151	184	302	121	242
152	184	302	121	243
153	184	302	121	243
154	184	302	121	243
155	184	301	121	243
156	183	301	121	243
157	182	300	122	244
158	180	299	122	244
159	179	298	122	244
160	179	297	122	244
161	178	296	122	244
162	178	295	122	244
163	178	295	121	243
164	178	295	121	243
165	178	296	121	243
166	177	296	121	243
167	176	296	121	243
168	176	297	121	243
169	175	297	121	243
170	174	297	121	243
171	173	296	121	243
172	172	295	122	244
173	170	293	122	245
174	169	292	123	246
175	167	291	124	248
176	166	289	125	250
177	166	287	126	253
178	166	286	127	255
179	166	284	128	257
180	166	283	130	260
181	166	283	131	262
182	165	282	132	265
183	165	282	133	267
184	165	281	134	269
185	166	281	135	270
186	167	281	135	271
187	167	280	135	271
188	167	279	135	271
189	167	278	136	272
190	166	276	136	272
191	165	275	136	273
192	163	274	137	275
193	161	272	139	278
194	159	271	141	282
195	157	269	142	285
196	156	268	143	287
197	155	267	145	290
198	154	266	146	292
199	154	265	147	294
200	156	265	147	295
201	157	264	148	296
202	159	264	147	295
203	161	264	147	295
204	162	263	147	294
205	162	262	146	293
206	163	261	146	292
207	163	259	146	292
208	162	257	146	293
209	161	256	147	295
210	160	254	149	298
211	159	251	151	302
212	159	249	152	304
213	160	247	153	307
214	161	245	154	308
215	162	243	155	310
216	163	241	156	312
217	165	240	156	313
218	168	239	156	313
219	170	238	156	313
220	173	238	156	312
221	174	237	155	311
222	176	237	155	310
223	178	237	154	309
224	179	237	153	307
225	181	237	153	306
226	182	237	152	304
227	182	236	151	303
228	182	236	151	302
229	182	236	150	300
230	181	236	149	298
231	180	236	148	297
232	179	236	147	295
233	177	236	146	293
234	175	236	145	291
235	173	236	144	289
3D Trajetory (frame, x, z, height, pose)
1	-0.13	9.20	1.84	3.00
2	-0.14	9.15	1.85	3.00
3	-0.14	9.10	1.86	4.00
4	-0.18	9.04	1.84	4.00
5	-0.22	8.98	1.83	4.00
6	-0.25	8.97	1.82	4.00
7	-0.27	8.97	1.81	3.00
8	-0.30	8.89	1.81	3.00
9	-0.33	8.82	1.80	2.00
10	-0.34	8.70	1.81	2.00
11	-0.36	8.58	1.81	2.00
12	-0.37	8.45	1.81	2.00
13	-0.38	8.32	1.82	2.00
14	-0.40	8.21	1.82	2.00
15	-0.42	8.11	1.82	2.00
16	-0.46	8.14	1.82	2.00
17	-0.50	8.16	1.82	2.00
18	-0.53	8.13	1.83	2.00
19	-0.57	8.09	1.83	2.00
20	-0.60	8.04	1.82	2.00
21	-0.64	7.99	1.82	4.00
22	-0.67	7.98	1.83	4.00
23	-0.70	7.97	1.83	3.00
24	-0.75	7.97	1.83	3.00
25	-0.79	7.98	1.84	4.00
26	-0.84	7.92	1.84	4.00
27	-0.88	7.87	1.83	4.00
28	-0.93	7.86	1.83	4.00
29	-0.97	7.85	1.83	4.00
30	-1.01	7.84	1.84	4.00
31	-1.05	7.84	1.84	2.00
32	-1.08	7.78	1.83	2.00
33	-1.10	7.72	1.83	3.00
34	-1.16	7.83	1.83	3.00
35	-1.22	7.93	1.83	3.00
36	-1.26	7.95	1.83	3.00
37	-1.30	7.96	1.83	2.00
38	-1.32	7.94	1.83	2.00
39	-1.35	7.92	1.83	2.00
40	-1.39	7.87	1.83	2.00
41	-1.42	7.81	1.83	4.00
42	-1.46	7.77	1.83	4.00
43	-1.51	7.72	1.83	3.00
44	-1.55	7.71	1.83	3.00
45	-1.60	7.70	1.83	3.00
46	-1.63	7.62	1.83	3.00
47	-1.67	7.53	1.83	3.00
48	-1.71	7.48	1.83	3.00
49	-1.75	7.43	1.83	4.00
50	-1.77	7.36	1.83	4.00
51	-1.79	7.28	1.83	4.00
52	-1.82	7.20	1.83	4.00
53	-1.85	7.12	1.83	4.00
54	-1.90	7.10	1.83	4.00
55	-1.95	7.07	1.83	3.00
56	-2.01	7.01	1.83	3.00
57	-2.06	6.94	1.83	3.00
58	-2.12	6.87	1.83	3.00
59	-2.17	6.80	1.83	3.00
60	-2.22	6.75	1.83	3.00
61	-2.26	6.69	1.83	4.00
62	-2.31	6.65	1.83	4.00
63	-2.36	6.60	1.83	4.00
64	-2.40	6.59	1.83	4.00
65	-2.44	6.57	1.83	2.00
66	-2.47	6.47	1.83	2.00
67	-2.49	6.38	1.83	3.00
68	-2.55	6.39	1.83	3.00
69	-2.60	6.40	1.83	3.00
70	-2.69	6.46	1.82	3.00
71	-2.78	6.52	1.82	2.00
72	-2.81	6.44	1.82	2.00
73	-2.84	6.35	1.82	2.00
74	-2.86	6.28	1.82	2.00
75	-2.89	6.22	1.82	2.00
76	-2.92	6.16	1.82	2.00
77	-2.94	6.10	1.82	3.00
78	-3.00	6.11	1.83	3.00
79	-3.06	6.12	1.83	3.00
80	-3.15	6.17	1.83	3.00
81	-3.23	6.22	1.83	3.00
82	-3.26	6.13	1.83	3.00
83	-3.28	6.03	1.83	2.00
84	-3.24	5.81	1.83	2.00
85	-3.19	5.59	1.83	2.00
86	-3.18	5.45	1.83	2.00
87	-3.16	5.30	1.83	2.00
88	-3.15	5.19	1.83	2.00
89	-3.15	5.07	1.83	3.00
90	-3.15	4.98	1.83	3.00
91	-3.15	4.89	1.83	3.00
92	-3.17	4.81	1.83	3.00
93	-3.19	4.72	1.83	3.00
94	-3.21	4.65	1.83	3.00
95	-3.24	4.58	1.83	4.00
96	-3.27	4.52	1.83	4.00
97	-3.31	4.46	1.83	4.00
98	-3.31	4.39	1.83	4.00
99	-3.31	4.32	1.83	3.00
100	-3.30	4.22	1.83	3.00
101	-3.29	4.13	1.83	3.00
102	-3.30	4.03	1.83	3.00
103	-3.31	3.93	1.83	3.00
104	-3.33	3.87	1.83	3.00
105	-3.36	3.81	1.83	3.00
106	-3.41	3.77	1.83	3.00
107	-3.46	3.73	1.83	2.00
108	-3.47	3.66	1.83	2.00
109	-3.49	3.59	1.83	3.00
110	-3.52	3.53	1.83	3.00
111	-3.56	3.47	1.83	3.00
112	-3.61	3.44	1.84	3.00
113	-3.66	3.41	1.84	3.00
114	-3.74	3.38	1.84	3.00
115	-3.83	3.35	1.84	3.00
116	-3.88	3.30	1.84	3.00
117	-3.94	3.25	1.84	3.00
118	-3.97	3.17	1.84	3.00
119	-4.00	3.09	1.84	3.00
120	-4.04	3.04	1.84	3.00
121	-4.08	2.98	1.84	3.00
122	-4.13	2.94	1.84	3.00
123	-4.19	2.90	1.84	3.00
124	-4.22	2.84	1.84	3.00
125	-4.25	2.77	1.84	3.00
126	-4.31	2.73	1.84	3.00
127	-4.37	2.68	1.84	3.00
128	-4.44	2.65	1.84	3.00
129	-4.51	2.62	1.84	3.00
130	-4.52	2.54	1.84	3.00
131	-4.53	2.46	1.84	3.00
132	-4.57	2.38	1.84	3.00
133	-4.60	2.30	1.84	3.00
134	-4.63	2.22	1.84	3.00
135	-4.65	2.13	1.84	3.00
136	-4.69	2.07	1.84	3.00
137	-4.73	2.00	1.83	3.00
138	-4.75	1.92	1.83	3.00
139	-4.78	1.84	1.83	3.00
140	-4.76	1.76	1.84	3.00
141	-4.75	1.67	1.84	2.00
142	-4.75	1.60	1.84	2.00
143	-4.75	1.53	1.84	3.00
144	-4.73	1.45	1.84	3.00
145	-4.72	1.38	1.84	3.00
146	-4.72	1.29	1.84	3.00
147	-4.71	1.20	1.84	3.00
148	-4.72	1.12	1.84	3.00
149	-4.72	1.04	1.84	3.00
150	-4.77	0.94	1.84	3.00
151	-4.81	0.85	1.83	3.00
152	-4.78	0.74	1.83	3.00
153	-4.75	0.63	1.83	3.00
154	-4.74	0.54	1.83	3.00
155	-4.73	0.44	1.83	3.00
156	-4.76	0.34	1.83	3.00
157	-4.79	0.23	1.83	3.00
158	-4.78	0.14	1.83	3.00
159	-4.78	0.04	1.83	3.00
160	-4.79	-0.07	1.83	3.00
161	-4.81	-0.17	1.83	3.00
162	-4.82	-0.23	1.83	3.00
163	-4.83	-0.30	1.83	3.00
164	-4.80	-0.39	1.83	3.00
165	-4.78	-0.48	1.83	3.00
166	-4.78	-0.58	1.83	3.00
167	-4.78	-0.67	1.83	1.00
168	-4.77	-0.77	1.83	1.00
169	-4.76	-0.86	1.83	3.00
170	-4.74	-0.95	1.83	3.00
171	-4.72	-1.04	1.84	3.00
172	-4.70	-1.13	1.84	3.00
173	-4.69	-1.21	1.84	3.00
174	-4.66	-1.29	1.84	3.00
175	-4.64	-1.37	1.84	3.00
176	-4.58	-1.42	1.84	3.00
177	-4.51	-1.47	1.84	3.00
178	-4.41	-1.50	1.84	3.00
179	-4.31	-1.53	1.84	1.00
180	-4.25	-1.57	1.84	1.00
181	-4.18	-1.62	1.84	3.00
182	-4.11	-1.67	1.84	3.00
183	-4.03	-1.72	1.83	3.00
184	-4.02	-1.80	1.83	3.00
185	-4.01	-1.88	1.84	3.00
186	-3.94	-1.92	1.84	3.00
187	-3.87	-1.97	1.84	3.00
188	-3.80	-2.01	1.84	3.00
189	-3.73	-2.05	1.83	1.00
190	-3.74	-2.12	1.84	1.00
191	-3.75	-2.19	1.84	3.00
192	-3.72	-2.24	1.84	3.00
193	-3.68	-2.29	1.84	3.00
194	-3.61	-2.33	1.84	3.00
195	-3.54	-2.37	1.84	3.00
196	-3.44	-2.37	1.84	3.00
197	-3.35	-2.36	1.84	3.00
198	-3.25	-2.35	1.83	3.00
199	-3.14	-2.34	1.83	3.00
200	-3.11	-2.37	1.83	3.00
201	-3.09	-2.39	1.83	3.00
202	-3.13	-2.48	1.83	3.00
203	-3.18	-2.56	1.84	3.00
204	-3.13	-2.61	1.84	3.00
205	-3.08	-2.65	1.84	3.00
206	-3.04	-2.69	1.84	3.00
207	-3.00	-2.73	1.84	3.00
208	-2.95	-2.76	1.84	3.00
209	-2.90	-2.79	1.84	3.00
210	-2.84	-2.79	1.84	3.00
211	-2.77	-2.80	1.83	3.00
212	-2.72	-2.78	1.83	3.00
213	-2.67	-2.76	1.83	3.00
214	-2.60	-2.72	1.83	3.00
215	-2.53	-2.67	1.83	3.00
216	-2.51	-2.70	1.83	3.00
217	-2.50	-2.73	1.83	3.00
218	-2.50	-2.78	1.83	3.00
219	-2.50	-2.82	1.83	3.00
220	-2.46	-2.83	1.83	3.00
221	-2.43	-2.85	1.83	3.00
222	-2.40	-2.85	1.83	3.00
223	-2.36	-2.85	1.83	3.00
224	-2.35	-2.88	1.83	3.00
225	-2.34	-2.90	1.83	3.00
226	-2.32	-2.95	1.83	3.00
227	-2.30	-3.01	1.83	3.00
228	-2.28	-3.05	1.83	3.00
229	-2.27	-3.10	1.82	3.00
230	-2.26	-3.14	1.82	3.00
231	-2.25	-3.19	1.82	3.00
232	-2.23	-3.22	1.82	3.00
233	-2.21	-3.26	1.82	1.00
234	-2.19	-3.30	1.82	1.00
235	-2.18	-3.34	1.82	3.00
Target 4 (frames from 1 to 53)
Bounding Boxes (frame, x, y, width, height)
1	517	299	41	83
2	517	298	42	84
3	517	297	42	84
4	517	296	42	85
5	517	295	42	85
6	517	295	43	86
7	517	295	43	86
8	517	294	43	87
9	518	294	43	87
10	518	295	43	87
11	518	295	43	87
12	518	296	43	87
13	518	297	44	88
14	519	298	44	88
15	519	299	44	88
16	519	300	44	88
17	520	301	44	88
18	520	302	44	89
19	520	302	44	89
20	521	303	44	89
21	521	303	44	89
22	521	304	45	90
23	521	304	45	90
24	521	305	45	90
25	521	305	45	91
26	521	306	45	91
27	521	306	45	91
28	522	307	46	92
29	522	308	46	92
30	522	308	46	92
31	523	308	46	93
32	523	309	46	93
33	523	309	47	94
34	523	309	47	94
35	523	310	47	94
36	523	310	47	95
37	522	310	47	95
38	522	311	47	95
39	521	312	48	96
40	520	312	48	96
41	519	313	48	97
42	517	314	49	98
43	516	314	49	98
44	515	315	49	99
45	514	316	49	99
46	513	317	50	100
47	512	318	50	100
48	511	320	50	100
49	510	321	50	101
50	509	322	50	101
51	508	324	50	101
52	507	325	50	101
53	506	327	51	102
3D Trajetory (frame, x, z, height, pose)
1	-2.15	10.39	1.70	2.00
2	-2.13	10.34	1.74	2.00
3	-2.11	10.28	1.77	4.00
4	-2.10	10.27	1.78	4.00
5	-2.09	10.25	1.78	4.00
6	-2.10	10.19	1.77	4.00
7	-2.10	10.12	1.75	4.00
8	-2.10	10.05	1.75	4.00
9	-2.10	9.98	1.75	4.00
10	-2.10	9.99	1.76	4.00
11	-2.11	9.99	1.76	4.00
12	-2.13	9.97	1.76	4.00
13	-2.14	9.94	1.75	4.00
14	-2.13	9.86	1.74	4.00
15	-2.13	9.78	1.74	4.00
16	-2.11	9.73	1.74	4.00
17	-2.10	9.69	1.74	4.00
18	-2.11	9.66	1.73	4.00
19	-2.12	9.64	1.73	4.00
20	-2.13	9.60	1.73	4.00
21	-2.14	9.57	1.73	4.00
22	-2.15	9.53	1.73	4.00
23	-2.17	9.50	1.73	4.00
24	-2.17	9.45	1.73	4.00
25	-2.18	9.40	1.73	4.00
26	-2.20	9.37	1.73	4.00
27	-2.21	9.34	1.73	4.00
28	-2.22	9.30	1.73	4.00
29	-2.24	9.26	1.73	4.00
30	-2.23	9.20	1.73	4.00
31	-2.23	9.15	1.73	4.00
32	-2.23	9.11	1.73	4.00
33	-2.23	9.07	1.73	4.00
34	-2.24	9.02	1.73	4.00
35	-2.25	8.98	1.73	4.00
36	-2.27	8.95	1.73	4.00
37	-2.29	8.92	1.73	4.00
38	-2.31	8.88	1.73	4.00
39	-2.33	8.85	1.72	2.00
40	-2.35	8.79	1.72	2.00
41	-2.37	8.73	1.72	4.00
42	-2.38	8.66	1.73	4.00
43	-2.39	8.59	1.73	4.00
44	-2.41	8.53	1.73	4.00
45	-2.42	8.47	1.73	4.00
46	-2.46	8.41	1.73	4.00
47	-2.49	8.36	1.73	4.00
48	-2.51	8.31	1.73	4.00
49	-2.54	8.26	1.73	4.00
50	-2.57	8.29	1.73	4.00
51	-2.60	8.31	1.73	4.00
52	-2.64	8.30	1.73	4.00
53	-2.69	8.29	1.73	3.00
Target 5 (frames from 3 to 373)
Bounding Boxes (frame, x, y, width, height)
3	683	288	50	100
4	682	288	50	101
5	680	288	51	102
6	679	287	51	103
7	677	287	52	104
8	676	287	52	105
9	675	287	52	105
10	673	288	53	106
11	672	288	53	107
12	671	288	53	107
13	670	289	54	108
14	669	290	54	108
15	668	291	54	108
16	668	291	54	109
17	667	292	54	109
18	666	293	55	110
19	665	293	55	110
20	665	293	55	110
21	664	294	55	111
22	664	294	55	111
23	663	294	56	112
24	663	295	56	113
25	662	295	56	113
26	662	296	57	114
27	662	296	57	114
28	662	297	57	114
29	662	297	57	115
30	661	298	57	115
31	661	298	57	115
32	660	298	57	115
33	659	298	58	116
34	658	299	58	116
35	656	299	58	116
36	655	299	58	117
37	653	300	58	117
38	651	300	59	118
39	649	301	59	118
40	648	301	59	119
41	646	302	59	119
42	644	302	60	120
43	643	303	60	120
44	641	304	60	120
45	640	305	60	120
46	639	306	60	120
47	638	308	60	120
48	637	309	60	120
49	637	310	60	120
50	636	311	60	121
51	635	313	60	121
52	634	314	60	121
53	633	315	61	122
54	632	316	61	122
55	631	317	61	123
56	630	318	62	124
57	628	318	62	125
58	627	319	62	125
59	625	319	63	126
60	623	320	63	126
61	621	320	63	127
62	619	320	63	127
63	617	320	64	128
64	615	321	64	129
65	613	321	64	129
66	611	321	65	130
67	610	321	65	131
68	608	321	66	132
69	606	321	66	133
70	605	321	67	135
71	604	321	68	136
72	603	321	69	138
73	602	321	69	139
74	601	321	70	141
75	599	321	71	143
76	598	321	72	145
77	596	320	73	147
78	594	319	74	149
79	591	319	75	151
80	589	318	76	153
81	587	317	77	155
82	585	316	78	156
83	584	316	78	157
84	583	315	78	157
85	582	315	79	158
86	582	314	79	158
87	582	314	79	159
88	582	313	79	159
89	582	313	79	158
90	582	313	79	158
91	582	312	79	159
92	581	312	79	159
93	581	311	79	159
94	580	311	80	160
95	579	310	80	160
96	578	310	80	161
97	577	309	80	161
98	576	309	81	162
99	575	309	81	162
100	574	309	81	162
101	573	310	81	163
102	572	310	81	163
103	571	311	82	164
104	569	311	82	164
105	567	312	82	164
106	565	312	81	163
107	562	313	81	163
108	559	313	81	163
109	555	314	81	163
110	552	314	82	164
111	547	314	82	165
112	543	314	83	167
113	538	314	84	169
114	534	314	85	171
115	528	314	87	174
116	523	313	88	177
117	517	313	90	180
118	512	312	91	183
119	506	312	93	186
120	500	311	94	189
121	494	311	95	191
122	487	310	96	193
123	481	310	97	194
124	474	310	97	194
125	468	309	97	195
126	462	309	97	195
127	455	309	97	195
128	449	310	97	195
129	443	310	97	195
130	437	311	97	195
131	431	312	98	196
132	425	312	98	197
133	418	313	99	198
134	412	314	99	199
135	405	314	100	201
136	399	314	101	203
137	393	314	102	204
138	387	314	103	206
139	382	314	104	208
140	378	314	104	209
141	374	313	105	211
142	372	312	105	211
143	370	311	106	212
144	369	309	106	212
145	369	308	106	212
146	370	306	106	212
147	371	305	106	212
148	373	304	106	213
149	375	304	106	213
150	377	303	107	214
151	379	303	107	214
152	381	302	107	215
153	383	302	108	216
154	385	301	109	218
155	386	300	110	220
156	386	299	111	223
157	386	298	113	227
158	386	296	115	231
159	386	294	117	235
160	386	292	119	238
161	387	291	120	241
162	387	289	122	244
163	388	289	123	246
164	389	289	124	248
165	389	289	125	250
166	390	289	125	250
167	390	289	125	250
168	390	290	125	251
169	389	290	126	252
170	388	289	126	253
171	388	288	127	254
172	387	287	128	256
173	385	285	129	258
174	383	284	130	261
175	382	282	131	263
176	381	281	133	266
177	380	279	134	269
178	380	277	135	271
179	381	276	137	274
180	381	275	138	276
181	381	274	139	279
182	381	274	140	281
183	381	273	141	283
184	381	273	142	285
185	380	272	143	287
186	379	272	145	290
187	378	271	146	292
188	377	269	147	295
189	375	268	148	297
190	372	266	149	298
191	370	265	149	298
192	367	264	149	298
193	364	263	148	297
194	360	262	148	297
195	357	261	148	297
196	354	260	149	298
197	351	259	150	300
198	348	258	150	301
199	347	257	151	303
200	345	257	152	305
201	345	256	153	307
202	344	256	154	308
203	343	255	155	310
204	342	254	155	311
205	340	253	156	313
206	337	251	156	313
207	334	250	157	314
208	331	248	156	313
209	327	247	156	312
210	322	246	155	311
211	316	244	155	311
212	311	241	155	311
213	306	239	156	312
214	300	238	156	313
215	295	236	157	314
216	290	234	157	315
217	286	232	158	316
218	282	231	158	317
219	279	230	159	319
220	277	229	161	322
221	275	228	161	323
222	273	227	163	326
223	272	226	164	328
224	271	225	165	331
225	270	224	166	333
226	268	223	167	335
227	265	222	168	337
228	262	220	169	338
229	259	219	170	340
230	254	219	170	341
231	249	219	171	342
232	243	219	171	343
233	236	219	171	343
234	229	220	172	344
235	223	221	172	344
236	216	222	172	344
237	210	223	172	344
238	205	225	171	343
239	199	226	171	342
240	195	228	170	340
241	191	231	169	338
242	187	233	168	336
243	184	236	166	333
244	181	239	165	330
245	178	241	163	327
246	175	242	161	323
247	173	242	160	320
248	171	242	158	317
249	169	243	157	315
250	167	243	156	312
251	164	244	155	311
252	161	244	155	310
253	159	244	154	309
254	158	245	154	309
255	157	246	154	308
256	156	246	154	308
257	155	248	154	308
258	154	249	154	308
259	153	251	154	308
260	152	253	154	308
261	150	256	154	308
262	148	256	154	308
263	145	255	154	308
264	142	254	154	308
265	140	254	153	307
266	137	253	153	306
267	135	253	152	305
268	133	253	151	303
269	131	253	150	301
270	130	252	149	299
271	129	251	148	296
272	129	251	147	294
273	128	251	146	292
274	126	252	145	290
275	126	253	143	287
276	125	254	142	285
277	125	255	141	282
278	125	256	140	280
279	124	257	139	279
280	124	259	138	277
281	124	260	137	275
282	124	262	136	272
283	124	264	135	270
284	126	265	133	267
285	127	267	132	264
286	128	268	130	261
287	129	268	129	259
288	130	269	128	256
289	131	271	127	254
290	131	272	126	252
291	131	274	125	250
292	131	276	124	249
293	131	277	123	247
294	131	278	123	246
295	131	280	122	245
296	132	281	122	244
297	133	282	121	242
298	135	282	120	241
299	137	282	119	239
300	140	282	119	238
301	144	282	118	236
302	149	281	117	234
303	154	281	116	233
304	161	280	115	231
305	168	280	114	229
306	176	279	114	228
307	184	278	113	227
308	192	277	113	226
309	200	277	112	225
310	209	277	112	225
311	217	277	112	225
312	225	277	112	225
313	233	279	112	225
314	240	281	113	226
315	246	283	113	227
316	251	285	114	228
317	256	288	114	228
318	261	290	114	229
319	264	293	114	229
320	267	295	115	230
321	270	298	115	230
322	273	300	114	229
323	274	302	114	229
324	276	302	114	229
325	278	303	114	228
326	281	302	113	227
327	283	302	113	227
328	286	301	113	226
329	289	300	113	226
330	291	298	112	225
331	294	296	112	225
332	298	295	112	225
333	301	293	112	224
334	305	291	112	224
335	309	289	111	222
336	314	288	110	221
337	318	288	110	220
338	323	288	109	218
339	329	288	108	216
340	334	289	107	214
341	340	290	106	212
342	346	291	104	209
343	351	292	103	207
344	356	293	102	204
345	360	294	101	202
346	363	295	100	200
347	366	296	99	198
348	369	297	98	196
349	371	297	97	195
350	374	298	97	194
351	377	298	96	193
352	379	298	96	193
353	382	299	96	193
354	385	300	96	193
355	387	302	96	193
356	390	304	96	193
357	393	306	96	193
358	396	308	96	192
359	399	310	96	192
360	402	312	95	191
361	405	313	95	190
362	407	315	94	188
363	409	317	93	187
364	411	318	92	185
365	414	319	92	184
366	416	320	91	183
367	418	321	90	181
368	421	321	90	180
369	423	322	89	178
370	425	322	88	177
371	428	322	87	175
372	430	322	86	173
373	432	322	86	172
3D Trajetory (frame, x, z, height, pose)
3	1.26	9.32	1.87	4.00
4	1.22	9.22	1.87	4.00
5	1.17	9.13	1.86	4.00
6	1.12	9.02	1.86	4.00
7	1.07	8.91	1.86	4.00
8	1.03	8.84	1.86	4.00
9	0.99	8.78	1.86	4.00
10	0.96	8.70	1.86	4.00
11	0.92	8.63	1.86	4.00
12	0.90	8.61	1.86	4.00
13	0.87	8.60	1.86	4.00
14	0.84	8.56	1.86	4.00
15	0.81	8.53	1.86	4.00
16	0.77	8.53	1.86	4.00
17	0.73	8.54	1.86	4.00
18	0.70	8.50	1.86	4.00
19	0.67	8.46	1.86	4.00
20	0.65	8.41	1.86	4.00
21	0.62	8.36	1.86	4.00
22	0.59	8.32	1.86	4.00
23	0.57	8.27	1.86	4.00
24	0.54	8.24	1.86	4.00
25	0.52	8.21	1.86	4.00
26	0.51	8.20	1.86	4.00
27	0.49	8.18	1.86	4.00
28	0.46	8.14	1.86	4.00
29	0.44	8.10	1.86	4.00
30	0.40	8.07	1.87	4.00
31	0.37	8.04	1.87	3.00
32	0.34	8.10	1.87	3.00
33	0.31	8.16	1.86	2.00
34	0.27	8.11	1.87	2.00
35	0.24	8.06	1.87	4.00
36	0.20	8.01	1.87	4.00
37	0.16	7.96	1.87	4.00
38	0.11	7.94	1.87	4.00
39	0.06	7.93	1.88	4.00
40	0.02	7.89	1.88	4.00
41	-0.02	7.86	1.87	2.00
42	-0.05	7.83	1.88	2.00
43	-0.09	7.80	1.88	4.00
44	-0.13	7.78	1.88	4.00
45	-0.17	7.76	1.88	4.00
46	-0.20	7.76	1.88	4.00
47	-0.22	7.77	1.88	2.00
48	-0.26	7.78	1.88	2.00
49	-0.29	7.80	1.88	4.00
50	-0.33	7.79	1.88	4.00
51	-0.37	7.77	1.88	4.00
52	-0.39	7.75	1.88	4.00
53	-0.42	7.73	1.88	4.00
54	-0.45	7.66	1.88	4.00
55	-0.48	7.59	1.88	3.00
56	-0.52	7.54	1.88	3.00
57	-0.55	7.50	1.88	3.00
58	-0.60	7.42	1.88	3.00
59	-0.65	7.34	1.88	4.00
60	-0.69	7.33	1.88	4.00
61	-0.72	7.32	1.88	4.00
62	-0.78	7.30	1.88	4.00
63	-0.84	7.29	1.88	2.00
64	-0.90	7.28	1.88	2.00
65	-0.95	7.26	1.88	2.00
66	-0.99	7.16	1.88	2.00
67	-1.03	7.05	1.88	2.00
68	-1.06	6.98	1.88	2.00
69	-1.09	6.92	1.88	2.00
70	-1.12	6.85	1.88	2.00
71	-1.14	6.78	1.88	2.00
72	-1.18	6.76	1.88	2.00
73	-1.22	6.73	1.88	2.00
74	-1.24	6.58	1.88	2.00
75	-1.27	6.42	1.88	2.00
76	-1.30	6.35	1.88	2.00
77	-1.33	6.27	1.88	3.00
78	-1.37	6.16	1.88	3.00
79	-1.41	6.05	1.88	3.00
80	-1.45	5.94	1.88	3.00
81	-1.49	5.82	1.89	4.00
82	-1.53	5.78	1.88	4.00
83	-1.57	5.74	1.88	4.00
84	-1.62	5.77	1.88	4.00
85	-1.67	5.79	1.89	2.00
86	-1.71	5.75	1.89	2.00
87	-1.75	5.71	1.89	3.00
88	-1.77	5.69	1.89	3.00
89	-1.80	5.68	1.90	3.00
90	-1.83	5.70	1.90	3.00
91	-1.86	5.73	1.91	2.00
92	-1.89	5.66	1.90	2.00
93	-1.92	5.58	1.90	4.00
94	-2.00	5.62	1.90	4.00
95	-2.09	5.65	1.91	4.00
96	-2.11	5.58	1.91	4.00
97	-2.13	5.50	1.91	2.00
98	-2.18	5.45	1.91	2.00
99	-2.23	5.40	1.91	2.00
100	-2.28	5.35	1.91	2.00
101	-2.34	5.30	1.90	2.00
102	-2.40	5.31	1.90	2.00
103	-2.46	5.31	1.90	2.00
104	-2.52	5.27	1.90	2.00
105	-2.58	5.23	1.90	4.00
106	-2.63	5.18	1.90	4.00
107	-2.68	5.13	1.90	4.00
108	-2.72	5.08	1.90	4.00
109	-2.76	5.03	1.90	4.00
110	-2.87	5.05	1.90	4.00
111	-2.99	5.06	1.90	2.00
112	-3.02	4.98	1.90	2.00
113	-3.06	4.91	1.90	2.00
114	-3.03	4.76	1.90	2.00
115	-3.01	4.61	1.90	2.00
116	-3.00	4.49	1.89	2.00
117	-3.00	4.37	1.89	2.00
118	-2.99	4.25	1.89	2.00
119	-2.99	4.12	1.89	2.00
120	-3.02	4.03	1.89	2.00
121	-3.04	3.94	1.89	4.00
122	-3.10	3.87	1.89	4.00
123	-3.16	3.81	1.89	3.00
124	-3.23	3.79	1.89	3.00
125	-3.31	3.76	1.89	3.00
126	-3.39	3.73	1.89	3.00
127	-3.48	3.70	1.89	4.00
128	-3.52	3.64	1.89	4.00
129	-3.57	3.57	1.89	4.00
130	-3.62	3.53	1.89	4.00
131	-3.67	3.48	1.89	4.00
132	-3.73	3.42	1.89	4.00
133	-3.78	3.35	1.89	4.00
134	-3.82	3.28	1.89	4.00
135	-3.87	3.20	1.89	4.00
136	-3.90	3.13	1.89	4.00
137	-3.93	3.06	1.89	2.00
138	-3.96	2.98	1.89	2.00
139	-3.98	2.91	1.89	4.00
140	-3.99	2.83	1.89	4.00
141	-4.01	2.75	1.89	3.00
142	-4.03	2.69	1.89	3.00
143	-4.05	2.62	1.89	4.00
144	-4.09	2.56	1.89	4.00
145	-4.13	2.50	1.89	2.00
146	-4.16	2.44	1.89	2.00
147	-4.20	2.38	1.89	2.00
148	-4.26	2.33	1.89	2.00
149	-4.31	2.28	1.89	2.00
150	-4.32	2.19	1.89	2.00
151	-4.33	2.10	1.89	2.00
152	-4.28	1.99	1.89	2.00
153	-4.24	1.88	1.89	2.00
154	-4.22	1.78	1.89	2.00
155	-4.20	1.69	1.89	2.00
156	-4.25	1.62	1.89	2.00
157	-4.30	1.55	1.89	2.00
158	-4.23	1.45	1.89	2.00
159	-4.17	1.34	1.88	2.00
160	-4.09	1.23	1.89	2.00
161	-4.02	1.11	1.89	3.00
162	-3.96	1.05	1.89	3.00
163	-3.91	0.98	1.89	3.00
164	-3.87	0.91	1.89	3.00
165	-3.84	0.85	1.89	2.00
166	-3.90	0.79	1.89	2.00
167	-3.97	0.74	1.89	4.00
168	-3.99	0.66	1.88	4.00
169	-4.01	0.59	1.88	3.00
170	-4.00	0.50	1.88	3.00
171	-3.99	0.41	1.88	3.00
172	-3.98	0.34	1.88	3.00
173	-3.98	0.27	1.88	3.00
174	-3.85	0.18	1.89	3.00
175	-3.72	0.10	1.89	2.00
176	-3.70	0.07	1.89	2.00
177	-3.68	0.04	1.88	1.00
178	-3.70	-0.00	1.88	1.00
179	-3.72	-0.05	1.88	3.00
180	-3.69	-0.11	1.88	3.00
181	-3.66	-0.18	1.88	3.00
182	-3.61	-0.24	1.88	3.00
183	-3.57	-0.30	1.88	3.00
184	-3.51	-0.35	1.88	3.00
185	-3.45	-0.40	1.88	2.00
186	-3.41	-0.45	1.88	2.00
187	-3.36	-0.51	1.88	1.00
188	-3.35	-0.56	1.88	1.00
189	-3.34	-0.62	1.88	1.00
190	-3.33	-0.67	1.88	1.00
191	-3.32	-0.73	1.88	1.00
192	-3.30	-0.80	1.88	1.00
193	-3.28	-0.87	1.88	1.00
194	-3.26	-0.93	1.88	1.00
195	-3.23	-1.00	1.88	1.00
196	-3.26	-1.06	1.88	1.00
197	-3.29	-1.12	1.89	1.00
198	-3.28	-1.17	1.88	1.00
199	-3.26	-1.23	1.88	1.00
200	-3.18	-1.25	1.88	1.00
201	-3.11	-1.26	1.88	1.00
202	-3.02	-1.27	1.88	1.00
203	-2.93	-1.27	1.88	3.00
204	-2.94	-1.36	1.88	3.00
205	-2.95	-1.44	1.88	3.00
206	-2.93	-1.48	1.88	3.00
207	-2.91	-1.53	1.88	1.00
208	-2.89	-1.59	1.88	1.00
209	-2.87	-1.65	1.88	1.00
210	-2.88	-1.72	1.88	1.00
211	-2.90	-1.80	1.88	1.00
212	-2.84	-1.85	1.88	1.00
213	-2.79	-1.89	1.88	3.00
214	-2.76	-1.95	1.88	3.00
215	-2.74	-2.01	1.88	3.00
216	-2.70	-2.06	1.88	3.00
217	-2.66	-2.10	1.88	3.00
218	-2.62	-2.12	1.88	3.00
219	-2.57	-2.14	1.88	3.00
220	-2.54	-2.17	1.88	3.00
221	-2.52	-2.20	1.88	3.00
222	-2.49	-2.22	1.88	3.00
223	-2.47	-2.25	1.88	3.00
224	-2.41	-2.26	1.88	3.00
225	-2.36	-2.26	1.88	3.00
226	-2.30	-2.26	1.88	3.00
227	-2.25	-2.26	1.88	3.00
228	-2.22	-2.30	1.88	3.00
229	-2.19	-2.34	1.88	3.00
230	-2.15	-2.37	1.88	3.00
231	-2.12	-2.41	1.88	1.00
232	-2.10	-2.46	1.88	1.00
233	-2.09	-2.52	1.89	1.00
234	-2.07	-2.56	1.88	1.00
235	-2.04	-2.61	1.88	1.00
236	-2.01	-2.64	1.88	1.00
237	-1.99	-2.67	1.88	3.00
238	-1.98	-2.70	1.88	3.00
239	-1.97	-2.72	1.88	3.00
240	-1.95	-2.76	1.88	3.00
241	-1.93	-2.79	1.88	3.00
242	-1.93	-2.86	1.88	3.00
243	-1.94	-2.93	1.88	4.00
244	-1.91	-3.02	1.88	4.00
245	-1.89	-3.11	1.88	1.00
246	-1.86	-3.17	1.88	1.00
247	-1.83	-3.23	1.88	1.00
248	-1.80	-3.30	1.88	1.00
249	-1.78	-3.36	1.88	1.00
250	-1.75	-3.41	1.88	1.00
251	-1.71	-3.45	1.88	3.00
252	-1.67	-3.49	1.88	3.00
253	-1.64	-3.52	1.88	4.00
254	-1.61	-3.56	1.88	4.00
255	-1.59	-3.60	1.88	1.00
256	-1.57	-3.62	1.88	1.00
257	-1.55	-3.64	1.88	1.00
258	-1.52	-3.63	1.88	1.00
259	-1.48	-3.62	1.88	1.00
260	-1.44	-3.64	1.88	1.00
261	-1.39	-3.66	1.87	4.00
262	-1.34	-3.70	1.87	4.00
263	-1.28	-3.73	1.87	3.00
264	-1.22	-3.79	1.87	3.00
265	-1.17	-3.86	1.87	1.00
266	-1.09	-3.88	1.87	1.00
267	-1.01	-3.90	1.87	4.00
268	-0.96	-3.93	1.87	4.00
269	-0.91	-3.96	1.87	4.00
270	-0.86	-4.03	1.87	4.00
271	-0.81	-4.10	1.87	3.00
272	-0.76	-4.16	1.87	3.00
273	-0.71	-4.21	1.87	3.00
274	-0.65	-4.27	1.87	3.00
275	-0.59	-4.32	1.87	3.00
276	-0.54	-4.36	1.87	3.00
277	-0.48	-4.40	1.87	3.00
278	-0.43	-4.43	1.87	3.00
279	-0.37	-4.46	1.87	3.00
280	-0.32	-4.49	1.87	3.00
281	-0.27	-4.51	1.87	3.00
282	-0.22	-4.58	1.87	3.00
283	-0.16	-4.65	1.87	2.00
284	-0.09	-4.68	1.87	2.00
285	-0.02	-4.72	1.87	2.00
286	0.06	-4.78	1.87	2.00
287	0.14	-4.83	1.87	3.00
288	0.21	-4.87	1.87	3.00
289	0.27	-4.92	1.87	1.00
290	0.35	-4.96	1.87	1.00
291	0.42	-5.00	1.86	1.00
292	0.49	-5.01	1.87	1.00
293	0.56	-5.03	1.87	1.00
294	0.63	-5.03	1.87	1.00
295	0.70	-5.04	1.87	3.00
296	0.79	-5.06	1.87	3.00
297	0.87	-5.09	1.87	3.00
298	0.93	-5.10	1.87	3.00
299	1.00	-5.12	1.87	3.00
300	1.06	-5.14	1.87	3.00
301	1.12	-5.15	1.88	3.00
302	1.21	-5.16	1.88	3.00
303	1.30	-5.17	1.88	4.00
304	1.35	-5.16	1.88	4.00
305	1.40	-5.15	1.88	1.00
306	1.45	-5.12	1.89	1.00
307	1.50	-5.10	1.89	4.00
308	1.54	-5.07	1.90	4.00
309	1.58	-5.05	1.90	4.00
310	1.62	-5.02	1.90	4.00
311	1.65	-4.98	1.90	1.00
312	1.67	-4.94	1.90	1.00
313	1.69	-4.90	1.90	4.00
314	1.68	-4.85	1.90	4.00
315	1.67	-4.80	1.90	4.00
316	1.68	-4.74	1.90	4.00
317	1.69	-4.68	1.90	1.00
318	1.71	-4.61	1.90	1.00
319	1.73	-4.54	1.90	1.00
320	1.77	-4.51	1.90	1.00
321	1.81	-4.48	1.90	3.00
322	1.86	-4.48	1.90	3.00
323	1.91	-4.47	1.90	3.00
324	1.97	-4.52	1.90	3.00
325	2.02	-4.56	1.90	3.00
326	2.05	-4.49	1.90	3.00
327	2.08	-4.42	1.90	3.00
328	2.10	-4.41	1.90	3.00
329	2.12	-4.39	1.90	3.00
330	2.14	-4.36	1.90	3.00
331	2.16	-4.33	1.90	3.00
332	2.20	-4.34	1.90	3.00
333	2.24	-4.35	1.90	3.00
334	2.26	-4.33	1.90	3.00
335	2.28	-4.30	1.90	4.00
336	2.31	-4.30	1.90	4.00
337	2.35	-4.30	1.90	4.00
338	2.37	-4.30	1.90	4.00
339	2.40	-4.31	1.90	3.00
340	2.45	-4.32	1.90	3.00
341	2.49	-4.33	1.90	1.00
342	2.55	-4.33	1.90	1.00
343	2.60	-4.34	1.90	3.00
344	2.64	-4.36	1.90	3.00
345	2.69	-4.37	1.90	3.00
346	2.76	-4.42	1.90	3.00
347	2.83	-4.47	1.90	3.00
348	2.89	-4.47	1.90	3.00
349	2.94	-4.46	1.89	1.00
350	2.99	-4.42	1.89	1.00
351	3.03	-4.38	1.89	1.00
352	3.06	-4.35	1.89	1.00
353	3.09	-4.32	1.89	1.00
354	3.10	-4.29	1.89	1.00
355	3.12	-4.27	1.89	4.00
356	3.14	-4.23	1.89	4.00
357	3.16	-4.19	1.89	4.00
358	3.20	-4.17	1.89	4.00
359	3.23	-4.14	1.89	4.00
360	3.28	-4.13	1.89	4.00
361	3.33	-4.12	1.89	4.00
362	3.40	-4.12	1.89	4.00
363	3.46	-4.12	1.88	4.00
364	3.53	-4.12	1.88	4.00
365	3.60	-4.12	1.88	4.00
366	3.65	-4.12	1.88	4.00
367	3.71	-4.11	1.88	4.00
368	3.78	-4.11	1.88	4.00
369	3.84	-4.10	1.88	3.00
370	3.89	-4.10	1.88	3.00
371	3.94	-4.09	1.88	3.00
372	3.98	-4.06	1.88	3.00
373	4.03	-4.04	1.88	3.00
Target 6 (frames from 19 to 43)
Bounding Boxes (frame, x, y, width, height)
19	617	301	45	91
20	618	302	46	92
21	619	303	46	93
22	619	303	47	94
23	620	304	47	95
24	621	304	48	96
25	622	305	48	96
26	623	305	48	97
27	623	306	48	97
28	624	306	49	98
29	625	307	49	98
30	626	307	49	98
31	627	307	49	98
32	628	307	49	98
33	628	308	49	98
34	628	308	49	98
35	629	308	49	98
36	629	309	49	98
37	629	309	49	98
38	629	310	49	98
39	629	311	49	98
40	628	311	49	98
41	628	312	49	98
42	627	313	49	98
43	626	314	49	98
3D Trajetory (frame, x, z, height, pose)
19	-0.23	9.42	1.73	2.00
20	-0.22	9.38	1.73	2.00
21	-0.22	9.33	1.73	2.00
22	-0.23	9.20	1.73	2.00
23	-0.24	9.08	1.73	3.00
24	-0.25	8.99	1.73	3.00
25	-0.25	8.90	1.73	3.00
26	-0.25	8.86	1.73	3.00
27	-0.24	8.82	1.73	3.00
28	-0.24	8.78	1.73	3.00
29	-0.24	8.75	1.73	3.00
30	-0.25	8.75	1.74	3.00
31	-0.25	8.75	1.74	3.00
32	-0.27	8.82	1.74	3.00
33	-0.28	8.90	1.74	3.00
34	-0.31	8.93	1.75	3.00
35	-0.33	8.97	1.75	3.00
36	-0.34	8.98	1.75	3.00
37	-0.36	8.98	1.75	2.00
38	-0.38	8.98	1.75	2.00
39	-0.40	8.99	1.75	2.00
40	-0.42	8.92	1.75	2.00
41	-0.43	8.85	1.75	2.00
42	-0.45	8.85	1.75	2.00
43	-0.48	8.86	1.75	2.00
Target 7 (frames from 67 to 225)
Bounding Boxes (frame, x, y, width, height)
67	747	326	56	112
68	751	326	56	113
69	755	327	56	113
70	759	328	56	113
71	763	328	56	113
72	766	329	57	114
73	770	329	57	114
74	774	329	57	115
75	778	329	57	115
76	782	329	57	115
77	786	329	58	116
78	790	329	58	116
79	794	328	58	116
80	798	328	58	117
81	801	327	58	117
82	805	327	59	118
83	808	326	59	119
84	812	326	59	119
85	815	325	60	120
86	818	325	60	121
87	822	324	61	122
88	825	323	61	123
89	829	323	62	124
90	833	323	63	126
91	837	322	63	127
92	841	322	64	128
93	845	321	64	129
94	849	321	65	131
95	854	320	66	132
96	858	319	66	133
97	863	319	67	135
98	867	319	68	136
99	871	318	68	137
100	875	318	69	139
101	879	319	70	140
102	882	319	70	141
103	885	320	71	142
104	888	320	71	143
105	891	320	72	144
106	893	320	72	145
107	894	321	73	146
108	895	321	74	148
109	896	321	74	149
110	896	321	75	150
111	896	321	75	150
112	895	322	75	151
113	895	322	76	152
114	894	322	76	152
115	893	322	76	153
116	892	322	76	153
117	890	323	77	154
118	889	322	77	155
119	887	322	78	156
120	885	322	78	157
121	883	321	79	158
122	881	321	80	160
123	878	320	80	161
124	875	320	81	163
125	872	319	82	165
126	868	319	83	166
127	865	319	84	168
128	862	319	84	169
129	860	319	85	170
130	858	320	85	171
131	856	320	86	172
132	854	321	86	172
133	853	322	86	173
134	851	323	87	174
135	850	324	87	175
136	849	324	88	176
137	847	324	89	178
138	845	324	90	181
139	844	324	91	183
140	842	323	93	186
141	841	322	94	189
142	840	321	96	192
143	840	319	98	196
144	840	316	100	200
145	841	314	101	203
146	843	312	103	206
147	845	310	104	209
148	848	309	106	212
149	852	308	107	214
150	856	307	108	217
151	860	306	109	219
152	865	306	110	221
153	870	305	111	223
154	875	304	112	225
155	880	304	113	227
156	885	303	114	229
157	889	302	115	231
158	893	301	116	233
159	897	299	117	235
160	901	298	118	237
161	905	297	119	239
162	909	295	120	240
163	912	295	121	242
164	916	295	122	244
165	919	295	122	245
166	922	295	123	246
167	925	295	123	247
168	928	296	124	248
169	931	296	124	248
170	934	296	124	248
171	938	295	124	248
172	941	294	124	248
173	943	293	124	249
174	946	292	124	249
175	949	291	124	249
176	952	290	125	250
177	956	288	125	251
178	960	287	127	254
179	964	286	128	256
180	968	285	129	259
181	972	284	131	262
182	976	284	132	265
183	980	283	134	268
184	984	282	135	271
185	988	281	137	274
186	990	281	138	277
187	992	280	140	280
188	993	279	141	283
189	994	277	142	285
190	994	275	144	288
191	994	273	145	290
192	993	272	146	293
193	994	270	147	295
194	995	269	148	297
195	996	268	150	300
196	997	267	151	303
197	999	266	152	305
198	1001	265	154	308
199	1004	264	155	311
200	1007	263	157	315
201	1010	262	159	318
202	1012	261	160	321
203	1014	260	162	325
204	1015	259	164	328
205	1015	257	165	330
206	1014	255	166	333
207	1014	253	167	335
208	1013	251	168	337
209	1011	249	169	339
210	1010	247	170	341
211	1009	245	172	344
212	1008	242	173	347
213	1007	240	175	350
214	1006	237	177	354
215	1006	235	178	357
216	1005	232	180	361
217	1005	231	182	364
218	1004	229	183	366
219	1004	228	184	369
220	1004	227	186	372
221	1004	226	187	374
222	1004	225	188	376
223	1004	225	189	379
224	1004	225	190	381
225	1005	225	191	383
3D Trajetory (frame, x, z, height, pose)
67	1.02	8.40	1.83	2.00
68	1.03	8.40	1.84	2.00
69	1.05	8.40	1.84	2.00
70	1.05	8.38	1.84	2.00
71	1.05	8.35	1.84	2.00
72	1.07	8.32	1.84	2.00
73	1.09	8.28	1.84	2.00
74	1.12	8.30	1.84	2.00
75	1.14	8.32	1.84	2.00
76	1.16	8.33	1.84	2.00
77	1.17	8.33	1.84	2.00
78	1.18	8.33	1.84	2.00
79	1.19	8.32	1.84	2.00
80	1.19	8.32	1.84	2.00
81	1.20	8.31	1.83	4.00
82	1.19	8.27	1.84	4.00
83	1.19	8.22	1.84	4.00
84	1.20	8.18	1.84	4.00
85	1.20	8.15	1.84	4.00
86	1.19	8.10	1.84	4.00
87	1.18	8.06	1.84	4.00
88	1.16	8.01	1.84	4.00
89	1.15	7.95	1.84	2.00
90	1.15	7.93	1.84	2.00
91	1.15	7.91	1.84	2.00
92	1.16	7.86	1.84	2.00
93	1.16	7.80	1.84	2.00
94	1.16	7.75	1.84	2.00
95	1.15	7.69	1.84	2.00
96	1.14	7.62	1.84	2.00
97	1.12	7.55	1.84	2.00
98	1.12	7.52	1.84	2.00
99	1.11	7.49	1.84	2.00
100	1.08	7.46	1.84	2.00
101	1.05	7.42	1.84	4.00
102	1.01	7.38	1.84	4.00
103	0.96	7.33	1.83	3.00
104	0.93	7.30	1.83	3.00
105	0.90	7.26	1.83	3.00
106	0.87	7.20	1.83	3.00
107	0.85	7.14	1.83	3.00
108	0.82	7.13	1.83	3.00
109	0.79	7.12	1.83	4.00
110	0.76	7.07	1.83	4.00
111	0.73	7.02	1.83	4.00
112	0.68	6.98	1.83	4.00
113	0.63	6.93	1.83	2.00
114	0.61	6.88	1.83	2.00
115	0.58	6.83	1.83	4.00
116	0.53	6.86	1.83	4.00
117	0.49	6.89	1.83	3.00
118	0.45	6.82	1.83	3.00
119	0.42	6.76	1.83	3.00
120	0.38	6.72	1.83	3.00
121	0.34	6.67	1.83	3.00
122	0.28	6.58	1.83	3.00
123	0.23	6.49	1.83	3.00
124	0.18	6.43	1.84	3.00
125	0.12	6.37	1.84	3.00
126	0.06	6.27	1.84	3.00
127	0.00	6.17	1.84	3.00
128	-0.04	6.10	1.84	3.00
129	-0.08	6.02	1.84	3.00
130	-0.13	6.05	1.84	3.00
131	-0.17	6.07	1.84	3.00
132	-0.22	6.00	1.84	3.00
133	-0.26	5.93	1.84	3.00
134	-0.30	5.92	1.84	3.00
135	-0.34	5.91	1.84	4.00
136	-0.37	5.85	1.84	4.00
137	-0.41	5.79	1.84	4.00
138	-0.44	5.70	1.84	4.00
139	-0.47	5.62	1.84	3.00
140	-0.51	5.49	1.84	3.00
141	-0.55	5.37	1.84	3.00
142	-0.61	5.27	1.84	3.00
143	-0.66	5.17	1.84	3.00
144	-0.71	5.08	1.84	3.00
145	-0.76	5.00	1.84	3.00
146	-0.81	4.93	1.84	3.00
147	-0.86	4.86	1.84	3.00
148	-0.91	4.78	1.84	3.00
149	-0.95	4.71	1.84	3.00
150	-1.00	4.69	1.84	3.00
151	-1.05	4.67	1.84	3.00
152	-1.11	4.65	1.84	3.00
153	-1.17	4.62	1.84	3.00
154	-1.23	4.57	1.84	3.00
155	-1.29	4.52	1.84	3.00
156	-1.33	4.48	1.84	3.00
157	-1.38	4.44	1.84	3.00
158	-1.43	4.41	1.84	3.00
159	-1.48	4.37	1.84	3.00
160	-1.53	4.34	1.84	3.00
161	-1.58	4.31	1.84	3.00
162	-1.61	4.26	1.84	3.00
163	-1.63	4.22	1.84	3.00
164	-1.70	4.21	1.84	3.00
165	-1.76	4.20	1.83	3.00
166	-1.83	4.16	1.83	3.00
167	-1.89	4.11	1.83	3.00
168	-1.93	4.07	1.83	3.00
169	-1.98	4.02	1.84	3.00
170	-2.03	4.01	1.83	3.00
171	-2.09	3.99	1.83	2.00
172	-2.17	4.01	1.83	2.00
173	-2.24	4.02	1.83	2.00
174	-2.29	3.99	1.83	2.00
175	-2.33	3.97	1.83	2.00
176	-2.37	3.94	1.83	2.00
177	-2.41	3.91	1.83	2.00
178	-2.42	3.85	1.83	2.00
179	-2.43	3.80	1.83	2.00
180	-2.45	3.75	1.83	2.00
181	-2.46	3.71	1.82	3.00
182	-2.48	3.65	1.82	3.00
183	-2.50	3.60	1.82	3.00
184	-2.51	3.51	1.83	3.00
185	-2.52	3.43	1.83	3.00
186	-2.58	3.42	1.83	3.00
187	-2.64	3.42	1.82	3.00
188	-2.66	3.35	1.83	3.00
189	-2.69	3.28	1.83	3.00
190	-2.70	3.21	1.83	3.00
191	-2.72	3.14	1.83	2.00
192	-2.73	3.06	1.83	2.00
193	-2.74	2.97	1.83	2.00
194	-2.76	2.93	1.83	2.00
195	-2.79	2.89	1.83	2.00
196	-2.78	2.85	1.83	2.00
197	-2.77	2.82	1.83	3.00
198	-2.78	2.78	1.82	3.00
199	-2.79	2.74	1.82	3.00
200	-2.82	2.72	1.82	3.00
201	-2.84	2.70	1.82	2.00
202	-2.82	2.62	1.82	2.00
203	-2.81	2.54	1.82	3.00
204	-2.81	2.47	1.82	3.00
205	-2.82	2.40	1.82	3.00
206	-2.84	2.35	1.82	3.00
207	-2.86	2.29	1.82	3.00
208	-2.88	2.26	1.82	3.00
209	-2.89	2.22	1.82	3.00
210	-2.90	2.19	1.82	3.00
211	-2.91	2.15	1.82	3.00
212	-2.91	2.10	1.82	3.00
213	-2.92	2.05	1.82	3.00
214	-2.90	2.00	1.83	3.00
215	-2.88	1.95	1.83	3.00
216	-2.84	1.89	1.83	3.00
217	-2.80	1.82	1.83	3.00
218	-2.81	1.79	1.83	3.00
219	-2.82	1.75	1.83	3.00
220	-2.83	1.72	1.83	3.00
221	-2.84	1.69	1.83	3.00
222	-2.85	1.67	1.83	3.00
223	-2.86	1.65	1.83	3.00
224	-2.86	1.60	1.83	3.00
225	-2.86	1.56	1.83	1.00
Target 8 (frames from 85 to 141)
Bounding Boxes (frame, x, y, width, height)
85	629	329	61	123
86	628	328	62	124
87	627	327	62	125
88	626	326	63	126
89	626	325	63	127
90	626	324	64	128
91	626	323	64	128
92	626	322	64	129
93	627	322	64	129
94	627	321	64	129
95	628	321	64	129
96	629	321	64	129
97	630	321	64	128
98	632	321	64	128
99	634	321	64	128
100	637	321	64	128
101	639	321	64	128
102	642	322	63	127
103	644	322	63	127
104	646	323	63	127
105	647	323	63	127
106	647	324	63	127
107	646	324	64	128
108	645	324	64	128
109	643	325	64	129
110	640	324	65	130
111	638	324	65	131
112	634	324	65	131
113	631	324	66	132
114	628	324	66	133
115	625	324	66	133
116	622	325	67	134
117	619	325	67	134
118	617	324	67	135
119	615	324	67	135
120	613	324	67	135
121	611	324	67	134
122	609	324	67	134
123	607	324	67	134
124	605	324	67	134
125	602	324	67	134
126	600	324	67	134
127	597	324	67	134
128	595	324	67	135
129	593	325	67	135
130	590	325	68	136
131	588	326	68	137
132	585	327	69	139
133	583	327	70	140
134	581	327	70	141
135	578	327	71	143
136	576	328	72	145
137	574	328	73	147
138	572	328	74	149
139	569	328	76	152
140	567	328	77	154
141	565	327	78	157
3D Trajetory (frame, x, z, height, pose)
85	-1.52	7.04	1.72	2.00
86	-1.55	6.99	1.77	2.00
87	-1.57	6.95	1.81	3.00
88	-1.58	6.94	1.82	3.00
89	-1.59	6.94	1.84	3.00
90	-1.63	6.93	1.83	3.00
91	-1.68	6.92	1.82	3.00
92	-1.75	6.84	1.82	3.00
93	-1.83	6.76	1.81	3.00
94	-1.86	6.79	1.82	3.00
95	-1.90	6.81	1.83	2.00
96	-1.94	6.81	1.83	2.00
97	-1.97	6.82	1.83	3.00
98	-2.01	6.84	1.83	3.00
99	-2.05	6.86	1.84	3.00
100	-2.09	6.86	1.84	3.00
101	-2.12	6.86	1.83	3.00
102	-2.15	6.86	1.83	3.00
103	-2.17	6.87	1.83	3.00
104	-2.20	6.85	1.83	3.00
105	-2.22	6.84	1.83	2.00
106	-2.28	6.82	1.83	2.00
107	-2.34	6.80	1.83	2.00
108	-2.38	6.76	1.83	2.00
109	-2.43	6.71	1.83	1.00
110	-2.49	6.66	1.83	1.00
111	-2.55	6.60	1.84	2.00
112	-2.60	6.53	1.84	2.00
113	-2.64	6.45	1.85	2.00
114	-2.68	6.37	1.85	2.00
115	-2.72	6.28	1.86	2.00
116	-2.78	6.29	1.86	2.00
117	-2.85	6.31	1.86	2.00
118	-2.90	6.27	1.86	2.00
119	-2.95	6.24	1.86	2.00
120	-2.99	6.21	1.85	2.00
121	-3.03	6.18	1.85	2.00
122	-3.06	6.15	1.85	2.00
123	-3.09	6.11	1.85	2.00
124	-3.17	6.12	1.85	2.00
125	-3.24	6.12	1.85	2.00
126	-3.29	6.09	1.85	2.00
127	-3.34	6.06	1.85	4.00
128	-3.39	6.02	1.85	4.00
129	-3.45	5.97	1.85	4.00
130	-3.49	5.88	1.85	4.00
131	-3.52	5.80	1.85	1.00
132	-3.51	5.70	1.86	1.00
133	-3.49	5.60	1.86	3.00
134	-3.49	5.51	1.86	3.00
135	-3.48	5.42	1.86	3.00
136	-3.51	5.32	1.86	3.00
137	-3.53	5.22	1.86	4.00
138	-3.54	5.12	1.86	4.00
139	-3.55	5.02	1.87	2.00
140	-3.56	4.93	1.87	2.00
141	-3.57	4.84	1.87	2.00
Target 9 (frames from 83 to 145)
Bounding Boxes (frame, x, y, width, height)
83	499	330	70	141
84	500	330	70	140
85	502	329	70	140
86	503	329	70	140
87	504	328	69	139
88	505	328	69	139
89	506	328	69	139
90	506	327	69	138
91	506	327	69	138
92	506	327	68	137
93	505	327	68	136
94	504	327	68	136
95	503	327	67	135
96	501	327	67	135
97	500	327	67	134
98	500	327	67	134
99	499	328	67	134
100	500	328	67	134
101	501	328	67	134
102	501	329	67	134
103	502	330	66	133
104	501	330	66	133
105	501	331	66	133
106	499	331	66	133
107	497	332	66	133
108	495	333	66	133
109	492	333	67	134
110	488	333	67	134
111	485	333	67	134
112	480	334	67	135
113	476	334	67	135
114	472	334	68	136
115	467	334	68	137
116	462	334	68	137
117	458	334	69	138
118	453	334	69	139
119	449	334	70	140
120	444	333	70	141
121	440	333	71	142
122	435	332	72	144
123	431	332	73	146
124	426	331	74	149
125	421	331	75	151
126	416	330	77	154
127	410	330	78	156
128	405	329	79	159
129	400	329	81	162
130	394	330	82	165
131	389	330	84	168
132	384	331	85	171
133	378	331	86	173
134	373	332	87	175
135	367	332	88	177
136	362	333	89	179
137	357	333	90	181
138	352	333	91	183
139	348	332	92	185
140	344	332	93	186
141	340	332	94	188
142	336	331	94	189
143	332	330	95	191
144	329	329	96	192
145	326	328	96	193
3D Trajetory (frame, x, z, height, pose)
83	-2.69	5.65	1.68	3.00
84	-2.70	5.63	1.70	3.00
85	-2.72	5.61	1.73	3.00
86	-2.73	5.62	1.73	3.00
87	-2.75	5.63	1.74	3.00
88	-2.76	5.65	1.74	3.00
89	-2.78	5.66	1.74	3.00
90	-2.79	5.66	1.74	3.00
91	-2.80	5.66	1.74	3.00
92	-2.97	5.69	1.73	3.00
93	-3.14	5.71	1.71	3.00
94	-3.19	5.68	1.71	3.00
95	-3.25	5.65	1.71	3.00
96	-3.28	5.61	1.71	3.00
97	-3.32	5.57	1.71	4.00
98	-3.36	5.55	1.71	4.00
99	-3.39	5.52	1.71	4.00
100	-3.45	5.51	1.71	4.00
101	-3.51	5.50	1.71	4.00
102	-3.53	5.43	1.71	4.00
103	-3.55	5.36	1.70	3.00
104	-3.65	5.40	1.70	3.00
105	-3.74	5.43	1.70	3.00
106	-3.77	5.37	1.70	3.00
107	-3.80	5.30	1.69	4.00
108	-3.85	5.24	1.69	4.00
109	-3.89	5.18	1.69	4.00
110	-3.94	5.12	1.69	4.00
111	-3.99	5.06	1.69	1.00
112	-4.04	5.00	1.69	1.00
113	-4.08	4.95	1.70	4.00
114	-4.15	4.92	1.70	4.00
115	-4.22	4.89	1.70	4.00
116	-4.26	4.82	1.70	4.00
117	-4.31	4.75	1.70	2.00
118	-4.35	4.68	1.70	2.00
119	-4.39	4.61	1.70	2.00
120	-4.41	4.53	1.70	2.00
121	-4.43	4.46	1.70	1.00
122	-4.45	4.37	1.70	1.00
123	-4.48	4.29	1.70	1.00
124	-4.46	4.19	1.71	1.00
125	-4.44	4.09	1.71	1.00
126	-4.42	3.99	1.72	1.00
127	-4.40	3.88	1.72	1.00
128	-4.38	3.76	1.72	1.00
129	-4.35	3.63	1.73	2.00
130	-4.36	3.54	1.73	2.00
131	-4.36	3.45	1.73	3.00
132	-4.36	3.36	1.73	3.00
133	-4.35	3.26	1.73	3.00
134	-4.35	3.17	1.73	3.00
135	-4.35	3.09	1.73	3.00
136	-4.36	3.01	1.73	3.00
137	-4.38	2.94	1.73	2.00
138	-4.40	2.86	1.73	2.00
139	-4.41	2.79	1.73	2.00
140	-4.44	2.71	1.73	2.00
141	-4.46	2.64	1.73	3.00
142	-4.47	2.56	1.73	3.00
143	-4.48	2.47	1.73	1.00
144	-4.45	2.37	1.73	1.00
145	-4.43	2.27	1.73	1.00
Target 10 (frames from 171 to 397)
Bounding Boxes (frame, x, y, width, height)
171	738	314	93	187
172	746	312	93	186
173	754	309	92	185
174	762	307	92	185
175	770	306	92	184
176	779	304	92	184
177	787	302	92	184
178	796	301	92	184
179	804	299	92	184
180	813	298	92	184
181	823	298	92	185
182	833	297	93	186
183	842	297	93	187
184	852	296	94	188
185	861	295	95	190
186	870	295	96	192
187	878	294	97	194
188	885	293	97	195
189	892	292	98	196
190	899	290	98	197
191	905	289	99	198
192	911	288	99	199
193	918	287	100	200
194	924	286	100	201
195	931	284	101	203
196	937	283	102	205
197	943	282	103	207
198	950	281	105	210
199	957	279	107	214
200	964	278	109	218
201	970	277	111	223
202	976	275	114	228
203	982	274	117	234
204	987	272	120	240
205	992	269	123	246
206	997	266	126	252
207	1001	263	129	258
208	1006	261	132	264
209	1011	258	135	271
210	1015	255	138	277
211	1019	252	141	283
212	1022	248	144	288
213	1023	246	146	293
214	1023	243	149	298
215	1021	241	151	302
216	1019	238	153	307
217	1017	236	156	312
218	1014	235	158	316
219	1010	233	161	322
220	1006	231	163	327
221	1002	229	166	332
222	997	228	169	338
223	993	227	171	343
224	989	226	174	348
225	986	224	176	353
226	982	222	179	358
227	979	221	182	364
228	975	219	184	369
229	970	217	188	376
230	964	215	191	383
231	958	214	195	391
232	951	213	199	399
233	943	212	203	406
234	933	211	206	413
235	924	211	209	419
236	915	211	212	424
237	906	212	213	426
238	897	212	213	427
239	888	214	213	426
240	880	216	211	422
241	872	220	208	416
242	864	223	204	408
243	857	227	199	399
244	850	231	195	391
245	844	233	191	383
246	837	235	188	376
247	831	235	185	371
248	824	235	184	368
249	818	235	183	366
250	810	236	182	365
251	802	236	182	365
252	793	236	183	366
253	786	236	183	367
254	778	236	184	368
255	770	236	185	370
256	763	237	185	371
257	756	238	186	372
258	749	239	186	373
259	742	241	186	373
260	736	243	186	373
261	728	245	186	373
262	721	246	186	373
263	713	245	186	373
264	705	244	187	374
265	696	242	188	376
266	688	241	189	379
267	680	240	191	382
268	671	239	193	386
269	662	237	195	390
270	653	235	196	393
271	644	233	198	396
272	635	232	198	397
273	626	232	199	399
274	616	232	200	400
275	608	232	200	400
276	600	233	199	398
277	593	234	197	395
278	586	236	195	390
279	580	239	191	383
280	575	241	188	377
281	570	244	185	370
282	566	246	182	364
283	561	248	179	359
284	555	250	177	355
285	549	251	176	352
286	543	252	175	350
287	536	253	174	348
288	529	253	174	348
289	521	254	174	348
290	513	255	174	349
291	505	257	175	351
292	497	258	176	353
293	489	259	176	353
294	482	260	176	353
295	476	261	176	352
296	471	262	175	350
297	467	264	173	347
298	464	265	172	344
299	462	265	170	341
300	460	265	169	338
301	458	265	167	335
302	457	265	166	333
303	456	265	165	331
304	456	265	164	329
305	456	264	163	326
306	457	264	162	324
307	457	264	161	322
308	458	263	160	320
309	459	263	159	318
310	461	263	158	316
311	462	264	158	316
312	463	265	157	315
313	464	267	157	314
314	466	269	156	312
315	467	272	155	311
316	469	274	155	310
317	471	278	154	308
318	472	281	152	305
319	474	284	151	303
320	475	287	149	299
321	477	291	147	295
322	478	294	145	291
323	479	296	143	287
324	479	297	141	282
325	480	298	139	278
326	480	299	137	274
327	480	299	134	269
328	480	299	132	264
329	481	298	130	260
330	482	297	128	256
331	483	296	126	252
332	484	295	124	248
333	486	293	123	246
334	489	292	122	245
335	491	290	122	244
336	494	289	122	244
337	497	288	122	245
338	500	287	123	246
339	503	287	124	249
340	507	286	126	252
341	510	286	127	255
342	513	286	128	257
343	516	286	130	260
344	518	286	131	262
345	521	286	132	264
346	524	286	132	265
347	527	286	133	267
348	529	287	134	268
349	531	287	134	269
350	533	287	134	269
351	535	287	135	271
352	537	287	135	271
353	538	288	136	272
354	539	289	136	272
355	540	290	136	272
356	540	292	135	271
357	541	294	134	269
358	542	297	133	267
359	543	299	132	264
360	544	302	130	260
361	545	304	128	256
362	547	306	125	251
363	548	308	123	247
364	549	310	121	242
365	551	312	119	238
366	553	313	117	234
367	554	315	115	230
368	556	316	113	226
369	557	316	111	223
370	559	317	110	220
371	560	317	109	218
372	561	317	108	216
373	562	317	107	215
374	562	317	106	213
375	563	316	106	212
376	564	316	105	211
377	564	316	105	210
378	565	315	104	209
379	566	315	104	208
380	567	315	104	208
381	568	315	104	208
382	569	315	104	209
383	571	315	104	209
384	573	315	104	209
385	576	315	105	210
386	579	315	104	209
387	583	315	104	209
388	586	314	104	208
389	590	313	104	208
390	594	312	103	207
391	597	311	103	207
392	601	310	103	206
393	606	308	102	205
394	610	306	102	204
395	615	304	101	203
396	619	302	101	202
397	624	300	100	201
3D Trajetory (frame, x, z, height, pose)
171	-3.60	3.38	1.76	2.00
172	-3.65	3.39	1.77	2.00
173	-3.70	3.41	1.77	3.00
174	-3.73	3.41	1.79	3.00
175	-3.76	3.40	1.82	3.00
176	-3.80	3.46	1.80	3.00
177	-3.85	3.53	1.79	3.00
178	-3.94	3.63	1.80	3.00
179	-4.04	3.72	1.81	3.00
180	-4.06	3.72	1.82	3.00
181	-4.08	3.72	1.83	2.00
182	-4.05	3.69	1.83	2.00
183	-4.02	3.66	1.84	2.00
184	-4.01	3.64	1.84	2.00
185	-4.01	3.63	1.84	3.00
186	-4.03	3.64	1.84	3.00
187	-4.05	3.66	1.84	3.00
188	-4.09	3.66	1.84	3.00
189	-4.14	3.67	1.84	3.00
190	-4.16	3.63	1.84	3.00
191	-4.18	3.60	1.84	3.00
192	-4.16	3.54	1.84	3.00
193	-4.13	3.48	1.83	3.00
194	-4.17	3.48	1.83	3.00
195	-4.21	3.49	1.84	1.00
196	-4.21	3.49	1.84	1.00
197	-4.21	3.50	1.84	3.00
198	-4.18	3.48	1.84	3.00
199	-4.16	3.45	1.84	3.00
200	-4.12	3.40	1.85	3.00
201	-4.08	3.35	1.85	3.00
202	-4.02	3.24	1.85	3.00
203	-3.95	3.13	1.85	2.00
204	-3.91	3.04	1.85	2.00
205	-3.87	2.96	1.85	2.00
206	-3.81	2.88	1.85	2.00
207	-3.75	2.80	1.85	2.00
208	-3.71	2.74	1.86	2.00
209	-3.67	2.69	1.86	2.00
210	-3.64	2.66	1.86	2.00
211	-3.60	2.62	1.86	2.00
212	-3.55	2.56	1.86	2.00
213	-3.50	2.50	1.86	2.00
214	-3.43	2.42	1.86	2.00
215	-3.36	2.34	1.85	2.00
216	-3.37	2.26	1.85	2.00
217	-3.37	2.18	1.85	2.00
218	-3.37	2.10	1.85	2.00
219	-3.36	2.02	1.86	2.00
220	-3.32	1.94	1.85	2.00
221	-3.27	1.86	1.85	2.00
222	-3.21	1.80	1.86	2.00
223	-3.15	1.74	1.86	2.00
224	-3.12	1.66	1.86	2.00
225	-3.08	1.59	1.86	2.00
226	-3.04	1.51	1.85	2.00
227	-2.99	1.42	1.85	2.00
228	-2.98	1.36	1.85	2.00
229	-2.97	1.30	1.85	2.00
230	-2.95	1.24	1.85	2.00
231	-2.94	1.19	1.85	2.00
232	-2.87	1.13	1.85	2.00
233	-2.79	1.07	1.85	1.00
234	-2.71	1.01	1.86	1.00
235	-2.63	0.95	1.86	1.00
236	-2.57	0.89	1.86	1.00
237	-2.50	0.84	1.86	3.00
238	-2.51	0.79	1.86	3.00
239	-2.51	0.74	1.86	3.00
240	-2.56	0.69	1.86	3.00
241	-2.60	0.64	1.86	3.00
242	-2.66	0.62	1.86	3.00
243	-2.73	0.59	1.86	3.00
244	-2.77	0.54	1.86	3.00
245	-2.82	0.48	1.85	1.00
246	-2.85	0.42	1.86	1.00
247	-2.89	0.35	1.86	1.00
248	-2.89	0.28	1.86	1.00
249	-2.90	0.21	1.86	1.00
250	-2.87	0.15	1.86	1.00
251	-2.83	0.08	1.86	1.00
252	-2.81	0.02	1.86	1.00
253	-2.79	-0.05	1.86	1.00
254	-2.77	-0.10	1.86	1.00
255	-2.75	-0.14	1.86	1.00
256	-2.73	-0.19	1.86	1.00
257	-2.71	-0.24	1.86	1.00
258	-2.68	-0.28	1.86	1.00
259	-2.64	-0.33	1.86	1.00
260	-2.62	-0.39	1.86	1.00
261	-2.60	-0.45	1.86	1.00
262	-2.57	-0.52	1.86	1.00
263	-2.54	-0.60	1.86	3.00
264	-2.53	-0.66	1.86	3.00
265	-2.52	-0.72	1.86	3.00
266	-2.46	-0.79	1.86	3.00
267	-2.41	-0.86	1.86	1.00
268	-2.34	-0.91	1.86	1.00
269	-2.27	-0.97	1.86	1.00
270	-2.20	-1.00	1.86	1.00
271	-2.13	-1.04	1.86	1.00
272	-2.08	-1.08	1.86	1.00
273	-2.02	-1.13	1.86	3.00
274	-1.99	-1.21	1.86	3.00
275	-1.96	-1.29	1.86	3.00
276	-1.95	-1.36	1.86	3.00
277	-1.94	-1.43	1.86	3.00
278	-1.91	-1.49	1.86	3.00
279	-1.89	-1.56	1.86	2.00
280	-1.83	-1.59	1.86	2.00
281	-1.78	-1.61	1.85	3.00
282	-1.81	-1.73	1.85	3.00
283	-1.85	-1.85	1.85	3.00
284	-1.84	-1.94	1.85	3.00
285	-1.83	-2.02	1.85	3.00
286	-1.76	-2.07	1.85	3.00
287	-1.70	-2.11	1.85	3.00
288	-1.61	-2.16	1.86	3.00
289	-1.52	-2.20	1.86	3.00
290	-1.44	-2.23	1.85	3.00
291	-1.35	-2.25	1.85	3.00
292	-1.29	-2.27	1.85	3.00
293	-1.22	-2.28	1.85	3.00
294	-1.18	-2.34	1.85	3.00
295	-1.14	-2.40	1.85	3.00
296	-1.09	-2.45	1.85	3.00
297	-1.05	-2.50	1.85	3.00
298	-1.00	-2.56	1.85	3.00
299	-0.95	-2.63	1.85	3.00
300	-0.90	-2.66	1.85	3.00
301	-0.85	-2.70	1.85	3.00
302	-0.80	-2.74	1.85	3.00
303	-0.74	-2.78	1.85	3.00
304	-0.70	-2.80	1.85	3.00
305	-0.65	-2.81	1.85	3.00
306	-0.60	-2.83	1.85	3.00
307	-0.55	-2.85	1.85	3.00
308	-0.50	-2.89	1.85	3.00
309	-0.45	-2.94	1.85	3.00
310	-0.39	-2.98	1.85	3.00
311	-0.34	-3.02	1.85	3.00
312	-0.30	-3.03	1.85	3.00
313	-0.26	-3.04	1.85	3.00
314	-0.23	-3.03	1.85	3.00
315	-0.21	-3.01	1.85	3.00
316	-0.19	-3.02	1.85	3.00
317	-0.16	-3.03	1.85	3.00
318	-0.11	-3.03	1.85	3.00
319	-0.06	-3.03	1.85	3.00
320	-0.03	-3.13	1.85	3.00
321	0.01	-3.23	1.85	3.00
322	0.04	-3.26	1.85	3.00
323	0.08	-3.28	1.85	2.00
324	0.13	-3.36	1.85	2.00
325	0.18	-3.45	1.85	3.00
326	0.22	-3.45	1.85	3.00
327	0.26	-3.46	1.85	3.00
328	0.31	-3.50	1.85	3.00
329	0.36	-3.54	1.85	3.00
330	0.42	-3.61	1.85	3.00
331	0.48	-3.69	1.85	3.00
332	0.54	-3.75	1.85	3.00
333	0.59	-3.82	1.85	3.00
334	0.60	-3.87	1.85	3.00
335	0.61	-3.93	1.85	2.00
336	0.62	-3.88	1.85	2.00
337	0.63	-3.83	1.85	2.00
338	0.66	-3.75	1.85	2.00
339	0.68	-3.67	1.85	2.00
340	0.69	-3.60	1.85	2.00
341	0.70	-3.53	1.85	2.00
342	0.73	-3.50	1.85	2.00
343	0.76	-3.48	1.85	2.00
344	0.78	-3.47	1.85	2.00
345	0.81	-3.46	1.85	2.00
346	0.82	-3.44	1.85	2.00
347	0.84	-3.42	1.85	3.00
348	0.85	-3.40	1.85	3.00
349	0.87	-3.38	1.85	3.00
350	0.89	-3.34	1.85	3.00
351	0.90	-3.30	1.85	3.00
352	0.93	-3.28	1.85	3.00
353	0.97	-3.25	1.85	3.00
354	1.00	-3.25	1.85	3.00
355	1.03	-3.24	1.85	3.00
356	1.09	-3.26	1.85	3.00
357	1.14	-3.27	1.85	3.00
358	1.18	-3.27	1.85	3.00
359	1.22	-3.26	1.85	3.00
360	1.29	-3.31	1.85	3.00
361	1.36	-3.36	1.85	3.00
362	1.42	-3.40	1.85	3.00
363	1.47	-3.43	1.85	2.00
364	1.56	-3.50	1.85	2.00
365	1.64	-3.57	1.84	4.00
366	1.71	-3.62	1.84	4.00
367	1.78	-3.67	1.84	4.00
368	1.84	-3.68	1.84	4.00
369	1.89	-3.69	1.84	4.00
370	1.94	-3.69	1.84	4.00
371	1.99	-3.69	1.84	4.00
372	2.05	-3.71	1.84	4.00
373	2.11	-3.72	1.84	4.00
374	2.17	-3.73	1.84	4.00
375	2.24	-3.74	1.84	4.00
376	2.30	-3.74	1.84	4.00
377	2.36	-3.74	1.84	4.00
378	2.42	-3.72	1.84	4.00
379	2.47	-3.70	1.84	3.00
380	2.51	-3.69	1.84	3.00
381	2.55	-3.68	1.84	3.00
382	2.56	-3.63	1.84	3.00
383	2.56	-3.58	1.84	3.00
384	2.59	-3.56	1.84	3.00
385	2.61	-3.54	1.84	2.00
386	2.62	-3.50	1.84	2.00
387	2.63	-3.47	1.84	2.00
388	2.67	-3.47	1.84	2.00
389	2.70	-3.46	1.84	2.00
390	2.74	-3.51	1.84	2.00
391	2.77	-3.57	1.84	2.00
392	2.82	-3.57	1.84	2.00
393	2.86	-3.57	1.84	1.00
394	2.88	-3.56	1.84	1.00
395	2.89	-3.55	1.84	3.00
396	2.87	-3.51	1.84	3.00
397	2.84	-3.48	1.84	3.00
Target 11 (frames from 185 to 283)
Bounding Boxes (frame, x, y, width, height)
185	481	321	94	189
186	484	319	97	194
187	487	317	99	198
188	489	315	101	202
189	492	313	103	206
190	494	311	105	210
191	496	309	106	213
192	498	308	108	216
193	500	306	110	220
194	502	305	111	223
195	504	303	112	225
196	505	302	114	228
197	506	301	115	230
198	507	300	116	232
199	509	299	117	234
200	511	299	117	235
201	514	298	118	237
202	517	298	119	238
203	520	297	119	239
204	523	296	120	240
205	526	295	120	241
206	529	293	121	243
207	530	291	122	244
208	532	290	123	246
209	533	288	123	247
210	533	286	124	249
211	534	284	126	252
212	534	281	127	255
213	534	279	129	258
214	534	278	130	261
215	534	276	131	263
216	534	274	132	265
217	535	273	133	266
218	537	272	134	268
219	538	271	135	270
220	540	271	135	271
221	543	270	136	272
222	545	269	137	274
223	547	269	137	275
224	548	269	138	276
225	549	269	138	277
226	549	268	139	278
227	548	267	139	279
228	546	266	140	280
229	545	265	140	281
230	542	265	141	282
231	540	265	141	282
232	537	265	141	282
233	534	266	141	282
234	531	267	140	281
235	528	269	139	279
236	526	270	138	277
237	523	272	137	275
238	521	273	136	273
239	519	275	135	270
240	517	277	134	268
241	515	279	133	266
242	513	282	132	264
243	510	284	131	263
244	508	286	131	262
245	506	288	131	262
246	503	288	130	261
247	501	288	130	261
248	499	287	130	261
249	498	287	130	261
250	496	287	130	260
251	494	287	129	259
252	491	288	129	258
253	489	288	128	257
254	487	288	128	256
255	485	289	128	256
256	483	290	127	255
257	481	291	127	255
258	479	293	127	254
259	477	295	127	254
260	476	297	127	254
261	474	299	127	254
262	473	300	127	254
263	473	299	127	254
264	472	298	127	254
265	472	297	126	253
266	472	296	127	254
267	472	296	126	253
268	472	296	126	253
269	471	295	126	253
270	471	293	126	253
271	471	292	126	253
272	470	292	126	253
273	469	291	126	253
274	468	292	126	252
275	466	292	125	251
276	464	293	125	250
277	462	294	124	249
278	460	295	124	248
279	457	296	123	246
280	454	298	122	244
281	451	299	121	242
282	448	301	119	239
283	444	304	118	237
3D Trajetory (frame, x, z, height, pose)
185	-4.50	0.11	1.60	1.00
186	-4.26	0.06	1.60	1.00
187	-4.03	0.01	1.60	3.00
188	-3.96	-0.00	1.60	3.00
189	-3.88	-0.02	1.60	3.00
190	-3.82	-0.05	1.60	3.00
191	-3.76	-0.07	1.61	3.00
192	-3.79	-0.12	1.62	3.00
193	-3.81	-0.17	1.64	3.00
194	-3.78	-0.20	1.64	3.00
195	-3.75	-0.24	1.64	2.00
196	-3.67	-0.26	1.64	2.00
197	-3.60	-0.27	1.64	1.00
198	-3.55	-0.29	1.64	1.00
199	-3.50	-0.30	1.64	3.00
200	-3.45	-0.33	1.64	3.00
201	-3.41	-0.36	1.64	3.00
202	-3.39	-0.40	1.64	3.00
203	-3.38	-0.44	1.64	3.00
204	-3.43	-0.47	1.64	3.00
205	-3.49	-0.51	1.65	3.00
206	-3.43	-0.52	1.65	3.00
207	-3.37	-0.54	1.64	3.00
208	-3.32	-0.54	1.64	3.00
209	-3.28	-0.54	1.64	3.00
210	-3.24	-0.57	1.64	3.00
211	-3.20	-0.60	1.64	3.00
212	-3.16	-0.62	1.64	3.00
213	-3.12	-0.65	1.64	3.00
214	-3.10	-0.69	1.65	3.00
215	-3.08	-0.73	1.65	3.00
216	-3.04	-0.74	1.64	3.00
217	-3.01	-0.74	1.64	3.00
218	-2.97	-0.74	1.64	3.00
219	-2.93	-0.74	1.64	3.00
220	-2.92	-0.75	1.64	3.00
221	-2.90	-0.77	1.64	3.00
222	-2.90	-0.78	1.64	3.00
223	-2.90	-0.80	1.64	3.00
224	-2.87	-0.82	1.64	3.00
225	-2.84	-0.84	1.64	3.00
226	-2.81	-0.86	1.64	3.00
227	-2.79	-0.88	1.64	3.00
228	-2.78	-0.92	1.64	3.00
229	-2.77	-0.95	1.64	3.00
230	-2.74	-0.99	1.64	3.00
231	-2.72	-1.04	1.64	3.00
232	-2.69	-1.06	1.64	3.00
233	-2.67	-1.08	1.64	3.00
234	-2.68	-1.12	1.63	3.00
235	-2.69	-1.17	1.63	3.00
236	-2.70	-1.19	1.63	3.00
237	-2.70	-1.21	1.63	3.00
238	-2.73	-1.24	1.63	3.00
239	-2.75	-1.26	1.62	1.00
240	-2.78	-1.30	1.62	1.00
241	-2.80	-1.34	1.62	3.00
242	-2.79	-1.39	1.62	3.00
243	-2.78	-1.44	1.62	3.00
244	-2.74	-1.49	1.62	3.00
245	-2.71	-1.53	1.62	1.00
246	-2.69	-1.58	1.62	1.00
247	-2.67	-1.63	1.62	1.00
248	-2.64	-1.65	1.62	1.00
249	-2.61	-1.68	1.62	3.00
250	-2.62	-1.73	1.62	3.00
251	-2.63	-1.77	1.62	3.00
252	-2.60	-1.81	1.62	3.00
253	-2.58	-1.86	1.62	3.00
254	-2.58	-1.91	1.62	3.00
255	-2.58	-1.96	1.62	3.00
256	-2.56	-2.00	1.62	3.00
257	-2.54	-2.03	1.62	3.00
258	-2.52	-2.06	1.62	3.00
259	-2.50	-2.09	1.62	3.00
260	-2.46	-2.10	1.61	3.00
261	-2.42	-2.11	1.61	3.00
262	-2.38	-2.15	1.61	3.00
263	-2.35	-2.19	1.61	3.00
264	-2.34	-2.25	1.61	3.00
265	-2.33	-2.32	1.61	3.00
266	-2.29	-2.35	1.61	3.00
267	-2.25	-2.37	1.61	1.00
268	-2.22	-2.41	1.61	1.00
269	-2.20	-2.44	1.61	1.00
270	-2.15	-2.46	1.61	1.00
271	-2.10	-2.47	1.61	3.00
272	-2.06	-2.49	1.61	3.00
273	-2.01	-2.51	1.61	3.00
274	-1.99	-2.58	1.61	3.00
275	-1.97	-2.65	1.61	3.00
276	-1.92	-2.67	1.61	3.00
277	-1.87	-2.69	1.61	1.00
278	-1.86	-2.77	1.61	1.00
279	-1.85	-2.86	1.61	3.00
280	-1.81	-2.91	1.61	3.00
281	-1.78	-2.96	1.61	3.00
282	-1.72	-3.01	1.61	3.00
283	-1.66	-3.05	1.61	3.00
Target 12 (frames from 219 to 399)
Bounding Boxes (frame, x, y, width, height)
219	1097	253	138	276
220	1103	251	137	275
221	1109	250	137	275
222	1115	248	137	274
223	1120	246	137	274
224	1125	245	136	273
225	1130	244	136	272
226	1134	243	135	271
227	1138	243	135	270
228	1141	242	134	269
229	1145	242	133	266
230	1148	242	131	263
231	1151	242	131	262
232	1153	243	130	260
233	1154	244	129	259
234	1154	244	129	258
235	1154	245	129	259
236	1153	245	130	260
237	1152	245	130	261
238	1152	245	131	262
239	1151	245	131	263
240	1150	247	132	264
241	1149	248	132	265
242	1148	250	133	266
243	1147	252	133	266
244	1145	254	133	266
245	1144	255	133	267
246	1143	255	134	268
247	1142	254	134	269
248	1142	253	135	271
249	1142	252	136	273
250	1142	252	138	276
251	1140	251	139	279
252	1137	250	141	283
253	1135	249	143	287
254	1132	249	145	291
255	1129	249	147	294
256	1125	249	148	297
257	1122	250	149	299
258	1119	251	150	301
259	1115	252	152	304
260	1111	254	153	307
261	1106	255	155	310
262	1101	255	157	314
263	1096	253	159	319
264	1090	250	162	325
265	1085	248	165	331
266	1079	246	169	338
267	1073	244	173	346
268	1067	242	177	355
269	1060	240	181	362
270	1052	237	184	369
271	1045	235	186	373
272	1038	233	188	377
273	1030	233	189	379
274	1023	233	190	380
275	1016	234	189	379
276	1010	234	189	378
277	1003	235	188	377
278	996	236	187	375
279	990	238	186	373
280	983	239	185	371
281	976	241	185	370
282	969	242	184	369
283	962	244	184	369
284	955	245	184	368
285	948	246	183	366
286	941	247	182	364
287	933	248	180	361
288	927	249	178	356
289	920	251	175	350
290	913	254	172	344
291	907	257	168	337
292	901	260	165	330
293	895	262	162	325
294	889	264	160	320
295	883	266	159	319
296	877	267	159	319
297	871	268	160	320
298	865	268	160	321
299	860	267	162	324
300	855	267	163	327
301	852	266	165	330
302	849	265	166	333
303	846	264	167	335
304	845	263	168	336
305	845	262	168	337
306	846	261	168	336
307	846	261	167	335
308	847	260	167	334
309	848	260	165	331
310	848	260	164	329
311	848	261	164	328
312	847	262	163	327
313	846	264	163	327
314	845	266	163	326
315	844	269	162	324
316	842	272	160	321
317	840	275	159	318
318	838	279	157	315
319	836	282	155	311
320	834	285	153	307
321	833	289	152	304
322	832	291	150	301
323	831	293	149	298
324	830	294	148	297
325	829	295	148	296
326	827	294	147	295
327	826	294	147	295
328	824	292	148	296
329	823	291	148	296
330	822	289	148	297
331	821	288	148	297
332	820	286	148	297
333	819	284	148	297
334	819	282	148	296
335	819	281	147	294
336	819	280	146	292
337	820	280	144	289
338	821	280	143	286
339	823	281	141	283
340	825	282	140	280
341	828	282	138	276
342	830	284	136	273
343	832	285	135	270
344	835	286	133	267
345	837	287	132	264
346	838	288	130	261
347	839	289	129	259
348	840	289	129	258
349	841	290	128	256
350	842	291	127	254
351	842	291	125	251
352	843	292	124	248
353	843	294	123	246
354	843	295	121	243
355	843	297	120	241
356	842	300	119	239
357	841	302	118	237
358	840	304	117	235
359	839	306	117	234
360	838	308	116	233
361	837	310	116	232
362	836	312	115	231
363	835	313	115	231
364	834	314	115	231
365	833	314	116	232
366	832	315	116	233
367	831	315	116	233
368	830	315	116	233
369	830	315	116	233
370	830	315	116	233
371	830	315	116	233
372	831	314	116	233
373	831	314	116	233
374	831	313	116	233
375	831	313	116	232
376	831	313	115	231
377	830	312	115	230
378	830	312	114	229
379	830	312	114	228
380	829	312	113	226
381	829	313	112	225
382	829	313	112	224
383	828	313	111	223
384	828	314	111	222
385	828	314	110	221
386	828	314	110	221
387	828	314	110	220
388	829	313	110	220
389	831	312	110	220
390	833	311	110	220
391	835	309	110	221
392	837	307	110	221
393	839	306	111	222
394	842	304	111	222
395	844	302	111	222
396	845	301	111	222
397	846	300	110	221
398	847	299	110	221
399	847	299	110	221
3D Trajetory (frame, x, z, height, pose)
219	-3.84	2.79	1.74	3.00
220	-3.85	2.77	1.77	3.00
221	-3.85	2.75	1.80	3.00
222	-3.90	2.76	1.80	3.00
223	-3.96	2.78	1.80	3.00
224	-4.01	2.76	1.81	3.00
225	-4.07	2.74	1.82	3.00
226	-4.17	2.77	1.83	3.00
227	-4.27	2.79	1.84	2.00
228	-4.34	2.80	1.82	2.00
229	-4.41	2.80	1.81	2.00
230	-4.40	2.77	1.80	2.00
231	-4.39	2.73	1.79	3.00
232	-4.57	2.78	1.81	3.00
233	-4.74	2.82	1.83	3.00
234	-4.71	2.81	1.84	3.00
235	-4.69	2.79	1.84	3.00
236	-4.67	2.78	1.84	3.00
237	-4.66	2.76	1.85	3.00
238	-4.65	2.73	1.85	3.00
239	-4.65	2.70	1.85	3.00
240	-4.60	2.65	1.86	3.00
241	-4.55	2.59	1.86	1.00
242	-4.59	2.56	1.86	1.00
243	-4.63	2.53	1.86	1.00
244	-4.68	2.49	1.86	1.00
245	-4.74	2.45	1.86	1.00
246	-4.78	2.38	1.86	1.00
247	-4.81	2.32	1.86	3.00
248	-4.77	2.24	1.86	3.00
249	-4.74	2.17	1.87	4.00
250	-4.66	2.08	1.87	4.00
251	-4.59	2.00	1.87	1.00
252	-4.57	1.94	1.87	1.00
253	-4.56	1.88	1.87	1.00
254	-4.54	1.82	1.87	1.00
255	-4.51	1.75	1.87	1.00
256	-4.42	1.69	1.88	1.00
257	-4.33	1.62	1.88	1.00
258	-4.32	1.55	1.88	1.00
259	-4.30	1.49	1.88	1.00
260	-4.30	1.41	1.88	1.00
261	-4.31	1.34	1.87	1.00
262	-4.25	1.25	1.88	1.00
263	-4.20	1.17	1.88	1.00
264	-4.13	1.08	1.88	1.00
265	-4.06	0.99	1.88	1.00
266	-3.96	0.88	1.88	1.00
267	-3.86	0.76	1.88	1.00
268	-3.76	0.68	1.88	1.00
269	-3.65	0.60	1.88	1.00
270	-3.55	0.52	1.88	1.00
271	-3.44	0.44	1.87	1.00
272	-3.42	0.36	1.87	1.00
273	-3.40	0.29	1.88	3.00
274	-3.39	0.21	1.88	3.00
275	-3.37	0.13	1.88	3.00
276	-3.40	0.07	1.87	3.00
277	-3.42	0.00	1.87	3.00
278	-3.41	-0.06	1.87	3.00
279	-3.40	-0.12	1.87	1.00
280	-3.36	-0.18	1.87	1.00
281	-3.32	-0.24	1.87	1.00
282	-3.30	-0.31	1.87	1.00
283	-3.27	-0.38	1.87	1.00
284	-3.24	-0.46	1.87	1.00
285	-3.20	-0.54	1.87	1.00
286	-3.20	-0.62	1.87	1.00
287	-3.20	-0.70	1.87	1.00
288	-3.17	-0.79	1.87	1.00
289	-3.15	-0.87	1.87	1.00
290	-3.18	-0.96	1.87	1.00
291	-3.20	-1.05	1.87	1.00
292	-3.23	-1.14	1.87	1.00
293	-3.26	-1.24	1.87	1.00
294	-3.25	-1.32	1.87	1.00
295	-3.25	-1.40	1.87	3.00
296	-3.22	-1.48	1.86	3.00
297	-3.19	-1.56	1.86	3.00
298	-3.11	-1.61	1.86	3.00
299	-3.03	-1.65	1.86	3.00
300	-2.86	-1.63	1.86	3.00
301	-2.68	-1.60	1.86	1.00
302	-2.62	-1.65	1.86	1.00
303	-2.56	-1.70	1.86	1.00
304	-2.59	-1.80	1.86	1.00
305	-2.62	-1.89	1.86	1.00
306	-2.60	-1.95	1.86	1.00
307	-2.58	-2.00	1.86	1.00
308	-2.55	-2.05	1.86	1.00
309	-2.53	-2.10	1.86	1.00
310	-2.49	-2.16	1.86	1.00
311	-2.45	-2.21	1.86	1.00
312	-2.40	-2.23	1.86	1.00
313	-2.35	-2.26	1.86	1.00
314	-2.30	-2.29	1.86	1.00
315	-2.25	-2.32	1.85	1.00
316	-2.25	-2.40	1.85	1.00
317	-2.24	-2.47	1.85	3.00
318	-2.22	-2.55	1.85	3.00
319	-2.21	-2.62	1.85	3.00
320	-2.19	-2.69	1.85	3.00
321	-2.16	-2.75	1.85	3.00
322	-2.13	-2.80	1.85	3.00
323	-2.09	-2.85	1.85	1.00
324	-2.06	-2.88	1.85	1.00
325	-2.03	-2.91	1.85	1.00
326	-1.99	-2.93	1.85	1.00
327	-1.95	-2.95	1.85	1.00
328	-1.91	-2.97	1.85	1.00
329	-1.86	-2.99	1.85	1.00
330	-1.82	-3.01	1.85	1.00
331	-1.77	-3.02	1.85	1.00
332	-1.72	-3.04	1.85	1.00
333	-1.68	-3.06	1.85	1.00
334	-1.65	-3.07	1.85	1.00
335	-1.62	-3.09	1.85	1.00
336	-1.60	-3.14	1.85	1.00
337	-1.58	-3.20	1.85	3.00
338	-1.56	-3.26	1.85	3.00
339	-1.54	-3.32	1.85	3.00
340	-1.52	-3.41	1.85	3.00
341	-1.51	-3.50	1.85	3.00
342	-1.48	-3.56	1.85	3.00
343	-1.45	-3.61	1.85	3.00
344	-1.42	-3.65	1.85	3.00
345	-1.39	-3.69	1.85	1.00
346	-1.36	-3.74	1.85	1.00
347	-1.33	-3.79	1.85	2.00
348	-1.30	-3.85	1.85	2.00
349	-1.27	-3.91	1.85	2.00
350	-1.24	-3.96	1.85	2.00
351	-1.21	-4.01	1.84	1.00
352	-1.15	-4.05	1.84	1.00
353	-1.10	-4.09	1.84	1.00
354	-1.04	-4.09	1.84	1.00
355	-0.99	-4.09	1.84	1.00
356	-0.95	-4.24	1.84	1.00
357	-0.92	-4.39	1.83	1.00
358	-0.86	-4.39	1.84	1.00
359	-0.81	-4.40	1.84	3.00
360	-0.73	-4.37	1.83	3.00
361	-0.65	-4.34	1.83	3.00
362	-0.58	-4.38	1.83	3.00
363	-0.51	-4.42	1.83	3.00
364	-0.46	-4.44	1.83	3.00
365	-0.40	-4.46	1.83	3.00
366	-0.34	-4.42	1.83	3.00
367	-0.28	-4.38	1.83	2.00
368	-0.23	-4.37	1.83	2.00
369	-0.18	-4.37	1.83	2.00
370	-0.13	-4.37	1.84	2.00
371	-0.08	-4.37	1.84	2.00
372	-0.02	-4.40	1.84	2.00
373	0.05	-4.43	1.84	1.00
374	0.10	-4.44	1.84	1.00
375	0.15	-4.44	1.84	1.00
376	0.21	-4.45	1.84	1.00
377	0.26	-4.46	1.83	1.00
378	0.31	-4.45	1.83	1.00
379	0.36	-4.44	1.83	1.00
380	0.43	-4.46	1.83	1.00
381	0.49	-4.48	1.83	3.00
382	0.56	-4.53	1.83	3.00
383	0.63	-4.57	1.83	3.00
384	0.70	-4.58	1.83	3.00
385	0.77	-4.59	1.83	3.00
386	0.82	-4.58	1.83	3.00
387	0.88	-4.57	1.83	1.00
388	0.91	-4.53	1.83	1.00
389	0.95	-4.50	1.83	1.00
390	0.99	-4.50	1.83	1.00
391	1.02	-4.50	1.83	1.00
392	1.07	-4.51	1.83	1.00
393	1.11	-4.52	1.83	1.00
394	1.15	-4.53	1.83	1.00
395	1.18	-4.54	1.83	1.00
396	1.21	-4.52	1.83	1.00
397	1.25	-4.50	1.83	1.00
398	1.29	-4.48	1.83	1.00
399	1.33	-4.47	1.83	1.00
Target 13 (frames from 267 to 385)
Bounding Boxes (frame, x, y, width, height)
267	179	272	136	272
268	181	271	138	276
269	183	269	139	279
270	185	269	141	282
271	187	268	141	283
272	189	267	142	284
273	192	267	141	283
274	194	267	141	282
275	197	267	140	280
276	199	267	138	277
277	204	268	135	271
278	209	269	131	263
279	212	270	128	257
280	215	271	125	250
281	216	272	122	245
282	217	273	120	241
283	218	275	118	237
284	219	276	116	233
285	220	277	114	229
286	220	278	113	226
287	221	279	111	223
288	222	280	110	221
289	222	282	109	219
290	223	283	109	219
291	223	285	109	219
292	224	286	109	219
293	224	287	110	221
294	226	288	110	221
295	228	290	110	220
296	230	291	109	219
297	232	292	109	218
298	234	292	109	218
299	237	292	109	218
300	241	292	108	217
301	245	292	108	216
302	249	291	107	214
303	255	291	106	212
304	261	291	105	210
305	267	290	104	208
306	274	290	103	206
307	280	290	102	204
308	287	289	101	202
309	293	289	100	200
310	300	289	99	198
311	306	290	98	197
312	312	291	98	196
313	318	293	97	194
314	324	295	97	194
315	329	298	96	193
316	334	300	96	193
317	338	303	96	193
318	342	306	97	194
319	345	309	97	194
320	347	311	97	195
321	349	314	98	196
322	351	316	98	197
323	353	317	99	198
324	354	318	99	198
325	355	318	99	199
326	356	317	100	200
327	357	317	100	200
328	358	315	100	201
329	360	314	101	202
330	362	312	101	202
331	364	310	101	203
332	367	308	101	203
333	370	306	102	204
334	373	304	102	204
335	377	302	102	204
336	380	300	102	204
337	383	300	102	205
338	387	299	102	205
339	391	299	102	204
340	395	300	102	204
341	399	300	102	204
342	404	301	102	204
343	408	301	101	203
344	412	302	101	203
345	415	302	101	202
346	419	303	101	202
347	422	303	101	202
348	425	304	100	201
349	428	304	100	201
350	431	304	100	200
351	434	305	99	199
352	437	305	99	198
353	439	306	98	197
354	442	307	98	196
355	444	309	97	195
356	447	311	97	194
357	449	313	96	193
358	451	315	96	192
359	454	317	96	192
360	456	319	95	191
361	458	320	95	190
362	459	322	94	189
363	461	323	94	189
364	462	324	94	188
365	464	325	94	188
366	466	325	93	187
367	467	326	93	187
368	469	326	93	186
369	471	326	92	185
370	474	327	91	183
371	476	327	91	182
372	478	327	90	180
373	481	326	89	179
374	484	326	88	177
375	486	326	87	175
376	489	326	86	173
377	491	326	85	171
378	494	326	85	170
379	497	326	84	168
380	500	326	83	167
381	503	326	83	166
382	506	326	82	164
383	510	326	81	163
384	513	326	81	162
385	516	326	80	161
3D Trajetory (frame, x, z, height, pose)
267	-1.34	-4.20	1.80	2.00
268	-1.21	-3.98	1.77	2.00
269	-1.07	-3.76	1.75	3.00
270	-1.01	-3.70	1.76	3.00
271	-0.96	-3.65	1.77	3.00
272	-0.93	-3.68	1.76	3.00
273	-0.90	-3.71	1.76	3.00
274	-0.87	-3.78	1.76	3.00
275	-0.85	-3.85	1.75	3.00
276	-0.84	-3.94	1.76	3.00
277	-0.83	-4.03	1.76	2.00
278	-0.82	-4.16	1.78	2.00
279	-0.80	-4.29	1.80	3.00
280	-0.76	-4.37	1.82	3.00
281	-0.72	-4.45	1.83	3.00
282	-0.69	-4.51	1.83	3.00
283	-0.66	-4.57	1.83	3.00
284	-0.62	-4.96	1.83	3.00
285	-0.58	-5.36	1.83	3.00
286	-0.45	-5.14	1.82	3.00
287	-0.32	-4.91	1.82	3.00
288	-0.27	-4.97	1.82	3.00
289	-0.22	-5.02	1.82	3.00
290	-0.15	-5.09	1.82	3.00
291	-0.09	-5.15	1.82	3.00
292	-0.04	-5.14	1.82	3.00
293	0.02	-5.13	1.82	3.00
294	0.08	-5.10	1.82	3.00
295	0.15	-5.06	1.82	3.00
296	0.21	-5.05	1.82	3.00
297	0.28	-5.03	1.82	3.00
298	0.33	-5.04	1.82	3.00
299	0.38	-5.04	1.82	3.00
300	0.44	-5.06	1.82	3.00
301	0.50	-5.08	1.82	3.00
302	0.57	-5.10	1.82	3.00
303	0.63	-5.12	1.82	3.00
304	0.68	-5.12	1.82	3.00
305	0.73	-5.13	1.82	3.00
306	0.79	-5.11	1.81	3.00
307	0.85	-5.10	1.81	3.00
308	0.92	-5.15	1.82	3.00
309	0.98	-5.20	1.82	3.00
310	1.03	-5.18	1.81	3.00
311	1.08	-5.15	1.81	3.00
312	1.11	-5.18	1.81	3.00
313	1.15	-5.21	1.81	3.00
314	1.18	-5.21	1.81	3.00
315	1.22	-5.21	1.81	3.00
316	1.23	-5.13	1.81	3.00
317	1.25	-5.05	1.80	3.00
318	1.28	-5.02	1.80	3.00
319	1.30	-4.99	1.80	3.00
320	1.33	-4.94	1.80	3.00
321	1.36	-4.88	1.80	3.00
322	1.40	-4.85	1.80	3.00
323	1.44	-4.81	1.80	3.00
324	1.49	-4.78	1.80	3.00
325	1.54	-4.75	1.80	3.00
326	1.59	-4.72	1.80	3.00
327	1.63	-4.70	1.80	3.00
328	1.66	-4.66	1.80	3.00
329	1.69	-4.63	1.80	3.00
330	1.71	-4.59	1.80	3.00
331	1.73	-4.56	1.80	3.00
332	1.74	-4.52	1.80	3.00
333	1.74	-4.48	1.80	3.00
334	1.76	-4.45	1.80	3.00
335	1.79	-4.42	1.80	3.00
336	1.81	-4.40	1.80	3.00
337	1.84	-4.37	1.80	3.00
338	1.88	-4.38	1.80	3.00
339	1.91	-4.38	1.80	3.00
340	1.94	-4.35	1.80	3.00
341	1.97	-4.33	1.80	3.00
342	1.99	-4.28	1.80	3.00
343	2.00	-4.23	1.80	3.00
344	2.04	-4.23	1.80	3.00
345	2.08	-4.22	1.80	3.00
346	2.10	-4.21	1.80	3.00
347	2.13	-4.20	1.81	3.00
348	2.16	-4.20	1.81	3.00
349	2.20	-4.19	1.81	3.00
350	2.24	-4.20	1.80	3.00
351	2.29	-4.20	1.80	3.00
352	2.32	-4.17	1.80	3.00
353	2.35	-4.15	1.80	3.00
354	2.38	-4.13	1.80	3.00
355	2.41	-4.12	1.80	3.00
356	2.46	-4.13	1.80	3.00
357	2.51	-4.13	1.80	3.00
358	2.57	-4.14	1.80	3.00
359	2.63	-4.15	1.80	3.00
360	2.69	-4.14	1.81	3.00
361	2.74	-4.12	1.81	3.00
362	2.78	-4.10	1.81	3.00
363	2.82	-4.08	1.81	3.00
364	2.86	-4.06	1.81	3.00
365	2.89	-4.04	1.81	3.00
366	2.93	-4.01	1.81	3.00
367	2.97	-3.99	1.81	3.00
368	3.02	-3.98	1.81	3.00
369	3.07	-3.97	1.81	3.00
370	3.14	-3.97	1.81	3.00
371	3.20	-3.97	1.81	3.00
372	3.26	-3.98	1.81	3.00
373	3.32	-3.99	1.81	3.00
374	3.38	-4.01	1.81	3.00
375	3.45	-4.02	1.81	3.00
376	3.51	-4.03	1.80	3.00
377	3.56	-4.04	1.80	3.00
378	3.63	-4.05	1.80	3.00
379	3.71	-4.06	1.81	3.00
380	3.76	-4.06	1.81	3.00
381	3.81	-4.06	1.81	3.00
382	3.86	-4.05	1.81	3.00
383	3.91	-4.04	1.81	3.00
384	3.94	-4.04	1.80	3.00
385	3.97	-4.05	1.80	3.00
Target 14 (frames from 283 to 313)
Bounding Boxes (frame, x, y, width, height)
283	697	284	63	126
284	706	286	63	127
285	716	287	64	128
286	726	288	64	129
287	735	289	65	130
288	745	290	65	131
289	755	291	66	132
290	766	292	66	133
291	776	293	67	134
292	787	294	67	135
293	797	295	68	136
294	806	296	68	136
295	817	296	68	137
296	828	297	69	138
297	841	298	69	139
298	854	298	70	140
299	868	298	71	142
300	883	297	71	143
301	899	296	72	145
302	916	295	73	147
303	934	294	75	150
304	953	292	76	153
305	971	291	78	156
306	990	290	79	159
307	1009	289	80	161
308	1028	288	82	164
309	1048	286	84	168
310	1068	285	85	171
311	1089	284	87	174
312	1111	282	89	178
313	1132	281	91	182
3D Trajetory (frame, x, z, height, pose)
283	-6.32	-4.68	1.96	1.00
284	-6.32	-4.64	1.96	1.00
285	-6.32	-4.60	1.95	1.00
286	-6.32	-4.52	1.95	1.00
287	-6.32	-4.43	1.95	1.00
288	-6.32	-4.43	1.95	1.00
289	-6.31	-4.44	1.95	1.00
290	-6.33	-4.41	1.95	1.00
291	-6.34	-4.39	1.95	1.00
292	-6.36	-4.33	1.95	1.00
293	-6.37	-4.27	1.95	1.00
294	-6.40	-4.23	1.95	1.00
295	-6.42	-4.18	1.95	1.00
296	-6.45	-4.15	1.95	1.00
297	-6.47	-4.12	1.95	1.00
298	-6.55	-4.13	1.95	1.00
299	-6.63	-4.14	1.94	1.00
300	-6.65	-4.11	1.94	1.00
301	-6.67	-4.08	1.95	1.00
302	-6.71	-3.98	1.95	1.00
303	-6.75	-3.88	1.95	1.00
304	-6.78	-3.84	1.94	1.00
305	-6.81	-3.79	1.94	1.00
306	-6.83	-3.73	1.95	1.00
307	-6.84	-3.67	1.95	2.00
308	-6.82	-3.62	1.95	2.00
309	-6.80	-3.56	1.95	2.00
310	-6.86	-3.57	1.95	2.00
311	-6.91	-3.59	1.95	4.00
312	-7.00	-3.65	1.95	4.00
313	-7.08	-3.71	1.95	4.00
Target 15 (frames from 397 to 399)
Bounding Boxes (frame, x, y, width, height)
397	507	333	79	158
398	508	332	77	155
399	510	331	76	153
3D Trajetory (frame, x, z, height, pose)
397	4.21	-3.05	1.58	3.00
398	4.19	-3.00	1.58	3.00
399	4.18	-2.96	1.59	4.00
