Total frames 409
Number of Targets 6
Target 1 (frames from 1 to 409)
Bounding Boxes (frame, x, y, width, height)
1	304	150	164	329
2	303	146	165	331
3	302	141	166	332
4	302	138	166	333
5	302	135	167	334
6	302	132	167	335
7	302	129	167	335
8	302	127	167	335
9	302	125	167	334
10	302	124	167	334
11	303	123	166	333
12	304	123	165	331
13	305	123	165	330
14	306	123	163	327
15	306	124	162	325
16	307	125	161	323
17	307	126	160	321
18	307	127	159	319
19	306	128	158	317
20	306	128	158	316
21	305	128	157	314
22	303	128	156	313
23	302	128	155	311
24	300	128	154	309
25	299	127	153	306
26	298	126	152	304
27	298	126	150	301
28	297	125	148	297
29	297	125	147	294
30	297	124	145	290
31	297	124	143	286
32	298	124	141	282
33	299	125	139	278
34	300	125	137	274
35	301	126	135	271
36	302	126	134	268
37	303	127	133	266
38	304	127	132	264
39	305	127	131	262
40	305	128	130	261
41	306	128	129	259
42	306	128	129	258
43	306	129	128	256
44	305	129	127	255
45	304	129	126	253
46	304	130	126	252
47	303	130	125	250
48	302	131	124	249
49	302	131	123	247
50	301	132	122	245
51	301	133	122	244
52	301	133	121	242
53	301	134	120	240
54	301	134	119	238
55	301	135	118	237
56	301	135	117	235
57	302	136	116	233
58	302	137	115	230
59	303	138	114	228
60	305	139	112	225
61	307	140	111	222
62	308	141	109	219
63	310	141	107	215
64	312	142	106	212
65	313	142	105	210
66	314	142	104	208
67	315	142	103	206
68	315	142	102	205
69	316	141	102	204
70	316	141	102	204
71	316	141	102	204
72	315	141	102	204
73	315	141	102	204
74	315	141	102	205
75	315	141	102	205
76	315	142	102	205
77	316	142	102	204
78	317	143	101	203
79	318	144	101	202
80	319	144	100	200
81	319	145	99	198
82	320	146	98	197
83	320	147	97	195
84	320	148	97	194
85	320	148	96	192
86	319	149	95	191
87	319	149	94	189
88	319	149	94	188
89	319	150	93	187
90	319	150	93	186
91	319	150	92	185
92	319	150	91	183
93	319	150	91	183
94	319	150	91	182
95	319	149	90	181
96	319	149	90	180
97	319	149	89	179
98	319	148	89	178
99	319	148	88	177
100	319	147	88	177
101	318	146	88	177
102	318	145	88	177
103	317	144	88	176
104	316	143	88	176
105	315	142	88	176
106	315	142	88	176
107	314	142	87	175
108	313	142	87	175
109	312	142	87	174
110	311	142	86	173
111	311	142	86	173
112	310	143	86	172
113	310	143	86	172
114	310	144	85	171
115	310	144	85	171
116	310	144	85	171
117	310	144	85	170
118	310	144	85	170
119	310	144	85	170
120	310	144	84	169
121	311	144	84	168
122	311	145	83	167
123	312	145	83	166
124	312	146	82	165
125	313	147	82	164
126	314	147	81	163
127	314	148	81	162
128	314	149	80	160
129	315	150	79	159
130	315	150	79	158
131	315	151	79	158
132	314	151	78	157
133	314	151	78	156
134	314	151	77	155
135	313	151	77	155
136	313	150	77	154
137	312	150	77	154
138	312	150	76	153
139	311	150	76	152
140	311	150	76	152
141	311	150	75	151
142	311	151	75	150
143	311	151	74	149
144	311	152	74	149
145	310	152	74	148
146	310	152	73	147
147	310	153	73	147
148	310	153	73	146
149	310	153	73	146
150	309	153	72	145
151	309	153	72	145
152	309	152	72	145
153	308	152	72	145
154	308	152	72	145
155	308	151	72	145
156	307	151	72	144
157	307	151	72	144
158	307	152	71	143
159	308	152	71	142
160	308	153	70	141
161	308	154	70	140
162	308	155	70	140
163	308	156	69	139
164	308	157	69	138
165	307	157	69	138
166	307	157	68	137
167	306	158	68	137
168	306	158	68	136
169	305	157	68	136
170	305	157	68	136
171	305	157	67	135
172	304	156	67	135
173	304	156	67	134
174	304	156	66	133
175	304	157	66	133
176	304	157	66	132
177	305	158	65	131
178	305	158	65	130
179	305	159	64	129
180	306	160	64	128
181	306	161	63	127
182	306	161	63	127
183	306	161	63	126
184	306	162	62	125
185	307	162	62	125
186	307	163	62	124
187	307	163	61	123
188	307	164	61	122
189	308	165	61	122
190	308	166	60	121
191	308	167	60	120
192	308	167	59	119
193	308	168	59	118
194	308	169	59	118
195	309	169	58	117
196	309	169	58	117
197	309	169	58	116
198	310	168	58	116
199	310	168	58	116
200	310	167	58	116
201	310	167	58	116
202	310	167	58	116
203	311	167	58	116
204	311	167	58	116
205	311	167	58	116
206	311	167	57	115
207	312	167	57	115
208	312	168	57	115
209	312	168	57	115
210	312	168	57	114
211	312	168	57	114
212	313	168	56	113
213	313	168	56	113
214	314	168	56	112
215	314	168	56	112
216	314	167	55	111
217	314	167	55	111
218	314	167	55	111
219	314	167	55	110
220	313	167	55	110
221	313	168	55	110
222	313	168	54	109
223	313	168	54	109
224	313	169	54	108
225	313	169	54	108
226	312	170	54	108
227	312	170	54	108
228	312	170	53	107
229	311	170	53	107
230	311	170	53	107
231	311	170	53	107
232	311	170	53	107
233	311	170	53	107
234	311	170	53	107
235	311	170	53	106
236	311	170	53	106
237	311	171	53	106
238	311	171	53	106
239	311	171	53	106
240	311	172	53	106
241	311	172	52	105
242	311	172	52	105
243	311	172	52	104
244	311	172	52	104
245	311	172	52	104
246	311	172	51	103
247	310	172	51	103
248	310	172	51	102
249	310	171	51	102
250	310	171	51	102
251	310	171	51	102
252	310	171	51	102
253	310	171	51	102
254	310	171	51	102
255	309	171	51	102
256	309	171	51	102
257	309	171	51	102
258	309	171	51	102
259	308	171	51	102
260	308	171	51	102
261	308	171	51	102
262	308	171	51	102
263	308	172	50	101
264	307	173	50	101
265	307	174	50	101
266	307	175	50	100
267	308	176	50	100
268	308	177	49	99
269	308	178	49	99
270	308	179	49	98
271	308	180	49	98
272	308	180	49	98
273	308	179	48	97
274	308	179	48	97
275	308	178	48	97
276	308	177	48	96
277	308	176	48	96
278	308	175	48	96
279	308	174	48	96
280	308	173	47	95
281	308	172	47	95
282	308	171	47	95
283	308	170	47	95
284	308	169	47	94
285	308	169	47	94
286	307	168	47	94
287	307	168	47	94
288	307	168	46	93
289	307	168	46	93
290	306	168	46	93
291	306	168	46	92
292	306	169	46	92
293	306	169	46	92
294	307	170	46	92
295	307	171	45	91
296	307	171	45	91
297	307	172	45	91
298	307	173	45	91
299	308	174	45	91
300	308	174	45	91
301	309	175	45	91
302	309	175	45	91
303	310	175	45	90
304	310	176	45	90
305	310	176	45	90
306	311	176	44	89
307	311	176	44	89
308	312	176	44	88
309	312	176	44	88
310	312	175	43	87
311	313	175	43	87
312	313	174	43	87
313	313	173	43	87
314	313	172	43	87
315	313	172	43	87
316	313	171	43	87
317	313	170	43	87
318	313	170	43	87
319	313	169	43	87
320	313	169	43	87
321	313	169	43	86
322	313	169	43	86
323	313	169	43	86
324	313	169	43	86
325	313	169	43	86
326	312	170	43	86
327	312	170	43	86
328	312	171	43	86
329	312	171	43	86
330	312	172	43	86
331	312	173	43	86
332	313	173	43	86
333	313	174	42	85
334	313	175	42	85
335	313	175	42	85
336	314	176	42	85
337	314	176	42	85
338	315	176	42	85
339	315	176	42	84
340	316	176	42	84
341	316	175	42	84
342	317	175	42	84
343	317	174	42	84
344	318	174	42	84
345	318	173	42	84
346	319	173	42	84
347	319	172	42	85
348	319	171	42	85
349	319	171	42	85
350	319	170	43	86
351	319	170	43	86
352	319	169	43	86
353	319	169	43	86
354	318	169	43	86
355	318	168	43	86
356	318	168	43	86
357	317	167	43	86
358	317	167	43	86
359	317	167	43	86
360	317	168	42	85
361	316	168	42	85
362	316	169	42	85
363	316	170	42	85
364	316	171	42	84
365	316	172	42	84
366	316	173	42	84
367	316	174	42	84
368	316	176	41	83
369	317	176	41	83
370	317	177	41	83
371	317	177	41	82
372	317	178	41	82
373	317	177	41	82
374	317	177	40	81
375	317	176	40	81
376	317	175	40	80
377	317	174	40	80
378	317	173	40	80
379	317	172	40	80
380	317	171	40	80
381	317	170	40	80
382	317	170	40	80
383	317	169	40	80
384	318	169	40	80
385	318	168	40	80
386	318	168	40	81
387	318	168	40	81
388	317	167	40	81
389	317	167	40	81
390	317	167	40	81
391	316	167	40	81
392	316	167	40	81
393	315	166	41	82
394	315	166	41	82
395	315	166	41	82
396	314	166	41	82
397	314	166	41	82
398	314	166	41	82
399	314	167	40	81
400	314	167	40	81
401	314	167	40	81
402	314	167	40	81
403	315	167	40	81
404	315	167	40	81
405	315	167	40	81
406	316	167	40	80
407	316	167	40	80
408	317	167	40	80
409	318	167	40	80
3D Trajetory (frame, x, z, height, pose)
1	0.16	2.49	1.64	4.00
2	0.17	2.50	1.65	4.00
3	0.17	2.52	1.67	4.00
4	0.18	2.51	1.67	4.00
5	0.18	2.50	1.68	4.00
6	0.18	2.50	1.68	4.00
7	0.18	2.50	1.68	4.00
8	0.18	2.50	1.69	4.00
9	0.18	2.51	1.69	4.00
10	0.18	2.51	1.69	4.00
11	0.18	2.52	1.69	4.00
12	0.19	2.54	1.68	4.00
13	0.20	2.56	1.67	4.00
14	0.20	2.56	1.68	4.00
15	0.20	2.57	1.68	4.00
16	0.19	2.59	1.68	4.00
17	0.18	2.61	1.68	4.00
18	0.18	2.63	1.68	4.00
19	0.18	2.66	1.68	4.00
20	0.19	2.67	1.68	4.00
21	0.19	2.69	1.69	4.00
22	0.18	2.71	1.69	4.00
23	0.17	2.72	1.69	4.00
24	0.16	2.73	1.69	4.00
25	0.14	2.74	1.69	4.00
26	0.13	2.76	1.69	4.00
27	0.13	2.79	1.70	4.00
28	0.12	2.84	1.70	4.00
29	0.11	2.90	1.71	4.00
30	0.11	2.96	1.71	4.00
31	0.11	3.03	1.72	4.00
32	0.12	3.07	1.72	4.00
33	0.12	3.11	1.71	4.00
34	0.12	3.14	1.72	4.00
35	0.12	3.17	1.72	4.00
36	0.13	3.20	1.72	4.00
37	0.14	3.24	1.72	4.00
38	0.15	3.26	1.72	4.00
39	0.16	3.28	1.72	4.00
40	0.16	3.30	1.73	4.00
41	0.16	3.32	1.73	4.00
42	0.15	3.35	1.73	4.00
43	0.15	3.38	1.73	4.00
44	0.14	3.41	1.74	4.00
45	0.14	3.44	1.74	4.00
46	0.14	3.46	1.75	4.00
47	0.14	3.49	1.75	4.00
48	0.13	3.51	1.75	4.00
49	0.13	3.54	1.75	4.00
50	0.13	3.56	1.75	4.00
51	0.13	3.59	1.75	4.00
52	0.13	3.62	1.76	4.00
53	0.12	3.66	1.76	4.00
54	0.13	3.69	1.76	4.00
55	0.13	3.72	1.76	4.00
56	0.12	3.75	1.76	4.00
57	0.12	3.78	1.76	4.00
58	0.12	3.83	1.76	4.00
59	0.13	3.87	1.77	4.00
60	0.13	3.91	1.77	4.00
61	0.13	3.95	1.77	4.00
62	0.13	3.98	1.77	4.00
63	0.13	4.02	1.76	4.00
64	0.15	4.11	1.75	4.00
65	0.16	4.20	1.74	4.00
66	0.16	4.25	1.75	4.00
67	0.16	4.30	1.75	4.00
68	0.15	4.34	1.76	4.00
69	0.14	4.38	1.77	4.00
70	0.13	4.39	1.79	4.00
71	0.12	4.41	1.80	4.00
72	0.11	4.41	1.82	4.00
73	0.09	4.42	1.85	4.00
74	0.10	4.46	1.85	4.00
75	0.10	4.51	1.86	4.00
76	0.10	4.54	1.86	4.00
77	0.10	4.57	1.86	4.00
78	0.10	4.59	1.86	4.00
79	0.10	4.61	1.86	4.00
80	0.11	4.64	1.87	4.00
81	0.12	4.67	1.87	4.00
82	0.12	4.71	1.86	4.00
83	0.11	4.75	1.86	4.00
84	0.11	4.79	1.85	4.00
85	0.11	4.83	1.84	4.00
86	0.10	4.86	1.85	4.00
87	0.09	4.89	1.85	4.00
88	0.09	4.92	1.85	4.00
89	0.09	4.95	1.86	4.00
90	0.10	4.99	1.86	4.00
91	0.10	5.03	1.86	4.00
92	0.10	5.07	1.87	4.00
93	0.10	5.11	1.87	4.00
94	0.10	5.14	1.87	4.00
95	0.10	5.18	1.88	4.00
96	0.10	5.21	1.87	4.00
97	0.09	5.25	1.87	4.00
98	0.09	5.28	1.88	4.00
99	0.09	5.32	1.88	4.00
100	0.08	5.34	1.89	4.00
101	0.08	5.35	1.91	4.00
102	0.07	5.38	1.90	4.00
103	0.07	5.41	1.90	4.00
104	0.06	5.43	1.91	4.00
105	0.04	5.46	1.92	4.00
106	0.03	5.46	1.93	4.00
107	0.01	5.47	1.94	4.00
108	0.00	5.49	1.94	4.00
109	-0.01	5.50	1.93	4.00
110	-0.01	5.54	1.92	4.00
111	-0.01	5.58	1.91	4.00
112	-0.02	5.59	1.92	4.00
113	-0.02	5.61	1.92	4.00
114	-0.03	5.62	1.92	4.00
115	-0.03	5.63	1.92	4.00
116	-0.04	5.65	1.93	4.00
117	-0.05	5.67	1.94	4.00
118	-0.05	5.68	1.94	4.00
119	-0.05	5.69	1.94	4.00
120	-0.06	5.70	1.94	4.00
121	-0.08	5.72	1.94	4.00
122	-0.08	5.75	1.94	4.00
123	-0.08	5.77	1.93	4.00
124	-0.09	5.82	1.93	4.00
125	-0.10	5.87	1.92	4.00
126	-0.10	5.91	1.92	4.00
127	-0.10	5.95	1.91	4.00
128	-0.10	5.97	1.91	4.00
129	-0.09	5.99	1.91	4.00
130	-0.09	6.00	1.91	4.00
131	-0.09	6.02	1.92	4.00
132	-0.09	6.05	1.91	4.00
133	-0.10	6.08	1.90	4.00
134	-0.10	6.12	1.90	4.00
135	-0.11	6.16	1.90	4.00
136	-0.11	6.18	1.90	4.00
137	-0.11	6.21	1.91	4.00
138	-0.11	6.24	1.91	4.00
139	-0.11	6.27	1.92	4.00
140	-0.12	6.30	1.92	4.00
141	-0.12	6.33	1.93	4.00
142	-0.12	6.35	1.92	4.00
143	-0.13	6.38	1.92	4.00
144	-0.13	6.40	1.91	4.00
145	-0.13	6.43	1.91	4.00
146	-0.13	6.46	1.90	4.00
147	-0.14	6.48	1.89	4.00
148	-0.14	6.51	1.90	4.00
149	-0.13	6.54	1.91	4.00
150	-0.13	6.57	1.91	4.00
151	-0.13	6.60	1.92	4.00
152	-0.13	6.62	1.93	4.00
153	-0.14	6.65	1.95	4.00
154	-0.14	6.68	1.95	4.00
155	-0.14	6.71	1.95	4.00
156	-0.15	6.74	1.95	4.00
157	-0.16	6.76	1.94	4.00
158	-0.15	6.79	1.95	4.00
159	-0.14	6.83	1.96	4.00
160	-0.15	6.86	1.95	4.00
161	-0.15	6.88	1.95	4.00
162	-0.15	6.92	1.94	4.00
163	-0.14	6.96	1.93	4.00
164	-0.13	6.99	1.93	4.00
165	-0.12	7.03	1.92	4.00
166	-0.12	7.04	1.93	4.00
167	-0.12	7.06	1.93	4.00
168	-0.12	7.09	1.94	4.00
169	-0.12	7.11	1.94	4.00
170	-0.12	7.15	1.95	4.00
171	-0.12	7.18	1.96	4.00
172	-0.11	7.22	1.96	4.00
173	-0.11	7.25	1.96	4.00
174	-0.10	7.30	1.96	4.00
175	-0.10	7.35	1.95	4.00
176	-0.10	7.40	1.95	4.00
177	-0.09	7.45	1.94	4.00
178	-0.09	7.49	1.94	4.00
179	-0.09	7.52	1.93	4.00
180	-0.08	7.55	1.93	4.00
181	-0.08	7.58	1.93	4.00
182	-0.08	7.62	1.93	4.00
183	-0.08	7.67	1.92	4.00
184	-0.08	7.70	1.94	4.00
185	-0.08	7.73	1.95	4.00
186	-0.08	7.75	1.94	4.00
187	-0.08	7.78	1.93	4.00
188	-0.08	7.81	1.92	4.00
189	-0.08	7.84	1.91	4.00
190	-0.07	7.88	1.90	4.00
191	-0.07	7.91	1.89	4.00
192	-0.07	7.95	1.89	4.00
193	-0.08	7.99	1.89	4.00
194	-0.07	8.03	1.89	4.00
195	-0.07	8.06	1.89	4.00
196	-0.07	8.09	1.89	4.00
197	-0.07	8.13	1.90	4.00
198	-0.06	8.16	1.90	4.00
199	-0.06	8.20	1.90	4.00
200	-0.06	8.23	1.91	4.00
201	-0.06	8.26	1.91	4.00
202	-0.06	8.28	1.92	4.00
203	-0.07	8.31	1.93	4.00
204	-0.07	8.34	1.94	4.00
205	-0.07	8.36	1.94	4.00
206	-0.06	8.38	1.95	4.00
207	-0.05	8.40	1.95	4.00
208	-0.05	8.43	1.94	4.00
209	-0.05	8.47	1.94	4.00
210	-0.05	8.51	1.94	4.00
211	-0.05	8.55	1.95	4.00
212	-0.05	8.58	1.95	4.00
213	-0.04	8.61	1.95	4.00
214	-0.04	8.64	1.95	4.00
215	-0.04	8.66	1.95	4.00
216	-0.05	8.70	1.94	4.00
217	-0.06	8.73	1.94	4.00
218	-0.06	8.76	1.94	4.00
219	-0.06	8.79	1.94	4.00
220	-0.07	8.81	1.94	4.00
221	-0.08	8.84	1.94	4.00
222	-0.08	8.86	1.94	4.00
223	-0.08	8.88	1.94	4.00
224	-0.09	8.91	1.94	4.00
225	-0.09	8.94	1.94	4.00
226	-0.10	8.97	1.93	4.00
227	-0.10	9.00	1.93	4.00
228	-0.10	9.03	1.93	4.00
229	-0.11	9.05	1.94	4.00
230	-0.11	9.07	1.94	4.00
231	-0.12	9.08	1.95	4.00
232	-0.12	9.11	1.95	4.00
233	-0.13	9.14	1.95	4.00
234	-0.13	9.16	1.95	4.00
235	-0.13	9.18	1.96	4.00
236	-0.13	9.21	1.96	4.00
237	-0.13	9.24	1.97	4.00
238	-0.14	9.27	1.97	4.00
239	-0.14	9.29	1.97	4.00
240	-0.15	9.32	1.97	4.00
241	-0.16	9.35	1.97	4.00
242	-0.16	9.37	1.97	4.00
243	-0.17	9.40	1.97	4.00
244	-0.18	9.43	1.96	4.00
245	-0.19	9.46	1.96	4.00
246	-0.19	9.48	1.97	4.00
247	-0.20	9.50	1.97	4.00
248	-0.21	9.53	1.96	4.00
249	-0.22	9.56	1.94	4.00
250	-0.22	9.58	1.95	4.00
251	-0.22	9.60	1.95	4.00
252	-0.22	9.60	1.96	4.00
253	-0.22	9.60	1.97	4.00
254	-0.23	9.61	1.97	4.00
255	-0.23	9.61	1.98	4.00
256	-0.23	9.62	1.98	4.00
257	-0.24	9.63	1.98	4.00
258	-0.25	9.64	1.98	4.00
259	-0.25	9.65	1.99	4.00
260	-0.26	9.67	1.98	4.00
261	-0.27	9.69	1.98	4.00
262	-0.28	9.71	1.98	4.00
263	-0.29	9.74	1.98	4.00
264	-0.29	9.75	1.97	4.00
265	-0.29	9.77	1.97	4.00
266	-0.28	9.79	1.97	4.00
267	-0.28	9.82	1.97	4.00
268	-0.28	9.84	1.96	4.00
269	-0.27	9.86	1.95	4.00
270	-0.28	9.88	1.95	4.00
271	-0.28	9.90	1.95	4.00
272	-0.28	9.92	1.94	4.00
273	-0.28	9.95	1.94	4.00
274	-0.27	9.97	1.94	4.00
275	-0.27	10.00	1.94	4.00
276	-0.27	10.02	1.94	4.00
277	-0.27	10.05	1.93	4.00
278	-0.27	10.07	1.93	4.00
279	-0.27	10.09	1.93	4.00
280	-0.27	10.10	1.93	4.00
281	-0.27	10.12	1.93	4.00
282	-0.28	10.15	1.93	4.00
283	-0.28	10.17	1.93	4.00
284	-0.28	10.20	1.94	4.00
285	-0.29	10.22	1.94	4.00
286	-0.29	10.25	1.94	4.00
287	-0.28	10.28	1.93	4.00
288	-0.28	10.30	1.92	4.00
289	-0.28	10.32	1.92	4.00
290	-0.29	10.34	1.92	4.00
291	-0.29	10.36	1.92	4.00
292	-0.29	10.38	1.91	4.00
293	-0.28	10.40	1.91	4.00
294	-0.28	10.41	1.91	4.00
295	-0.28	10.42	1.91	4.00
296	-0.28	10.44	1.91	4.00
297	-0.28	10.45	1.91	4.00
298	-0.28	10.47	1.91	4.00
299	-0.27	10.48	1.91	4.00
300	-0.27	10.50	1.92	4.00
301	-0.26	10.51	1.92	4.00
302	-0.25	10.52	1.91	4.00
303	-0.25	10.52	1.91	4.00
304	-0.24	10.53	1.90	4.00
305	-0.23	10.54	1.89	4.00
306	-0.23	10.56	1.88	4.00
307	-0.22	10.58	1.87	4.00
308	-0.22	10.59	1.87	4.00
309	-0.22	10.61	1.86	4.00
310	-0.21	10.63	1.85	4.00
311	-0.21	10.65	1.84	4.00
312	-0.20	10.67	1.85	4.00
313	-0.20	10.70	1.85	4.00
314	-0.20	10.70	1.85	4.00
315	-0.20	10.71	1.85	4.00
316	-0.20	10.71	1.86	4.00
317	-0.19	10.71	1.86	4.00
318	-0.19	10.72	1.86	4.00
319	-0.19	10.73	1.87	4.00
320	-0.19	10.76	1.87	4.00
321	-0.19	10.80	1.88	4.00
322	-0.19	10.82	1.87	4.00
323	-0.19	10.85	1.87	4.00
324	-0.18	10.86	1.87	4.00
325	-0.18	10.87	1.87	4.00
326	-0.18	10.89	1.87	4.00
327	-0.17	10.91	1.87	4.00
328	-0.17	10.92	1.87	4.00
329	-0.16	10.94	1.88	4.00
330	-0.15	10.95	1.88	4.00
331	-0.14	10.96	1.87	4.00
332	-0.13	10.97	1.88	4.00
333	-0.13	10.99	1.88	4.00
334	-0.12	11.00	1.88	4.00
335	-0.12	11.02	1.89	4.00
336	-0.12	11.03	1.88	4.00
337	-0.12	11.05	1.88	4.00
338	-0.12	11.06	1.88	4.00
339	-0.12	11.08	1.88	4.00
340	-0.12	11.10	1.87	4.00
341	-0.12	11.12	1.87	4.00
342	-0.11	11.14	1.87	4.00
343	-0.10	11.16	1.87	4.00
344	-0.10	11.18	1.88	4.00
345	-0.09	11.20	1.88	4.00
346	-0.08	11.21	1.89	4.00
347	-0.08	11.23	1.90	4.00
348	-0.08	11.24	1.92	4.00
349	-0.09	11.25	1.93	4.00
350	-0.09	11.26	1.94	4.00
351	-0.08	11.28	1.94	4.00
352	-0.07	11.30	1.95	4.00
353	-0.07	11.31	1.96	4.00
354	-0.07	11.33	1.97	4.00
355	-0.06	11.34	1.97	4.00
356	-0.08	11.36	1.97	4.00
357	-0.09	11.38	1.96	4.00
358	-0.10	11.41	1.96	4.00
359	-0.10	11.43	1.95	4.00
360	-0.11	11.45	1.95	4.00
361	-0.11	11.47	1.95	4.00
362	-0.11	11.48	1.95	4.00
363	-0.11	11.49	1.95	4.00
364	-0.10	11.50	1.95	4.00
365	-0.10	11.52	1.94	4.00
366	-0.10	11.53	1.94	4.00
367	-0.10	11.54	1.94	4.00
368	-0.10	11.55	1.93	4.00
369	-0.10	11.56	1.93	4.00
370	-0.11	11.59	1.92	4.00
371	-0.11	11.62	1.92	4.00
372	-0.11	11.64	1.91	4.00
373	-0.11	11.66	1.91	4.00
374	-0.12	11.70	1.90	4.00
375	-0.12	11.73	1.89	4.00
376	-0.12	11.74	1.89	4.00
377	-0.13	11.76	1.89	4.00
378	-0.13	11.77	1.88	4.00
379	-0.12	11.79	1.87	4.00
380	-0.12	11.80	1.88	4.00
381	-0.12	11.82	1.89	4.00
382	-0.12	11.83	1.89	4.00
383	-0.13	11.85	1.89	4.00
384	-0.13	11.86	1.90	4.00
385	-0.13	11.88	1.91	4.00
386	-0.13	11.89	1.93	4.00
387	-0.13	11.90	1.94	4.00
388	-0.13	11.92	1.94	4.00
389	-0.13	11.94	1.94	4.00
390	-0.13	11.96	1.95	4.00
391	-0.14	11.98	1.96	4.00
392	-0.14	12.00	1.96	4.00
393	-0.14	12.02	1.96	4.00
394	-0.13	12.03	1.96	4.00
395	-0.13	12.04	1.97	4.00
396	-0.13	12.04	1.97	4.00
397	-0.12	12.05	1.97	1.00
398	-0.11	12.07	1.97	1.00
399	-0.10	12.08	1.97	1.00
400	-0.10	12.10	1.98	1.00
401	-0.09	12.12	1.98	1.00
402	-0.09	12.13	1.98	1.00
403	-0.09	12.14	1.98	1.00
404	-0.09	12.15	1.97	1.00
405	-0.09	12.15	1.97	4.00
406	-0.09	12.17	1.97	4.00
407	-0.09	12.18	1.97	4.00
408	-0.10	12.19	1.96	4.00
409	-0.11	12.20	1.95	4.00
Target 2 (frames from 1 to 243)
Bounding Boxes (frame, x, y, width, height)
1	261	166	48	97
2	260	163	48	97
3	259	160	48	97
4	258	157	49	98
5	258	155	49	98
6	257	153	49	98
7	256	151	49	99
8	256	149	49	99
9	256	148	49	99
10	255	147	50	100
11	256	146	50	100
12	256	146	50	100
13	256	146	50	100
14	255	146	50	101
15	255	146	50	101
16	254	147	51	102
17	254	148	51	102
18	253	148	51	103
19	252	149	51	103
20	251	149	52	104
21	250	149	52	104
22	249	148	52	105
23	247	148	52	105
24	246	147	53	106
25	245	147	53	106
26	245	146	53	107
27	245	145	53	107
28	244	145	53	107
29	244	145	53	107
30	243	144	53	107
31	242	144	54	108
32	241	144	54	108
33	240	144	54	108
34	239	144	54	109
35	237	144	54	109
36	236	144	54	109
37	235	144	55	110
38	234	144	55	110
39	233	144	55	110
40	232	144	55	111
41	231	144	55	111
42	230	144	56	112
43	230	145	56	112
44	229	145	56	112
45	228	145	56	112
46	227	146	56	113
47	226	146	56	113
48	225	146	57	114
49	224	146	57	114
50	223	146	57	115
51	222	146	57	115
52	220	146	58	116
53	219	146	58	117
54	218	146	58	117
55	217	145	59	118
56	216	145	59	119
57	216	145	60	120
58	215	145	60	120
59	215	145	60	121
60	214	144	61	122
61	214	144	61	122
62	215	144	61	123
63	215	143	61	123
64	215	143	62	124
65	215	142	62	124
66	216	142	62	125
67	216	142	62	125
68	216	142	63	126
69	216	143	63	126
70	216	144	63	126
71	216	145	63	126
72	216	146	63	126
73	216	147	63	126
74	215	149	63	126
75	215	150	62	125
76	215	151	62	125
77	216	152	62	125
78	216	153	62	125
79	216	153	62	125
80	216	154	62	125
81	217	154	63	126
82	217	154	63	126
83	216	154	63	126
84	216	154	63	127
85	215	154	63	127
86	215	155	63	127
87	214	155	64	128
88	214	155	64	128
89	213	155	64	129
90	213	155	65	130
91	212	155	65	130
92	212	154	65	131
93	211	154	65	131
94	211	154	66	132
95	210	154	66	132
96	210	153	66	133
97	209	153	67	134
98	209	152	67	134
99	209	152	67	135
100	208	151	68	136
101	207	150	68	136
102	207	150	68	137
103	206	149	69	138
104	205	148	69	139
105	204	148	69	139
106	203	147	70	140
107	203	147	70	141
108	202	146	71	142
109	201	146	71	142
110	200	147	71	143
111	200	147	72	144
112	199	147	72	144
113	199	147	72	145
114	199	147	72	145
115	199	147	73	146
116	200	147	73	147
117	200	147	74	148
118	200	147	74	148
119	201	147	74	149
120	201	147	75	150
121	202	147	75	151
122	203	147	75	151
123	204	147	76	152
124	204	147	76	153
125	205	147	76	153
126	206	148	77	154
127	206	148	77	154
128	206	149	77	155
129	206	150	77	155
130	205	150	78	156
131	205	150	78	157
132	204	150	78	157
133	203	150	79	158
134	202	150	79	159
135	201	150	80	160
136	200	150	80	160
137	199	150	80	161
138	198	150	81	162
139	197	150	81	162
140	197	151	81	163
141	196	151	82	164
142	195	152	82	164
143	194	152	82	165
144	193	153	82	165
145	191	153	83	166
146	190	153	83	167
147	188	153	84	168
148	186	153	84	169
149	184	153	85	171
150	182	152	86	172
151	180	152	87	174
152	179	152	88	176
153	177	151	89	178
154	175	150	90	180
155	173	150	91	182
156	172	150	92	184
157	171	149	93	186
158	170	149	93	187
159	169	150	94	189
160	167	150	95	190
161	166	151	95	191
162	165	152	95	191
163	163	153	96	192
164	161	154	96	193
165	159	154	97	194
166	156	155	97	195
167	154	155	98	196
168	152	155	98	197
169	149	155	99	199
170	146	155	100	200
171	144	155	100	201
172	141	155	101	202
173	139	156	101	203
174	136	156	101	203
175	134	157	101	203
176	133	158	101	203
177	131	159	101	202
178	129	161	100	201
179	127	162	100	201
180	125	164	100	200
181	124	164	99	199
182	122	165	99	199
183	121	165	99	198
184	119	165	99	198
185	118	165	99	198
186	116	166	99	199
187	115	166	99	199
188	113	166	99	199
189	112	166	99	199
190	111	167	100	200
191	110	167	100	200
192	108	168	100	200
193	107	168	100	201
194	106	168	101	202
195	104	168	101	203
196	103	168	102	204
197	102	167	102	205
198	101	167	103	206
199	100	166	103	207
200	98	165	104	209
201	97	165	105	210
202	95	164	106	212
203	93	164	106	213
204	91	165	107	215
205	89	165	108	217
206	86	165	109	218
207	84	166	110	220
208	82	166	111	222
209	80	167	112	224
210	78	167	113	226
211	75	167	114	228
212	73	167	115	231
213	71	166	116	233
214	69	165	117	235
215	67	163	119	238
216	65	162	120	240
217	63	161	121	243
218	61	161	122	245
219	59	160	124	248
220	57	160	125	250
221	55	160	126	252
222	54	160	127	254
223	52	161	128	256
224	50	161	129	258
225	48	162	130	260
226	46	162	131	263
227	43	163	132	265
228	40	163	133	267
229	37	164	134	269
230	34	164	135	271
231	31	164	137	274
232	28	164	138	276
233	25	165	139	278
234	22	165	140	280
235	19	165	141	282
236	17	165	142	284
237	15	165	143	286
238	13	165	144	288
239	11	165	145	290
240	9	165	146	292
241	8	164	147	294
242	6	164	148	296
243	5	164	149	299
3D Trajetory (frame, x, z, height, pose)
1	-1.18	8.94	1.70	4.00
2	-1.20	8.86	1.72	4.00
3	-1.23	8.77	1.74	2.00
4	-1.21	8.88	1.76	2.00
5	-1.19	9.00	1.77	2.00
6	-1.19	9.02	1.78	2.00
7	-1.19	9.04	1.78	2.00
8	-1.20	9.02	1.79	2.00
9	-1.21	9.00	1.79	4.00
10	-1.22	8.98	1.79	4.00
11	-1.23	8.95	1.80	4.00
12	-1.24	8.93	1.79	4.00
13	-1.24	8.92	1.79	2.00
14	-1.24	8.92	1.80	2.00
15	-1.23	8.92	1.80	2.00
16	-1.24	8.89	1.80	2.00
17	-1.25	8.87	1.81	2.00
18	-1.27	8.85	1.82	2.00
19	-1.29	8.84	1.83	2.00
20	-1.30	8.83	1.85	2.00
21	-1.31	8.83	1.86	2.00
22	-1.32	8.84	1.87	2.00
23	-1.33	8.84	1.87	2.00
24	-1.35	8.85	1.87	2.00
25	-1.37	8.86	1.87	2.00
26	-1.38	8.85	1.87	2.00
27	-1.38	8.85	1.88	2.00
28	-1.38	8.81	1.89	2.00
29	-1.38	8.78	1.90	2.00
30	-1.39	8.78	1.90	2.00
31	-1.41	8.79	1.90	2.00
32	-1.42	8.79	1.89	2.00
33	-1.44	8.78	1.89	2.00
34	-1.45	8.77	1.89	2.00
35	-1.46	8.75	1.89	2.00
36	-1.47	8.73	1.90	2.00
37	-1.48	8.71	1.91	2.00
38	-1.50	8.70	1.92	2.00
39	-1.51	8.68	1.92	2.00
40	-1.52	8.67	1.92	2.00
41	-1.53	8.66	1.92	2.00
42	-1.54	8.64	1.92	2.00
43	-1.54	8.63	1.92	4.00
44	-1.55	8.61	1.93	4.00
45	-1.55	8.60	1.93	4.00
46	-1.55	8.58	1.93	4.00
47	-1.54	8.56	1.94	4.00
48	-1.55	8.55	1.94	4.00
49	-1.56	8.53	1.94	4.00
50	-1.57	8.52	1.94	4.00
51	-1.58	8.50	1.95	2.00
52	-1.59	8.49	1.96	2.00
53	-1.60	8.48	1.97	2.00
54	-1.61	8.46	1.98	2.00
55	-1.62	8.44	1.98	2.00
56	-1.63	8.43	2.00	2.00
57	-1.64	8.41	2.01	2.00
58	-1.64	8.39	2.02	2.00
59	-1.64	8.38	2.02	4.00
60	-1.65	8.35	2.03	4.00
61	-1.65	8.32	2.03	4.00
62	-1.65	8.30	2.03	4.00
63	-1.66	8.28	2.03	4.00
64	-1.66	8.25	2.04	4.00
65	-1.66	8.23	2.04	4.00
66	-1.66	8.20	2.04	4.00
67	-1.67	8.17	2.04	4.00
68	-1.67	8.14	2.04	4.00
69	-1.68	8.11	2.04	4.00
70	-1.68	8.08	2.04	4.00
71	-1.69	8.05	2.05	4.00
72	-1.69	8.02	2.03	4.00
73	-1.70	8.00	2.02	4.00
74	-1.71	7.99	2.01	4.00
75	-1.72	7.97	1.99	4.00
76	-1.72	7.95	1.98	4.00
77	-1.72	7.92	1.98	4.00
78	-1.72	7.90	1.98	4.00
79	-1.73	7.88	1.99	4.00
80	-1.72	7.85	1.98	4.00
81	-1.71	7.83	1.98	2.00
82	-1.70	7.80	1.98	2.00
83	-1.70	7.78	1.98	4.00
84	-1.69	7.76	1.97	4.00
85	-1.69	7.75	1.96	4.00
86	-1.69	7.72	1.96	4.00
87	-1.69	7.68	1.97	4.00
88	-1.68	7.65	1.97	4.00
89	-1.68	7.61	1.97	2.00
90	-1.67	7.58	1.96	2.00
91	-1.67	7.54	1.96	2.00
92	-1.66	7.51	1.97	2.00
93	-1.66	7.48	1.98	2.00
94	-1.65	7.45	1.98	2.00
95	-1.64	7.42	1.97	2.00
96	-1.64	7.39	1.97	2.00
97	-1.64	7.36	1.97	2.00
98	-1.64	7.33	1.96	2.00
99	-1.64	7.29	1.96	2.00
100	-1.64	7.25	1.96	2.00
101	-1.64	7.21	1.96	2.00
102	-1.64	7.17	1.97	2.00
103	-1.63	7.12	1.97	4.00
104	-1.63	7.08	1.97	4.00
105	-1.64	7.04	1.97	4.00
106	-1.64	7.01	1.97	4.00
107	-1.64	6.97	1.97	4.00
108	-1.64	6.94	1.97	4.00
109	-1.64	6.91	1.97	2.00
110	-1.63	6.87	1.97	2.00
111	-1.62	6.83	1.97	2.00
112	-1.62	6.80	1.97	2.00
113	-1.61	6.77	1.96	2.00
114	-1.61	6.74	1.96	2.00
115	-1.61	6.72	1.96	2.00
116	-1.60	6.68	1.96	2.00
117	-1.59	6.65	1.96	2.00
118	-1.58	6.61	1.96	2.00
119	-1.57	6.56	1.96	2.00
120	-1.56	6.51	1.95	2.00
121	-1.55	6.45	1.95	2.00
122	-1.53	6.42	1.95	2.00
123	-1.52	6.38	1.95	2.00
124	-1.51	6.34	1.95	2.00
125	-1.50	6.30	1.95	2.00
126	-1.49	6.28	1.95	2.00
127	-1.48	6.25	1.94	2.00
128	-1.46	6.23	1.93	2.00
129	-1.45	6.21	1.93	2.00
130	-1.45	6.16	1.92	2.00
131	-1.44	6.10	1.92	2.00
132	-1.44	6.06	1.91	2.00
133	-1.44	6.01	1.91	2.00
134	-1.43	5.97	1.90	2.00
135	-1.42	5.92	1.90	2.00
136	-1.41	5.88	1.89	2.00
137	-1.40	5.85	1.89	4.00
138	-1.39	5.81	1.89	4.00
139	-1.38	5.76	1.88	4.00
140	-1.38	5.73	1.87	4.00
141	-1.37	5.69	1.87	2.00
142	-1.37	5.65	1.86	2.00
143	-1.37	5.60	1.85	2.00
144	-1.37	5.57	1.85	2.00
145	-1.38	5.54	1.84	2.00
146	-1.39	5.50	1.84	2.00
147	-1.39	5.47	1.84	2.00
148	-1.40	5.43	1.84	2.00
149	-1.40	5.40	1.85	2.00
150	-1.40	5.37	1.85	2.00
151	-1.40	5.33	1.86	2.00
152	-1.40	5.27	1.85	2.00
153	-1.40	5.22	1.85	2.00
154	-1.39	5.17	1.86	2.00
155	-1.38	5.12	1.87	2.00
156	-1.38	5.08	1.87	2.00
157	-1.37	5.03	1.86	2.00
158	-1.37	4.99	1.86	2.00
159	-1.37	4.94	1.87	2.00
160	-1.36	4.91	1.87	2.00
161	-1.36	4.87	1.87	2.00
162	-1.36	4.85	1.86	2.00
163	-1.36	4.82	1.85	2.00
164	-1.36	4.80	1.84	2.00
165	-1.36	4.78	1.84	2.00
166	-1.37	4.75	1.83	2.00
167	-1.38	4.71	1.82	2.00
168	-1.38	4.68	1.83	2.00
169	-1.38	4.65	1.83	2.00
170	-1.38	4.62	1.84	2.00
171	-1.38	4.59	1.84	2.00
172	-1.38	4.55	1.84	2.00
173	-1.38	4.52	1.83	2.00
174	-1.39	4.49	1.82	2.00
175	-1.40	4.47	1.82	2.00
176	-1.43	4.48	1.80	2.00
177	-1.45	4.49	1.78	2.00
178	-1.46	4.49	1.78	2.00
179	-1.47	4.50	1.78	2.00
180	-1.49	4.50	1.78	2.00
181	-1.50	4.51	1.77	2.00
182	-1.52	4.51	1.77	2.00
183	-1.54	4.51	1.77	2.00
184	-1.56	4.53	1.78	2.00
185	-1.57	4.54	1.78	2.00
186	-1.58	4.53	1.78	2.00
187	-1.60	4.53	1.78	2.00
188	-1.61	4.54	1.79	2.00
189	-1.63	4.55	1.79	2.00
190	-1.64	4.54	1.79	2.00
191	-1.65	4.53	1.79	2.00
192	-1.65	4.52	1.79	2.00
193	-1.65	4.52	1.79	2.00
194	-1.65	4.50	1.80	2.00
195	-1.65	4.48	1.80	2.00
196	-1.65	4.48	1.80	2.00
197	-1.66	4.47	1.80	2.00
198	-1.66	4.45	1.81	2.00
199	-1.67	4.44	1.81	2.00
200	-1.68	4.42	1.82	2.00
201	-1.69	4.41	1.84	2.00
202	-1.70	4.40	1.84	2.00
203	-1.70	4.39	1.85	2.00
204	-1.70	4.35	1.85	2.00
205	-1.70	4.30	1.85	2.00
206	-1.70	4.26	1.84	2.00
207	-1.69	4.21	1.83	2.00
208	-1.69	4.18	1.83	2.00
209	-1.69	4.15	1.83	2.00
210	-1.70	4.11	1.83	2.00
211	-1.71	4.07	1.82	2.00
212	-1.70	4.03	1.83	2.00
213	-1.69	3.99	1.83	2.00
214	-1.68	3.95	1.84	2.00
215	-1.67	3.92	1.85	2.00
216	-1.68	3.89	1.86	2.00
217	-1.68	3.85	1.86	2.00
218	-1.69	3.83	1.86	2.00
219	-1.69	3.81	1.86	2.00
220	-1.69	3.79	1.86	2.00
221	-1.68	3.77	1.87	2.00
222	-1.67	3.73	1.87	2.00
223	-1.67	3.70	1.87	2.00
224	-1.66	3.67	1.87	2.00
225	-1.66	3.64	1.87	2.00
226	-1.66	3.61	1.87	2.00
227	-1.65	3.58	1.87	2.00
228	-1.65	3.54	1.87	2.00
229	-1.65	3.51	1.86	2.00
230	-1.66	3.48	1.86	2.00
231	-1.67	3.46	1.86	2.00
232	-1.68	3.44	1.87	2.00
233	-1.68	3.42	1.87	2.00
234	-1.69	3.39	1.86	2.00
235	-1.69	3.36	1.86	2.00
236	-1.69	3.34	1.87	2.00
237	-1.68	3.31	1.87	2.00
238	-1.69	3.28	1.87	2.00
239	-1.69	3.26	1.87	2.00
240	-1.69	3.24	1.87	2.00
241	-1.68	3.23	1.87	2.00
242	-1.68	3.22	1.88	2.00
243	-1.67	3.21	1.89	2.00
Target 3 (frames from 37 to 387)
Bounding Boxes (frame, x, y, width, height)
37	279	150	37	75
38	278	150	38	76
39	277	150	38	76
40	276	150	38	77
41	275	151	38	77
42	274	151	39	78
43	273	151	39	78
44	272	151	39	79
45	271	151	39	79
46	270	151	40	80
47	269	152	40	80
48	268	152	40	81
49	267	152	40	81
50	266	152	40	81
51	265	153	41	82
52	264	153	41	82
53	263	153	41	82
54	263	153	41	82
55	263	153	41	83
56	263	154	41	83
57	263	154	41	83
58	263	154	41	83
59	263	155	41	83
60	264	155	41	83
61	265	155	41	83
62	266	155	41	83
63	267	155	41	83
64	268	155	42	84
65	269	154	42	84
66	270	154	42	84
67	270	154	42	84
68	271	155	42	85
69	271	155	42	85
70	272	156	42	85
71	272	156	43	86
72	272	157	43	86
73	273	158	43	86
74	273	158	43	87
75	273	159	43	87
76	273	160	43	87
77	273	161	43	87
78	273	161	43	87
79	274	161	43	87
80	274	162	43	87
81	274	162	43	87
82	274	162	43	87
83	273	162	43	87
84	273	162	44	88
85	272	163	44	88
86	272	163	44	88
87	272	163	44	88
88	271	163	44	88
89	271	164	44	88
90	270	164	44	89
91	270	164	44	89
92	269	164	44	89
93	269	164	44	89
94	269	164	45	90
95	268	163	45	90
96	268	163	45	90
97	268	162	45	90
98	268	162	45	91
99	268	161	45	91
100	267	161	45	91
101	267	160	46	92
102	266	160	46	92
103	266	159	46	92
104	265	158	46	92
105	265	158	46	93
106	264	157	46	93
107	263	157	47	94
108	262	157	47	94
109	261	157	47	95
110	261	157	47	95
111	260	157	48	96
112	259	157	48	96
113	259	157	48	97
114	259	157	48	97
115	259	157	49	98
116	260	157	49	98
117	260	157	49	99
118	261	157	49	99
119	261	157	49	99
120	262	157	49	99
121	263	157	49	99
122	264	157	50	100
123	264	157	50	100
124	265	157	50	100
125	265	157	50	101
126	266	157	51	102
127	266	157	51	102
128	265	158	51	103
129	265	158	51	103
130	264	158	52	104
131	263	158	52	104
132	262	158	52	104
133	262	158	52	105
134	261	158	52	105
135	260	158	52	105
136	259	158	52	105
137	258	157	52	105
138	257	157	53	106
139	256	157	53	106
140	255	157	53	106
141	255	157	53	107
142	254	157	53	107
143	253	158	54	108
144	253	158	54	108
145	252	158	54	109
146	251	158	54	109
147	250	159	55	110
148	249	159	55	110
149	249	159	55	110
150	248	159	55	110
151	248	160	55	111
152	247	160	55	111
153	247	160	55	111
154	246	160	55	111
155	246	160	56	112
156	246	160	56	112
157	246	160	56	112
158	246	161	56	112
159	246	161	56	113
160	245	161	56	113
161	245	162	56	113
162	244	162	57	114
163	243	163	57	114
164	241	163	57	115
165	239	164	57	115
166	237	165	58	116
167	235	165	58	116
168	233	165	58	116
169	231	165	58	116
170	229	165	58	117
171	227	165	58	117
172	225	165	58	117
173	223	165	59	118
174	222	165	59	118
175	220	165	59	119
176	219	166	59	119
177	218	167	59	119
178	217	167	60	120
179	216	168	60	120
180	215	169	60	120
181	214	169	60	120
182	213	170	60	120
183	213	171	60	120
184	212	171	60	120
185	212	172	60	121
186	212	172	60	121
187	212	173	60	121
188	212	174	60	121
189	212	174	60	121
190	213	175	60	121
191	212	176	60	121
192	212	177	60	121
193	212	178	60	121
194	211	179	60	121
195	211	179	60	121
196	211	179	60	121
197	210	179	60	121
198	210	179	61	122
199	210	179	61	122
200	209	179	61	123
201	209	179	61	123
202	208	179	62	124
203	207	179	62	125
204	206	179	62	125
205	206	179	63	126
206	205	179	63	127
207	205	179	63	127
208	204	180	64	128
209	203	180	64	128
210	203	180	64	128
211	202	180	64	129
212	202	180	64	129
213	202	180	64	129
214	203	179	64	129
215	203	179	64	129
216	203	179	65	130
217	203	178	65	130
218	203	178	65	130
219	203	179	65	130
220	202	179	65	131
221	202	179	65	131
222	202	179	65	131
223	201	179	66	132
224	201	179	66	133
225	201	179	66	133
226	200	179	67	134
227	200	179	67	135
228	199	179	68	136
229	198	179	68	137
230	198	178	69	138
231	197	178	69	139
232	196	178	70	140
233	195	178	70	140
234	194	178	70	141
235	194	178	71	142
236	193	178	71	142
237	192	178	71	143
238	191	179	72	144
239	190	179	72	144
240	189	179	72	145
241	189	179	73	146
242	188	179	73	146
243	187	179	73	147
244	187	179	73	147
245	186	179	73	147
246	185	178	74	148
247	185	178	74	148
248	185	178	74	148
249	185	178	73	147
250	185	179	73	147
251	185	179	73	147
252	185	179	73	146
253	185	180	73	146
254	185	180	73	146
255	185	181	73	147
256	186	181	73	147
257	186	181	73	147
258	186	181	74	148
259	186	181	74	149
260	185	181	75	150
261	185	180	75	151
262	184	180	76	152
263	183	180	76	153
264	182	181	77	154
265	181	181	77	155
266	180	182	78	156
267	178	183	78	157
268	177	183	79	159
269	175	183	80	160
270	173	184	80	161
271	171	184	81	163
272	169	183	82	164
273	168	182	82	165
274	167	182	83	166
275	166	181	83	167
276	164	179	83	167
277	163	178	84	168
278	162	177	84	169
279	161	176	84	169
280	160	175	85	170
281	158	174	85	171
282	157	173	85	171
283	156	172	86	172
284	155	172	86	172
285	153	171	86	173
286	152	171	86	173
287	150	170	87	174
288	148	170	87	175
289	147	170	87	175
290	145	170	88	176
291	144	171	88	176
292	142	171	88	177
293	140	172	88	177
294	139	173	89	178
295	137	173	89	179
296	135	174	90	180
297	133	175	90	181
298	131	176	91	182
299	129	177	91	183
300	127	177	92	184
301	125	178	93	186
302	123	178	93	187
303	121	178	94	188
304	119	178	94	189
305	117	178	95	190
306	115	178	95	191
307	113	177	96	193
308	111	177	97	194
309	109	176	97	195
310	107	175	98	196
311	106	175	98	196
312	104	174	98	197
313	103	173	99	198
314	102	173	99	198
315	100	172	99	198
316	99	172	99	198
317	97	172	99	199
318	96	172	99	199
319	94	171	99	199
320	92	171	100	200
321	90	171	100	200
322	88	172	100	200
323	86	173	100	200
324	83	173	99	199
325	81	175	99	199
326	79	176	99	198
327	77	178	99	198
328	75	179	98	197
329	73	181	98	197
330	71	183	98	196
331	70	184	98	196
332	68	186	97	195
333	66	187	98	196
334	64	187	98	197
335	63	188	99	198
336	61	188	99	199
337	60	187	100	200
338	58	187	100	201
339	57	186	101	203
340	55	185	102	204
341	54	184	103	206
342	53	182	104	208
343	52	181	105	210
344	51	179	106	213
345	49	177	108	216
346	48	176	109	219
347	46	174	111	223
348	45	172	113	226
349	43	171	115	230
350	40	169	117	234
351	37	168	119	238
352	35	167	121	242
353	32	166	122	245
354	29	166	124	248
355	26	166	125	250
356	22	166	126	252
357	20	166	127	254
358	17	167	127	255
359	14	168	128	257
360	12	169	129	258
361	9	170	129	259
362	7	172	130	260
363	5	174	130	260
364	4	176	129	259
365	2	180	129	258
366	1	183	128	257
367	0	187	128	256
368	0	190	127	254
369	0	193	126	252
370	0	196	125	250
371	1	197	124	249
372	1	198	124	248
373	2	199	123	247
374	3	198	123	247
375	4	197	123	247
376	6	195	123	247
377	7	193	124	249
378	8	190	125	250
379	8	188	126	252
380	9	186	127	254
381	10	184	128	256
382	10	182	129	258
383	10	180	130	261
384	11	178	131	263
385	11	175	133	266
386	11	172	135	270
387	11	170	136	273
3D Trajetory (frame, x, z, height, pose)
37	-1.38	13.50	2.02	2.00
38	-1.36	13.25	2.01	2.00
39	-1.35	13.01	2.00	4.00
40	-1.34	12.93	2.00	4.00
41	-1.32	12.86	2.00	3.00
42	-1.35	12.81	2.00	3.00
43	-1.38	12.77	2.00	2.00
44	-1.40	12.74	2.01	2.00
45	-1.41	12.72	2.03	2.00
46	-1.42	12.68	2.03	2.00
47	-1.42	12.64	2.03	2.00
48	-1.43	12.62	2.04	2.00
49	-1.44	12.59	2.04	2.00
50	-1.46	12.56	2.04	2.00
51	-1.49	12.54	2.04	2.00
52	-1.49	12.51	2.05	2.00
53	-1.48	12.48	2.05	2.00
54	-1.47	12.42	2.05	2.00
55	-1.46	12.35	2.05	2.00
56	-1.47	12.32	2.05	2.00
57	-1.48	12.29	2.05	2.00
58	-1.46	12.26	2.04	2.00
59	-1.43	12.22	2.04	2.00
60	-1.43	12.20	2.03	2.00
61	-1.42	12.17	2.03	2.00
62	-1.43	12.14	2.03	2.00
63	-1.43	12.11	2.03	2.00
64	-1.42	12.09	2.03	2.00
65	-1.41	12.07	2.03	2.00
66	-1.40	12.05	2.02	2.00
67	-1.39	12.03	2.02	2.00
68	-1.39	11.98	2.02	2.00
69	-1.39	11.92	2.03	2.00
70	-1.39	11.89	2.03	2.00
71	-1.39	11.85	2.04	2.00
72	-1.40	11.80	2.04	2.00
73	-1.40	11.75	2.05	2.00
74	-1.40	11.71	2.04	2.00
75	-1.40	11.67	2.04	4.00
76	-1.41	11.64	2.04	4.00
77	-1.41	11.61	2.04	4.00
78	-1.41	11.57	2.03	4.00
79	-1.41	11.53	2.03	2.00
80	-1.41	11.50	2.02	2.00
81	-1.41	11.47	2.01	2.00
82	-1.41	11.44	2.00	2.00
83	-1.41	11.40	2.00	4.00
84	-1.41	11.38	1.99	4.00
85	-1.41	11.35	1.99	4.00
86	-1.41	11.31	1.99	4.00
87	-1.41	11.26	2.00	4.00
88	-1.41	11.22	1.99	4.00
89	-1.40	11.18	1.99	4.00
90	-1.41	11.15	1.98	4.00
91	-1.41	11.11	1.98	2.00
92	-1.41	11.07	1.98	2.00
93	-1.40	11.03	1.97	2.00
94	-1.40	11.01	1.98	2.00
95	-1.40	10.98	1.98	4.00
96	-1.40	10.95	1.98	4.00
97	-1.41	10.91	1.98	4.00
98	-1.41	10.88	1.98	4.00
99	-1.41	10.85	1.98	4.00
100	-1.40	10.81	1.98	4.00
101	-1.40	10.77	1.98	4.00
102	-1.41	10.74	1.99	4.00
103	-1.42	10.71	1.99	4.00
104	-1.43	10.68	1.99	4.00
105	-1.44	10.64	1.99	4.00
106	-1.45	10.61	1.98	4.00
107	-1.46	10.58	1.98	4.00
108	-1.47	10.55	1.98	4.00
109	-1.48	10.52	1.98	4.00
110	-1.48	10.47	2.00	4.00
111	-1.47	10.42	2.01	2.00
112	-1.47	10.37	2.01	2.00
113	-1.47	10.33	2.02	2.00
114	-1.46	10.29	2.02	2.00
115	-1.46	10.25	2.02	4.00
116	-1.46	10.21	2.02	4.00
117	-1.46	10.17	2.02	4.00
118	-1.45	10.12	2.01	4.00
119	-1.44	10.08	2.00	4.00
120	-1.43	10.04	1.99	4.00
121	-1.43	10.00	1.98	4.00
122	-1.42	9.95	1.99	4.00
123	-1.41	9.91	1.99	4.00
124	-1.40	9.87	1.99	4.00
125	-1.40	9.83	1.98	4.00
126	-1.39	9.78	1.99	4.00
127	-1.39	9.74	2.01	4.00
128	-1.38	9.69	2.01	4.00
129	-1.37	9.65	2.01	4.00
130	-1.38	9.60	2.01	4.00
131	-1.38	9.56	2.01	4.00
132	-1.39	9.50	1.99	4.00
133	-1.40	9.44	1.98	4.00
134	-1.40	9.40	1.97	4.00
135	-1.40	9.35	1.97	4.00
136	-1.39	9.31	1.96	4.00
137	-1.39	9.27	1.95	2.00
138	-1.39	9.21	1.95	2.00
139	-1.38	9.16	1.95	4.00
140	-1.38	9.12	1.94	4.00
141	-1.38	9.07	1.94	4.00
142	-1.38	9.01	1.94	4.00
143	-1.39	8.95	1.94	4.00
144	-1.39	8.91	1.95	4.00
145	-1.40	8.88	1.95	2.00
146	-1.40	8.84	1.95	2.00
147	-1.40	8.79	1.94	2.00
148	-1.40	8.75	1.93	2.00
149	-1.39	8.71	1.92	2.00
150	-1.39	8.68	1.92	2.00
151	-1.39	8.66	1.92	2.00
152	-1.38	8.61	1.92	2.00
153	-1.38	8.57	1.92	2.00
154	-1.37	8.55	1.91	2.00
155	-1.37	8.52	1.90	2.00
156	-1.36	8.49	1.90	2.00
157	-1.35	8.46	1.90	4.00
158	-1.35	8.43	1.90	4.00
159	-1.34	8.40	1.90	4.00
160	-1.34	8.36	1.90	4.00
161	-1.33	8.32	1.90	4.00
162	-1.33	8.27	1.89	4.00
163	-1.33	8.21	1.88	4.00
164	-1.33	8.16	1.87	4.00
165	-1.34	8.11	1.85	4.00
166	-1.35	8.09	1.87	4.00
167	-1.36	8.06	1.88	4.00
168	-1.37	8.03	1.87	4.00
169	-1.39	7.99	1.87	2.00
170	-1.40	7.95	1.86	2.00
171	-1.41	7.91	1.85	2.00
172	-1.42	7.87	1.83	2.00
173	-1.44	7.83	1.82	2.00
174	-1.44	7.77	1.83	2.00
175	-1.44	7.72	1.83	2.00
176	-1.45	7.68	1.82	2.00
177	-1.46	7.65	1.82	2.00
178	-1.46	7.60	1.82	2.00
179	-1.47	7.55	1.82	2.00
180	-1.47	7.53	1.81	2.00
181	-1.47	7.50	1.80	2.00
182	-1.47	7.48	1.79	2.00
183	-1.48	7.45	1.78	2.00
184	-1.47	7.43	1.77	2.00
185	-1.47	7.40	1.77	2.00
186	-1.47	7.38	1.77	2.00
187	-1.47	7.36	1.76	2.00
188	-1.47	7.33	1.76	2.00
189	-1.46	7.31	1.76	2.00
190	-1.45	7.28	1.75	2.00
191	-1.44	7.26	1.75	2.00
192	-1.43	7.24	1.74	2.00
193	-1.42	7.21	1.74	2.00
194	-1.42	7.18	1.73	2.00
195	-1.42	7.16	1.72	2.00
196	-1.43	7.13	1.71	2.00
197	-1.44	7.11	1.71	2.00
198	-1.44	7.09	1.71	2.00
199	-1.44	7.07	1.71	2.00
200	-1.44	7.04	1.71	2.00
201	-1.44	7.01	1.72	2.00
202	-1.44	6.97	1.72	2.00
203	-1.44	6.94	1.73	2.00
204	-1.44	6.91	1.73	2.00
205	-1.44	6.89	1.73	2.00
206	-1.45	6.87	1.73	2.00
207	-1.46	6.85	1.73	2.00
208	-1.46	6.84	1.74	2.00
209	-1.47	6.82	1.74	2.00
210	-1.47	6.81	1.74	2.00
211	-1.47	6.80	1.74	2.00
212	-1.47	6.78	1.74	2.00
213	-1.47	6.77	1.73	2.00
214	-1.47	6.76	1.73	2.00
215	-1.46	6.74	1.73	2.00
216	-1.46	6.72	1.74	2.00
217	-1.46	6.71	1.75	2.00
218	-1.45	6.70	1.74	2.00
219	-1.45	6.70	1.74	2.00
220	-1.45	6.68	1.73	2.00
221	-1.45	6.65	1.73	2.00
222	-1.45	6.63	1.73	2.00
223	-1.45	6.61	1.73	2.00
224	-1.45	6.60	1.73	2.00
225	-1.45	6.59	1.74	2.00
226	-1.45	6.57	1.76	2.00
227	-1.44	6.55	1.77	2.00
228	-1.44	6.54	1.78	2.00
229	-1.44	6.52	1.78	2.00
230	-1.44	6.50	1.78	2.00
231	-1.44	6.49	1.78	2.00
232	-1.44	6.46	1.79	2.00
233	-1.45	6.43	1.80	2.00
234	-1.46	6.40	1.80	2.00
235	-1.46	6.37	1.80	2.00
236	-1.47	6.35	1.80	2.00
237	-1.47	6.34	1.80	2.00
238	-1.48	6.32	1.80	2.00
239	-1.49	6.30	1.80	2.00
240	-1.50	6.28	1.80	2.00
241	-1.51	6.26	1.81	2.00
242	-1.50	6.23	1.81	2.00
243	-1.50	6.20	1.82	2.00
244	-1.51	6.19	1.82	2.00
245	-1.51	6.19	1.82	2.00
246	-1.52	6.17	1.82	2.00
247	-1.52	6.16	1.81	2.00
248	-1.53	6.15	1.81	2.00
249	-1.53	6.15	1.80	2.00
250	-1.53	6.13	1.80	2.00
251	-1.53	6.12	1.79	2.00
252	-1.53	6.11	1.79	2.00
253	-1.52	6.11	1.79	4.00
254	-1.52	6.11	1.78	4.00
255	-1.51	6.12	1.77	4.00
256	-1.50	6.10	1.77	4.00
257	-1.50	6.09	1.78	4.00
258	-1.50	6.05	1.78	4.00
259	-1.49	6.02	1.79	2.00
260	-1.49	6.00	1.79	2.00
261	-1.49	5.98	1.80	4.00
262	-1.48	5.96	1.80	4.00
263	-1.48	5.94	1.80	4.00
264	-1.48	5.92	1.81	4.00
265	-1.48	5.89	1.82	4.00
266	-1.49	5.86	1.83	4.00
267	-1.50	5.83	1.83	4.00
268	-1.51	5.80	1.83	4.00
269	-1.51	5.78	1.83	4.00
270	-1.52	5.74	1.84	4.00
271	-1.53	5.71	1.85	3.00
272	-1.53	5.68	1.85	3.00
273	-1.54	5.65	1.85	3.00
274	-1.54	5.62	1.85	3.00
275	-1.54	5.59	1.86	3.00
276	-1.55	5.56	1.86	3.00
277	-1.55	5.54	1.87	3.00
278	-1.55	5.54	1.86	3.00
279	-1.55	5.54	1.85	3.00
280	-1.55	5.51	1.85	3.00
281	-1.55	5.49	1.85	4.00
282	-1.57	5.46	1.85	4.00
283	-1.58	5.44	1.85	4.00
284	-1.59	5.41	1.86	4.00
285	-1.59	5.39	1.86	4.00
286	-1.60	5.36	1.86	4.00
287	-1.60	5.33	1.86	4.00
288	-1.60	5.32	1.85	4.00
289	-1.60	5.31	1.83	4.00
290	-1.61	5.29	1.83	4.00
291	-1.61	5.27	1.83	4.00
292	-1.62	5.24	1.83	4.00
293	-1.63	5.22	1.83	4.00
294	-1.64	5.19	1.83	4.00
295	-1.65	5.16	1.84	4.00
296	-1.66	5.13	1.83	4.00
297	-1.67	5.11	1.83	4.00
298	-1.68	5.08	1.83	4.00
299	-1.68	5.05	1.84	2.00
300	-1.69	5.03	1.84	2.00
301	-1.70	5.01	1.84	2.00
302	-1.70	4.98	1.83	2.00
303	-1.71	4.95	1.83	3.00
304	-1.73	4.93	1.84	3.00
305	-1.74	4.91	1.84	3.00
306	-1.75	4.89	1.85	3.00
307	-1.76	4.87	1.86	3.00
308	-1.77	4.84	1.86	3.00
309	-1.77	4.82	1.86	3.00
310	-1.78	4.80	1.86	3.00
311	-1.78	4.78	1.85	3.00
312	-1.79	4.76	1.85	3.00
313	-1.79	4.74	1.85	4.00
314	-1.80	4.73	1.85	4.00
315	-1.80	4.71	1.85	4.00
316	-1.81	4.70	1.84	4.00
317	-1.81	4.68	1.84	4.00
318	-1.82	4.67	1.84	4.00
319	-1.83	4.66	1.83	4.00
320	-1.85	4.66	1.83	4.00
321	-1.86	4.66	1.83	4.00
322	-1.88	4.65	1.83	4.00
323	-1.89	4.63	1.83	4.00
324	-1.90	4.61	1.82	4.00
325	-1.91	4.59	1.81	2.00
326	-1.93	4.59	1.81	2.00
327	-1.95	4.59	1.80	2.00
328	-1.96	4.60	1.78	2.00
329	-1.97	4.60	1.77	2.00
330	-1.98	4.60	1.76	2.00
331	-2.00	4.60	1.75	2.00
332	-2.01	4.58	1.76	2.00
333	-2.01	4.57	1.76	2.00
334	-2.02	4.56	1.76	2.00
335	-2.02	4.55	1.76	2.00
336	-2.03	4.52	1.76	2.00
337	-2.04	4.50	1.77	2.00
338	-2.04	4.47	1.78	2.00
339	-2.05	4.45	1.79	2.00
340	-2.05	4.43	1.80	2.00
341	-2.05	4.40	1.81	2.00
342	-2.06	4.40	1.80	2.00
343	-2.06	4.39	1.80	2.00
344	-2.06	4.37	1.81	2.00
345	-2.05	4.34	1.82	4.00
346	-2.03	4.30	1.84	4.00
347	-2.01	4.26	1.86	4.00
348	-2.00	4.20	1.87	4.00
349	-1.98	4.15	1.89	1.00
350	-1.98	4.10	1.91	1.00
351	-1.97	4.05	1.92	1.00
352	-1.96	4.02	1.92	1.00
353	-1.96	3.99	1.93	1.00
354	-1.95	3.94	1.92	1.00
355	-1.94	3.90	1.91	1.00
356	-1.94	3.85	1.91	1.00
357	-1.94	3.81	1.90	2.00
358	-1.94	3.78	1.89	2.00
359	-1.94	3.75	1.88	2.00
360	-1.94	3.71	1.88	2.00
361	-1.94	3.68	1.87	2.00
362	-1.93	3.66	1.86	2.00
363	-1.93	3.63	1.86	2.00
364	-1.93	3.62	1.85	2.00
365	-1.94	3.62	1.84	1.00
366	-1.94	3.60	1.82	1.00
367	-1.94	3.58	1.81	1.00
368	-1.94	3.58	1.79	1.00
369	-1.95	3.57	1.77	1.00
370	-1.95	3.57	1.74	1.00
371	-1.96	3.57	1.71	1.00
372	-1.96	3.57	1.72	1.00
373	-1.96	3.57	1.72	1.00
374	-1.95	3.58	1.73	1.00
375	-1.94	3.59	1.74	2.00
376	-1.92	3.58	1.74	2.00
377	-1.90	3.58	1.75	2.00
378	-1.88	3.56	1.75	2.00
379	-1.86	3.54	1.76	1.00
380	-1.86	3.52	1.76	1.00
381	-1.85	3.51	1.77	1.00
382	-1.84	3.49	1.78	1.00
383	-1.82	3.48	1.80	1.00
384	-1.81	3.46	1.80	1.00
385	-1.80	3.45	1.81	2.00
386	-1.79	3.43	1.81	2.00
387	-1.78	3.42	1.82	2.00
Target 4 (frames from 153 to 407)
Bounding Boxes (frame, x, y, width, height)
153	288	170	49	98
154	289	170	49	98
155	289	170	49	98
156	290	170	48	97
157	290	170	48	97
158	290	170	49	98
159	290	169	49	98
160	289	169	49	98
161	289	169	49	98
162	288	169	49	99
163	287	169	49	99
164	286	170	49	99
165	285	169	50	100
166	284	169	50	101
167	282	169	51	102
168	280	168	51	103
169	279	167	52	104
170	277	166	52	105
171	275	166	53	106
172	273	165	53	106
173	272	164	53	107
174	270	164	53	107
175	269	164	54	108
176	269	164	54	108
177	268	164	54	109
178	267	165	54	109
179	267	165	54	109
180	266	166	54	109
181	266	167	54	109
182	266	168	54	108
183	265	168	54	108
184	265	169	54	108
185	265	169	54	108
186	264	170	54	108
187	264	170	54	108
188	263	170	54	109
189	263	170	55	110
190	262	170	55	110
191	262	170	55	111
192	261	170	56	112
193	260	169	57	114
194	259	169	57	115
195	259	168	58	116
196	258	167	58	117
197	258	166	59	118
198	258	166	59	119
199	258	165	60	120
200	258	165	60	120
201	258	165	60	121
202	258	165	60	121
203	257	165	61	122
204	257	165	61	122
205	258	165	61	123
206	258	165	62	124
207	258	166	62	124
208	258	166	62	125
209	258	166	62	125
210	258	166	63	126
211	258	166	63	126
212	258	166	63	127
213	258	166	63	127
214	259	166	63	127
215	259	166	63	127
216	259	166	63	127
217	258	166	63	127
218	258	167	63	127
219	257	167	63	127
220	257	168	63	127
221	256	169	63	127
222	255	169	63	127
223	255	170	63	127
224	255	171	63	127
225	255	171	63	127
226	254	172	63	127
227	254	172	64	128
228	254	173	64	128
229	254	173	64	129
230	254	173	64	129
231	254	173	64	129
232	254	173	65	130
233	254	173	65	130
234	254	173	65	131
235	254	174	65	131
236	254	174	66	132
237	254	175	66	132
238	255	175	66	132
239	255	176	66	132
240	255	177	66	132
241	255	177	66	132
242	256	178	66	133
243	256	178	66	133
244	256	178	66	133
245	256	178	66	133
246	256	178	67	134
247	256	177	67	134
248	256	177	67	135
249	255	176	68	136
250	255	175	68	137
251	255	174	69	139
252	254	173	70	141
253	254	172	71	142
254	253	172	72	144
255	253	171	72	145
256	252	171	73	146
257	252	171	73	147
258	252	171	74	148
259	252	171	74	149
260	252	171	74	149
261	252	171	75	150
262	252	172	75	150
263	252	172	75	151
264	252	173	76	152
265	252	174	76	153
266	252	175	76	153
267	252	176	77	154
268	252	177	77	155
269	252	178	77	155
270	252	179	78	156
271	251	180	78	156
272	251	180	78	156
273	250	180	78	157
274	249	179	78	157
275	248	179	78	157
276	247	178	79	158
277	246	177	79	158
278	245	176	79	159
279	244	175	80	160
280	242	174	80	161
281	241	173	81	162
282	240	172	81	163
283	239	171	82	165
284	237	170	83	166
285	236	169	83	167
286	235	168	84	168
287	234	167	84	169
288	233	166	85	171
289	232	165	86	172
290	231	165	86	173
291	230	165	87	174
292	229	165	87	175
293	228	165	88	177
294	228	165	89	178
295	227	165	89	179
296	226	166	90	180
297	226	166	90	181
298	225	167	91	182
299	225	167	91	183
300	224	168	92	184
301	224	169	92	185
302	223	170	93	186
303	222	170	93	186
304	221	171	93	186
305	220	172	93	186
306	219	173	93	186
307	218	173	93	186
308	217	174	93	186
309	215	174	93	186
310	213	174	93	186
311	211	173	93	187
312	209	172	93	187
313	206	172	94	188
314	204	171	94	189
315	201	170	95	190
316	199	169	96	192
317	196	169	96	193
318	194	168	97	194
319	192	167	97	195
320	190	167	98	196
321	188	167	98	197
322	186	167	99	198
323	185	167	99	199
324	183	168	100	200
325	182	168	100	200
326	180	169	100	201
327	179	170	100	201
328	177	171	101	202
329	176	172	101	202
330	174	174	101	203
331	172	175	101	203
332	171	177	101	203
333	170	178	101	203
334	168	179	101	203
335	167	180	101	203
336	166	181	101	203
337	166	182	101	203
338	165	182	102	204
339	164	182	102	204
340	163	181	102	204
341	161	181	102	205
342	160	180	103	207
343	158	179	104	208
344	156	179	105	210
345	153	178	106	213
346	151	176	107	215
347	148	175	109	218
348	146	174	110	221
349	143	173	112	224
350	141	173	113	227
351	138	172	115	230
352	136	172	116	233
353	134	171	118	236
354	132	171	119	238
355	130	171	120	240
356	128	170	121	242
357	126	170	121	243
358	125	170	122	245
359	123	170	123	247
360	121	171	124	249
361	119	171	125	250
362	118	172	126	252
363	116	173	127	254
364	114	174	128	256
365	112	176	129	258
366	111	177	130	260
367	109	179	131	262
368	108	180	132	264
369	106	181	133	266
370	104	181	134	269
371	102	181	135	271
372	100	181	136	273
373	97	181	137	275
374	95	180	138	277
375	93	178	139	279
376	90	177	140	281
377	88	176	141	282
378	85	175	142	284
379	83	174	142	285
380	81	173	143	287
381	79	172	144	288
382	78	172	144	289
383	76	172	145	290
384	75	172	146	292
385	73	172	146	293
386	72	173	147	295
387	70	173	148	296
388	67	174	149	298
389	65	175	149	299
390	64	176	150	300
391	62	177	150	301
392	59	178	151	302
393	57	179	151	303
394	55	180	151	303
395	52	182	151	303
396	50	185	151	302
397	48	187	150	301
398	46	190	150	300
399	43	192	149	299
400	40	194	148	297
401	38	196	148	296
402	35	198	147	294
403	32	200	146	292
404	29	202	145	290
405	25	204	143	287
406	22	207	142	285
407	19	209	141	282
3D Trajetory (frame, x, z, height, pose)
153	-0.74	8.83	1.72	2.00
154	-0.72	8.88	1.75	2.00
155	-0.70	8.93	1.77	2.00
156	-0.72	8.98	1.77	2.00
157	-0.73	9.03	1.76	2.00
158	-0.74	9.05	1.77	2.00
159	-0.74	9.08	1.78	4.00
160	-0.74	9.10	1.78	4.00
161	-0.74	9.12	1.78	4.00
162	-0.74	9.08	1.79	4.00
163	-0.73	9.04	1.80	4.00
164	-0.73	9.03	1.81	4.00
165	-0.74	9.01	1.82	4.00
166	-0.75	9.00	1.83	4.00
167	-0.76	8.98	1.84	4.00
168	-0.76	8.96	1.84	4.00
169	-0.76	8.94	1.84	2.00
170	-0.77	8.90	1.85	2.00
171	-0.78	8.87	1.86	2.00
172	-0.79	8.82	1.88	2.00
173	-0.81	8.77	1.89	4.00
174	-0.82	8.74	1.90	4.00
175	-0.84	8.72	1.90	4.00
176	-0.85	8.70	1.89	4.00
177	-0.85	8.68	1.89	4.00
178	-0.85	8.66	1.88	4.00
179	-0.85	8.65	1.87	4.00
180	-0.85	8.63	1.86	4.00
181	-0.85	8.61	1.86	4.00
182	-0.85	8.59	1.86	4.00
183	-0.85	8.56	1.87	4.00
184	-0.86	8.55	1.86	4.00
185	-0.86	8.53	1.85	4.00
186	-0.87	8.51	1.83	4.00
187	-0.89	8.48	1.82	2.00
188	-0.89	8.45	1.82	2.00
189	-0.89	8.42	1.82	2.00
190	-0.89	8.40	1.83	2.00
191	-0.90	8.38	1.84	2.00
192	-0.89	8.35	1.88	2.00
193	-0.88	8.31	1.91	4.00
194	-0.88	8.28	1.92	4.00
195	-0.88	8.25	1.93	4.00
196	-0.89	8.23	1.93	4.00
197	-0.90	8.20	1.93	4.00
198	-0.90	8.17	1.94	4.00
199	-0.89	8.14	1.94	2.00
200	-0.89	8.11	1.94	2.00
201	-0.88	8.07	1.94	4.00
202	-0.88	8.04	1.94	4.00
203	-0.87	8.01	1.95	4.00
204	-0.87	7.99	1.95	4.00
205	-0.87	7.96	1.95	4.00
206	-0.87	7.92	1.96	4.00
207	-0.87	7.89	1.97	4.00
208	-0.86	7.85	1.96	4.00
209	-0.84	7.82	1.95	4.00
210	-0.84	7.78	1.95	4.00
211	-0.83	7.74	1.95	4.00
212	-0.83	7.71	1.95	4.00
213	-0.83	7.68	1.95	4.00
214	-0.82	7.65	1.94	4.00
215	-0.82	7.62	1.94	4.00
216	-0.82	7.59	1.93	4.00
217	-0.82	7.56	1.92	4.00
218	-0.83	7.55	1.92	4.00
219	-0.84	7.53	1.91	4.00
220	-0.85	7.51	1.89	4.00
221	-0.86	7.48	1.88	2.00
222	-0.87	7.45	1.88	2.00
223	-0.87	7.42	1.87	2.00
224	-0.86	7.40	1.87	2.00
225	-0.85	7.38	1.87	2.00
226	-0.85	7.35	1.87	2.00
227	-0.85	7.33	1.86	2.00
228	-0.85	7.29	1.87	2.00
229	-0.84	7.26	1.87	2.00
230	-0.83	7.23	1.87	2.00
231	-0.81	7.21	1.87	2.00
232	-0.81	7.18	1.86	2.00
233	-0.82	7.16	1.86	2.00
234	-0.82	7.14	1.86	2.00
235	-0.82	7.12	1.86	2.00
236	-0.82	7.10	1.86	2.00
237	-0.82	7.07	1.86	2.00
238	-0.81	7.05	1.86	2.00
239	-0.81	7.02	1.85	2.00
240	-0.80	6.99	1.85	2.00
241	-0.80	6.96	1.85	2.00
242	-0.79	6.93	1.84	2.00
243	-0.78	6.91	1.83	2.00
244	-0.78	6.89	1.83	2.00
245	-0.78	6.87	1.82	2.00
246	-0.78	6.84	1.82	2.00
247	-0.78	6.82	1.82	2.00
248	-0.77	6.80	1.83	2.00
249	-0.77	6.77	1.83	2.00
250	-0.77	6.73	1.84	2.00
251	-0.77	6.70	1.85	2.00
252	-0.77	6.66	1.87	2.00
253	-0.76	6.63	1.89	2.00
254	-0.76	6.59	1.90	2.00
255	-0.75	6.55	1.91	2.00
256	-0.75	6.52	1.92	2.00
257	-0.75	6.49	1.93	2.00
258	-0.75	6.47	1.92	2.00
259	-0.75	6.46	1.92	2.00
260	-0.74	6.44	1.92	2.00
261	-0.74	6.42	1.91	2.00
262	-0.74	6.39	1.91	2.00
263	-0.73	6.36	1.90	2.00
264	-0.72	6.30	1.90	2.00
265	-0.70	6.23	1.90	2.00
266	-0.69	6.20	1.90	2.00
267	-0.68	6.17	1.90	2.00
268	-0.68	6.15	1.90	2.00
269	-0.68	6.12	1.91	2.00
270	-0.68	6.10	1.91	2.00
271	-0.68	6.07	1.91	2.00
272	-0.68	6.07	1.90	2.00
273	-0.68	6.06	1.88	4.00
274	-0.68	6.03	1.88	4.00
275	-0.69	6.00	1.87	4.00
276	-0.71	5.95	1.87	4.00
277	-0.72	5.89	1.87	2.00
278	-0.73	5.86	1.87	2.00
279	-0.73	5.83	1.87	2.00
280	-0.73	5.80	1.87	2.00
281	-0.73	5.77	1.87	2.00
282	-0.74	5.75	1.87	2.00
283	-0.74	5.72	1.87	2.00
284	-0.75	5.69	1.87	2.00
285	-0.75	5.66	1.88	2.00
286	-0.76	5.63	1.89	2.00
287	-0.76	5.59	1.90	2.00
288	-0.76	5.56	1.90	2.00
289	-0.76	5.53	1.91	4.00
290	-0.76	5.51	1.90	4.00
291	-0.77	5.49	1.90	4.00
292	-0.77	5.47	1.91	4.00
293	-0.77	5.44	1.91	4.00
294	-0.76	5.42	1.91	4.00
295	-0.76	5.39	1.92	4.00
296	-0.76	5.36	1.92	4.00
297	-0.76	5.34	1.93	4.00
298	-0.77	5.31	1.93	4.00
299	-0.78	5.28	1.94	4.00
300	-0.77	5.26	1.94	4.00
301	-0.77	5.23	1.93	2.00
302	-0.77	5.22	1.93	2.00
303	-0.77	5.20	1.92	4.00
304	-0.77	5.18	1.92	4.00
305	-0.77	5.16	1.91	4.00
306	-0.79	5.14	1.90	4.00
307	-0.82	5.12	1.89	3.00
308	-0.83	5.10	1.88	3.00
309	-0.85	5.08	1.88	3.00
310	-0.85	5.05	1.87	3.00
311	-0.86	5.03	1.86	2.00
312	-0.87	5.01	1.86	2.00
313	-0.88	4.98	1.86	2.00
314	-0.90	4.96	1.86	2.00
315	-0.92	4.94	1.86	2.00
316	-0.95	4.91	1.87	2.00
317	-0.97	4.88	1.88	2.00
318	-0.98	4.86	1.88	2.00
319	-1.00	4.83	1.88	2.00
320	-1.00	4.81	1.88	2.00
321	-1.01	4.79	1.88	2.00
322	-1.02	4.77	1.87	2.00
323	-1.02	4.74	1.87	2.00
324	-1.02	4.72	1.87	2.00
325	-1.02	4.70	1.86	2.00
326	-1.02	4.67	1.86	2.00
327	-1.02	4.64	1.86	2.00
328	-1.03	4.63	1.85	2.00
329	-1.05	4.62	1.85	2.00
330	-1.06	4.60	1.85	2.00
331	-1.07	4.58	1.84	2.00
332	-1.07	4.57	1.85	2.00
333	-1.08	4.55	1.85	2.00
334	-1.09	4.55	1.84	2.00
335	-1.10	4.54	1.83	2.00
336	-1.10	4.53	1.82	2.00
337	-1.11	4.52	1.81	2.00
338	-1.12	4.51	1.81	2.00
339	-1.13	4.49	1.81	3.00
340	-1.13	4.47	1.82	3.00
341	-1.13	4.45	1.82	3.00
342	-1.15	4.44	1.82	3.00
343	-1.16	4.43	1.82	4.00
344	-1.17	4.40	1.83	4.00
345	-1.18	4.37	1.83	2.00
346	-1.19	4.33	1.84	2.00
347	-1.20	4.28	1.84	2.00
348	-1.20	4.23	1.85	2.00
349	-1.19	4.18	1.87	4.00
350	-1.20	4.14	1.87	4.00
351	-1.20	4.10	1.87	4.00
352	-1.20	4.05	1.88	4.00
353	-1.20	4.01	1.89	4.00
354	-1.20	3.98	1.88	4.00
355	-1.20	3.95	1.88	2.00
356	-1.19	3.92	1.87	2.00
357	-1.18	3.90	1.87	2.00
358	-1.19	3.87	1.87	2.00
359	-1.20	3.84	1.86	2.00
360	-1.20	3.80	1.86	2.00
361	-1.20	3.77	1.86	2.00
362	-1.19	3.74	1.86	2.00
363	-1.19	3.70	1.86	2.00
364	-1.18	3.66	1.86	2.00
365	-1.18	3.63	1.86	2.00
366	-1.18	3.61	1.86	2.00
367	-1.18	3.59	1.85	2.00
368	-1.18	3.56	1.85	2.00
369	-1.17	3.53	1.86	2.00
370	-1.18	3.51	1.85	2.00
371	-1.18	3.48	1.85	2.00
372	-1.18	3.45	1.85	2.00
373	-1.18	3.43	1.86	2.00
374	-1.19	3.40	1.86	2.00
375	-1.20	3.37	1.86	2.00
376	-1.21	3.35	1.86	2.00
377	-1.21	3.32	1.86	2.00
378	-1.21	3.31	1.85	2.00
379	-1.22	3.30	1.85	2.00
380	-1.22	3.27	1.85	2.00
381	-1.22	3.25	1.85	2.00
382	-1.22	3.22	1.84	2.00
383	-1.23	3.19	1.83	2.00
384	-1.23	3.17	1.82	2.00
385	-1.23	3.16	1.81	2.00
386	-1.22	3.13	1.82	2.00
387	-1.22	3.11	1.82	2.00
388	-1.22	3.09	1.82	2.00
389	-1.22	3.07	1.81	2.00
390	-1.22	3.05	1.81	2.00
391	-1.23	3.03	1.80	2.00
392	-1.23	3.00	1.79	2.00
393	-1.23	2.98	1.79	3.00
394	-1.23	2.97	1.77	3.00
395	-1.23	2.95	1.76	3.00
396	-1.24	2.95	1.75	3.00
397	-1.24	2.94	1.74	3.00
398	-1.26	2.93	1.73	3.00
399	-1.27	2.92	1.72	3.00
400	-1.28	2.92	1.70	3.00
401	-1.30	2.91	1.69	3.00
402	-1.31	2.91	1.67	3.00
403	-1.32	2.91	1.66	4.00
404	-1.35	2.92	1.65	4.00
405	-1.39	2.93	1.64	1.00
406	-1.42	2.94	1.64	1.00
407	-1.45	2.94	1.64	2.00
Target 5 (frames from 295 to 345)
Bounding Boxes (frame, x, y, width, height)
295	186	164	77	154
296	186	166	75	151
297	186	168	74	148
298	186	170	72	145
299	186	172	71	142
300	185	173	70	140
301	185	175	69	138
302	184	176	68	136
303	184	177	67	134
304	183	178	66	132
305	182	178	65	131
306	181	179	65	130
307	179	179	64	129
308	178	179	64	128
309	177	178	63	127
310	176	178	63	127
311	175	177	63	126
312	174	176	62	125
313	173	176	62	124
314	172	175	62	124
315	171	175	61	123
316	171	174	61	122
317	170	174	61	122
318	169	174	60	121
319	168	173	60	121
320	166	173	60	121
321	165	173	60	121
322	163	172	61	122
323	161	172	61	122
324	159	172	61	122
325	157	171	61	123
326	155	171	62	124
327	153	171	62	125
328	151	171	62	125
329	149	171	63	126
330	146	171	63	127
331	144	171	63	127
332	142	171	64	128
333	140	170	64	129
334	138	170	65	131
335	136	169	66	132
336	134	169	66	133
337	132	168	67	134
338	130	167	68	136
339	128	165	68	137
340	126	164	69	139
341	124	163	70	140
342	122	161	71	142
343	120	159	71	143
344	118	157	72	145
345	116	155	73	147
3D Trajetory (frame, x, z, height, pose)
295	-1.46	6.19	1.92	4.00
296	-1.53	6.46	1.94	4.00
297	-1.61	6.72	1.97	2.00
298	-1.63	6.77	1.94	2.00
299	-1.65	6.82	1.91	2.00
300	-1.67	6.87	1.90	2.00
301	-1.69	6.92	1.89	2.00
302	-1.72	6.96	1.88	2.00
303	-1.74	6.99	1.88	2.00
304	-1.77	7.04	1.85	2.00
305	-1.81	7.09	1.82	2.00
306	-1.85	7.12	1.81	2.00
307	-1.89	7.15	1.80	2.00
308	-1.91	7.17	1.82	2.00
309	-1.93	7.19	1.83	2.00
310	-1.94	7.22	1.83	2.00
311	-1.96	7.25	1.83	2.00
312	-2.00	7.31	1.82	2.00
313	-2.05	7.38	1.81	2.00
314	-2.05	7.38	1.82	2.00
315	-2.06	7.39	1.82	2.00
316	-2.09	7.43	1.81	2.00
317	-2.12	7.46	1.80	2.00
318	-2.15	7.50	1.79	2.00
319	-2.18	7.53	1.78	3.00
320	-2.19	7.52	1.79	3.00
321	-2.20	7.50	1.80	3.00
322	-2.21	7.51	1.81	3.00
323	-2.23	7.51	1.82	3.00
324	-2.26	7.51	1.83	3.00
325	-2.30	7.52	1.84	3.00
326	-2.32	7.52	1.85	3.00
327	-2.34	7.53	1.85	3.00
328	-2.36	7.53	1.86	3.00
329	-2.38	7.53	1.87	3.00
330	-2.41	7.54	1.89	3.00
331	-2.43	7.55	1.90	3.00
332	-2.46	7.55	1.91	3.00
333	-2.49	7.55	1.93	3.00
334	-2.52	7.55	1.94	3.00
335	-2.56	7.56	1.96	3.00
336	-2.57	7.55	1.98	3.00
337	-2.59	7.54	2.01	3.00
338	-2.61	7.53	2.02	3.00
339	-2.64	7.51	2.04	4.00
340	-2.66	7.50	2.05	4.00
341	-2.69	7.48	2.07	4.00
342	-2.70	7.44	2.08	4.00
343	-2.72	7.40	2.09	4.00
344	-2.72	7.34	2.10	4.00
345	-2.73	7.28	2.11	4.00
Target 6 (frames from 357 to 389)
Bounding Boxes (frame, x, y, width, height)
357	92	161	71	143
358	89	162	73	147
359	87	163	75	150
360	85	163	76	153
361	83	164	78	156
362	80	165	79	158
363	78	165	80	161
364	76	166	81	163
365	73	166	82	165
366	71	167	83	167
367	68	168	84	169
368	65	169	85	170
369	62	169	85	171
370	60	170	86	173
371	57	170	87	174
372	55	170	87	175
373	52	169	88	176
374	50	168	88	177
375	48	168	88	177
376	46	166	89	178
377	44	165	89	178
378	42	164	89	178
379	41	163	89	178
380	39	162	89	179
381	37	162	89	179
382	35	161	90	180
383	33	161	90	181
384	31	161	91	182
385	28	161	91	182
386	26	161	91	183
387	24	161	92	184
388	22	161	93	186
389	19	162	93	187
3D Trajetory (frame, x, z, height, pose)
357	-3.01	7.09	1.99	4.00
358	-2.94	6.90	1.97	4.00
359	-2.87	6.70	1.96	4.00
360	-2.79	6.50	1.96	4.00
361	-2.72	6.29	1.97	4.00
362	-2.71	6.25	1.97	4.00
363	-2.71	6.20	1.98	4.00
364	-2.70	6.16	1.98	4.00
365	-2.70	6.11	1.97	3.00
366	-2.70	6.05	1.97	3.00
367	-2.70	5.99	1.97	3.00
368	-2.72	5.93	1.97	3.00
369	-2.73	5.88	1.97	2.00
370	-2.74	5.81	1.98	2.00
371	-2.75	5.75	1.98	2.00
372	-2.75	5.72	1.98	2.00
373	-2.75	5.69	1.98	2.00
374	-2.77	5.69	1.98	2.00
375	-2.78	5.69	1.97	2.00
376	-2.79	5.67	1.97	2.00
377	-2.80	5.66	1.97	3.00
378	-2.81	5.63	1.97	3.00
379	-2.82	5.61	1.96	3.00
380	-2.83	5.58	1.96	3.00
381	-2.84	5.56	1.96	3.00
382	-2.85	5.53	1.95	3.00
383	-2.86	5.49	1.95	3.00
384	-2.86	5.46	1.95	3.00
385	-2.86	5.42	1.94	3.00
386	-2.87	5.39	1.94	3.00
387	-2.87	5.36	1.94	3.00
388	-2.86	5.31	1.94	3.00
389	-2.86	5.26	1.94	3.00
