Total frames 325
Number of Targets 6
Target 1 (frames from 1 to 239)
Bounding Boxes (frame, x, y, width, height)
1	734	369	46	92
2	733	368	46	93
3	732	367	46	93
4	731	367	46	93
5	731	366	47	94
6	731	365	47	95
7	731	364	48	96
8	732	362	48	97
9	733	361	49	98
10	735	360	49	99
11	737	359	50	101
12	739	358	51	102
13	742	356	52	104
14	745	355	53	106
15	749	353	54	108
16	751	351	55	111
17	754	349	56	113
18	756	348	58	116
19	758	347	59	118
20	759	346	60	121
21	760	345	61	123
22	761	345	62	125
23	761	345	63	127
24	761	345	64	129
25	761	346	65	130
26	760	346	66	132
27	759	347	66	133
28	758	347	67	135
29	756	347	68	136
30	754	346	68	137
31	752	345	69	138
32	750	344	69	139
33	747	343	70	140
34	745	341	70	141
35	743	340	71	142
36	742	338	71	142
37	741	337	71	143
38	740	336	72	144
39	740	335	72	144
40	740	334	72	145
41	741	333	73	146
42	742	332	73	146
43	743	331	73	147
44	743	330	74	148
45	744	330	74	149
46	744	330	75	150
47	744	329	75	151
48	743	329	76	152
49	743	329	77	154
50	741	328	77	155
51	740	328	78	157
52	738	327	79	159
53	736	326	81	162
54	734	325	82	165
55	732	324	84	168
56	730	322	85	170
57	728	320	86	173
58	726	318	88	176
59	725	317	89	179
60	723	315	91	182
61	721	313	92	185
62	719	312	93	187
63	717	310	94	189
64	715	309	96	192
65	713	308	97	194
66	712	306	98	196
67	710	305	99	199
68	709	304	101	202
69	708	303	102	204
70	708	302	103	207
71	707	300	105	210
72	708	299	106	212
73	708	298	106	213
74	709	296	107	214
75	710	294	107	214
76	711	292	107	215
77	712	290	107	215
78	713	288	108	216
79	714	286	108	216
80	715	284	108	217
81	716	282	109	219
82	716	280	110	221
83	717	278	111	223
84	716	277	113	226
85	716	276	114	229
86	715	275	117	234
87	713	274	119	238
88	711	274	121	243
89	708	273	124	248
90	705	271	126	253
91	703	269	129	258
92	700	267	131	263
93	697	264	134	268
94	695	262	136	272
95	693	258	138	276
96	691	254	140	280
97	689	251	142	284
98	687	249	143	286
99	686	247	144	288
100	685	246	145	290
101	684	245	145	291
102	683	245	146	292
103	683	246	147	294
104	682	247	147	295
105	681	248	148	297
106	680	249	150	300
107	678	250	151	303
108	677	250	153	306
109	675	250	155	310
110	673	249	157	314
111	670	249	159	318
112	667	247	161	323
113	663	245	164	328
114	658	244	167	334
115	654	243	169	339
116	649	242	171	343
117	644	241	174	348
118	639	241	176	352
119	635	240	178	356
120	629	239	180	360
121	623	237	183	366
122	616	235	186	372
123	609	232	189	379
124	601	229	192	385
125	592	226	195	390
126	583	223	197	394
127	572	220	198	397
128	561	218	199	399
129	549	215	200	400
130	536	213	200	401
131	522	211	202	404
132	507	208	203	407
133	491	205	206	412
134	474	203	208	417
135	457	200	211	423
136	439	198	215	430
137	421	196	218	437
138	402	194	222	445
139	382	192	227	455
140	362	190	232	465
141	342	188	237	475
142	322	186	242	485
143	303	185	245	491
144	286	184	247	495
145	271	183	248	496
146	257	183	247	494
147	246	184	245	491
148	237	185	243	487
149	228	186	242	485
150	221	185	241	482
151	214	185	239	479
152	207	185	238	476
153	199	186	237	474
154	192	186	236	472
155	184	187	235	471
156	175	188	235	471
157	167	188	235	471
158	159	189	236	472
159	150	188	237	474
160	142	187	238	476
161	136	186	237	475
162	132	186	236	472
163	128	186	234	468
164	125	187	231	462
165	123	188	228	456
166	122	190	224	449
167	122	191	221	442
168	122	193	217	435
169	122	195	214	429
170	122	198	211	422
171	121	200	208	417
172	120	202	206	413
173	118	204	204	409
174	117	205	202	404
175	115	205	199	399
176	114	206	197	395
177	111	205	196	393
178	109	205	195	390
179	108	204	193	386
180	108	204	191	382
181	107	203	189	378
182	106	203	186	373
183	107	204	183	367
184	109	205	181	362
185	112	206	178	356
186	115	208	174	349
187	120	210	171	343
188	124	212	168	336
189	128	213	164	329
190	132	214	161	323
191	136	215	158	317
192	139	216	155	311
193	141	217	153	307
194	142	218	152	304
195	143	219	151	302
196	144	220	150	300
197	145	220	149	298
198	146	220	148	296
199	146	220	147	294
200	147	220	147	294
201	147	219	146	293
202	148	217	146	293
203	149	215	146	292
204	151	214	145	290
205	153	212	144	288
206	155	210	143	286
207	158	208	141	283
208	162	207	140	280
209	166	207	138	277
210	170	207	137	274
211	174	207	135	270
212	178	208	133	267
213	183	210	131	262
214	188	212	129	258
215	193	214	126	253
216	198	217	124	249
217	202	220	123	246
218	207	223	121	242
219	212	226	119	239
220	217	229	117	235
221	222	231	115	231
222	227	234	114	228
223	232	237	112	224
224	238	239	110	221
225	243	242	109	218
226	250	245	107	215
227	256	248	106	213
228	262	250	105	210
229	268	253	103	207
230	274	256	102	204
231	281	258	100	201
232	287	260	98	197
233	293	261	97	194
234	300	263	95	190
235	306	264	93	186
236	313	265	91	182
237	319	265	89	178
238	326	266	87	174
239	332	266	84	169
3D Trajetory (frame, x, z, height, pose)
1	2.00	9.11	1.61	4.00
2	2.03	9.08	1.66	4.00
3	2.06	9.06	1.71	4.00
4	2.02	8.98	1.72	4.00
5	1.99	8.90	1.73	2.00
6	1.97	8.84	1.73	2.00
7	1.94	8.79	1.72	2.00
8	1.94	8.86	1.73	2.00
9	1.93	8.93	1.73	1.00
10	1.95	8.90	1.73	1.00
11	1.96	8.86	1.74	3.00
12	1.96	8.74	1.76	3.00
13	1.97	8.61	1.78	3.00
14	1.97	8.48	1.80	3.00
15	1.97	8.36	1.82	4.00
16	1.96	8.25	1.83	4.00
17	1.95	8.14	1.84	4.00
18	1.91	8.04	1.85	4.00
19	1.88	7.94	1.86	3.00
20	1.84	7.82	1.86	3.00
21	1.80	7.69	1.87	3.00
22	1.74	7.58	1.87	3.00
23	1.69	7.47	1.86	3.00
24	1.64	7.38	1.86	3.00
25	1.59	7.29	1.86	3.00
26	1.55	7.21	1.86	3.00
27	1.51	7.12	1.86	3.00
28	1.47	7.04	1.86	3.00
29	1.42	6.96	1.86	4.00
30	1.38	6.91	1.86	4.00
31	1.33	6.86	1.86	4.00
32	1.28	6.82	1.86	4.00
33	1.24	6.79	1.86	2.00
34	1.20	6.73	1.85	2.00
35	1.15	6.68	1.85	2.00
36	1.12	6.65	1.85	2.00
37	1.08	6.63	1.85	4.00
38	1.06	6.58	1.85	4.00
39	1.03	6.53	1.85	4.00
40	1.01	6.49	1.85	4.00
41	0.98	6.44	1.85	4.00
42	0.96	6.43	1.85	4.00
43	0.94	6.42	1.85	4.00
44	0.91	6.44	1.85	4.00
45	0.88	6.46	1.85	3.00
46	0.83	6.39	1.85	3.00
47	0.78	6.32	1.85	3.00
48	0.73	6.25	1.85	3.00
49	0.68	6.17	1.85	2.00
50	0.64	6.10	1.85	2.00
51	0.60	6.04	1.85	2.00
52	0.54	5.98	1.85	2.00
53	0.49	5.93	1.85	2.00
54	0.46	5.82	1.85	2.00
55	0.43	5.71	1.85	2.00
56	0.38	5.62	1.85	2.00
57	0.32	5.53	1.85	2.00
58	0.28	5.41	1.85	2.00
59	0.23	5.29	1.85	2.00
60	0.19	5.20	1.85	2.00
61	0.15	5.11	1.85	2.00
62	0.11	5.08	1.85	2.00
63	0.07	5.05	1.85	2.00
64	0.04	4.99	1.85	2.00
65	0.02	4.93	1.85	2.00
66	-0.02	4.87	1.85	2.00
67	-0.06	4.80	1.85	2.00
68	-0.10	4.74	1.85	2.00
69	-0.14	4.68	1.85	2.00
70	-0.16	4.61	1.85	2.00
71	-0.18	4.54	1.85	2.00
72	-0.22	4.48	1.85	2.00
73	-0.26	4.41	1.85	2.00
74	-0.28	4.36	1.85	2.00
75	-0.30	4.31	1.85	4.00
76	-0.34	4.37	1.85	4.00
77	-0.37	4.42	1.84	4.00
78	-0.41	4.44	1.84	4.00
79	-0.45	4.45	1.84	4.00
80	-0.48	4.43	1.84	4.00
81	-0.51	4.40	1.84	4.00
82	-0.52	4.33	1.84	4.00
83	-0.54	4.26	1.84	1.00
84	-0.55	4.16	1.84	1.00
85	-0.56	4.06	1.84	1.00
86	-0.59	3.99	1.84	1.00
87	-0.62	3.93	1.84	4.00
88	-0.66	3.87	1.84	4.00
89	-0.70	3.81	1.84	4.00
90	-0.73	3.74	1.84	4.00
91	-0.76	3.67	1.84	4.00
92	-0.79	3.55	1.84	4.00
93	-0.82	3.43	1.84	3.00
94	-0.85	3.36	1.84	3.00
95	-0.87	3.28	1.84	2.00
96	-0.88	3.22	1.84	2.00
97	-0.89	3.17	1.84	4.00
98	-0.93	3.17	1.84	4.00
99	-0.97	3.17	1.84	4.00
100	-1.00	3.12	1.84	4.00
101	-1.02	3.07	1.84	1.00
102	-1.06	3.05	1.84	1.00
103	-1.10	3.03	1.84	1.00
104	-1.13	3.01	1.84	1.00
105	-1.16	2.99	1.84	1.00
106	-1.18	2.94	1.84	1.00
107	-1.21	2.90	1.84	4.00
108	-1.23	2.84	1.84	4.00
109	-1.25	2.77	1.84	4.00
110	-1.27	2.72	1.84	4.00
111	-1.29	2.67	1.84	3.00
112	-1.31	2.61	1.84	3.00
113	-1.34	2.54	1.84	3.00
114	-1.37	2.49	1.84	3.00
115	-1.40	2.43	1.84	3.00
116	-1.40	2.36	1.84	3.00
117	-1.40	2.30	1.85	4.00
118	-1.41	2.24	1.84	4.00
119	-1.41	2.18	1.84	4.00
120	-1.41	2.14	1.84	4.00
121	-1.41	2.09	1.84	3.00
122	-1.44	2.07	1.84	3.00
123	-1.48	2.05	1.84	3.00
124	-1.49	1.97	1.84	3.00
125	-1.50	1.90	1.84	1.00
126	-1.52	1.81	1.84	1.00
127	-1.54	1.72	1.84	1.00
128	-1.55	1.62	1.84	1.00
129	-1.57	1.52	1.84	1.00
130	-1.63	1.51	1.85	1.00
131	-1.69	1.50	1.85	1.00
132	-1.80	1.45	1.85	1.00
133	-1.91	1.40	1.85	1.00
134	-1.94	1.31	1.85	1.00
135	-1.96	1.22	1.85	1.00
136	-1.95	1.10	1.85	1.00
137	-1.94	0.98	1.85	1.00
138	-1.91	0.88	1.85	1.00
139	-1.87	0.78	1.85	1.00
140	-1.90	0.69	1.85	1.00
141	-1.93	0.60	1.85	1.00
142	-1.99	0.51	1.85	1.00
143	-2.06	0.43	1.85	3.00
144	-2.07	0.34	1.85	3.00
145	-2.09	0.26	1.85	3.00
146	-2.11	0.18	1.85	3.00
147	-2.13	0.11	1.85	3.00
148	-2.12	0.03	1.85	3.00
149	-2.12	-0.05	1.85	2.00
150	-2.21	-0.12	1.85	2.00
151	-2.30	-0.19	1.84	1.00
152	-2.33	-0.27	1.84	1.00
153	-2.36	-0.35	1.84	1.00
154	-2.34	-0.42	1.84	1.00
155	-2.33	-0.49	1.84	3.00
156	-2.31	-0.56	1.84	3.00
157	-2.28	-0.63	1.84	3.00
158	-2.29	-0.71	1.84	3.00
159	-2.30	-0.79	1.84	3.00
160	-2.27	-0.84	1.84	3.00
161	-2.25	-0.89	1.84	3.00
162	-2.26	-0.96	1.84	3.00
163	-2.27	-1.02	1.84	3.00
164	-2.31	-1.09	1.84	3.00
165	-2.34	-1.16	1.84	2.00
166	-2.34	-1.22	1.84	2.00
167	-2.34	-1.28	1.84	2.00
168	-2.38	-1.36	1.84	2.00
169	-2.42	-1.44	1.84	2.00
170	-2.44	-1.50	1.84	2.00
171	-2.45	-1.55	1.84	2.00
172	-2.45	-1.58	1.84	2.00
173	-2.44	-1.62	1.84	4.00
174	-2.44	-1.66	1.84	4.00
175	-2.44	-1.71	1.84	3.00
176	-2.44	-1.78	1.84	3.00
177	-2.45	-1.86	1.84	3.00
178	-2.48	-1.92	1.84	3.00
179	-2.51	-1.97	1.84	3.00
180	-2.52	-2.04	1.84	3.00
181	-2.52	-2.11	1.84	3.00
182	-2.50	-2.16	1.84	3.00
183	-2.49	-2.20	1.84	3.00
184	-2.47	-2.23	1.84	3.00
185	-2.45	-2.27	1.84	4.00
186	-2.52	-2.39	1.84	4.00
187	-2.58	-2.51	1.84	4.00
188	-2.58	-2.59	1.84	4.00
189	-2.58	-2.67	1.84	2.00
190	-2.57	-2.76	1.84	2.00
191	-2.56	-2.85	1.84	4.00
192	-2.55	-2.91	1.84	4.00
193	-2.53	-2.98	1.84	4.00
194	-2.52	-3.05	1.84	4.00
195	-2.50	-3.11	1.84	1.00
196	-2.47	-3.16	1.84	1.00
197	-2.44	-3.21	1.84	3.00
198	-2.41	-3.25	1.84	3.00
199	-2.38	-3.29	1.84	3.00
200	-2.34	-3.33	1.84	3.00
201	-2.30	-3.37	1.84	3.00
202	-2.30	-3.42	1.84	3.00
203	-2.29	-3.48	1.84	3.00
204	-2.26	-3.50	1.84	3.00
205	-2.22	-3.52	1.84	2.00
206	-2.16	-3.52	1.84	2.00
207	-2.10	-3.51	1.85	2.00
208	-2.11	-3.61	1.84	2.00
209	-2.12	-3.71	1.84	2.00
210	-2.12	-3.80	1.84	2.00
211	-2.11	-3.90	1.84	4.00
212	-2.10	-3.93	1.84	4.00
213	-2.09	-3.97	1.84	1.00
214	-2.06	-3.99	1.84	1.00
215	-2.03	-4.01	1.84	4.00
216	-2.01	-4.11	1.84	4.00
217	-2.00	-4.22	1.84	4.00
218	-1.97	-4.27	1.84	4.00
219	-1.95	-4.33	1.84	4.00
220	-1.95	-4.44	1.84	4.00
221	-1.95	-4.54	1.84	3.00
222	-1.94	-4.58	1.84	3.00
223	-1.92	-4.62	1.84	3.00
224	-1.90	-4.68	1.84	3.00
225	-1.89	-4.74	1.84	2.00
226	-1.87	-4.78	1.84	2.00
227	-1.85	-4.82	1.84	4.00
228	-1.83	-4.87	1.84	4.00
229	-1.81	-4.92	1.84	4.00
230	-1.80	-4.98	1.84	4.00
231	-1.79	-5.04	1.84	4.00
232	-1.79	-5.12	1.84	4.00
233	-1.78	-5.20	1.84	4.00
234	-1.77	-5.32	1.84	4.00
235	-1.76	-5.43	1.84	4.00
236	-1.74	-5.52	1.84	4.00
237	-1.73	-5.61	1.84	4.00
238	-1.73	-5.75	1.84	4.00
239	-1.73	-5.90	1.84	4.00
Target 2 (frames from 1 to 325)
Bounding Boxes (frame, x, y, width, height)
1	806	364	47	95
2	805	363	47	95
3	805	362	47	95
4	805	361	48	96
5	805	360	48	96
6	805	359	48	97
7	805	358	49	98
8	805	357	49	98
9	806	356	49	99
10	806	355	50	100
11	807	354	50	101
12	808	353	51	102
13	810	352	51	103
14	811	351	52	104
15	812	350	52	105
16	813	349	53	106
17	815	348	53	107
18	816	347	54	108
19	817	347	54	109
20	819	346	55	110
21	820	346	55	110
22	821	347	55	111
23	822	347	56	112
24	823	348	56	112
25	824	348	56	113
26	825	349	57	114
27	825	350	57	114
28	824	350	57	115
29	824	350	58	116
30	823	349	58	117
31	822	348	59	118
32	821	347	60	120
33	819	345	60	121
34	818	343	61	122
35	816	342	61	123
36	815	340	62	124
37	815	339	63	126
38	814	337	63	127
39	815	336	64	128
40	815	335	64	129
41	816	334	65	130
42	817	333	65	131
43	819	332	65	131
44	821	331	66	132
45	822	331	66	133
46	824	330	66	133
47	825	330	67	134
48	826	330	67	134
49	826	330	67	135
50	827	329	67	135
51	827	329	67	135
52	828	329	68	136
53	828	328	68	136
54	828	327	68	137
55	828	326	68	137
56	828	325	69	138
57	829	324	69	139
58	829	322	70	140
59	829	321	70	141
60	829	319	71	142
61	829	318	71	143
62	829	317	72	144
63	828	315	72	145
64	828	314	73	146
65	827	313	73	147
66	827	312	74	148
67	827	311	75	150
68	827	310	75	151
69	828	309	76	153
70	829	309	77	155
71	831	307	78	157
72	833	306	79	159
73	836	304	80	161
74	838	302	81	163
75	841	300	83	166
76	844	297	84	168
77	847	295	85	171
78	849	292	86	173
79	852	290	88	176
80	855	288	89	178
81	857	285	90	181
82	858	283	91	183
83	860	281	93	186
84	862	279	94	189
85	863	278	96	192
86	864	278	97	195
87	866	277	99	199
88	867	277	101	202
89	868	276	102	205
90	870	275	104	208
91	872	273	105	210
92	873	271	106	212
93	875	269	107	214
94	878	267	108	216
95	880	264	109	218
96	883	261	110	220
97	886	258	111	222
98	890	256	112	224
99	894	254	112	225
100	898	253	113	227
101	901	252	114	229
102	905	252	115	231
103	909	253	117	234
104	913	254	118	236
105	917	255	119	239
106	921	256	121	242
107	925	256	122	244
108	929	257	123	247
109	933	256	125	251
110	937	256	127	255
111	941	255	129	259
112	945	254	132	264
113	949	252	134	268
114	952	250	136	273
115	956	250	138	277
116	960	249	140	281
117	964	248	142	285
118	967	247	144	288
119	970	247	146	292
120	973	245	147	295
121	976	244	149	298
122	978	242	150	301
123	980	240	152	304
124	982	238	153	307
125	983	236	154	309
126	983	233	156	312
127	983	230	158	316
128	983	227	160	321
129	982	223	163	326
130	981	220	166	332
131	978	217	168	336
132	974	215	170	340
133	970	212	172	344
134	965	210	173	346
135	961	209	174	349
136	957	208	175	351
137	954	207	176	353
138	951	206	177	355
139	949	206	177	355
140	947	206	178	356
141	946	206	178	356
142	945	206	178	357
143	943	205	180	360
144	942	204	183	366
145	939	202	187	374
146	936	199	192	384
147	933	197	198	397
148	929	194	205	410
149	923	191	211	423
150	917	187	218	437
151	910	183	225	450
152	902	180	231	463
153	894	177	237	474
154	887	175	242	484
155	879	174	245	491
156	871	174	248	496
157	862	174	248	497
158	854	174	248	497
159	845	175	247	494
160	836	175	245	490
161	826	175	244	488
162	816	174	242	485
163	805	174	241	483
164	794	174	241	482
165	781	174	241	482
166	768	174	241	482
167	755	174	241	483
168	741	174	242	485
169	727	174	244	488
170	713	175	246	492
171	699	176	247	494
172	683	176	248	496
173	665	177	248	497
174	648	177	249	498
175	629	177	249	498
176	609	176	249	498
177	588	176	248	497
178	566	175	248	496
179	543	174	249	498
180	521	173	249	499
181	499	172	249	499
182	478	171	249	499
183	458	171	249	498
184	441	171	248	496
185	427	171	247	494
186	416	173	245	491
187	407	175	243	486
188	401	176	240	480
189	395	178	235	471
190	390	179	231	462
191	387	181	226	453
192	385	183	222	444
193	382	185	218	436
194	380	187	214	429
195	376	189	211	422
196	373	191	208	417
197	368	191	206	413
198	363	192	205	410
199	357	192	203	407
200	352	192	202	405
201	346	191	201	403
202	340	190	201	402
203	334	189	199	399
204	329	187	198	397
205	323	186	197	394
206	318	184	195	391
207	313	183	193	387
208	309	182	192	384
209	306	182	190	380
210	304	182	188	376
211	303	183	185	371
212	304	185	182	365
213	305	187	179	359
214	307	189	176	352
215	309	192	173	346
216	312	195	169	339
217	314	199	166	333
218	316	202	163	327
219	319	206	160	320
220	322	209	156	313
221	324	213	153	307
222	326	216	150	300
223	328	219	147	294
224	330	223	144	288
225	332	226	141	282
226	333	229	138	277
227	335	233	135	271
228	336	236	132	265
229	338	240	130	260
230	340	243	127	254
231	343	246	124	248
232	345	249	121	242
233	348	251	118	237
234	351	253	116	232
235	355	254	113	227
236	358	255	111	223
237	361	255	109	219
238	364	255	107	215
239	368	255	106	212
240	371	254	104	209
241	374	254	103	206
242	377	254	101	203
243	380	253	100	201
244	384	253	99	198
245	387	253	98	196
246	391	253	96	193
247	395	253	95	190
248	399	254	94	188
249	404	254	92	185
250	409	255	91	182
251	415	255	89	179
252	420	255	88	177
253	425	255	87	174
254	429	255	86	172
255	433	254	85	170
256	437	253	84	168
257	440	253	83	166
258	443	252	82	164
259	446	252	81	163
260	449	251	80	161
261	453	251	80	160
262	456	251	79	159
263	459	251	78	157
264	462	252	78	156
265	465	252	78	156
266	468	253	77	155
267	472	253	77	154
268	474	254	76	153
269	477	254	76	153
270	479	254	76	153
271	482	254	76	153
272	483	253	76	152
273	484	253	76	152
274	485	252	76	152
275	486	252	76	152
276	486	251	76	152
277	486	251	76	152
278	486	251	76	152
279	486	250	76	152
280	485	250	76	153
281	483	250	76	153
282	482	250	76	153
283	480	251	77	154
284	479	251	77	154
285	477	251	77	155
286	476	252	77	155
287	475	252	77	155
288	474	252	78	156
289	474	252	78	156
290	473	252	78	156
291	473	251	78	156
292	473	251	78	156
293	473	250	78	156
294	473	249	78	156
295	473	249	77	155
296	474	249	77	155
297	474	249	77	154
298	475	249	76	153
299	476	250	76	152
300	477	250	75	151
301	478	250	75	150
302	479	251	74	149
303	480	251	74	148
304	481	252	73	147
305	482	252	73	146
306	483	253	72	145
307	484	253	72	144
308	484	253	71	143
309	484	253	71	143
310	484	253	71	142
311	483	253	71	142
312	482	253	70	141
313	481	253	70	140
314	480	254	70	140
315	479	254	69	139
316	479	254	69	139
317	478	254	69	139
318	477	253	69	138
319	477	253	69	138
320	476	253	69	138
321	476	252	69	138
322	475	251	69	138
323	475	250	69	138
324	474	250	69	138
325	474	249	69	138
3D Trajetory (frame, x, z, height, pose)
1	3.45	9.31	1.76	4.00
2	3.45	9.34	1.77	4.00
3	3.45	9.37	1.79	4.00
4	3.45	9.36	1.80	4.00
5	3.45	9.36	1.82	2.00
6	3.45	9.35	1.83	2.00
7	3.45	9.35	1.84	4.00
8	3.43	9.33	1.84	4.00
9	3.41	9.31	1.84	4.00
10	3.39	9.28	1.84	4.00
11	3.36	9.26	1.84	4.00
12	3.33	9.21	1.85	4.00
13	3.31	9.17	1.86	4.00
14	3.26	9.10	1.87	4.00
15	3.22	9.02	1.89	2.00
16	3.18	8.99	1.89	2.00
17	3.14	8.96	1.88	4.00
18	3.10	8.91	1.89	4.00
19	3.06	8.85	1.90	4.00
20	3.02	8.80	1.89	4.00
21	2.97	8.75	1.89	4.00
22	2.94	8.70	1.89	4.00
23	2.90	8.65	1.88	4.00
24	2.87	8.60	1.88	4.00
25	2.85	8.54	1.88	4.00
26	2.81	8.49	1.88	4.00
27	2.78	8.45	1.88	2.00
28	2.74	8.42	1.88	2.00
29	2.69	8.40	1.88	4.00
30	2.64	8.30	1.88	4.00
31	2.59	8.21	1.88	4.00
32	2.53	8.10	1.88	4.00
33	2.48	7.99	1.88	4.00
34	2.43	7.94	1.88	4.00
35	2.38	7.88	1.88	2.00
36	2.34	7.82	1.88	2.00
37	2.30	7.77	1.89	2.00
38	2.26	7.70	1.89	2.00
39	2.22	7.63	1.89	2.00
40	2.19	7.60	1.89	2.00
41	2.16	7.56	1.89	4.00
42	2.12	7.53	1.89	4.00
43	2.08	7.50	1.89	4.00
44	2.06	7.48	1.89	4.00
45	2.03	7.45	1.89	4.00
46	2.00	7.44	1.89	4.00
47	1.97	7.42	1.89	4.00
48	1.94	7.45	1.89	4.00
49	1.92	7.47	1.90	4.00
50	1.88	7.46	1.90	4.00
51	1.85	7.45	1.90	4.00
52	1.81	7.42	1.90	4.00
53	1.77	7.39	1.90	4.00
54	1.74	7.39	1.90	4.00
55	1.71	7.39	1.90	4.00
56	1.68	7.35	1.90	4.00
57	1.65	7.32	1.90	4.00
58	1.61	7.28	1.90	4.00
59	1.57	7.24	1.90	2.00
60	1.52	7.19	1.90	2.00
61	1.47	7.14	1.90	4.00
62	1.43	7.08	1.90	4.00
63	1.39	7.03	1.90	4.00
64	1.33	6.98	1.90	4.00
65	1.28	6.93	1.90	4.00
66	1.24	6.88	1.90	4.00
67	1.19	6.84	1.90	4.00
68	1.15	6.79	1.90	4.00
69	1.11	6.73	1.90	4.00
70	1.06	6.67	1.89	4.00
71	1.01	6.60	1.89	4.00
72	0.98	6.53	1.89	4.00
73	0.94	6.45	1.89	4.00
74	0.91	6.35	1.89	4.00
75	0.88	6.25	1.89	4.00
76	0.84	6.19	1.89	4.00
77	0.81	6.12	1.89	2.00
78	0.78	6.07	1.89	2.00
79	0.74	6.01	1.89	2.00
80	0.70	5.96	1.89	2.00
81	0.66	5.91	1.90	2.00
82	0.63	5.84	1.90	2.00
83	0.60	5.77	1.90	2.00
84	0.57	5.68	1.90	2.00
85	0.54	5.60	1.90	2.00
86	0.50	5.53	1.90	2.00
87	0.46	5.45	1.90	2.00
88	0.42	5.37	1.90	2.00
89	0.38	5.29	1.90	2.00
90	0.34	5.21	1.90	2.00
91	0.31	5.14	1.90	2.00
92	0.28	5.09	1.90	2.00
93	0.25	5.04	1.89	2.00
94	0.22	5.04	1.89	2.00
95	0.19	5.05	1.89	4.00
96	0.17	5.04	1.89	4.00
97	0.15	5.03	1.89	4.00
98	0.12	4.98	1.89	4.00
99	0.10	4.94	1.89	4.00
100	0.08	4.88	1.89	4.00
101	0.07	4.83	1.89	2.00
102	0.05	4.82	1.89	2.00
103	0.04	4.81	1.88	2.00
104	0.02	4.81	1.88	2.00
105	-0.00	4.81	1.88	3.00
106	-0.04	4.76	1.88	3.00
107	-0.07	4.71	1.89	4.00
108	-0.10	4.65	1.88	4.00
109	-0.13	4.59	1.88	2.00
110	-0.16	4.54	1.88	2.00
111	-0.18	4.50	1.88	2.00
112	-0.20	4.46	1.88	2.00
113	-0.22	4.42	1.89	4.00
114	-0.23	4.37	1.88	4.00
115	-0.25	4.31	1.88	3.00
116	-0.24	4.24	1.88	3.00
117	-0.24	4.16	1.88	4.00
118	-0.24	4.14	1.88	4.00
119	-0.24	4.13	1.88	4.00
120	-0.24	4.11	1.89	4.00
121	-0.24	4.08	1.89	3.00
122	-0.25	4.06	1.89	3.00
123	-0.25	4.05	1.89	3.00
124	-0.27	4.01	1.89	3.00
125	-0.29	3.98	1.89	3.00
126	-0.33	3.94	1.89	3.00
127	-0.37	3.89	1.89	3.00
128	-0.40	3.84	1.89	3.00
129	-0.43	3.79	1.89	1.00
130	-0.45	3.73	1.88	1.00
131	-0.47	3.67	1.88	3.00
132	-0.49	3.60	1.88	3.00
133	-0.51	3.53	1.88	3.00
134	-0.54	3.44	1.88	3.00
135	-0.58	3.35	1.89	3.00
136	-0.65	3.33	1.88	3.00
137	-0.72	3.31	1.88	3.00
138	-0.78	3.33	1.88	3.00
139	-0.83	3.34	1.88	4.00
140	-0.85	3.29	1.88	4.00
141	-0.87	3.23	1.88	4.00
142	-0.91	3.19	1.88	4.00
143	-0.95	3.14	1.88	1.00
144	-0.99	3.11	1.88	1.00
145	-1.03	3.08	1.88	1.00
146	-1.06	3.01	1.88	1.00
147	-1.08	2.95	1.88	1.00
148	-1.10	2.79	1.88	1.00
149	-1.11	2.63	1.88	1.00
150	-1.12	2.46	1.88	1.00
151	-1.14	2.30	1.89	1.00
152	-1.17	2.22	1.89	1.00
153	-1.21	2.13	1.89	3.00
154	-1.23	2.06	1.89	3.00
155	-1.26	1.98	1.89	3.00
156	-1.30	1.93	1.89	3.00
157	-1.34	1.88	1.89	3.00
158	-1.38	1.83	1.89	3.00
159	-1.43	1.78	1.89	3.00
160	-1.47	1.75	1.89	3.00
161	-1.52	1.71	1.89	3.00
162	-1.57	1.62	1.89	3.00
163	-1.62	1.53	1.89	4.00
164	-1.68	1.48	1.89	4.00
165	-1.74	1.44	1.89	1.00
166	-1.76	1.36	1.89	1.00
167	-1.79	1.29	1.89	1.00
168	-1.77	1.18	1.89	1.00
169	-1.76	1.07	1.89	1.00
170	-1.78	1.01	1.89	1.00
171	-1.80	0.95	1.89	1.00
172	-1.81	0.85	1.89	1.00
173	-1.82	0.75	1.89	1.00
174	-1.83	0.68	1.89	1.00
175	-1.84	0.61	1.89	1.00
176	-1.85	0.52	1.89	1.00
177	-1.87	0.42	1.89	3.00
178	-1.91	0.31	1.89	3.00
179	-1.94	0.20	1.89	3.00
180	-1.92	0.10	1.89	3.00
181	-1.90	-0.01	1.89	3.00
182	-1.89	-0.12	1.88	3.00
183	-1.88	-0.24	1.88	3.00
184	-1.88	-0.33	1.88	3.00
185	-1.88	-0.42	1.88	2.00
186	-1.87	-0.48	1.88	2.00
187	-1.87	-0.55	1.88	3.00
188	-1.91	-0.62	1.88	3.00
189	-1.94	-0.69	1.88	3.00
190	-1.97	-0.76	1.88	3.00
191	-2.00	-0.83	1.88	3.00
192	-2.02	-0.91	1.88	3.00
193	-2.04	-0.99	1.88	4.00
194	-2.06	-1.07	1.88	4.00
195	-2.08	-1.16	1.88	4.00
196	-2.06	-1.21	1.88	4.00
197	-2.05	-1.27	1.88	3.00
198	-2.03	-1.30	1.88	3.00
199	-2.02	-1.34	1.88	2.00
200	-2.02	-1.40	1.88	2.00
201	-2.01	-1.47	1.88	3.00
202	-2.00	-1.54	1.88	3.00
203	-1.98	-1.62	1.88	1.00
204	-1.96	-1.68	1.88	1.00
205	-1.93	-1.74	1.88	1.00
206	-1.91	-1.80	1.88	1.00
207	-1.88	-1.85	1.88	4.00
208	-1.89	-1.93	1.88	4.00
209	-1.89	-2.01	1.88	4.00
210	-1.87	-2.06	1.88	4.00
211	-1.86	-2.11	1.88	3.00
212	-1.84	-2.17	1.88	3.00
213	-1.83	-2.23	1.87	3.00
214	-1.84	-2.30	1.88	3.00
215	-1.85	-2.38	1.88	3.00
216	-1.85	-2.45	1.88	3.00
217	-1.85	-2.52	1.87	2.00
218	-1.87	-2.59	1.87	2.00
219	-1.88	-2.67	1.87	1.00
220	-1.89	-2.75	1.87	1.00
221	-1.90	-2.82	1.87	1.00
222	-1.88	-2.89	1.87	1.00
223	-1.85	-2.96	1.87	2.00
224	-1.86	-3.05	1.87	2.00
225	-1.86	-3.15	1.87	4.00
226	-1.85	-3.24	1.87	4.00
227	-1.85	-3.32	1.87	3.00
228	-1.85	-3.43	1.87	3.00
229	-1.86	-3.54	1.87	4.00
230	-1.84	-3.63	1.87	4.00
231	-1.82	-3.72	1.87	4.00
232	-1.81	-3.83	1.87	4.00
233	-1.80	-3.93	1.87	3.00
234	-1.78	-4.04	1.87	3.00
235	-1.77	-4.15	1.86	3.00
236	-1.76	-4.24	1.86	3.00
237	-1.75	-4.32	1.87	3.00
238	-1.73	-4.42	1.87	3.00
239	-1.71	-4.51	1.87	4.00
240	-1.68	-4.58	1.87	4.00
241	-1.64	-4.65	1.87	4.00
242	-1.60	-4.72	1.87	4.00
243	-1.57	-4.79	1.87	4.00
244	-1.55	-4.84	1.87	4.00
245	-1.53	-4.90	1.87	3.00
246	-1.52	-4.97	1.87	3.00
247	-1.51	-5.05	1.87	3.00
248	-1.48	-5.12	1.87	3.00
249	-1.46	-5.18	1.87	3.00
250	-1.44	-5.28	1.87	3.00
251	-1.43	-5.37	1.87	2.00
252	-1.40	-5.44	1.87	2.00
253	-1.37	-5.51	1.87	4.00
254	-1.34	-5.57	1.87	4.00
255	-1.31	-5.63	1.87	4.00
256	-1.28	-5.70	1.87	4.00
257	-1.24	-5.77	1.87	4.00
258	-1.21	-5.83	1.87	4.00
259	-1.18	-5.88	1.87	4.00
260	-1.16	-5.93	1.87	4.00
261	-1.13	-5.99	1.88	2.00
262	-1.11	-6.04	1.88	2.00
263	-1.09	-6.09	1.88	4.00
264	-1.07	-6.13	1.88	4.00
265	-1.04	-6.16	1.88	4.00
266	-1.02	-6.20	1.88	4.00
267	-1.00	-6.23	1.88	4.00
268	-0.97	-6.23	1.88	4.00
269	-0.93	-6.23	1.88	4.00
270	-0.90	-6.25	1.88	4.00
271	-0.88	-6.27	1.88	4.00
272	-0.85	-6.28	1.88	4.00
273	-0.83	-6.28	1.88	4.00
274	-0.81	-6.27	1.88	4.00
275	-0.79	-6.26	1.88	4.00
276	-0.76	-6.26	1.88	4.00
277	-0.74	-6.25	1.88	4.00
278	-0.70	-6.26	1.88	4.00
279	-0.67	-6.26	1.88	4.00
280	-0.64	-6.29	1.88	4.00
281	-0.61	-6.32	1.88	4.00
282	-0.58	-6.30	1.88	4.00
283	-0.54	-6.27	1.88	4.00
284	-0.51	-6.25	1.88	4.00
285	-0.47	-6.24	1.88	4.00
286	-0.44	-6.22	1.88	4.00
287	-0.41	-6.20	1.88	4.00
288	-0.38	-6.17	1.88	4.00
289	-0.36	-6.14	1.88	4.00
290	-0.34	-6.15	1.88	4.00
291	-0.32	-6.16	1.88	4.00
292	-0.30	-6.19	1.88	4.00
293	-0.28	-6.21	1.88	4.00
294	-0.25	-6.23	1.88	4.00
295	-0.23	-6.24	1.88	4.00
296	-0.20	-6.25	1.88	4.00
297	-0.17	-6.27	1.88	4.00
298	-0.15	-6.28	1.88	4.00
299	-0.12	-6.30	1.88	4.00
300	-0.11	-6.34	1.88	4.00
301	-0.09	-6.37	1.87	4.00
302	-0.07	-6.44	1.87	4.00
303	-0.06	-6.51	1.87	3.00
304	-0.04	-6.53	1.87	3.00
305	-0.02	-6.56	1.87	4.00
306	0.01	-6.62	1.87	4.00
307	0.03	-6.68	1.87	4.00
308	0.04	-6.71	1.87	4.00
309	0.06	-6.73	1.87	4.00
310	0.09	-6.73	1.87	4.00
311	0.11	-6.73	1.87	4.00
312	0.13	-6.76	1.87	4.00
313	0.14	-6.78	1.86	4.00
314	0.18	-6.81	1.86	4.00
315	0.22	-6.85	1.86	4.00
316	0.24	-6.90	1.86	4.00
317	0.26	-6.96	1.86	4.00
318	0.27	-6.97	1.86	4.00
319	0.28	-6.98	1.86	4.00
320	0.30	-6.94	1.86	4.00
321	0.31	-6.91	1.85	4.00
322	0.34	-6.90	1.85	4.00
323	0.37	-6.89	1.85	4.00
324	0.39	-6.88	1.85	4.00
325	0.40	-6.87	1.85	4.00
Target 3 (frames from 3 to 113)
Bounding Boxes (frame, x, y, width, height)
3	683	364	43	86
4	682	363	44	88
5	681	362	44	89
6	680	362	45	91
7	680	361	46	92
8	679	360	47	94
9	679	359	47	95
10	679	358	48	96
11	679	357	48	97
12	679	356	49	98
13	679	355	49	99
14	679	354	50	100
15	680	353	50	101
16	681	352	50	101
17	682	351	51	102
18	683	350	51	103
19	684	349	52	104
20	685	349	52	104
21	686	349	52	105
22	686	349	53	106
23	687	349	53	107
24	687	349	54	108
25	688	350	54	109
26	688	350	54	109
27	687	351	55	110
28	686	351	55	111
29	685	351	56	112
30	684	350	56	113
31	682	349	57	114
32	681	348	57	114
33	679	346	57	115
34	677	345	57	115
35	675	343	58	116
36	673	342	58	116
37	672	341	58	116
38	671	339	58	117
39	670	338	59	118
40	670	337	59	118
41	670	336	59	119
42	670	335	60	120
43	671	334	60	121
44	672	333	61	122
45	673	333	61	122
46	673	332	61	123
47	674	332	62	124
48	674	332	62	125
49	674	332	63	126
50	673	332	64	128
51	673	331	64	129
52	671	331	65	131
53	670	330	66	132
54	668	329	67	134
55	667	328	67	135
56	665	327	68	137
57	663	325	69	139
58	661	324	70	141
59	659	322	71	143
60	656	320	72	145
61	654	319	73	147
62	652	317	74	149
63	650	316	75	151
64	648	315	76	153
65	647	313	77	155
66	646	312	78	157
67	645	311	79	158
68	645	310	79	159
69	645	309	80	160
70	645	308	80	161
71	646	307	81	162
72	646	306	81	162
73	647	305	81	163
74	647	303	81	163
75	647	301	81	163
76	646	299	81	162
77	646	298	81	162
78	645	296	81	163
79	644	294	81	163
80	642	292	81	163
81	641	290	82	164
82	640	289	82	164
83	639	287	82	165
84	638	286	82	165
85	637	285	83	166
86	637	285	83	167
87	636	285	84	169
88	635	285	85	170
89	635	285	86	172
90	634	284	86	173
91	633	282	87	175
92	633	281	88	176
93	632	279	89	178
94	631	276	90	180
95	630	273	91	182
96	628	270	92	185
97	627	267	93	187
98	626	264	94	189
99	624	262	95	191
100	623	261	97	194
101	622	260	98	196
102	622	261	98	197
103	621	262	99	199
104	621	263	100	200
105	620	263	101	202
106	620	263	102	204
107	620	263	102	205
108	621	264	103	207
109	621	264	104	208
110	621	265	105	210
111	622	266	105	211
112	623	267	106	212
113	623	268	107	214
3D Trajetory (frame, x, z, height, pose)
3	1.25	10.35	1.79	4.00
4	1.25	10.25	1.78	4.00
5	1.24	10.15	1.78	4.00
6	1.18	9.77	1.78	4.00
7	1.11	9.38	1.78	4.00
8	1.08	9.32	1.78	4.00
9	1.04	9.26	1.79	4.00
10	1.00	9.24	1.80	4.00
11	0.97	9.22	1.81	2.00
12	0.95	9.22	1.82	2.00
13	0.93	9.21	1.82	4.00
14	0.91	9.22	1.82	4.00
15	0.89	9.23	1.82	1.00
16	0.84	9.10	1.84	1.00
17	0.80	8.97	1.85	4.00
18	0.76	8.94	1.85	4.00
19	0.73	8.91	1.85	4.00
20	0.71	8.87	1.86	4.00
21	0.69	8.82	1.86	4.00
22	0.67	8.80	1.86	4.00
23	0.65	8.78	1.86	4.00
24	0.63	8.75	1.87	4.00
25	0.60	8.71	1.87	4.00
26	0.57	8.64	1.87	4.00
27	0.53	8.57	1.87	4.00
28	0.49	8.48	1.87	4.00
29	0.44	8.39	1.88	4.00
30	0.41	8.31	1.88	4.00
31	0.38	8.22	1.88	2.00
32	0.35	8.20	1.88	2.00
33	0.32	8.18	1.88	4.00
34	0.28	8.17	1.88	4.00
35	0.24	8.17	1.88	4.00
36	0.19	8.19	1.88	4.00
37	0.15	8.20	1.88	4.00
38	0.11	8.15	1.88	4.00
39	0.07	8.11	1.89	4.00
40	0.03	8.00	1.89	4.00
41	-0.00	7.88	1.89	4.00
42	-0.03	7.85	1.89	4.00
43	-0.07	7.81	1.89	2.00
44	-0.09	7.77	1.89	2.00
45	-0.11	7.72	1.89	2.00
46	-0.14	7.67	1.89	2.00
47	-0.17	7.62	1.89	2.00
48	-0.20	7.59	1.89	2.00
49	-0.24	7.57	1.89	4.00
50	-0.29	7.50	1.89	4.00
51	-0.33	7.43	1.89	4.00
52	-0.37	7.30	1.89	4.00
53	-0.42	7.17	1.88	2.00
54	-0.44	7.01	1.88	2.00
55	-0.47	6.85	1.87	3.00
56	-0.51	6.77	1.87	3.00
57	-0.55	6.70	1.87	3.00
58	-0.60	6.67	1.87	3.00
59	-0.66	6.64	1.88	1.00
60	-0.71	6.53	1.88	1.00
61	-0.76	6.42	1.87	4.00
62	-0.80	6.28	1.87	4.00
63	-0.83	6.14	1.87	4.00
64	-0.86	6.05	1.87	4.00
65	-0.89	5.95	1.87	4.00
66	-0.92	5.88	1.87	4.00
67	-0.95	5.81	1.87	3.00
68	-0.97	5.76	1.88	3.00
69	-0.99	5.72	1.88	4.00
70	-1.04	5.81	1.88	4.00
71	-1.09	5.89	1.88	4.00
72	-1.12	5.82	1.88	4.00
73	-1.15	5.74	1.88	4.00
74	-1.20	5.69	1.88	4.00
75	-1.24	5.64	1.88	1.00
76	-1.29	5.58	1.88	1.00
77	-1.34	5.52	1.88	3.00
78	-1.42	5.53	1.88	3.00
79	-1.50	5.55	1.88	3.00
80	-1.57	5.59	1.87	3.00
81	-1.65	5.63	1.87	3.00
82	-1.69	5.57	1.87	3.00
83	-1.73	5.51	1.87	3.00
84	-1.76	5.41	1.87	3.00
85	-1.79	5.31	1.87	3.00
86	-1.82	5.25	1.87	3.00
87	-1.86	5.19	1.87	3.00
88	-1.88	5.13	1.87	3.00
89	-1.91	5.07	1.87	3.00
90	-1.95	5.04	1.87	3.00
91	-1.99	5.01	1.87	3.00
92	-2.04	4.97	1.87	3.00
93	-2.09	4.92	1.87	3.00
94	-2.11	4.82	1.87	3.00
95	-2.13	4.71	1.87	1.00
96	-2.14	4.60	1.87	1.00
97	-2.15	4.48	1.87	1.00
98	-2.17	4.41	1.87	1.00
99	-2.19	4.33	1.87	1.00
100	-2.21	4.27	1.87	1.00
101	-2.24	4.20	1.87	1.00
102	-2.28	4.17	1.87	1.00
103	-2.32	4.14	1.87	1.00
104	-2.34	4.07	1.87	1.00
105	-2.37	4.00	1.87	4.00
106	-2.39	3.95	1.87	4.00
107	-2.41	3.89	1.87	4.00
108	-2.44	3.84	1.87	4.00
109	-2.47	3.78	1.87	4.00
110	-2.47	3.70	1.87	4.00
111	-2.48	3.62	1.87	3.00
112	-2.52	3.60	1.87	3.00
113	-2.56	3.57	1.87	3.00
Target 4 (frames from 77 to 315)
Bounding Boxes (frame, x, y, width, height)
77	768	315	78	157
78	768	313	79	158
79	769	311	79	159
80	769	310	80	160
81	770	308	80	160
82	770	307	80	161
83	771	305	80	161
84	772	304	81	162
85	773	303	81	162
86	773	302	81	162
87	774	303	80	161
88	775	304	80	161
89	776	304	80	160
90	777	303	80	160
91	778	302	80	161
92	779	300	81	162
93	780	298	82	165
94	781	296	83	167
95	782	293	85	170
96	783	289	86	172
97	784	286	87	175
98	786	284	89	178
99	787	282	90	181
100	788	281	92	184
101	789	281	93	187
102	791	281	94	189
103	794	282	95	191
104	797	283	96	193
105	800	285	97	195
106	804	286	98	197
107	807	287	99	199
108	811	287	101	202
109	815	287	102	204
110	818	287	103	206
111	822	287	104	208
112	826	287	105	210
113	830	285	106	212
114	833	284	107	214
115	836	284	108	216
116	839	284	109	218
117	842	284	110	220
118	846	284	111	223
119	849	283	112	225
120	854	283	114	228
121	858	281	115	231
122	863	280	117	234
123	867	278	118	237
124	871	276	119	239
125	873	274	121	242
126	875	272	122	244
127	876	269	123	246
128	876	267	124	249
129	876	265	125	251
130	875	262	126	253
131	873	260	127	255
132	871	258	128	257
133	868	256	129	259
134	866	255	130	261
135	863	254	131	263
136	862	253	133	266
137	861	252	135	270
138	862	251	137	274
139	862	250	139	278
140	863	250	141	282
141	863	250	143	286
142	863	249	144	289
143	865	249	147	294
144	867	248	149	298
145	870	248	151	302
146	873	247	153	307
147	878	246	155	311
148	884	246	158	316
149	889	245	160	321
150	894	244	163	326
151	900	243	165	331
152	905	242	168	336
153	910	240	171	343
154	915	239	175	350
155	919	239	178	357
156	922	239	181	362
157	925	240	183	367
158	926	240	185	370
159	927	239	186	372
160	927	239	186	373
161	926	238	187	374
162	924	237	187	374
163	921	236	187	375
164	917	236	188	376
165	913	236	188	377
166	907	236	189	379
167	900	236	190	381
168	894	236	191	383
169	888	236	192	385
170	882	238	193	387
171	875	238	195	390
172	868	239	196	392
173	860	240	196	393
174	853	240	197	394
175	846	239	197	395
176	839	239	197	395
177	830	238	197	394
178	822	237	196	393
179	813	236	196	392
180	803	235	195	390
181	792	234	194	389
182	781	233	194	388
183	769	233	193	386
184	759	233	192	384
185	749	234	191	382
186	740	235	189	379
187	732	236	188	377
188	723	237	186	373
189	715	237	184	368
190	706	237	182	364
191	699	238	180	360
192	691	238	178	356
193	684	239	176	353
194	678	240	174	349
195	671	241	172	345
196	664	241	171	342
197	658	242	169	339
198	651	241	168	336
199	644	241	166	333
200	637	241	165	331
201	630	240	164	328
202	622	239	162	325
203	615	237	161	323
204	607	235	160	321
205	600	233	159	319
206	593	231	158	317
207	586	230	157	314
208	580	228	155	311
209	573	228	154	308
210	568	227	152	304
211	564	228	150	300
212	560	228	148	297
213	556	229	146	293
214	554	231	144	289
215	552	233	142	285
216	550	235	140	280
217	548	238	138	276
218	547	241	135	271
219	546	243	133	266
220	545	246	131	262
221	544	248	129	258
222	545	251	127	254
223	544	253	125	251
224	544	256	124	248
225	544	258	123	246
226	544	261	121	243
227	544	263	120	241
228	543	266	119	239
229	543	268	119	238
230	544	270	118	237
231	544	272	117	235
232	545	274	116	233
233	546	275	116	232
234	548	276	115	230
235	550	277	114	228
236	553	277	113	226
237	555	276	112	224
238	558	276	110	221
239	561	275	109	219
240	563	274	108	216
241	564	274	107	214
242	565	273	105	211
243	567	272	104	209
244	568	272	104	208
245	570	271	103	206
246	572	271	102	204
247	574	271	101	202
248	577	271	100	201
249	580	271	99	199
250	584	271	98	197
251	588	271	97	195
252	592	271	96	193
253	596	271	95	190
254	600	270	94	188
255	603	269	92	185
256	606	269	91	183
257	608	268	90	180
258	609	267	88	177
259	611	267	87	175
260	613	266	86	173
261	614	266	85	171
262	616	266	85	170
263	618	266	84	168
264	620	266	83	167
265	622	267	83	166
266	624	267	82	165
267	626	267	82	165
268	628	268	82	164
269	629	268	82	164
270	631	268	81	163
271	632	268	81	163
272	633	267	81	162
273	633	267	81	162
274	634	266	80	161
275	634	266	80	160
276	634	266	79	159
277	633	265	79	159
278	633	265	79	158
279	632	265	78	157
280	631	265	78	156
281	630	265	77	155
282	629	265	77	154
283	628	266	76	153
284	626	266	76	152
285	625	267	75	151
286	623	267	75	150
287	622	268	74	149
288	621	268	74	148
289	620	268	73	147
290	620	268	73	146
291	619	267	72	145
292	619	267	72	144
293	619	266	71	143
294	619	266	71	142
295	619	265	70	140
296	620	265	69	139
297	620	265	69	138
298	621	265	68	136
299	622	266	67	135
300	624	266	67	134
301	625	266	66	133
302	627	267	66	132
303	628	267	65	131
304	629	267	65	131
305	630	267	65	131
306	631	268	65	130
307	632	268	65	130
308	632	268	65	131
309	632	268	65	131
310	633	268	65	131
311	633	267	66	132
312	633	267	66	133
313	632	267	66	133
314	632	267	67	134
315	631	266	68	136
3D Trajetory (frame, x, z, height, pose)
77	-0.09	5.63	1.63	2.00
78	-0.11	5.56	1.64	2.00
79	-0.13	5.49	1.65	3.00
80	-0.18	5.45	1.66	3.00
81	-0.23	5.41	1.67	3.00
82	-0.25	5.32	1.68	3.00
83	-0.26	5.22	1.68	3.00
84	-0.31	5.35	1.67	3.00
85	-0.36	5.48	1.66	3.00
86	-0.41	5.47	1.66	3.00
87	-0.45	5.46	1.65	3.00
88	-0.50	5.42	1.65	3.00
89	-0.55	5.39	1.65	3.00
90	-0.59	5.43	1.65	3.00
91	-0.63	5.47	1.65	4.00
92	-0.66	5.44	1.65	4.00
93	-0.69	5.41	1.65	4.00
94	-0.70	5.31	1.66	4.00
95	-0.72	5.20	1.67	4.00
96	-0.74	5.07	1.67	4.00
97	-0.76	4.93	1.67	1.00
98	-0.79	4.87	1.67	1.00
99	-0.81	4.80	1.67	3.00
100	-0.84	4.79	1.67	3.00
101	-0.86	4.77	1.67	3.00
102	-0.88	4.69	1.66	3.00
103	-0.89	4.62	1.66	3.00
104	-0.91	4.57	1.66	3.00
105	-0.92	4.51	1.66	4.00
106	-0.94	4.48	1.66	4.00
107	-0.95	4.45	1.67	4.00
108	-0.96	4.41	1.67	4.00
109	-0.98	4.37	1.67	3.00
110	-0.99	4.34	1.67	3.00
111	-1.01	4.31	1.67	4.00
112	-1.03	4.28	1.67	4.00
113	-1.05	4.26	1.67	4.00
114	-1.07	4.21	1.67	4.00
115	-1.08	4.17	1.67	4.00
116	-1.06	4.15	1.67	4.00
117	-1.04	4.13	1.67	3.00
118	-1.04	4.11	1.67	3.00
119	-1.04	4.09	1.67	3.00
120	-1.02	4.05	1.67	3.00
121	-1.00	4.00	1.67	2.00
122	-0.99	3.97	1.67	2.00
123	-0.97	3.94	1.67	4.00
124	-0.96	3.92	1.67	4.00
125	-0.96	3.90	1.67	4.00
126	-0.96	3.87	1.67	4.00
127	-0.96	3.83	1.67	3.00
128	-0.99	3.79	1.67	3.00
129	-1.03	3.75	1.67	3.00
130	-1.08	3.70	1.67	3.00
131	-1.13	3.64	1.67	4.00
132	-1.14	3.58	1.67	4.00
133	-1.14	3.53	1.67	4.00
134	-1.17	3.48	1.67	4.00
135	-1.21	3.44	1.67	3.00
136	-1.24	3.39	1.67	3.00
137	-1.27	3.35	1.66	3.00
138	-1.29	3.30	1.67	3.00
139	-1.30	3.25	1.67	3.00
140	-1.30	3.19	1.67	3.00
141	-1.31	3.12	1.67	4.00
142	-1.32	3.05	1.67	4.00
143	-1.33	2.98	1.67	4.00
144	-1.35	2.94	1.67	4.00
145	-1.37	2.89	1.67	2.00
146	-1.40	2.88	1.66	2.00
147	-1.43	2.86	1.66	4.00
148	-1.44	2.81	1.66	4.00
149	-1.45	2.76	1.66	4.00
150	-1.46	2.71	1.66	4.00
151	-1.47	2.67	1.66	4.00
152	-1.49	2.62	1.66	4.00
153	-1.51	2.57	1.67	4.00
154	-1.53	2.52	1.67	4.00
155	-1.54	2.48	1.67	4.00
156	-1.56	2.43	1.67	4.00
157	-1.58	2.38	1.67	4.00
158	-1.58	2.34	1.67	4.00
159	-1.58	2.29	1.67	4.00
160	-1.59	2.24	1.67	4.00
161	-1.60	2.19	1.67	4.00
162	-1.68	2.18	1.66	4.00
163	-1.76	2.17	1.66	3.00
164	-1.81	2.13	1.66	3.00
165	-1.86	2.09	1.66	3.00
166	-1.89	2.03	1.66	3.00
167	-1.92	1.97	1.66	3.00
168	-1.92	1.87	1.66	3.00
169	-1.92	1.77	1.67	3.00
170	-1.90	1.70	1.67	3.00
171	-1.88	1.64	1.67	3.00
172	-1.90	1.59	1.67	3.00
173	-1.92	1.55	1.67	3.00
174	-1.97	1.53	1.67	3.00
175	-2.03	1.51	1.67	1.00
176	-2.05	1.44	1.67	1.00
177	-2.08	1.38	1.67	1.00
178	-2.09	1.31	1.67	1.00
179	-2.10	1.25	1.67	1.00
180	-2.09	1.18	1.67	1.00
181	-2.07	1.11	1.67	1.00
182	-2.10	1.05	1.67	1.00
183	-2.12	0.98	1.67	3.00
184	-2.18	0.91	1.67	3.00
185	-2.24	0.83	1.67	3.00
186	-2.26	0.76	1.67	3.00
187	-2.27	0.68	1.67	1.00
188	-2.30	0.60	1.67	1.00
189	-2.33	0.52	1.67	1.00
190	-2.35	0.45	1.67	1.00
191	-2.37	0.38	1.66	4.00
192	-2.39	0.31	1.67	4.00
193	-2.41	0.24	1.67	3.00
194	-2.45	0.16	1.67	3.00
195	-2.49	0.09	1.67	3.00
196	-2.51	0.01	1.67	3.00
197	-2.53	-0.06	1.67	1.00
198	-2.54	-0.13	1.67	1.00
199	-2.55	-0.20	1.67	4.00
200	-2.54	-0.25	1.67	4.00
201	-2.53	-0.31	1.67	2.00
202	-2.52	-0.38	1.67	2.00
203	-2.50	-0.46	1.67	3.00
204	-2.53	-0.54	1.67	3.00
205	-2.57	-0.62	1.67	1.00
206	-2.57	-0.70	1.67	1.00
207	-2.57	-0.79	1.67	1.00
208	-2.56	-0.86	1.67	1.00
209	-2.54	-0.94	1.67	1.00
210	-2.53	-1.00	1.67	1.00
211	-2.51	-1.06	1.67	1.00
212	-2.52	-1.14	1.67	1.00
213	-2.54	-1.21	1.67	2.00
214	-2.58	-1.30	1.67	2.00
215	-2.62	-1.38	1.66	3.00
216	-2.62	-1.46	1.66	3.00
217	-2.62	-1.53	1.66	4.00
218	-2.63	-1.61	1.66	4.00
219	-2.64	-1.68	1.66	4.00
220	-2.65	-1.75	1.66	4.00
221	-2.66	-1.82	1.66	1.00
222	-2.65	-1.88	1.66	1.00
223	-2.65	-1.95	1.66	3.00
224	-2.67	-2.02	1.66	3.00
225	-2.69	-2.09	1.66	3.00
226	-2.68	-2.15	1.66	3.00
227	-2.68	-2.20	1.66	3.00
228	-2.68	-2.26	1.66	3.00
229	-2.68	-2.31	1.66	3.00
230	-2.61	-2.36	1.66	3.00
231	-2.53	-2.40	1.66	3.00
232	-2.53	-2.45	1.66	3.00
233	-2.52	-2.51	1.66	3.00
234	-2.51	-2.56	1.66	3.00
235	-2.51	-2.60	1.66	3.00
236	-2.52	-2.67	1.66	3.00
237	-2.53	-2.73	1.66	2.00
238	-2.54	-2.80	1.66	2.00
239	-2.54	-2.87	1.66	2.00
240	-2.53	-2.91	1.66	2.00
241	-2.51	-2.96	1.66	2.00
242	-2.50	-3.02	1.66	2.00
243	-2.50	-3.08	1.66	2.00
244	-2.47	-3.16	1.66	2.00
245	-2.43	-3.24	1.67	2.00
246	-2.43	-3.29	1.67	2.00
247	-2.43	-3.35	1.67	3.00
248	-2.42	-3.38	1.67	3.00
249	-2.41	-3.40	1.67	4.00
250	-2.41	-3.44	1.66	4.00
251	-2.40	-3.47	1.66	4.00
252	-2.41	-3.57	1.66	4.00
253	-2.42	-3.67	1.67	3.00
254	-2.40	-3.72	1.67	3.00
255	-2.38	-3.78	1.67	2.00
256	-2.38	-3.86	1.67	2.00
257	-2.38	-3.95	1.67	4.00
258	-2.38	-4.04	1.67	4.00
259	-2.39	-4.13	1.67	4.00
260	-2.39	-4.21	1.67	4.00
261	-2.40	-4.30	1.67	4.00
262	-2.37	-4.33	1.67	4.00
263	-2.35	-4.36	1.67	3.00
264	-2.33	-4.41	1.67	3.00
265	-2.31	-4.47	1.67	3.00
266	-2.29	-4.50	1.67	3.00
267	-2.26	-4.52	1.67	3.00
268	-2.25	-4.55	1.67	3.00
269	-2.24	-4.59	1.67	4.00
270	-2.22	-4.61	1.67	4.00
271	-2.20	-4.63	1.67	4.00
272	-2.18	-4.67	1.67	4.00
273	-2.16	-4.70	1.67	4.00
274	-2.14	-4.74	1.67	4.00
275	-2.13	-4.78	1.67	2.00
276	-2.11	-4.82	1.67	2.00
277	-2.10	-4.85	1.67	4.00
278	-2.08	-4.89	1.68	4.00
279	-2.06	-4.92	1.68	4.00
280	-2.05	-4.96	1.68	4.00
281	-2.04	-5.00	1.68	4.00
282	-2.02	-5.05	1.68	4.00
283	-2.01	-5.10	1.68	2.00
284	-1.99	-5.15	1.68	2.00
285	-1.98	-5.20	1.68	2.00
286	-1.96	-5.24	1.68	2.00
287	-1.95	-5.29	1.68	4.00
288	-1.93	-5.32	1.68	4.00
289	-1.91	-5.36	1.68	4.00
290	-1.89	-5.39	1.68	4.00
291	-1.88	-5.42	1.68	2.00
292	-1.87	-5.48	1.68	2.00
293	-1.86	-5.53	1.68	4.00
294	-1.85	-5.59	1.68	4.00
295	-1.84	-5.65	1.68	4.00
296	-1.84	-5.73	1.68	4.00
297	-1.84	-5.81	1.68	4.00
298	-1.83	-5.87	1.68	4.00
299	-1.82	-5.93	1.68	4.00
300	-1.82	-5.98	1.68	4.00
301	-1.81	-6.03	1.68	2.00
302	-1.82	-6.07	1.68	2.00
303	-1.83	-6.11	1.68	2.00
304	-1.83	-6.13	1.68	2.00
305	-1.82	-6.16	1.68	2.00
306	-1.80	-6.16	1.68	2.00
307	-1.79	-6.15	1.68	2.00
308	-1.76	-6.14	1.68	2.00
309	-1.74	-6.14	1.68	2.00
310	-1.72	-6.14	1.68	2.00
311	-1.71	-6.15	1.68	2.00
312	-1.69	-6.11	1.68	2.00
313	-1.67	-6.08	1.68	2.00
314	-1.65	-6.03	1.69	2.00
315	-1.63	-5.98	1.69	3.00
Target 5 (frames from 133 to 259)
Bounding Boxes (frame, x, y, width, height)
133	582	239	128	256
134	577	238	129	258
135	573	236	130	260
136	569	235	131	262
137	565	234	132	264
138	562	233	133	266
139	560	232	134	268
140	557	231	135	270
141	556	231	136	272
142	554	230	137	274
143	553	230	138	277
144	552	229	140	280
145	553	229	140	281
146	554	229	141	282
147	556	229	141	283
148	558	229	142	285
149	560	228	143	286
150	563	228	143	286
151	565	227	143	287
152	568	226	143	287
153	570	226	144	288
154	571	226	144	289
155	571	226	145	290
156	571	227	146	292
157	570	227	147	294
158	569	227	148	297
159	568	226	149	299
160	567	225	151	302
161	566	224	152	304
162	566	223	153	307
163	566	221	154	309
164	566	220	155	311
165	566	220	156	313
166	566	220	157	315
167	566	220	157	315
168	566	220	158	316
169	566	221	157	315
170	565	222	157	314
171	563	224	156	312
172	560	225	154	308
173	556	226	152	304
174	552	227	150	300
175	548	228	147	295
176	543	228	145	291
177	538	228	142	285
178	533	227	140	280
179	529	227	137	274
180	526	227	134	269
181	522	227	131	263
182	519	226	129	258
183	519	227	126	252
184	520	227	123	247
185	521	228	121	243
186	522	230	120	240
187	523	231	118	237
188	523	232	118	236
189	522	231	117	235
190	520	231	117	235
191	517	231	118	236
192	513	231	119	238
193	507	230	120	241
194	499	230	122	245
195	490	230	125	250
196	481	230	127	254
197	472	229	129	258
198	464	228	131	262
199	457	227	132	265
200	453	226	133	266
201	451	225	133	267
202	450	224	133	266
203	449	223	132	265
204	449	221	131	263
205	450	219	130	260
206	452	218	128	257
207	454	216	126	253
208	457	216	124	249
209	460	215	122	245
210	461	215	120	241
211	461	216	119	238
212	462	217	117	235
213	463	218	115	231
214	463	220	113	227
215	465	222	112	224
216	466	225	110	220
217	468	228	108	217
218	471	230	107	214
219	473	233	105	211
220	476	236	103	207
221	479	238	102	204
222	481	241	100	201
223	484	243	98	197
224	486	246	97	195
225	488	249	96	192
226	490	251	95	190
227	492	254	94	189
228	494	256	94	188
229	496	259	93	186
230	499	261	92	185
231	501	263	92	185
232	503	265	92	184
233	506	266	91	183
234	509	266	91	183
235	512	267	91	183
236	516	267	90	181
237	520	267	89	179
238	524	267	88	176
239	528	267	86	172
240	532	266	84	169
241	536	266	82	165
242	540	266	80	161
243	544	266	79	158
244	548	266	76	153
245	552	266	74	149
246	556	267	72	145
247	560	267	70	141
248	564	268	68	137
249	568	268	67	134
250	573	269	65	131
251	576	269	64	129
252	580	269	63	126
253	584	269	62	124
254	587	268	61	122
255	591	268	60	120
256	594	267	59	118
257	597	267	58	117
258	600	266	57	115
259	604	265	57	114
3D Trajetory (frame, x, z, height, pose)
133	-2.39	2.20	1.77	3.00
134	-2.56	2.28	1.79	3.00
135	-2.73	2.36	1.81	3.00
136	-2.76	2.25	1.81	3.00
137	-2.80	2.15	1.82	4.00
138	-2.79	2.12	1.82	4.00
139	-2.78	2.08	1.83	4.00
140	-2.75	1.99	1.82	4.00
141	-2.72	1.90	1.81	3.00
142	-2.72	1.84	1.81	3.00
143	-2.73	1.79	1.82	3.00
144	-2.71	1.71	1.81	3.00
145	-2.69	1.64	1.81	1.00
146	-2.73	1.61	1.81	1.00
147	-2.78	1.58	1.81	1.00
148	-2.81	1.55	1.81	1.00
149	-2.85	1.53	1.80	1.00
150	-2.86	1.46	1.80	1.00
151	-2.87	1.40	1.80	1.00
152	-2.84	1.34	1.80	1.00
153	-2.81	1.29	1.80	1.00
154	-2.80	1.23	1.80	1.00
155	-2.79	1.17	1.80	3.00
156	-2.86	1.13	1.80	3.00
157	-2.94	1.08	1.80	3.00
158	-2.92	1.02	1.80	3.00
159	-2.90	0.95	1.80	3.00
160	-2.88	0.88	1.80	3.00
161	-2.87	0.82	1.80	3.00
162	-2.84	0.77	1.80	3.00
163	-2.82	0.73	1.80	3.00
164	-2.78	0.68	1.80	3.00
165	-2.74	0.63	1.80	3.00
166	-2.77	0.59	1.80	3.00
167	-2.81	0.55	1.81	3.00
168	-2.84	0.51	1.81	3.00
169	-2.88	0.46	1.81	1.00
170	-2.90	0.43	1.81	1.00
171	-2.92	0.39	1.81	1.00
172	-2.92	0.34	1.81	1.00
173	-2.93	0.29	1.81	1.00
174	-2.96	0.23	1.81	1.00
175	-2.99	0.17	1.81	1.00
176	-3.10	0.09	1.82	1.00
177	-3.21	0.00	1.82	1.00
178	-3.31	-0.07	1.82	1.00
179	-3.41	-0.15	1.83	1.00
180	-3.46	-0.22	1.83	1.00
181	-3.50	-0.28	1.83	1.00
182	-3.55	-0.35	1.83	1.00
183	-3.59	-0.42	1.83	1.00
184	-3.64	-0.49	1.83	1.00
185	-3.68	-0.55	1.83	1.00
186	-3.74	-0.62	1.83	1.00
187	-3.80	-0.69	1.83	1.00
188	-3.83	-0.75	1.83	1.00
189	-3.86	-0.81	1.83	1.00
190	-3.91	-0.87	1.83	1.00
191	-3.96	-0.93	1.83	3.00
192	-3.79	-1.07	1.83	3.00
193	-3.63	-1.22	1.83	3.00
194	-3.52	-1.28	1.83	3.00
195	-3.41	-1.33	1.83	3.00
196	-3.36	-1.40	1.83	3.00
197	-3.30	-1.46	1.83	1.00
198	-3.23	-1.54	1.83	1.00
199	-3.16	-1.61	1.83	1.00
200	-3.06	-1.69	1.83	1.00
201	-2.96	-1.77	1.83	1.00
202	-3.02	-1.81	1.82	1.00
203	-3.08	-1.85	1.82	3.00
204	-3.08	-1.87	1.82	3.00
205	-3.08	-1.90	1.82	3.00
206	-3.08	-1.94	1.82	3.00
207	-3.08	-1.98	1.82	4.00
208	-3.11	-2.07	1.82	4.00
209	-3.14	-2.16	1.82	4.00
210	-3.15	-2.24	1.82	4.00
211	-3.17	-2.32	1.82	3.00
212	-3.19	-2.41	1.82	3.00
213	-3.22	-2.50	1.82	1.00
214	-3.22	-2.58	1.82	1.00
215	-3.22	-2.66	1.82	4.00
216	-3.20	-2.71	1.82	4.00
217	-3.18	-2.77	1.81	4.00
218	-3.24	-2.87	1.82	4.00
219	-3.30	-2.98	1.82	4.00
220	-3.30	-3.05	1.82	4.00
221	-3.31	-3.12	1.82	3.00
222	-3.33	-3.19	1.82	3.00
223	-3.35	-3.26	1.82	3.00
224	-3.37	-3.35	1.82	3.00
225	-3.39	-3.44	1.82	4.00
226	-3.39	-3.54	1.82	4.00
227	-3.39	-3.63	1.82	4.00
228	-3.35	-3.67	1.81	4.00
229	-3.32	-3.72	1.81	3.00
230	-3.25	-3.72	1.81	3.00
231	-3.19	-3.72	1.81	3.00
232	-3.19	-3.78	1.82	3.00
233	-3.20	-3.85	1.82	1.00
234	-3.18	-3.91	1.81	1.00
235	-3.17	-3.97	1.81	2.00
236	-3.14	-4.03	1.81	2.00
237	-3.12	-4.09	1.81	2.00
238	-3.10	-4.15	1.81	2.00
239	-3.09	-4.21	1.81	2.00
240	-3.08	-4.25	1.81	2.00
241	-3.06	-4.28	1.81	3.00
242	-3.23	-4.62	1.81	3.00
243	-3.41	-4.96	1.80	3.00
244	-3.44	-5.06	1.80	3.00
245	-3.46	-5.16	1.80	3.00
246	-3.47	-5.25	1.80	3.00
247	-3.48	-5.35	1.80	3.00
248	-3.48	-5.43	1.80	3.00
249	-3.48	-5.50	1.80	3.00
250	-3.55	-5.78	1.80	3.00
251	-3.61	-6.05	1.80	3.00
252	-3.62	-6.16	1.80	3.00
253	-3.62	-6.27	1.80	3.00
254	-3.64	-6.40	1.80	3.00
255	-3.65	-6.52	1.80	3.00
256	-3.66	-6.64	1.80	3.00
257	-3.66	-6.75	1.80	3.00
258	-3.63	-6.92	1.80	3.00
259	-3.59	-7.09	1.80	3.00
Target 6 (frames from 299 to 325)
Bounding Boxes (frame, x, y, width, height)
299	511	267	58	116
300	513	267	58	116
301	515	268	58	117
302	517	268	58	117
303	519	268	58	117
304	520	269	59	118
305	521	269	59	118
306	522	269	59	119
307	523	269	59	119
308	523	269	59	119
309	523	269	60	120
310	522	269	60	121
311	521	269	60	121
312	521	268	61	122
313	520	268	61	122
314	519	268	61	123
315	518	268	61	123
316	518	268	61	123
317	518	267	61	123
318	518	267	62	124
319	518	266	62	124
320	518	265	62	124
321	518	264	61	123
322	518	263	61	123
323	519	262	61	123
324	519	261	61	123
325	520	259	61	122
3D Trajetory (frame, x, z, height, pose)
299	-0.49	-7.19	1.69	4.00
300	-0.51	-7.29	1.68	4.00
301	-0.52	-7.39	1.67	2.00
302	-0.51	-7.32	1.68	2.00
303	-0.50	-7.25	1.69	2.00
304	-0.47	-7.23	1.68	2.00
305	-0.45	-7.21	1.67	2.00
306	-0.43	-7.15	1.68	2.00
307	-0.41	-7.10	1.68	2.00
308	-0.39	-7.04	1.68	2.00
309	-0.37	-6.98	1.67	4.00
310	-0.35	-6.99	1.67	4.00
311	-0.33	-7.00	1.68	4.00
312	-0.32	-6.95	1.67	4.00
313	-0.30	-6.89	1.67	4.00
314	-0.28	-6.90	1.67	4.00
315	-0.25	-6.91	1.68	4.00
316	-0.23	-6.89	1.68	4.00
317	-0.21	-6.87	1.68	4.00
318	-0.21	-6.89	1.69	4.00
319	-0.20	-6.92	1.69	4.00
320	-0.19	-6.92	1.69	4.00
321	-0.19	-6.92	1.69	4.00
322	-0.18	-6.96	1.70	4.00
323	-0.17	-7.00	1.70	4.00
324	-0.16	-7.04	1.70	4.00
325	-0.16	-7.08	1.71	4.00
