Total frames 419
Number of Targets 7
Target 1 (frames from 1 to 381)
Bounding Boxes (frame, x, y, width, height)
1	173	85	115	230
2	173	86	116	232
3	173	88	116	233
4	173	89	117	234
5	173	90	118	236
6	173	91	118	237
7	173	92	119	238
8	173	93	120	240
9	173	94	120	241
10	173	94	121	242
11	173	95	122	244
12	174	96	122	245
13	174	96	123	246
14	174	96	124	248
15	174	97	124	249
16	174	97	125	250
17	174	96	125	251
18	174	95	126	253
19	174	94	127	254
20	174	94	127	255
21	174	93	128	256
22	174	93	128	256
23	173	94	128	257
24	173	94	128	257
25	173	94	129	258
26	173	95	129	258
27	173	95	129	259
28	173	96	129	259
29	173	96	129	259
30	173	96	129	259
31	173	96	129	259
32	173	96	129	259
33	173	96	129	259
34	173	96	129	259
35	172	96	129	259
36	172	95	129	259
37	172	95	129	259
38	171	95	129	258
39	171	95	129	258
40	171	95	129	258
41	170	94	129	258
42	170	94	129	258
43	170	94	129	258
44	169	93	129	259
45	169	93	129	259
46	168	93	129	259
47	168	93	129	259
48	167	93	129	259
49	166	93	129	258
50	166	94	129	258
51	165	94	129	258
52	165	94	128	257
53	166	95	128	256
54	166	96	128	256
55	167	96	127	255
56	167	96	127	255
57	168	96	127	255
58	169	96	128	256
59	169	95	128	256
60	169	95	128	257
61	169	94	128	257
62	169	94	128	257
63	168	94	128	257
64	167	94	128	257
65	167	94	128	257
66	166	94	128	257
67	166	94	128	256
68	166	94	128	256
69	167	94	128	256
70	167	94	128	256
71	168	95	128	256
72	168	95	128	256
73	169	94	128	256
74	169	94	128	257
75	170	94	128	257
76	170	94	128	257
77	171	94	128	257
78	172	94	128	257
79	173	95	128	257
80	174	95	128	257
81	175	95	128	256
82	176	96	128	256
83	178	96	127	255
84	180	96	127	254
85	181	97	126	253
86	183	97	126	252
87	184	98	126	252
88	185	98	125	251
89	186	98	125	250
90	186	99	125	250
91	187	99	124	249
92	187	100	124	248
93	187	101	124	248
94	187	101	124	248
95	187	102	123	247
96	187	103	123	246
97	188	103	122	245
98	189	104	122	244
99	190	105	121	243
100	191	107	120	241
101	192	108	119	239
102	193	109	118	237
103	195	110	118	236
104	195	111	117	234
105	196	111	116	233
106	196	112	115	231
107	197	113	115	230
108	197	113	114	229
109	197	113	114	229
110	197	113	115	230
111	197	113	115	230
112	198	113	115	231
113	199	113	115	231
114	201	113	116	232
115	202	113	116	232
116	204	113	116	233
117	206	114	116	233
118	207	114	116	233
119	209	114	117	234
120	211	114	117	234
121	212	114	117	234
122	214	114	116	233
123	215	115	116	232
124	215	115	115	231
125	216	115	115	230
126	217	115	114	229
127	217	115	114	228
128	218	115	113	226
129	219	115	112	225
130	220	115	112	224
131	220	115	111	222
132	221	115	110	221
133	221	114	110	220
134	221	114	110	220
135	222	114	109	219
136	223	114	109	219
137	224	115	109	218
138	225	115	108	217
139	227	116	108	217
140	228	116	108	216
141	230	117	107	215
142	231	117	107	214
143	233	117	106	213
144	234	118	106	212
145	236	118	105	211
146	237	118	105	210
147	239	119	104	208
148	240	119	103	207
149	240	120	102	205
150	240	121	101	203
151	240	122	100	201
152	240	123	99	199
153	240	124	98	197
154	239	126	97	194
155	238	127	96	192
156	237	128	95	190
157	236	129	94	188
158	236	129	93	186
159	234	129	92	184
160	234	130	91	182
161	233	130	90	181
162	232	130	90	180
163	232	129	89	178
164	231	129	88	177
165	231	129	88	176
166	230	128	88	176
167	230	128	87	175
168	230	128	87	174
169	230	127	86	173
170	230	127	86	173
171	230	127	86	173
172	230	126	86	173
173	230	126	86	173
174	231	125	86	173
175	231	125	86	173
176	231	124	86	173
177	232	124	86	173
178	232	124	86	172
179	233	124	85	171
180	234	124	85	170
181	234	125	84	169
182	234	125	83	167
183	235	125	83	166
184	235	125	82	165
185	235	126	82	164
186	236	126	81	162
187	236	126	80	161
188	236	126	80	160
189	236	126	79	159
190	236	126	79	158
191	237	126	79	158
192	237	126	78	157
193	238	126	78	156
194	238	126	77	155
195	239	127	77	154
196	240	127	76	152
197	241	127	75	151
198	243	128	75	150
199	243	128	74	148
200	244	128	74	148
201	246	127	73	147
202	247	127	73	146
203	248	126	73	146
204	249	126	73	146
205	250	125	72	145
206	251	124	72	145
207	252	122	72	145
208	253	122	72	145
209	253	121	72	145
210	255	120	72	144
211	256	120	72	144
212	257	120	71	142
213	258	120	70	141
214	259	121	70	140
215	261	121	69	138
216	263	122	68	137
217	265	124	67	135
218	266	125	67	134
219	268	126	66	133
220	270	127	66	132
221	272	128	65	131
222	274	129	65	131
223	275	129	65	131
224	277	129	65	131
225	278	130	65	131
226	280	130	65	131
227	281	130	66	132
228	282	129	66	132
229	282	129	65	131
230	283	129	65	131
231	284	129	65	131
232	285	129	65	130
233	285	129	64	129
234	286	129	64	129
235	286	130	64	128
236	287	130	63	127
237	287	130	63	127
238	288	130	63	126
239	288	130	63	126
240	289	129	63	126
241	290	129	63	126
242	291	128	63	126
243	292	128	63	126
244	293	128	62	125
245	294	128	62	125
246	295	128	62	124
247	296	129	61	123
248	297	129	61	122
249	297	130	60	121
250	297	130	60	121
251	298	131	60	120
252	298	131	59	119
253	298	131	59	119
254	298	131	59	119
255	297	131	59	119
256	296	130	59	119
257	295	129	60	120
258	294	128	60	120
259	293	127	60	121
260	292	126	60	121
261	291	125	60	121
262	290	125	60	121
263	289	124	61	122
264	288	124	61	122
265	287	123	61	122
266	286	123	61	122
267	285	123	61	122
268	285	123	61	122
269	284	123	61	122
270	284	123	61	122
271	284	123	60	121
272	284	124	60	121
273	283	124	60	120
274	283	124	60	120
275	283	124	59	119
276	284	125	59	119
277	284	125	59	118
278	285	126	58	117
279	285	126	58	116
280	286	127	57	115
281	286	127	57	115
282	287	127	57	114
283	287	127	57	114
284	288	127	56	113
285	288	126	56	113
286	288	126	56	113
287	289	125	56	113
288	289	124	56	113
289	288	124	56	113
290	288	123	57	114
291	288	122	57	114
292	288	122	57	114
293	288	121	57	114
294	288	121	56	113
295	288	121	56	113
296	288	121	56	113
297	288	121	56	113
298	287	121	56	112
299	287	121	56	112
300	286	121	55	111
301	286	122	55	111
302	285	122	55	110
303	284	122	55	110
304	283	122	54	109
305	283	123	54	109
306	282	123	54	108
307	282	123	53	107
308	281	124	53	107
309	281	124	53	107
310	281	124	53	106
311	280	124	53	106
312	280	125	53	106
313	280	125	53	106
314	280	125	53	106
315	279	124	53	106
316	279	124	53	107
317	279	123	53	107
318	278	122	54	108
319	278	122	54	108
320	278	121	54	109
321	278	120	54	109
322	277	120	54	109
323	277	119	55	110
324	277	119	55	110
325	277	118	55	110
326	276	118	55	110
327	276	118	55	111
328	276	118	55	110
329	275	118	55	110
330	275	119	55	110
331	274	119	55	110
332	274	119	55	110
333	274	119	54	109
334	273	119	54	109
335	273	119	54	108
336	273	119	54	108
337	273	118	54	108
338	274	118	53	107
339	274	118	53	107
340	274	118	53	107
341	275	119	53	106
342	275	119	53	106
343	275	119	52	105
344	276	119	52	105
345	276	119	52	105
346	276	119	52	105
347	277	119	52	105
348	277	119	52	105
349	277	118	52	105
350	278	118	52	105
351	278	118	52	105
352	278	118	52	105
353	278	118	52	105
354	278	117	52	104
355	278	117	52	104
356	278	117	52	104
357	278	118	51	103
358	278	118	51	102
359	278	118	50	101
360	278	119	50	100
361	279	120	49	99
362	279	120	49	98
363	279	121	48	97
364	280	121	48	96
365	280	121	48	96
366	281	122	48	96
367	281	122	47	95
368	282	122	47	95
369	282	122	47	95
370	283	122	47	95
371	283	122	47	95
372	284	121	47	95
373	284	121	47	95
374	284	121	47	95
375	284	121	47	95
376	285	121	47	95
377	285	121	47	95
378	285	121	47	95
379	285	120	47	95
380	285	120	48	96
381	285	120	48	96
3D Trajetory (frame, x, z, height, pose)
1	-0.97	3.75	1.71	4.00
2	-0.96	3.67	1.70	4.00
3	-0.96	3.60	1.70	4.00
4	-0.96	3.59	1.69	4.00
5	-0.95	3.58	1.68	4.00
6	-0.93	3.55	1.69	4.00
7	-0.91	3.52	1.70	4.00
8	-0.91	3.51	1.69	4.00
9	-0.91	3.49	1.68	4.00
10	-0.90	3.48	1.69	4.00
11	-0.89	3.47	1.69	4.00
12	-0.89	3.46	1.69	4.00
13	-0.88	3.44	1.70	4.00
14	-0.88	3.43	1.70	4.00
15	-0.87	3.41	1.71	4.00
16	-0.87	3.40	1.71	4.00
17	-0.86	3.39	1.71	4.00
18	-0.86	3.38	1.71	4.00
19	-0.85	3.36	1.71	4.00
20	-0.85	3.36	1.71	4.00
21	-0.85	3.35	1.71	4.00
22	-0.85	3.34	1.71	4.00
23	-0.85	3.33	1.71	4.00
24	-0.85	3.32	1.72	4.00
25	-0.85	3.32	1.72	4.00
26	-0.85	3.31	1.72	4.00
27	-0.85	3.31	1.72	4.00
28	-0.84	3.30	1.71	4.00
29	-0.84	3.29	1.71	4.00
30	-0.84	3.29	1.71	4.00
31	-0.83	3.29	1.71	4.00
32	-0.84	3.28	1.71	4.00
33	-0.84	3.27	1.70	2.00
34	-0.84	3.27	1.70	2.00
35	-0.84	3.27	1.70	2.00
36	-0.84	3.28	1.70	2.00
37	-0.84	3.28	1.71	2.00
38	-0.85	3.28	1.70	2.00
39	-0.85	3.28	1.70	4.00
40	-0.86	3.28	1.70	4.00
41	-0.86	3.28	1.70	4.00
42	-0.86	3.28	1.69	4.00
43	-0.86	3.28	1.69	4.00
44	-0.87	3.28	1.69	4.00
45	-0.87	3.28	1.70	4.00
46	-0.87	3.28	1.70	4.00
47	-0.87	3.27	1.71	4.00
48	-0.87	3.27	1.71	4.00
49	-0.87	3.27	1.70	4.00
50	-0.88	3.28	1.70	4.00
51	-0.88	3.29	1.70	4.00
52	-0.89	3.30	1.69	4.00
53	-0.89	3.31	1.69	4.00
54	-0.89	3.31	1.69	4.00
55	-0.89	3.32	1.69	4.00
56	-0.88	3.32	1.69	4.00
57	-0.88	3.32	1.69	2.00
58	-0.88	3.32	1.70	2.00
59	-0.88	3.32	1.70	4.00
60	-0.89	3.31	1.71	4.00
61	-0.89	3.31	1.71	4.00
62	-0.89	3.31	1.72	4.00
63	-0.89	3.32	1.72	4.00
64	-0.89	3.32	1.72	4.00
65	-0.89	3.32	1.71	4.00
66	-0.89	3.33	1.71	4.00
67	-0.89	3.34	1.70	4.00
68	-0.89	3.34	1.70	4.00
69	-0.89	3.34	1.69	4.00
70	-0.89	3.33	1.70	4.00
71	-0.88	3.33	1.71	4.00
72	-0.88	3.32	1.70	4.00
73	-0.88	3.31	1.70	4.00
74	-0.88	3.31	1.70	4.00
75	-0.88	3.31	1.71	4.00
76	-0.88	3.30	1.71	4.00
77	-0.88	3.30	1.71	2.00
78	-0.88	3.30	1.71	2.00
79	-0.88	3.29	1.70	4.00
80	-0.87	3.30	1.70	4.00
81	-0.87	3.30	1.70	4.00
82	-0.86	3.30	1.70	4.00
83	-0.86	3.31	1.69	2.00
84	-0.85	3.31	1.69	2.00
85	-0.84	3.32	1.69	2.00
86	-0.84	3.33	1.69	2.00
87	-0.84	3.34	1.69	2.00
88	-0.84	3.35	1.69	2.00
89	-0.84	3.35	1.68	2.00
90	-0.84	3.36	1.68	2.00
91	-0.84	3.37	1.68	2.00
92	-0.84	3.37	1.68	2.00
93	-0.84	3.36	1.68	2.00
94	-0.85	3.36	1.67	2.00
95	-0.85	3.36	1.67	4.00
96	-0.85	3.37	1.67	4.00
97	-0.84	3.37	1.67	4.00
98	-0.84	3.38	1.66	4.00
99	-0.84	3.38	1.66	4.00
100	-0.85	3.39	1.66	4.00
101	-0.85	3.39	1.65	2.00
102	-0.85	3.42	1.64	2.00
103	-0.86	3.44	1.62	4.00
104	-0.86	3.45	1.62	4.00
105	-0.85	3.46	1.62	4.00
106	-0.85	3.47	1.61	4.00
107	-0.85	3.49	1.61	2.00
108	-0.85	3.50	1.62	2.00
109	-0.85	3.50	1.63	4.00
110	-0.85	3.51	1.63	4.00
111	-0.84	3.51	1.63	4.00
112	-0.84	3.52	1.63	4.00
113	-0.84	3.52	1.63	4.00
114	-0.82	3.51	1.64	4.00
115	-0.81	3.50	1.64	4.00
116	-0.80	3.50	1.65	4.00
117	-0.79	3.50	1.66	4.00
118	-0.78	3.50	1.65	4.00
119	-0.77	3.51	1.64	4.00
120	-0.77	3.51	1.65	4.00
121	-0.76	3.51	1.65	4.00
122	-0.76	3.51	1.65	4.00
123	-0.75	3.51	1.66	4.00
124	-0.75	3.52	1.65	4.00
125	-0.74	3.52	1.65	4.00
126	-0.74	3.54	1.64	4.00
127	-0.75	3.55	1.63	4.00
128	-0.75	3.56	1.62	4.00
129	-0.75	3.56	1.61	4.00
130	-0.75	3.56	1.60	4.00
131	-0.75	3.56	1.59	4.00
132	-0.75	3.56	1.59	4.00
133	-0.76	3.57	1.59	4.00
134	-0.76	3.57	1.58	4.00
135	-0.76	3.57	1.58	4.00
136	-0.77	3.58	1.58	4.00
137	-0.77	3.58	1.58	4.00
138	-0.77	3.59	1.58	4.00
139	-0.78	3.59	1.58	4.00
140	-0.77	3.59	1.57	4.00
141	-0.76	3.60	1.57	4.00
142	-0.76	3.62	1.56	4.00
143	-0.75	3.64	1.56	4.00
144	-0.75	3.65	1.56	4.00
145	-0.75	3.66	1.56	4.00
146	-0.75	3.68	1.56	4.00
147	-0.75	3.70	1.56	4.00
148	-0.75	3.71	1.56	4.00
149	-0.75	3.73	1.55	4.00
150	-0.75	3.75	1.54	4.00
151	-0.76	3.76	1.53	4.00
152	-0.77	3.78	1.53	4.00
153	-0.78	3.80	1.52	4.00
154	-0.80	3.82	1.51	4.00
155	-0.82	3.84	1.49	4.00
156	-0.84	3.86	1.49	4.00
157	-0.86	3.89	1.48	4.00
158	-0.87	3.91	1.47	4.00
159	-0.89	3.94	1.47	4.00
160	-0.90	3.96	1.47	4.00
161	-0.91	3.99	1.48	4.00
162	-0.92	4.03	1.47	4.00
163	-0.94	4.07	1.47	4.00
164	-0.95	4.10	1.47	4.00
165	-0.96	4.13	1.48	4.00
166	-0.97	4.16	1.48	4.00
167	-0.98	4.18	1.48	4.00
168	-0.98	4.21	1.49	4.00
169	-0.99	4.24	1.49	4.00
170	-1.01	4.26	1.50	4.00
171	-1.02	4.29	1.50	4.00
172	-1.03	4.30	1.50	4.00
173	-1.03	4.31	1.50	4.00
174	-1.03	4.32	1.51	4.00
175	-1.04	4.34	1.52	4.00
176	-1.04	4.36	1.53	4.00
177	-1.04	4.37	1.53	4.00
178	-1.04	4.39	1.54	4.00
179	-1.05	4.40	1.55	4.00
180	-1.04	4.43	1.55	4.00
181	-1.04	4.45	1.55	4.00
182	-1.05	4.51	1.54	4.00
183	-1.07	4.56	1.52	4.00
184	-1.08	4.60	1.52	4.00
185	-1.09	4.64	1.51	4.00
186	-1.09	4.65	1.51	4.00
187	-1.09	4.66	1.52	4.00
188	-1.09	4.68	1.53	4.00
189	-1.10	4.70	1.54	4.00
190	-1.10	4.73	1.54	4.00
191	-1.10	4.76	1.55	4.00
192	-1.11	4.79	1.54	4.00
193	-1.13	4.83	1.52	4.00
194	-1.13	4.86	1.52	4.00
195	-1.14	4.89	1.52	4.00
196	-1.14	4.92	1.53	4.00
197	-1.14	4.96	1.53	4.00
198	-1.15	4.99	1.53	4.00
199	-1.15	5.02	1.52	4.00
200	-1.16	5.05	1.52	4.00
201	-1.16	5.08	1.51	4.00
202	-1.16	5.11	1.51	4.00
203	-1.16	5.15	1.52	4.00
204	-1.16	5.17	1.53	4.00
205	-1.16	5.20	1.54	4.00
206	-1.16	5.22	1.55	4.00
207	-1.16	5.25	1.56	4.00
208	-1.16	5.28	1.56	4.00
209	-1.16	5.31	1.56	4.00
210	-1.16	5.34	1.57	4.00
211	-1.16	5.36	1.58	4.00
212	-1.16	5.39	1.58	4.00
213	-1.16	5.42	1.58	4.00
214	-1.16	5.46	1.56	4.00
215	-1.16	5.50	1.54	4.00
216	-1.16	5.54	1.53	4.00
217	-1.16	5.58	1.52	4.00
218	-1.15	5.61	1.52	4.00
219	-1.14	5.65	1.51	4.00
220	-1.14	5.68	1.52	4.00
221	-1.15	5.71	1.52	4.00
222	-1.14	5.74	1.53	4.00
223	-1.14	5.77	1.53	4.00
224	-1.13	5.79	1.54	4.00
225	-1.13	5.81	1.56	4.00
226	-1.12	5.84	1.56	4.00
227	-1.11	5.86	1.56	4.00
228	-1.11	5.89	1.58	4.00
229	-1.10	5.91	1.59	4.00
230	-1.11	5.94	1.60	4.00
231	-1.12	5.97	1.60	4.00
232	-1.12	5.99	1.59	4.00
233	-1.12	6.01	1.59	4.00
234	-1.12	6.04	1.58	4.00
235	-1.12	6.07	1.58	4.00
236	-1.13	6.12	1.58	4.00
237	-1.13	6.16	1.57	4.00
238	-1.13	6.18	1.58	4.00
239	-1.14	6.21	1.58	4.00
240	-1.14	6.22	1.60	4.00
241	-1.13	6.24	1.61	4.00
242	-1.13	6.27	1.61	4.00
243	-1.13	6.29	1.61	4.00
244	-1.12	6.32	1.62	4.00
245	-1.12	6.34	1.62	4.00
246	-1.12	6.37	1.62	4.00
247	-1.12	6.39	1.63	4.00
248	-1.12	6.42	1.61	4.00
249	-1.12	6.45	1.59	4.00
250	-1.12	6.48	1.59	4.00
251	-1.12	6.51	1.58	4.00
252	-1.13	6.53	1.58	4.00
253	-1.13	6.55	1.58	4.00
254	-1.14	6.57	1.59	4.00
255	-1.14	6.58	1.59	4.00
256	-1.14	6.59	1.60	4.00
257	-1.13	6.60	1.61	4.00
258	-1.13	6.61	1.62	4.00
259	-1.13	6.62	1.63	4.00
260	-1.15	6.63	1.64	4.00
261	-1.16	6.64	1.65	4.00
262	-1.17	6.65	1.66	4.00
263	-1.18	6.66	1.67	4.00
264	-1.19	6.68	1.67	4.00
265	-1.19	6.70	1.67	4.00
266	-1.20	6.71	1.66	4.00
267	-1.20	6.72	1.64	4.00
268	-1.20	6.71	1.65	4.00
269	-1.20	6.70	1.67	4.00
270	-1.20	6.70	1.67	4.00
271	-1.20	6.70	1.68	4.00
272	-1.21	6.72	1.67	4.00
273	-1.21	6.75	1.66	4.00
274	-1.21	6.77	1.65	4.00
275	-1.21	6.79	1.65	4.00
276	-1.21	6.81	1.64	4.00
277	-1.21	6.83	1.64	4.00
278	-1.21	6.85	1.63	4.00
279	-1.21	6.87	1.61	4.00
280	-1.21	6.89	1.61	4.00
281	-1.20	6.91	1.60	4.00
282	-1.21	6.92	1.61	4.00
283	-1.21	6.93	1.61	4.00
284	-1.22	6.95	1.61	4.00
285	-1.22	6.97	1.60	4.00
286	-1.23	6.99	1.61	4.00
287	-1.23	7.00	1.62	4.00
288	-1.24	7.02	1.62	4.00
289	-1.25	7.04	1.62	4.00
290	-1.25	7.05	1.63	4.00
291	-1.26	7.07	1.63	4.00
292	-1.26	7.10	1.65	4.00
293	-1.27	7.12	1.66	4.00
294	-1.28	7.13	1.66	4.00
295	-1.29	7.15	1.66	4.00
296	-1.30	7.17	1.65	4.00
297	-1.31	7.20	1.64	4.00
298	-1.32	7.23	1.65	4.00
299	-1.32	7.25	1.65	4.00
300	-1.33	7.28	1.65	4.00
301	-1.34	7.30	1.64	4.00
302	-1.35	7.32	1.64	4.00
303	-1.36	7.35	1.64	4.00
304	-1.38	7.36	1.64	4.00
305	-1.40	7.37	1.64	4.00
306	-1.40	7.39	1.64	4.00
307	-1.41	7.42	1.63	4.00
308	-1.41	7.44	1.63	4.00
309	-1.42	7.46	1.62	4.00
310	-1.42	7.49	1.61	4.00
311	-1.43	7.52	1.60	4.00
312	-1.44	7.52	1.61	4.00
313	-1.44	7.52	1.62	4.00
314	-1.44	7.53	1.63	4.00
315	-1.45	7.54	1.65	4.00
316	-1.46	7.55	1.65	4.00
317	-1.47	7.56	1.66	4.00
318	-1.47	7.58	1.66	4.00
319	-1.48	7.59	1.67	4.00
320	-1.48	7.60	1.68	4.00
321	-1.48	7.61	1.68	4.00
322	-1.48	7.63	1.69	4.00
323	-1.47	7.64	1.70	4.00
324	-1.47	7.64	1.71	4.00
325	-1.47	7.65	1.73	4.00
326	-1.47	7.66	1.73	4.00
327	-1.47	7.67	1.73	2.00
328	-1.48	7.68	1.73	2.00
329	-1.49	7.69	1.74	2.00
330	-1.49	7.71	1.72	2.00
331	-1.49	7.73	1.71	2.00
332	-1.50	7.74	1.72	2.00
333	-1.52	7.75	1.73	3.00
334	-1.52	7.76	1.71	3.00
335	-1.52	7.77	1.70	4.00
336	-1.52	7.78	1.71	4.00
337	-1.51	7.79	1.72	4.00
338	-1.51	7.80	1.71	4.00
339	-1.51	7.81	1.70	4.00
340	-1.51	7.82	1.69	4.00
341	-1.51	7.82	1.68	4.00
342	-1.51	7.83	1.68	4.00
343	-1.52	7.84	1.68	4.00
344	-1.52	7.86	1.69	4.00
345	-1.51	7.87	1.69	4.00
346	-1.52	7.88	1.68	4.00
347	-1.52	7.89	1.66	4.00
348	-1.52	7.89	1.67	4.00
349	-1.52	7.90	1.68	4.00
350	-1.52	7.92	1.69	4.00
351	-1.52	7.94	1.69	4.00
352	-1.52	7.95	1.70	4.00
353	-1.53	7.96	1.70	2.00
354	-1.53	7.97	1.71	2.00
355	-1.54	7.98	1.71	4.00
356	-1.55	7.99	1.69	4.00
357	-1.56	8.00	1.67	4.00
358	-1.56	8.02	1.66	4.00
359	-1.57	8.03	1.65	4.00
360	-1.57	8.05	1.64	4.00
361	-1.58	8.07	1.62	4.00
362	-1.58	8.08	1.61	4.00
363	-1.58	8.08	1.59	4.00
364	-1.59	8.08	1.58	4.00
365	-1.60	8.09	1.57	4.00
366	-1.61	8.10	1.57	4.00
367	-1.62	8.12	1.57	4.00
368	-1.62	8.14	1.58	4.00
369	-1.63	8.16	1.59	4.00
370	-1.63	8.17	1.59	4.00
371	-1.63	8.19	1.59	4.00
372	-1.63	8.21	1.59	4.00
373	-1.63	8.22	1.59	4.00
374	-1.63	8.24	1.59	4.00
375	-1.63	8.26	1.59	4.00
376	-1.63	8.27	1.60	4.00
377	-1.62	8.27	1.61	4.00
378	-1.63	8.29	1.61	4.00
379	-1.63	8.31	1.61	4.00
380	-1.63	8.30	1.62	4.00
381	-1.63	8.29	1.63	4.00
Target 2 (frames from 1 to 183)
Bounding Boxes (frame, x, y, width, height)
1	68	106	112	225
2	69	107	113	226
3	70	107	113	227
4	70	108	114	228
5	71	108	114	229
6	71	108	114	229
7	72	109	115	230
8	72	109	115	230
9	73	110	115	231
10	73	111	115	231
11	73	111	115	231
12	73	112	116	232
13	73	113	116	232
14	73	114	116	232
15	73	114	116	232
16	73	115	116	232
17	72	115	116	232
18	72	115	115	231
19	73	114	115	231
20	73	114	115	230
21	73	114	115	230
22	73	115	115	230
23	73	115	115	230
24	73	116	115	230
25	74	117	114	229
26	75	118	114	228
27	75	119	113	227
28	76	121	112	225
29	77	122	112	224
30	78	123	111	222
31	79	123	110	221
32	80	124	110	220
33	81	125	109	218
34	82	125	108	217
35	83	125	108	216
36	83	124	107	215
37	84	124	107	214
38	84	124	106	213
39	85	123	106	213
40	85	123	106	213
41	85	122	106	213
42	85	122	106	212
43	85	122	106	212
44	85	122	105	211
45	85	121	105	211
46	85	121	105	210
47	85	121	105	210
48	84	122	104	209
49	83	122	104	209
50	82	122	104	209
51	82	122	104	208
52	82	122	103	207
53	82	122	103	207
54	82	122	103	206
55	82	122	103	207
56	82	122	103	207
57	82	121	104	208
58	82	120	104	209
59	82	119	105	210
60	81	118	106	212
61	81	117	106	213
62	80	117	107	214
63	79	116	107	215
64	78	116	107	215
65	77	116	108	216
66	76	116	108	216
67	76	115	108	216
68	76	115	108	216
69	76	116	108	216
70	77	116	108	216
71	77	116	108	216
72	78	116	108	216
73	79	116	108	216
74	80	116	108	217
75	80	116	108	217
76	81	116	108	217
77	82	116	108	216
78	83	116	108	216
79	84	117	107	215
80	85	118	107	214
81	85	118	106	213
82	86	119	106	213
83	87	119	106	213
84	88	120	106	212
85	89	120	105	211
86	90	121	105	210
87	90	121	104	209
88	91	122	104	208
89	91	122	103	207
90	92	123	103	206
91	93	123	102	205
92	94	124	102	204
93	94	125	101	202
94	95	126	100	201
95	96	127	100	200
96	97	128	99	198
97	98	129	98	197
98	99	129	98	197
99	100	129	98	197
100	101	129	98	197
101	103	129	99	198
102	104	129	99	198
103	105	129	99	199
104	107	128	99	199
105	108	128	100	200
106	109	128	100	200
107	110	127	100	201
108	111	127	101	202
109	112	127	101	202
110	113	127	101	203
111	115	128	101	203
112	116	128	101	203
113	118	129	101	202
114	121	130	100	201
115	123	131	100	200
116	125	132	99	198
117	127	133	98	197
118	129	134	98	196
119	131	134	97	195
120	133	135	97	194
121	134	135	96	193
122	135	136	96	193
123	136	136	96	192
124	137	137	95	191
125	138	137	95	190
126	139	137	94	189
127	140	136	94	188
128	141	136	93	187
129	143	136	93	186
130	144	135	92	185
131	146	134	92	184
132	147	133	91	183
133	149	133	91	183
134	150	133	91	182
135	152	132	91	182
136	154	132	91	183
137	156	131	91	183
138	157	131	91	183
139	159	131	92	184
140	161	131	92	184
141	162	132	92	184
142	164	132	92	184
143	165	132	92	184
144	166	132	91	183
145	167	133	91	183
146	168	133	91	182
147	170	133	90	181
148	171	134	90	180
149	172	134	89	179
150	173	135	88	177
151	174	137	87	175
152	175	138	86	172
153	176	139	85	170
154	177	140	83	167
155	178	142	82	164
156	179	143	80	161
157	180	144	79	158
158	181	145	77	155
159	181	145	76	152
160	181	145	75	150
161	182	145	74	148
162	182	145	73	146
163	182	144	72	145
164	183	143	72	145
165	183	142	72	145
166	183	141	72	144
167	184	141	72	144
168	184	141	71	143
169	185	140	71	143
170	186	140	71	143
171	187	140	71	142
172	188	140	71	142
173	188	140	70	141
174	189	140	70	140
175	189	140	70	140
176	190	140	69	139
177	191	140	69	138
178	192	140	68	137
179	192	141	68	137
180	193	141	68	136
181	194	141	67	135
182	195	141	67	134
183	196	141	66	133
3D Trajetory (frame, x, z, height, pose)
1	-1.61	3.39	1.55	2.00
2	-1.61	3.40	1.55	2.00
3	-1.62	3.41	1.55	2.00
4	-1.62	3.42	1.56	2.00
5	-1.61	3.42	1.56	2.00
6	-1.60	3.41	1.56	2.00
7	-1.59	3.40	1.57	2.00
8	-1.59	3.40	1.56	2.00
9	-1.59	3.41	1.56	4.00
10	-1.58	3.39	1.58	4.00
11	-1.57	3.38	1.59	1.00
12	-1.57	3.37	1.59	1.00
13	-1.57	3.37	1.59	1.00
14	-1.58	3.39	1.58	1.00
15	-1.59	3.40	1.57	1.00
16	-1.59	3.41	1.57	1.00
17	-1.60	3.42	1.57	2.00
18	-1.59	3.40	1.57	2.00
19	-1.58	3.39	1.58	2.00
20	-1.59	3.39	1.58	2.00
21	-1.60	3.40	1.57	2.00
22	-1.61	3.40	1.57	2.00
23	-1.61	3.40	1.58	2.00
24	-1.60	3.40	1.58	2.00
25	-1.59	3.40	1.58	2.00
26	-1.59	3.40	1.57	2.00
27	-1.59	3.41	1.56	2.00
28	-1.59	3.41	1.55	2.00
29	-1.59	3.41	1.54	2.00
30	-1.59	3.43	1.53	2.00
31	-1.60	3.44	1.52	1.00
32	-1.59	3.45	1.52	1.00
33	-1.59	3.46	1.51	1.00
34	-1.59	3.47	1.51	1.00
35	-1.59	3.49	1.51	2.00
36	-1.60	3.49	1.51	2.00
37	-1.60	3.50	1.52	2.00
38	-1.60	3.51	1.51	2.00
39	-1.60	3.51	1.50	2.00
40	-1.60	3.52	1.50	2.00
41	-1.61	3.53	1.50	2.00
42	-1.61	3.54	1.50	2.00
43	-1.62	3.55	1.51	2.00
44	-1.62	3.56	1.51	2.00
45	-1.63	3.57	1.52	2.00
46	-1.64	3.57	1.52	2.00
47	-1.64	3.58	1.52	2.00
48	-1.64	3.58	1.52	2.00
49	-1.65	3.59	1.52	2.00
50	-1.65	3.60	1.50	2.00
51	-1.66	3.62	1.49	2.00
52	-1.67	3.63	1.50	2.00
53	-1.67	3.64	1.51	2.00
54	-1.68	3.64	1.51	2.00
55	-1.69	3.65	1.52	2.00
56	-1.69	3.66	1.52	2.00
57	-1.70	3.67	1.53	2.00
58	-1.70	3.68	1.53	2.00
59	-1.71	3.68	1.53	2.00
60	-1.70	3.65	1.55	2.00
61	-1.70	3.62	1.57	2.00
62	-1.70	3.62	1.57	2.00
63	-1.70	3.62	1.57	2.00
64	-1.70	3.62	1.57	2.00
65	-1.70	3.61	1.57	2.00
66	-1.69	3.61	1.57	2.00
67	-1.69	3.61	1.57	2.00
68	-1.69	3.62	1.56	2.00
69	-1.69	3.63	1.55	2.00
70	-1.69	3.63	1.55	2.00
71	-1.69	3.63	1.55	2.00
72	-1.68	3.60	1.56	2.00
73	-1.68	3.58	1.57	2.00
74	-1.68	3.58	1.57	2.00
75	-1.67	3.57	1.57	2.00
76	-1.67	3.57	1.57	2.00
77	-1.67	3.57	1.56	2.00
78	-1.67	3.57	1.56	2.00
79	-1.66	3.58	1.56	2.00
80	-1.67	3.58	1.55	2.00
81	-1.67	3.59	1.54	2.00
82	-1.67	3.60	1.53	2.00
83	-1.68	3.61	1.53	2.00
84	-1.68	3.61	1.53	2.00
85	-1.68	3.61	1.54	2.00
86	-1.68	3.61	1.54	2.00
87	-1.68	3.60	1.53	2.00
88	-1.67	3.58	1.54	2.00
89	-1.66	3.56	1.54	2.00
90	-1.69	3.63	1.52	2.00
91	-1.71	3.70	1.51	2.00
92	-1.71	3.71	1.51	2.00
93	-1.70	3.71	1.51	2.00
94	-1.70	3.71	1.50	2.00
95	-1.70	3.70	1.50	2.00
96	-1.70	3.71	1.49	2.00
97	-1.70	3.71	1.49	2.00
98	-1.70	3.71	1.49	2.00
99	-1.70	3.71	1.49	2.00
100	-1.69	3.71	1.49	2.00
101	-1.69	3.71	1.49	2.00
102	-1.68	3.72	1.49	2.00
103	-1.68	3.72	1.48	2.00
104	-1.66	3.72	1.49	2.00
105	-1.65	3.71	1.50	2.00
106	-1.63	3.70	1.51	2.00
107	-1.61	3.69	1.52	2.00
108	-1.60	3.69	1.52	2.00
109	-1.59	3.69	1.52	2.00
110	-1.57	3.70	1.52	2.00
111	-1.56	3.72	1.51	2.00
112	-1.55	3.72	1.52	2.00
113	-1.54	3.72	1.52	2.00
114	-1.53	3.71	1.52	2.00
115	-1.52	3.71	1.53	2.00
116	-1.53	3.75	1.52	2.00
117	-1.53	3.78	1.51	2.00
118	-1.53	3.80	1.50	2.00
119	-1.53	3.81	1.49	2.00
120	-1.52	3.81	1.49	2.00
121	-1.51	3.81	1.50	2.00
122	-1.51	3.81	1.49	2.00
123	-1.51	3.82	1.49	2.00
124	-1.50	3.82	1.49	2.00
125	-1.50	3.83	1.48	2.00
126	-1.50	3.84	1.48	2.00
127	-1.49	3.84	1.47	2.00
128	-1.50	3.84	1.47	2.00
129	-1.50	3.85	1.47	2.00
130	-1.49	3.88	1.46	2.00
131	-1.49	3.91	1.44	2.00
132	-1.49	3.91	1.44	2.00
133	-1.49	3.91	1.44	2.00
134	-1.47	3.90	1.44	2.00
135	-1.46	3.88	1.45	3.00
136	-1.45	3.88	1.45	3.00
137	-1.45	3.89	1.45	3.00
138	-1.44	3.87	1.45	3.00
139	-1.43	3.86	1.45	3.00
140	-1.42	3.86	1.45	3.00
141	-1.42	3.86	1.45	3.00
142	-1.41	3.86	1.46	3.00
143	-1.39	3.85	1.46	3.00
144	-1.40	3.86	1.45	3.00
145	-1.40	3.87	1.44	2.00
146	-1.40	3.89	1.44	2.00
147	-1.40	3.90	1.43	2.00
148	-1.40	3.91	1.43	2.00
149	-1.41	3.92	1.43	2.00
150	-1.40	3.93	1.42	2.00
151	-1.40	3.95	1.42	2.00
152	-1.40	3.97	1.42	2.00
153	-1.40	3.98	1.41	2.00
154	-1.41	4.03	1.38	2.00
155	-1.43	4.07	1.36	2.00
156	-1.45	4.12	1.34	2.00
157	-1.47	4.18	1.33	2.00
158	-1.48	4.22	1.33	2.00
159	-1.49	4.26	1.33	2.00
160	-1.51	4.31	1.33	2.00
161	-1.52	4.35	1.32	2.00
162	-1.55	4.43	1.32	2.00
163	-1.58	4.51	1.32	2.00
164	-1.58	4.53	1.33	2.00
165	-1.59	4.56	1.34	2.00
166	-1.59	4.58	1.35	2.00
167	-1.59	4.61	1.36	2.00
168	-1.59	4.62	1.37	2.00
169	-1.59	4.63	1.38	2.00
170	-1.60	4.66	1.37	2.00
171	-1.60	4.69	1.37	2.00
172	-1.61	4.71	1.36	2.00
173	-1.62	4.73	1.36	2.00
174	-1.62	4.75	1.36	2.00
175	-1.63	4.78	1.36	2.00
176	-1.64	4.81	1.36	2.00
177	-1.65	4.84	1.36	2.00
178	-1.66	4.86	1.36	2.00
179	-1.67	4.89	1.36	2.00
180	-1.66	4.91	1.37	2.00
181	-1.65	4.94	1.38	2.00
182	-1.65	4.97	1.37	2.00
183	-1.65	5.01	1.36	2.00
Target 3 (frames from 1 to 403)
Bounding Boxes (frame, x, y, width, height)
1	289	73	146	292
2	289	76	143	287
3	290	79	141	283
4	291	82	139	279
5	291	85	138	276
6	292	87	136	273
7	293	90	135	270
8	293	92	134	268
9	293	94	133	266
10	294	95	132	265
11	294	97	132	264
12	294	98	132	264
13	294	99	132	265
14	294	100	132	265
15	294	101	133	266
16	294	101	133	267
17	294	101	134	269
18	294	100	135	270
19	295	100	135	271
20	295	100	136	272
21	295	100	136	273
22	295	100	136	273
23	295	100	136	273
24	295	101	137	274
25	296	101	136	273
26	296	102	136	273
27	296	103	136	272
28	296	104	135	271
29	296	105	135	270
30	296	105	134	269
31	296	106	133	267
32	296	106	133	266
33	296	106	132	265
34	296	106	132	265
35	296	106	132	264
36	296	106	131	263
37	296	106	131	262
38	296	105	131	262
39	296	105	131	262
40	296	104	131	262
41	296	104	131	262
42	297	103	131	262
43	297	103	131	262
44	297	103	131	262
45	297	102	131	262
46	297	102	131	263
47	297	101	131	263
48	296	101	132	264
49	296	101	132	265
50	295	101	132	265
51	295	101	132	265
52	295	101	132	265
53	295	101	132	265
54	296	101	132	265
55	296	102	132	265
56	296	102	132	265
57	297	102	132	265
58	297	102	132	265
59	298	102	132	265
60	298	102	132	265
61	298	102	132	265
62	297	102	132	264
63	297	102	132	264
64	296	102	132	264
65	296	102	132	264
66	296	102	131	263
67	296	102	131	262
68	296	103	130	261
69	297	104	130	260
70	297	104	129	259
71	298	105	129	259
72	299	105	129	258
73	300	105	128	257
74	300	106	128	257
75	301	106	128	257
76	301	106	128	257
77	301	105	128	257
78	302	105	128	257
79	302	105	128	257
80	303	105	128	257
81	304	105	128	257
82	305	105	128	257
83	306	105	128	257
84	308	105	129	258
85	309	105	129	258
86	310	104	129	259
87	311	104	129	259
88	312	104	130	260
89	313	104	130	261
90	313	104	130	261
91	314	104	131	262
92	315	104	131	262
93	315	104	131	262
94	315	105	131	263
95	315	105	131	262
96	316	106	131	262
97	316	107	131	262
98	317	108	130	261
99	318	108	130	260
100	319	108	130	260
101	320	109	130	260
102	320	109	129	259
103	321	109	129	259
104	321	109	129	259
105	321	109	129	259
106	320	109	130	260
107	320	109	130	260
108	319	110	129	259
109	319	110	129	259
110	318	110	130	260
111	318	111	130	260
112	318	111	130	260
113	318	112	130	260
114	318	112	130	260
115	319	113	130	260
116	319	113	130	260
117	320	114	130	260
118	321	114	130	260
119	322	115	130	260
120	323	115	130	260
121	323	115	130	260
122	324	116	130	260
123	324	116	130	260
124	324	116	129	259
125	325	117	129	258
126	325	117	128	257
127	325	117	127	255
128	325	117	127	254
129	325	117	126	252
130	326	117	125	250
131	325	117	124	248
132	325	118	123	246
133	324	119	122	244
134	323	120	120	241
135	321	121	119	239
136	320	122	118	237
137	319	124	117	235
138	318	125	116	233
139	317	127	115	231
140	316	128	114	229
141	315	129	113	227
142	314	130	112	225
143	313	131	112	224
144	313	132	111	222
145	312	132	110	221
146	312	133	109	219
147	311	133	108	217
148	311	134	108	216
149	310	134	107	215
150	310	133	107	214
151	309	133	106	213
152	309	133	106	212
153	308	133	106	212
154	307	133	105	211
155	306	132	105	211
156	305	132	105	210
157	304	131	105	210
158	304	131	104	209
159	303	131	104	208
160	302	130	103	206
161	301	131	102	204
162	300	131	101	202
163	299	132	99	199
164	298	132	98	196
165	297	133	97	194
166	296	133	96	192
167	295	133	95	190
168	294	133	94	189
169	293	133	94	188
170	293	132	93	187
171	292	132	93	186
172	292	132	93	186
173	291	132	92	185
174	291	131	92	184
175	291	131	91	183
176	290	132	91	182
177	290	132	90	180
178	290	132	89	178
179	291	133	88	177
180	291	133	87	175
181	291	133	87	174
182	290	134	86	173
183	290	134	86	172
184	290	133	85	171
185	290	133	85	171
186	289	133	85	170
187	290	132	85	170
188	290	132	84	169
189	290	132	84	169
190	290	132	83	167
191	291	133	83	166
192	292	133	82	165
193	293	134	81	163
194	294	134	81	162
195	295	134	80	160
196	295	134	79	159
197	296	134	79	158
198	297	134	78	157
199	297	133	78	156
200	297	133	77	155
201	298	133	77	154
202	298	133	77	154
203	299	132	76	152
204	299	132	75	151
205	300	132	75	150
206	300	133	74	148
207	301	133	73	146
208	302	134	72	144
209	303	134	71	142
210	303	134	70	141
211	304	134	69	139
212	304	134	69	138
213	305	134	68	137
214	305	134	68	136
215	306	134	67	135
216	307	133	67	135
217	308	133	67	134
218	309	133	67	134
219	310	133	67	134
220	311	134	67	134
221	312	134	67	134
222	314	135	67	134
223	315	135	67	134
224	316	135	67	134
225	317	136	66	133
226	318	136	66	133
227	318	136	66	133
228	319	136	66	133
229	319	136	66	133
230	319	135	66	133
231	319	135	66	133
232	319	135	66	133
233	319	134	66	132
234	320	134	66	132
235	320	134	65	131
236	321	135	65	131
237	321	135	65	130
238	322	135	64	129
239	323	135	64	128
240	325	135	63	127
241	326	135	63	126
242	327	135	63	126
243	329	135	62	125
244	330	134	62	125
245	330	133	62	125
246	331	133	63	126
247	332	132	63	126
248	332	132	63	126
249	332	132	63	126
250	332	131	63	126
251	332	132	62	125
252	332	132	62	125
253	332	132	62	124
254	332	132	61	123
255	331	133	61	122
256	331	133	61	122
257	330	133	60	121
258	329	133	60	120
259	329	133	60	120
260	328	132	59	119
261	327	132	59	119
262	327	132	59	119
263	326	131	59	119
264	325	130	60	120
265	324	130	60	120
266	323	130	60	120
267	323	129	60	120
268	322	129	60	120
269	321	129	60	120
270	321	129	60	120
271	321	129	59	119
272	320	129	59	118
273	320	129	58	117
274	320	130	58	116
275	320	131	57	115
276	320	132	56	113
277	321	133	56	112
278	321	134	55	110
279	322	135	54	109
280	323	135	53	107
281	323	136	53	106
282	324	136	53	106
283	325	136	52	105
284	325	136	52	104
285	326	136	52	104
286	326	136	51	103
287	327	135	51	103
288	327	135	51	103
289	327	134	51	102
290	328	134	51	102
291	328	134	50	101
292	328	134	50	101
293	328	133	50	101
294	328	133	50	100
295	328	133	50	100
296	328	133	50	100
297	328	132	50	100
298	328	132	50	100
299	327	132	50	100
300	327	132	49	99
301	327	132	49	99
302	326	132	49	99
303	326	132	49	99
304	325	132	49	98
305	325	132	49	98
306	325	132	49	98
307	325	132	48	97
308	324	132	48	97
309	324	132	48	97
310	325	132	48	97
311	325	132	48	96
312	325	132	48	96
313	325	133	48	96
314	326	133	48	96
315	326	133	48	96
316	326	133	47	95
317	326	133	47	95
318	326	133	47	95
319	326	133	47	94
320	325	132	47	94
321	325	132	47	94
322	324	132	47	94
323	323	132	47	94
324	322	132	47	94
325	321	131	47	94
326	321	131	47	94
327	320	131	47	95
328	319	131	47	95
329	318	131	47	95
330	317	131	47	95
331	317	131	47	95
332	316	131	47	95
333	315	131	47	94
334	315	131	47	94
335	314	131	47	94
336	314	130	46	93
337	313	130	46	93
338	313	130	46	93
339	313	130	46	93
340	313	130	46	92
341	313	130	46	92
342	314	129	46	92
343	314	129	46	93
344	314	128	46	93
345	314	128	46	93
346	314	128	46	93
347	315	127	46	93
348	315	127	47	94
349	315	127	47	94
350	316	127	47	94
351	316	127	46	93
352	316	127	46	93
353	316	127	46	93
354	317	127	46	93
355	317	127	46	92
356	317	127	46	92
357	317	127	46	92
358	317	126	46	92
359	317	126	46	92
360	317	126	46	92
361	317	125	46	92
362	318	125	45	91
363	318	125	45	91
364	318	125	45	91
365	319	125	45	91
366	320	125	45	91
367	320	125	45	91
368	321	125	45	91
369	321	125	45	90
370	321	126	45	90
371	322	126	45	90
372	322	126	45	90
373	322	126	44	89
374	322	126	44	89
375	322	126	44	89
376	321	126	44	89
377	321	126	44	89
378	321	127	44	89
379	321	127	44	89
380	321	127	44	89
381	321	127	44	89
382	321	127	44	89
383	321	127	44	89
384	321	127	44	89
385	321	127	45	90
386	321	127	44	89
387	322	126	44	89
388	322	126	44	89
389	322	126	44	89
390	323	125	44	89
391	323	125	44	89
392	323	125	44	88
393	323	125	44	88
394	324	125	43	87
395	324	125	43	87
396	324	125	43	87
397	324	125	43	86
398	324	126	43	86
399	324	126	42	85
400	325	126	42	85
401	325	127	42	84
402	325	127	42	84
403	325	128	41	83
3D Trajetory (frame, x, z, height, pose)
1	-0.00	2.96	1.74	4.00
2	-0.01	3.00	1.73	4.00
3	-0.01	3.04	1.71	4.00
4	-0.01	3.07	1.71	4.00
5	-0.01	3.09	1.70	4.00
6	-0.01	3.10	1.69	4.00
7	-0.02	3.11	1.68	4.00
8	-0.02	3.13	1.67	4.00
9	-0.02	3.14	1.66	4.00
10	-0.02	3.14	1.67	4.00
11	-0.02	3.15	1.67	4.00
12	-0.02	3.14	1.67	4.00
13	-0.02	3.13	1.66	4.00
14	-0.02	3.13	1.66	4.00
15	-0.02	3.12	1.66	4.00
16	-0.02	3.11	1.66	4.00
17	-0.02	3.11	1.66	4.00
18	-0.02	3.09	1.67	4.00
19	-0.02	3.06	1.67	4.00
20	-0.01	3.05	1.67	4.00
21	-0.01	3.04	1.66	4.00
22	-0.01	3.04	1.66	4.00
23	-0.00	3.03	1.66	4.00
24	-0.00	3.03	1.66	4.00
25	-0.00	3.03	1.65	4.00
26	-0.01	3.04	1.65	4.00
27	-0.01	3.04	1.65	4.00
28	-0.01	3.05	1.65	4.00
29	-0.01	3.05	1.65	4.00
30	-0.01	3.06	1.65	4.00
31	-0.02	3.07	1.65	4.00
32	-0.02	3.08	1.64	4.00
33	-0.02	3.09	1.63	4.00
34	-0.02	3.09	1.63	4.00
35	-0.02	3.10	1.63	4.00
36	-0.02	3.10	1.63	4.00
37	-0.02	3.10	1.63	4.00
38	-0.02	3.11	1.63	4.00
39	-0.02	3.11	1.63	4.00
40	-0.02	3.12	1.63	4.00
41	-0.02	3.12	1.64	4.00
42	-0.02	3.13	1.63	4.00
43	-0.02	3.13	1.63	4.00
44	-0.02	3.12	1.63	4.00
45	-0.02	3.11	1.63	4.00
46	-0.02	3.12	1.64	4.00
47	-0.02	3.12	1.64	4.00
48	-0.02	3.12	1.64	4.00
49	-0.02	3.12	1.64	4.00
50	-0.02	3.12	1.65	4.00
51	-0.02	3.12	1.65	4.00
52	-0.02	3.11	1.65	4.00
53	-0.02	3.11	1.65	4.00
54	-0.01	3.11	1.65	4.00
55	-0.01	3.11	1.65	4.00
56	-0.01	3.12	1.64	4.00
57	-0.01	3.12	1.63	4.00
58	-0.01	3.12	1.64	4.00
59	-0.01	3.12	1.65	4.00
60	-0.02	3.12	1.65	4.00
61	-0.02	3.12	1.65	4.00
62	-0.02	3.12	1.66	4.00
63	-0.03	3.13	1.66	4.00
64	-0.02	3.13	1.66	4.00
65	-0.02	3.13	1.65	4.00
66	-0.02	3.13	1.65	4.00
67	-0.02	3.13	1.64	4.00
68	-0.02	3.14	1.64	4.00
69	-0.02	3.15	1.63	4.00
70	-0.01	3.15	1.63	4.00
71	-0.01	3.16	1.63	4.00
72	-0.01	3.16	1.63	4.00
73	-0.01	3.17	1.63	4.00
74	-0.01	3.17	1.63	4.00
75	-0.02	3.17	1.63	4.00
76	-0.02	3.17	1.63	4.00
77	-0.01	3.17	1.63	4.00
78	-0.01	3.17	1.63	4.00
79	-0.01	3.17	1.63	4.00
80	-0.01	3.17	1.63	4.00
81	-0.02	3.17	1.63	4.00
82	-0.02	3.17	1.63	4.00
83	-0.02	3.18	1.64	4.00
84	-0.00	3.18	1.64	4.00
85	0.01	3.18	1.64	4.00
86	0.02	3.18	1.63	4.00
87	0.03	3.17	1.63	4.00
88	0.03	3.16	1.64	4.00
89	0.03	3.16	1.64	4.00
90	0.03	3.16	1.65	4.00
91	0.03	3.15	1.66	4.00
92	0.04	3.14	1.65	4.00
93	0.04	3.14	1.64	4.00
94	0.04	3.13	1.65	4.00
95	0.05	3.12	1.65	4.00
96	0.05	3.13	1.64	4.00
97	0.05	3.14	1.63	4.00
98	0.05	3.14	1.63	4.00
99	0.05	3.14	1.63	4.00
100	0.05	3.13	1.63	4.00
101	0.05	3.13	1.63	4.00
102	0.05	3.14	1.63	4.00
103	0.05	3.15	1.63	4.00
104	0.05	3.15	1.63	4.00
105	0.06	3.16	1.63	4.00
106	0.06	3.15	1.63	4.00
107	0.06	3.15	1.64	4.00
108	0.05	3.15	1.63	4.00
109	0.04	3.14	1.63	4.00
110	0.05	3.15	1.64	4.00
111	0.05	3.15	1.64	4.00
112	0.05	3.15	1.64	4.00
113	0.05	3.16	1.64	4.00
114	0.06	3.16	1.64	4.00
115	0.06	3.16	1.63	4.00
116	0.06	3.16	1.64	4.00
117	0.05	3.15	1.64	4.00
118	0.06	3.15	1.64	4.00
119	0.06	3.15	1.63	4.00
120	0.06	3.14	1.63	4.00
121	0.06	3.14	1.63	4.00
122	0.06	3.14	1.63	4.00
123	0.06	3.14	1.64	4.00
124	0.06	3.14	1.63	4.00
125	0.07	3.14	1.62	4.00
126	0.07	3.14	1.62	4.00
127	0.06	3.14	1.61	4.00
128	0.06	3.16	1.60	4.00
129	0.05	3.17	1.59	4.00
130	0.05	3.17	1.58	4.00
131	0.05	3.18	1.57	4.00
132	0.03	3.18	1.56	4.00
133	0.02	3.19	1.56	4.00
134	0.01	3.19	1.55	4.00
135	-0.00	3.20	1.54	4.00
136	-0.03	3.21	1.52	4.00
137	-0.05	3.23	1.51	4.00
138	-0.07	3.24	1.51	4.00
139	-0.08	3.24	1.50	4.00
140	-0.10	3.26	1.49	4.00
141	-0.11	3.27	1.47	4.00
142	-0.12	3.28	1.48	4.00
143	-0.14	3.30	1.48	4.00
144	-0.15	3.31	1.48	4.00
145	-0.16	3.33	1.47	4.00
146	-0.16	3.34	1.47	4.00
147	-0.16	3.35	1.47	4.00
148	-0.17	3.36	1.46	4.00
149	-0.18	3.37	1.46	4.00
150	-0.19	3.40	1.45	4.00
151	-0.20	3.42	1.45	4.00
152	-0.21	3.45	1.45	4.00
153	-0.22	3.48	1.45	4.00
154	-0.22	3.47	1.46	4.00
155	-0.23	3.47	1.48	4.00
156	-0.23	3.48	1.48	4.00
157	-0.24	3.49	1.48	4.00
158	-0.25	3.51	1.48	4.00
159	-0.26	3.52	1.48	4.00
160	-0.27	3.55	1.48	4.00
161	-0.28	3.58	1.47	4.00
162	-0.30	3.62	1.47	4.00
163	-0.31	3.66	1.47	4.00
164	-0.32	3.71	1.46	4.00
165	-0.34	3.76	1.45	4.00
166	-0.34	3.79	1.45	4.00
167	-0.35	3.81	1.45	4.00
168	-0.37	3.83	1.45	4.00
169	-0.39	3.86	1.45	4.00
170	-0.40	3.87	1.46	4.00
171	-0.41	3.89	1.47	4.00
172	-0.42	3.91	1.47	4.00
173	-0.43	3.93	1.48	4.00
174	-0.44	3.96	1.48	4.00
175	-0.44	3.99	1.47	4.00
176	-0.45	4.03	1.47	4.00
177	-0.46	4.06	1.48	4.00
178	-0.47	4.09	1.47	4.00
179	-0.48	4.12	1.47	4.00
180	-0.49	4.15	1.46	4.00
181	-0.49	4.18	1.45	4.00
182	-0.50	4.21	1.46	4.00
183	-0.51	4.25	1.46	4.00
184	-0.51	4.26	1.46	4.00
185	-0.51	4.28	1.47	4.00
186	-0.51	4.29	1.47	4.00
187	-0.51	4.30	1.47	4.00
188	-0.51	4.32	1.48	4.00
189	-0.52	4.33	1.49	4.00
190	-0.52	4.36	1.49	4.00
191	-0.52	4.38	1.49	4.00
192	-0.52	4.42	1.48	4.00
193	-0.52	4.45	1.47	4.00
194	-0.52	4.49	1.46	4.00
195	-0.52	4.53	1.45	4.00
196	-0.53	4.57	1.45	4.00
197	-0.53	4.60	1.44	4.00
198	-0.54	4.64	1.46	4.00
199	-0.54	4.68	1.47	4.00
200	-0.55	4.70	1.48	4.00
201	-0.56	4.71	1.50	4.00
202	-0.57	4.74	1.49	4.00
203	-0.57	4.77	1.48	4.00
204	-0.57	4.81	1.47	4.00
205	-0.58	4.84	1.47	4.00
206	-0.58	4.88	1.46	4.00
207	-0.58	4.92	1.45	4.00
208	-0.59	4.96	1.44	4.00
209	-0.60	5.00	1.42	4.00
210	-0.60	5.03	1.42	4.00
211	-0.61	5.07	1.42	4.00
212	-0.61	5.10	1.42	4.00
213	-0.62	5.13	1.42	4.00
214	-0.62	5.17	1.42	4.00
215	-0.63	5.20	1.42	4.00
216	-0.63	5.24	1.42	4.00
217	-0.64	5.27	1.43	4.00
218	-0.63	5.31	1.43	4.00
219	-0.63	5.34	1.44	4.00
220	-0.63	5.37	1.45	4.00
221	-0.63	5.40	1.47	4.00
222	-0.63	5.43	1.48	4.00
223	-0.62	5.46	1.49	4.00
224	-0.62	5.49	1.49	4.00
225	-0.62	5.51	1.49	4.00
226	-0.63	5.55	1.49	4.00
227	-0.63	5.58	1.49	4.00
228	-0.63	5.60	1.50	4.00
229	-0.64	5.63	1.51	4.00
230	-0.64	5.65	1.51	4.00
231	-0.65	5.68	1.52	4.00
232	-0.65	5.69	1.53	4.00
233	-0.66	5.71	1.53	4.00
234	-0.66	5.73	1.54	4.00
235	-0.66	5.75	1.55	4.00
236	-0.66	5.79	1.54	4.00
237	-0.66	5.83	1.54	4.00
238	-0.65	5.87	1.53	4.00
239	-0.65	5.92	1.52	4.00
240	-0.65	5.96	1.52	4.00
241	-0.65	6.00	1.52	4.00
242	-0.64	6.02	1.52	4.00
243	-0.64	6.05	1.53	4.00
244	-0.63	6.08	1.54	4.00
245	-0.62	6.11	1.55	4.00
246	-0.62	6.13	1.56	4.00
247	-0.61	6.14	1.58	4.00
248	-0.61	6.17	1.58	4.00
249	-0.61	6.20	1.59	4.00
250	-0.62	6.23	1.59	4.00
251	-0.63	6.27	1.59	4.00
252	-0.63	6.29	1.59	4.00
253	-0.62	6.32	1.59	4.00
254	-0.63	6.33	1.57	4.00
255	-0.65	6.34	1.56	4.00
256	-0.65	6.36	1.56	4.00
257	-0.65	6.39	1.57	4.00
258	-0.65	6.41	1.56	4.00
259	-0.64	6.42	1.56	4.00
260	-0.65	6.45	1.56	4.00
261	-0.66	6.47	1.55	4.00
262	-0.66	6.49	1.56	4.00
263	-0.67	6.50	1.57	4.00
264	-0.67	6.51	1.57	4.00
265	-0.67	6.52	1.57	4.00
266	-0.67	6.53	1.58	4.00
267	-0.68	6.54	1.60	4.00
268	-0.68	6.55	1.60	4.00
269	-0.68	6.56	1.60	4.00
270	-0.69	6.57	1.61	4.00
271	-0.69	6.58	1.61	4.00
272	-0.70	6.62	1.59	4.00
273	-0.71	6.65	1.58	4.00
274	-0.71	6.69	1.57	4.00
275	-0.72	6.72	1.55	4.00
276	-0.72	6.75	1.54	4.00
277	-0.72	6.77	1.53	4.00
278	-0.72	6.81	1.52	4.00
279	-0.72	6.84	1.51	4.00
280	-0.72	6.87	1.49	4.00
281	-0.72	6.91	1.47	4.00
282	-0.72	6.93	1.47	4.00
283	-0.72	6.95	1.47	4.00
284	-0.72	6.98	1.47	4.00
285	-0.73	7.00	1.48	4.00
286	-0.73	7.03	1.47	4.00
287	-0.72	7.06	1.47	4.00
288	-0.73	7.07	1.48	4.00
289	-0.74	7.08	1.48	4.00
290	-0.75	7.13	1.47	4.00
291	-0.75	7.17	1.46	4.00
292	-0.75	7.20	1.46	4.00
293	-0.75	7.22	1.46	4.00
294	-0.76	7.25	1.47	4.00
295	-0.76	7.28	1.47	4.00
296	-0.76	7.30	1.47	4.00
297	-0.77	7.32	1.47	4.00
298	-0.78	7.35	1.49	4.00
299	-0.79	7.37	1.50	4.00
300	-0.79	7.41	1.50	4.00
301	-0.79	7.44	1.50	4.00
302	-0.80	7.47	1.50	4.00
303	-0.80	7.50	1.49	4.00
304	-0.81	7.52	1.49	4.00
305	-0.81	7.54	1.49	4.00
306	-0.81	7.57	1.49	4.00
307	-0.81	7.60	1.49	4.00
308	-0.81	7.61	1.49	4.00
309	-0.81	7.63	1.50	4.00
310	-0.81	7.64	1.49	4.00
311	-0.81	7.66	1.49	4.00
312	-0.81	7.68	1.50	4.00
313	-0.81	7.70	1.50	4.00
314	-0.80	7.73	1.50	4.00
315	-0.79	7.76	1.51	4.00
316	-0.80	7.78	1.51	4.00
317	-0.80	7.81	1.51	4.00
318	-0.80	7.83	1.51	4.00
319	-0.80	7.85	1.50	4.00
320	-0.82	7.86	1.49	4.00
321	-0.84	7.87	1.47	4.00
322	-0.84	7.88	1.48	4.00
323	-0.85	7.88	1.48	4.00
324	-0.86	7.90	1.51	4.00
325	-0.87	7.91	1.53	4.00
326	-0.88	7.92	1.53	4.00
327	-0.89	7.93	1.54	4.00
328	-0.89	7.95	1.53	4.00
329	-0.90	7.97	1.52	4.00
330	-0.91	7.98	1.52	4.00
331	-0.91	8.00	1.52	4.00
332	-0.93	8.00	1.53	4.00
333	-0.94	7.99	1.53	4.00
334	-0.95	8.00	1.53	4.00
335	-0.96	8.00	1.53	4.00
336	-0.97	8.02	1.52	4.00
337	-0.98	8.03	1.52	4.00
338	-0.98	8.04	1.51	4.00
339	-0.99	8.05	1.50	4.00
340	-0.98	8.07	1.50	4.00
341	-0.98	8.08	1.50	3.00
342	-0.98	8.10	1.51	3.00
343	-0.98	8.11	1.51	4.00
344	-0.98	8.11	1.52	4.00
345	-0.98	8.12	1.53	4.00
346	-0.98	8.12	1.54	4.00
347	-0.98	8.12	1.54	4.00
348	-0.98	8.13	1.55	4.00
349	-0.99	8.15	1.56	4.00
350	-0.99	8.16	1.55	4.00
351	-0.99	8.17	1.54	4.00
352	-0.99	8.17	1.54	4.00
353	-0.98	8.17	1.54	4.00
354	-0.98	8.17	1.53	4.00
355	-0.97	8.17	1.53	4.00
356	-0.97	8.17	1.52	4.00
357	-0.96	8.17	1.52	4.00
358	-0.98	8.19	1.52	4.00
359	-0.99	8.21	1.53	4.00
360	-1.00	8.21	1.53	4.00
361	-1.00	8.22	1.53	4.00
362	-1.00	8.23	1.53	4.00
363	-1.00	8.24	1.53	4.00
364	-1.00	8.24	1.52	4.00
365	-1.00	8.25	1.51	4.00
366	-1.00	8.26	1.52	4.00
367	-1.01	8.27	1.52	4.00
368	-1.01	8.28	1.53	4.00
369	-1.01	8.29	1.53	4.00
370	-1.01	8.30	1.53	4.00
371	-1.01	8.30	1.52	4.00
372	-1.02	8.31	1.51	4.00
373	-1.02	8.32	1.50	4.00
374	-1.03	8.33	1.50	4.00
375	-1.04	8.34	1.50	4.00
376	-1.04	8.35	1.50	4.00
377	-1.05	8.36	1.50	4.00
378	-1.05	8.36	1.51	4.00
379	-1.06	8.37	1.51	4.00
380	-1.07	8.38	1.52	4.00
381	-1.07	8.39	1.53	4.00
382	-1.07	8.41	1.53	4.00
383	-1.07	8.43	1.52	4.00
384	-1.07	8.44	1.53	4.00
385	-1.06	8.46	1.53	4.00
386	-1.07	8.47	1.54	4.00
387	-1.07	8.48	1.54	2.00
388	-1.07	8.49	1.54	2.00
389	-1.08	8.50	1.54	2.00
390	-1.08	8.52	1.54	2.00
391	-1.08	8.53	1.55	2.00
392	-1.08	8.54	1.53	2.00
393	-1.08	8.56	1.52	2.00
394	-1.08	8.57	1.52	2.00
395	-1.08	8.58	1.52	2.00
396	-1.09	8.59	1.51	2.00
397	-1.09	8.61	1.50	2.00
398	-1.10	8.63	1.49	2.00
399	-1.12	8.66	1.48	2.00
400	-1.12	8.66	1.48	2.00
401	-1.13	8.67	1.47	2.00
402	-1.13	8.68	1.49	2.00
403	-1.12	8.68	1.50	2.00
Target 4 (frames from 191 to 247)
Bounding Boxes (frame, x, y, width, height)
191	185	108	44	89
192	185	109	44	89
193	185	110	44	89
194	186	111	44	89
195	186	112	44	89
196	186	113	44	89
197	187	113	44	89
198	187	114	44	89
199	187	114	44	88
200	188	114	44	88
201	188	114	44	88
202	189	114	44	88
203	189	114	43	87
204	190	114	43	87
205	190	113	43	87
206	191	113	43	87
207	191	112	43	87
208	192	112	43	87
209	193	112	44	88
210	193	111	44	88
211	193	110	44	88
212	194	110	44	88
213	194	110	44	88
214	195	110	44	89
215	195	110	44	89
216	196	110	44	89
217	196	110	45	90
218	196	111	45	90
219	197	112	45	91
220	197	112	46	92
221	197	113	46	92
222	197	114	46	93
223	198	115	47	94
224	198	116	47	94
225	198	116	47	95
226	198	117	48	96
227	198	117	48	97
228	197	116	49	98
229	197	116	49	99
230	197	115	50	100
231	197	114	50	101
232	196	114	51	102
233	196	113	52	104
234	196	112	52	105
235	196	112	53	106
236	196	111	53	107
237	195	111	54	108
238	195	110	55	110
239	195	110	55	111
240	195	110	56	112
241	195	109	56	113
242	195	109	57	114
243	194	109	58	116
244	194	109	58	117
245	194	109	59	118
246	195	109	59	119
247	195	110	60	120
3D Trajetory (frame, x, z, height, pose)
191	-3.88	10.25	1.83	2.00
192	-3.77	9.99	1.81	2.00
193	-3.65	9.73	1.80	2.00
194	-3.62	9.65	1.79	2.00
195	-3.58	9.58	1.79	3.00
196	-3.58	9.55	1.76	3.00
197	-3.58	9.52	1.74	3.00
198	-3.59	9.51	1.73	3.00
199	-3.59	9.51	1.73	3.00
200	-3.60	9.51	1.72	3.00
201	-3.61	9.51	1.72	3.00
202	-3.60	9.52	1.71	3.00
203	-3.59	9.53	1.71	3.00
204	-3.59	9.53	1.72	3.00
205	-3.60	9.54	1.72	3.00
206	-3.60	9.54	1.72	3.00
207	-3.60	9.54	1.73	3.00
208	-3.59	9.54	1.73	3.00
209	-3.58	9.55	1.73	3.00
210	-3.57	9.55	1.73	3.00
211	-3.57	9.56	1.73	1.00
212	-3.57	9.56	1.73	1.00
213	-3.58	9.56	1.73	1.00
214	-3.57	9.54	1.74	1.00
215	-3.56	9.52	1.75	1.00
216	-3.55	9.50	1.76	1.00
217	-3.54	9.48	1.76	1.00
218	-3.52	9.41	1.76	1.00
219	-3.50	9.35	1.76	1.00
220	-3.48	9.29	1.76	1.00
221	-3.47	9.23	1.76	1.00
222	-3.45	9.16	1.76	1.00
223	-3.44	9.09	1.77	1.00
224	-3.44	9.05	1.77	1.00
225	-3.44	9.01	1.77	1.00
226	-3.44	8.96	1.78	1.00
227	-3.44	8.92	1.80	1.00
228	-3.41	8.87	1.80	1.00
229	-3.39	8.82	1.81	1.00
230	-3.38	8.77	1.82	1.00
231	-3.36	8.73	1.82	1.00
232	-3.34	8.68	1.84	1.00
233	-3.32	8.62	1.86	1.00
234	-3.30	8.56	1.87	1.00
235	-3.28	8.50	1.88	1.00
236	-3.25	8.44	1.89	1.00
237	-3.23	8.37	1.90	1.00
238	-3.21	8.30	1.90	1.00
239	-3.19	8.23	1.90	1.00
240	-3.16	8.15	1.90	1.00
241	-3.13	8.07	1.89	1.00
242	-3.10	7.97	1.89	1.00
243	-3.07	7.87	1.89	4.00
244	-3.03	7.78	1.89	4.00
245	-2.99	7.69	1.89	4.00
246	-2.95	7.59	1.89	4.00
247	-2.92	7.50	1.89	4.00
Target 5 (frames from 233 to 419)
Bounding Boxes (frame, x, y, width, height)
233	189	140	48	97
234	189	140	49	98
235	189	140	50	100
236	189	139	50	101
237	189	139	51	102
238	189	139	51	103
239	189	139	52	104
240	189	139	52	105
241	189	138	53	106
242	189	138	53	107
243	189	138	54	108
244	189	137	54	108
245	189	137	54	109
246	190	137	55	110
247	190	137	55	110
248	190	137	55	111
249	190	137	55	111
250	190	137	56	112
251	190	137	56	112
252	191	138	56	113
253	191	138	57	114
254	191	138	57	114
255	190	138	57	115
256	190	138	58	116
257	189	137	58	116
258	189	137	58	117
259	188	137	58	117
260	188	136	58	117
261	187	136	59	118
262	187	136	59	118
263	187	136	59	118
264	187	136	59	118
265	187	136	59	118
266	187	136	59	118
267	188	136	59	119
268	188	136	59	119
269	189	136	59	119
270	189	136	59	119
271	190	136	59	119
272	190	136	59	119
273	190	136	60	120
274	190	136	60	121
275	190	135	61	122
276	190	135	61	123
277	190	134	62	124
278	190	133	62	125
279	191	133	63	126
280	191	132	63	127
281	192	132	64	128
282	192	131	64	129
283	193	130	65	130
284	193	130	65	131
285	194	129	66	132
286	194	128	67	134
287	195	127	67	135
288	196	126	68	137
289	196	125	69	138
290	197	124	70	140
291	198	123	70	141
292	198	122	71	143
293	198	122	72	144
294	199	122	72	145
295	199	122	72	145
296	200	123	72	145
297	200	123	72	145
298	200	124	72	144
299	200	126	72	144
300	200	127	72	144
301	200	128	71	143
302	200	129	71	143
303	200	130	71	142
304	200	132	71	142
305	199	132	70	141
306	199	133	70	141
307	199	134	71	142
308	198	134	71	142
309	198	134	71	143
310	197	134	72	144
311	196	134	72	145
312	196	134	73	147
313	195	134	74	148
314	194	133	74	149
315	193	133	75	151
316	192	133	76	152
317	191	133	77	154
318	190	133	77	155
319	189	133	78	157
320	188	133	79	158
321	186	133	80	160
322	185	133	80	161
323	184	133	81	163
324	183	133	82	164
325	182	133	83	166
326	180	133	83	167
327	180	134	84	169
328	179	134	85	170
329	178	135	85	171
330	178	136	86	172
331	178	137	86	173
332	178	137	86	173
333	178	138	87	174
334	178	139	87	175
335	178	139	87	175
336	178	140	88	176
337	179	140	88	177
338	179	140	89	178
339	179	141	89	179
340	179	141	90	181
341	179	141	91	182
342	179	141	91	183
343	178	141	92	185
344	178	141	93	186
345	178	142	94	188
346	177	142	94	189
347	177	142	95	190
348	177	142	95	191
349	177	143	96	192
350	176	143	96	193
351	176	143	97	194
352	176	144	97	194
353	176	144	97	194
354	176	145	97	194
355	177	145	97	194
356	177	145	97	195
357	177	145	97	195
358	178	145	98	196
359	179	144	98	196
360	179	144	98	197
361	180	143	99	198
362	181	143	100	200
363	182	142	101	202
364	182	142	102	204
365	183	141	103	206
366	184	140	104	208
367	184	139	105	211
368	185	138	107	214
369	185	137	108	217
370	185	136	109	219
371	185	135	111	222
372	185	134	112	225
373	185	133	114	228
374	185	132	115	231
375	185	131	117	234
376	185	131	118	236
377	185	130	119	238
378	185	130	120	240
379	186	131	120	241
380	186	131	121	242
381	187	132	121	243
382	188	133	121	243
383	190	133	121	243
384	191	134	121	243
385	192	134	121	242
386	193	134	121	242
387	193	134	121	242
388	194	134	120	241
389	194	133	120	240
390	195	132	120	240
391	195	132	120	240
392	195	131	120	240
393	195	130	120	240
394	195	129	120	241
395	195	127	121	242
396	195	126	122	244
397	195	125	123	246
398	194	125	124	249
399	194	124	125	251
400	194	123	127	254
401	194	123	129	258
402	193	123	130	261
403	193	122	132	264
404	194	122	133	267
405	194	122	134	269
406	194	122	135	271
407	195	122	136	272
408	195	122	137	274
409	196	122	138	276
410	196	122	139	278
411	196	122	140	281
412	196	121	142	284
413	195	121	143	287
414	195	120	145	291
415	194	120	147	295
416	193	119	149	299
417	192	119	152	304
418	191	118	154	309
419	190	117	157	314
3D Trajetory (frame, x, z, height, pose)
233	-2.88	7.10	1.44	4.00
234	-2.82	6.99	1.43	4.00
235	-2.76	6.88	1.42	4.00
236	-2.73	6.81	1.43	4.00
237	-2.71	6.74	1.44	4.00
238	-2.69	6.69	1.44	4.00
239	-2.67	6.64	1.44	4.00
240	-2.67	6.61	1.45	4.00
241	-2.66	6.59	1.46	2.00
242	-2.65	6.56	1.47	2.00
243	-2.64	6.53	1.47	2.00
244	-2.65	6.53	1.48	2.00
245	-2.65	6.53	1.49	2.00
246	-2.65	6.53	1.50	2.00
247	-2.65	6.53	1.50	2.00
248	-2.65	6.52	1.50	2.00
249	-2.64	6.50	1.50	2.00
250	-2.60	6.42	1.50	2.00
251	-2.55	6.35	1.50	2.00
252	-2.54	6.34	1.50	2.00
253	-2.53	6.33	1.50	2.00
254	-2.51	6.28	1.50	2.00
255	-2.49	6.24	1.50	2.00
256	-2.48	6.22	1.50	2.00
257	-2.47	6.20	1.51	2.00
258	-2.45	6.19	1.51	2.00
259	-2.44	6.17	1.51	4.00
260	-2.45	6.19	1.51	4.00
261	-2.45	6.21	1.50	4.00
262	-2.44	6.18	1.51	4.00
263	-2.42	6.16	1.52	4.00
264	-2.40	6.15	1.52	4.00
265	-2.39	6.14	1.51	4.00
266	-2.37	6.14	1.51	4.00
267	-2.35	6.14	1.51	4.00
268	-2.35	6.13	1.51	4.00
269	-2.34	6.12	1.51	2.00
270	-2.32	6.12	1.50	2.00
271	-2.30	6.12	1.50	2.00
272	-2.29	6.10	1.51	2.00
273	-2.28	6.08	1.51	2.00
274	-2.27	6.07	1.51	2.00
275	-2.25	6.07	1.51	2.00
276	-2.24	6.04	1.53	2.00
277	-2.22	6.01	1.54	2.00
278	-2.21	5.99	1.55	2.00
279	-2.20	5.96	1.55	2.00
280	-2.19	5.94	1.57	2.00
281	-2.18	5.92	1.58	2.00
282	-2.16	5.91	1.58	2.00
283	-2.15	5.90	1.59	2.00
284	-2.13	5.88	1.59	2.00
285	-2.11	5.87	1.59	2.00
286	-2.10	5.84	1.60	2.00
287	-2.09	5.82	1.61	2.00
288	-2.06	5.76	1.62	2.00
289	-2.04	5.70	1.64	4.00
290	-2.01	5.67	1.65	4.00
291	-1.99	5.64	1.66	4.00
292	-1.97	5.61	1.66	4.00
293	-1.95	5.58	1.66	4.00
294	-1.94	5.54	1.66	4.00
295	-1.92	5.51	1.65	4.00
296	-1.91	5.49	1.65	4.00
297	-1.90	5.47	1.65	4.00
298	-1.89	5.45	1.64	4.00
299	-1.89	5.44	1.62	2.00
300	-1.88	5.42	1.61	2.00
301	-1.87	5.40	1.59	2.00
302	-1.86	5.38	1.58	2.00
303	-1.85	5.36	1.56	2.00
304	-1.84	5.34	1.56	2.00
305	-1.83	5.31	1.55	4.00
306	-1.81	5.28	1.55	4.00
307	-1.80	5.25	1.54	4.00
308	-1.81	5.25	1.54	4.00
309	-1.81	5.25	1.53	4.00
310	-1.80	5.22	1.54	4.00
311	-1.79	5.19	1.55	4.00
312	-1.78	5.16	1.56	4.00
313	-1.78	5.14	1.57	4.00
314	-1.77	5.10	1.57	4.00
315	-1.76	5.07	1.58	2.00
316	-1.76	5.01	1.59	2.00
317	-1.75	4.95	1.59	2.00
318	-1.74	4.93	1.58	2.00
319	-1.73	4.90	1.57	2.00
320	-1.72	4.87	1.58	2.00
321	-1.72	4.83	1.58	2.00
322	-1.71	4.78	1.58	2.00
323	-1.70	4.74	1.59	2.00
324	-1.70	4.70	1.59	2.00
325	-1.69	4.66	1.59	2.00
326	-1.68	4.62	1.60	2.00
327	-1.67	4.57	1.60	2.00
328	-1.65	4.54	1.60	2.00
329	-1.63	4.50	1.59	2.00
330	-1.62	4.47	1.59	2.00
331	-1.60	4.44	1.58	2.00
332	-1.59	4.40	1.57	2.00
333	-1.57	4.37	1.56	2.00
334	-1.56	4.34	1.55	2.00
335	-1.54	4.32	1.54	2.00
336	-1.52	4.28	1.54	2.00
337	-1.50	4.24	1.54	2.00
338	-1.49	4.21	1.54	2.00
339	-1.48	4.18	1.54	2.00
340	-1.46	4.14	1.54	2.00
341	-1.44	4.10	1.54	2.00
342	-1.43	4.07	1.54	2.00
343	-1.43	4.04	1.54	2.00
344	-1.42	4.01	1.53	2.00
345	-1.41	3.98	1.53	4.00
346	-1.40	3.95	1.53	4.00
347	-1.39	3.92	1.53	4.00
348	-1.38	3.89	1.53	4.00
349	-1.38	3.87	1.53	4.00
350	-1.37	3.84	1.53	4.00
351	-1.36	3.81	1.53	2.00
352	-1.35	3.80	1.53	2.00
353	-1.35	3.79	1.53	2.00
354	-1.35	3.80	1.52	2.00
355	-1.36	3.81	1.51	2.00
356	-1.35	3.80	1.51	2.00
357	-1.35	3.78	1.51	2.00
358	-1.34	3.77	1.51	2.00
359	-1.32	3.75	1.51	2.00
360	-1.31	3.74	1.51	2.00
361	-1.29	3.72	1.51	2.00
362	-1.28	3.70	1.53	2.00
363	-1.27	3.68	1.54	2.00
364	-1.26	3.66	1.55	2.00
365	-1.25	3.65	1.55	2.00
366	-1.24	3.62	1.55	2.00
367	-1.23	3.60	1.55	2.00
368	-1.21	3.57	1.56	2.00
369	-1.20	3.54	1.57	2.00
370	-1.18	3.50	1.58	2.00
371	-1.17	3.46	1.58	2.00
372	-1.15	3.43	1.60	2.00
373	-1.13	3.41	1.61	2.00
374	-1.12	3.38	1.62	2.00
375	-1.11	3.35	1.62	2.00
376	-1.11	3.33	1.62	2.00
377	-1.10	3.32	1.62	2.00
378	-1.09	3.30	1.63	2.00
379	-1.08	3.28	1.63	2.00
380	-1.07	3.27	1.64	2.00
381	-1.05	3.26	1.65	4.00
382	-1.04	3.26	1.63	4.00
383	-1.03	3.26	1.62	4.00
384	-1.03	3.25	1.62	4.00
385	-1.02	3.24	1.62	4.00
386	-1.02	3.26	1.62	4.00
387	-1.02	3.28	1.63	2.00
388	-1.03	3.29	1.63	2.00
389	-1.03	3.30	1.63	2.00
390	-1.03	3.30	1.63	2.00
391	-1.03	3.29	1.63	2.00
392	-1.03	3.30	1.64	2.00
393	-1.04	3.30	1.64	2.00
394	-1.04	3.32	1.65	2.00
395	-1.05	3.34	1.65	2.00
396	-1.04	3.32	1.65	2.00
397	-1.03	3.30	1.66	2.00
398	-1.02	3.28	1.66	2.00
399	-1.01	3.26	1.67	2.00
400	-1.00	3.22	1.68	2.00
401	-0.99	3.18	1.69	2.00
402	-0.97	3.14	1.70	2.00
403	-0.96	3.10	1.70	2.00
404	-0.94	3.06	1.70	2.00
405	-0.93	3.03	1.69	2.00
406	-0.92	3.01	1.69	2.00
407	-0.90	2.99	1.68	2.00
408	-0.90	2.98	1.68	2.00
409	-0.89	2.97	1.69	2.00
410	-0.88	2.96	1.69	2.00
411	-0.87	2.95	1.69	2.00
412	-0.86	2.92	1.69	2.00
413	-0.85	2.90	1.70	2.00
414	-0.84	2.86	1.70	2.00
415	-0.83	2.81	1.71	2.00
416	-0.82	2.76	1.71	2.00
417	-0.80	2.71	1.71	2.00
418	-0.80	2.69	1.72	2.00
419	-0.79	2.66	1.72	2.00
Target 6 (frames from 237 to 257)
Bounding Boxes (frame, x, y, width, height)
237	230	139	48	97
238	230	138	49	99
239	229	136	50	100
240	229	135	51	102
241	228	134	51	103
242	228	133	52	105
243	227	132	53	106
244	227	132	53	107
245	226	131	53	107
246	226	131	54	108
247	225	131	54	108
248	225	132	54	108
249	224	132	54	108
250	224	132	53	107
251	223	133	53	107
252	223	133	53	106
253	222	134	52	105
254	221	135	52	104
255	220	136	51	103
256	220	137	50	101
257	219	139	50	100
3D Trajetory (frame, x, z, height, pose)
237	-2.27	7.16	1.44	4.00
238	-2.28	7.15	1.46	4.00
239	-2.30	7.14	1.48	4.00
240	-2.30	7.16	1.50	4.00
241	-2.30	7.17	1.51	4.00
242	-2.30	7.10	1.53	4.00
243	-2.30	7.02	1.54	3.00
244	-2.30	7.01	1.55	3.00
245	-2.30	7.01	1.56	2.00
246	-2.30	6.98	1.56	2.00
247	-2.30	6.96	1.57	2.00
248	-2.31	6.96	1.56	2.00
249	-2.31	6.96	1.56	4.00
250	-2.33	6.98	1.55	4.00
251	-2.35	7.00	1.54	4.00
252	-2.36	7.00	1.54	4.00
253	-2.36	6.99	1.54	4.00
254	-2.38	7.03	1.51	4.00
255	-2.40	7.06	1.49	4.00
256	-2.41	7.07	1.48	4.00
257	-2.43	7.07	1.48	2.00
Target 7 (frames from 355 to 419)
Bounding Boxes (frame, x, y, width, height)
355	145	126	86	173
356	146	127	86	172
357	146	127	86	172
358	147	127	86	172
359	147	127	85	171
360	148	127	86	172
361	148	127	86	172
362	149	127	86	173
363	149	127	86	173
364	149	127	87	174
365	150	127	88	176
366	150	127	88	177
367	150	126	89	179
368	151	126	90	181
369	151	125	91	183
370	151	125	92	185
371	151	124	93	186
372	151	124	94	188
373	150	123	94	189
374	150	123	95	191
375	149	123	96	192
376	148	124	96	193
377	147	124	97	194
378	146	125	97	194
379	144	126	97	195
380	143	127	98	196
381	142	128	98	197
382	140	129	99	198
383	139	130	99	199
384	138	131	100	200
385	136	131	100	201
386	135	131	101	202
387	133	131	101	202
388	131	131	101	203
389	130	131	102	204
390	128	131	102	205
391	126	131	103	206
392	125	130	103	207
393	123	130	104	208
394	121	130	104	209
395	119	130	105	210
396	117	130	105	211
397	116	130	105	211
398	114	130	106	212
399	112	131	106	212
400	110	131	106	213
401	108	132	106	213
402	106	132	107	214
403	104	132	107	214
404	101	133	107	214
405	97	133	107	215
406	94	133	107	215
407	90	133	108	216
408	85	133	108	217
409	81	132	109	218
410	77	132	109	219
411	72	132	110	221
412	68	131	111	222
413	63	131	111	223
414	59	131	112	224
415	54	130	113	226
416	49	130	113	227
417	44	129	114	229
418	39	128	115	230
419	34	128	116	232
3D Trajetory (frame, x, z, height, pose)
355	-1.99	4.58	1.63	3.00
356	-1.98	4.56	1.63	3.00
357	-1.96	4.53	1.63	3.00
358	-1.96	4.55	1.62	3.00
359	-1.96	4.57	1.62	1.00
360	-1.96	4.57	1.62	1.00
361	-1.96	4.57	1.62	1.00
362	-1.96	4.56	1.62	1.00
363	-1.95	4.55	1.62	1.00
364	-1.93	4.50	1.62	1.00
365	-1.91	4.45	1.62	1.00
366	-1.91	4.40	1.62	1.00
367	-1.90	4.35	1.62	1.00
368	-1.87	4.31	1.62	1.00
369	-1.83	4.28	1.63	1.00
370	-1.81	4.25	1.64	1.00
371	-1.80	4.23	1.64	4.00
372	-1.80	4.22	1.65	4.00
373	-1.80	4.21	1.67	4.00
374	-1.80	4.19	1.66	4.00
375	-1.80	4.18	1.66	4.00
376	-1.79	4.13	1.66	4.00
377	-1.78	4.08	1.65	4.00
378	-1.78	4.06	1.64	4.00
379	-1.78	4.03	1.64	4.00
380	-1.77	4.00	1.63	4.00
381	-1.76	3.98	1.63	4.00
382	-1.76	3.95	1.63	4.00
383	-1.76	3.92	1.62	3.00
384	-1.77	3.90	1.62	3.00
385	-1.77	3.87	1.62	2.00
386	-1.77	3.85	1.62	2.00
387	-1.77	3.83	1.62	3.00
388	-1.78	3.82	1.62	3.00
389	-1.79	3.80	1.63	3.00
390	-1.79	3.78	1.63	3.00
391	-1.80	3.77	1.63	2.00
392	-1.80	3.75	1.62	2.00
393	-1.81	3.73	1.61	2.00
394	-1.82	3.71	1.61	2.00
395	-1.83	3.69	1.61	2.00
396	-1.82	3.66	1.61	2.00
397	-1.82	3.64	1.62	2.00
398	-1.83	3.62	1.62	2.00
399	-1.83	3.61	1.62	2.00
400	-1.84	3.59	1.62	2.00
401	-1.86	3.58	1.62	2.00
402	-1.87	3.57	1.61	2.00
403	-1.89	3.56	1.60	3.00
404	-1.90	3.56	1.60	3.00
405	-1.92	3.55	1.59	3.00
406	-1.93	3.53	1.59	3.00
407	-1.95	3.50	1.59	3.00
408	-1.97	3.48	1.60	3.00
409	-2.00	3.45	1.60	3.00
410	-2.03	3.43	1.60	3.00
411	-2.06	3.41	1.61	3.00
412	-2.08	3.40	1.61	3.00
413	-2.11	3.38	1.61	3.00
414	-2.12	3.36	1.62	3.00
415	-2.14	3.35	1.62	3.00
416	-2.16	3.34	1.62	3.00
417	-2.19	3.33	1.62	3.00
418	-2.23	3.32	1.63	3.00
419	-2.27	3.31	1.64	3.00
