Total frames 395
Number of Targets 6
Target 1 (frames from 1 to 327)
Bounding Boxes (frame, x, y, width, height)
1	519	120	175	351
2	520	122	174	349
3	522	123	174	348
4	523	125	173	346
5	524	126	172	345
6	526	127	172	344
7	526	128	171	343
8	527	129	171	342
9	528	130	170	341
10	528	130	170	340
11	529	131	169	339
12	529	131	169	339
13	529	131	169	338
14	528	131	169	338
15	528	131	169	338
16	527	130	169	338
17	527	130	169	338
18	526	129	169	338
19	525	128	169	338
20	524	128	169	338
21	524	127	169	338
22	523	126	169	338
23	523	126	169	339
24	523	126	169	339
25	523	125	170	340
26	523	125	170	341
27	523	125	170	341
28	523	125	171	342
29	524	125	171	342
30	524	125	171	343
31	524	125	171	343
32	524	125	171	343
33	524	125	171	343
34	523	126	171	343
35	523	127	171	342
36	523	127	170	341
37	523	128	170	341
38	523	129	170	340
39	523	130	170	340
40	523	130	170	340
41	523	130	170	340
42	523	131	170	340
43	523	131	170	340
44	523	131	170	340
45	522	131	170	340
46	521	131	169	339
47	520	131	169	339
48	519	131	169	338
49	518	131	169	338
50	517	132	168	337
51	516	132	168	336
52	515	132	168	336
53	514	133	167	335
54	513	133	167	334
55	513	133	167	334
56	513	133	166	333
57	514	133	166	333
58	514	133	166	333
59	515	133	166	333
60	515	134	166	333
61	516	134	166	333
62	517	134	166	333
63	517	135	166	333
64	518	136	166	333
65	519	137	167	334
66	519	137	167	334
67	520	138	167	334
68	520	139	166	333
69	521	139	166	333
70	523	139	166	333
71	524	140	166	333
72	526	140	166	333
73	528	140	166	332
74	529	141	166	332
75	531	141	165	331
76	532	142	165	331
77	534	142	165	331
78	535	142	165	331
79	536	142	165	331
80	536	142	165	331
81	537	142	165	331
82	537	141	165	331
83	537	141	166	332
84	537	140	166	332
85	536	138	166	333
86	535	137	166	333
87	534	136	167	334
88	533	134	167	335
89	532	133	168	336
90	531	131	168	337
91	530	131	168	337
92	529	130	169	338
93	528	130	169	338
94	527	129	169	339
95	526	129	169	339
96	526	129	170	340
97	525	129	170	340
98	525	129	170	340
99	523	129	170	341
100	522	129	170	341
101	520	129	170	341
102	518	129	171	342
103	516	128	171	343
104	513	127	172	344
105	511	127	172	345
106	508	126	172	345
107	506	126	172	345
108	503	127	172	345
109	501	127	172	344
110	499	128	171	343
111	497	129	171	343
112	495	130	171	342
113	494	131	170	341
114	493	132	170	340
115	492	132	169	338
116	491	133	168	337
117	490	134	168	336
118	489	134	167	335
119	488	135	167	335
120	488	135	167	334
121	487	134	167	334
122	486	134	167	334
123	486	133	167	334
124	485	133	167	335
125	485	132	167	335
126	484	132	167	335
127	484	131	167	335
128	484	131	167	334
129	485	130	167	334
130	485	130	167	334
131	486	130	167	334
132	487	130	166	333
133	488	129	166	333
134	489	129	166	333
135	490	129	166	333
136	491	128	166	333
137	492	128	167	334
138	493	127	167	335
139	494	126	167	335
140	495	125	168	336
141	496	124	168	336
142	497	123	168	336
143	499	122	168	336
144	500	122	168	336
145	502	121	168	336
146	504	121	167	335
147	506	121	167	334
148	508	121	166	333
149	510	122	166	332
150	511	122	165	331
151	513	123	165	330
152	515	123	164	329
153	517	124	164	328
154	518	125	163	327
155	520	126	163	326
156	521	127	162	325
157	522	128	161	323
158	523	128	161	322
159	523	129	160	320
160	524	130	159	319
161	525	130	159	318
162	526	130	158	317
163	526	130	158	316
164	527	131	157	315
165	527	130	157	315
166	528	130	157	315
167	528	129	158	316
168	528	127	159	318
169	528	125	159	319
170	529	124	160	321
171	529	123	160	321
172	529	122	161	322
173	529	121	161	323
174	530	121	161	323
175	530	121	161	322
176	530	121	160	321
177	531	122	159	319
178	531	123	158	317
179	532	125	157	315
180	533	126	156	312
181	534	128	154	309
182	534	130	153	307
183	535	131	152	304
184	536	131	151	302
185	536	131	150	301
186	536	131	149	299
187	536	131	148	297
188	537	131	148	296
189	537	131	147	295
190	538	130	147	294
191	538	129	146	293
192	539	129	146	292
193	541	129	146	292
194	542	128	145	291
195	543	128	145	290
196	545	129	145	290
197	546	129	144	289
198	547	129	144	288
199	549	130	144	288
200	550	130	143	287
201	551	130	143	287
202	552	130	143	286
203	553	130	143	286
204	554	130	142	285
205	555	131	142	285
206	556	131	142	284
207	556	131	141	283
208	557	131	141	282
209	557	131	141	282
210	558	131	140	281
211	558	131	140	281
212	558	131	140	280
213	558	130	140	280
214	558	130	140	280
215	558	130	139	279
216	558	130	139	279
217	558	129	139	279
218	558	129	139	279
219	558	128	139	279
220	557	128	140	280
221	557	128	140	280
222	557	128	140	280
223	557	128	140	280
224	556	128	140	280
225	556	128	140	280
226	555	128	140	280
227	555	128	140	280
228	554	128	140	280
229	554	127	140	281
230	553	127	140	281
231	553	128	140	281
232	553	128	140	281
233	553	128	140	281
234	553	128	140	281
235	553	128	140	281
236	552	128	140	281
237	552	128	140	281
238	552	128	140	281
239	552	128	141	282
240	552	128	141	282
241	552	127	141	282
242	552	127	141	282
243	552	127	141	282
244	552	127	141	283
245	552	127	141	283
246	552	127	141	283
247	552	127	141	283
248	553	127	141	282
249	553	127	141	282
250	553	127	141	282
251	554	127	141	282
252	554	127	141	282
253	554	127	141	282
254	555	127	141	283
255	555	127	141	283
256	555	127	142	284
257	555	126	142	285
258	555	126	143	286
259	554	125	144	288
260	554	125	144	289
261	554	125	145	290
262	554	125	145	291
263	554	125	145	291
264	554	125	146	292
265	555	125	146	292
266	555	125	146	292
267	555	125	146	292
268	554	125	146	292
269	554	124	146	293
270	553	124	146	293
271	552	124	146	292
272	551	124	146	292
273	550	124	146	292
274	549	124	146	292
275	549	123	146	292
276	548	123	146	292
277	548	124	145	291
278	548	124	145	291
279	548	125	145	290
280	549	126	144	289
281	549	126	144	289
282	550	127	144	288
283	551	128	143	286
284	552	128	142	285
285	553	129	142	284
286	553	129	141	283
287	554	130	140	281
288	554	130	140	280
289	553	131	139	278
290	553	132	138	277
291	553	133	137	275
292	553	133	137	274
293	553	134	136	272
294	553	135	135	271
295	553	136	135	270
296	554	136	134	269
297	554	136	134	269
298	554	136	134	268
299	555	136	134	268
300	555	136	134	268
301	556	135	134	268
302	557	134	134	269
303	557	133	134	269
304	558	132	134	269
305	558	131	135	270
306	559	130	135	270
307	559	130	135	270
308	560	129	135	270
309	560	129	135	271
310	561	129	135	271
311	561	129	135	271
312	561	129	135	271
313	561	129	136	272
314	561	129	136	272
315	562	128	136	273
316	562	129	136	273
317	561	129	136	273
318	561	129	136	272
319	560	130	136	272
320	560	130	135	271
321	559	131	134	269
322	558	132	134	268
323	557	133	133	266
324	556	134	132	264
325	554	135	131	262
326	553	137	129	259
327	551	138	128	257
3D Trajetory (frame, x, z, height, pose)
1	1.03	2.24	1.55	4.00
2	1.04	2.24	1.55	4.00
3	1.05	2.23	1.54	4.00
4	1.06	2.23	1.54	4.00
5	1.07	2.23	1.53	4.00
6	1.08	2.24	1.53	4.00
7	1.09	2.24	1.53	4.00
8	1.09	2.26	1.53	4.00
9	1.10	2.27	1.53	4.00
10	1.10	2.27	1.53	4.00
11	1.10	2.27	1.53	4.00
12	1.10	2.27	1.53	4.00
13	1.10	2.28	1.53	4.00
14	1.10	2.28	1.53	4.00
15	1.10	2.28	1.53	4.00
16	1.10	2.28	1.53	4.00
17	1.09	2.28	1.53	4.00
18	1.09	2.29	1.53	4.00
19	1.08	2.29	1.53	4.00
20	1.08	2.29	1.54	4.00
21	1.08	2.30	1.54	4.00
22	1.08	2.30	1.54	4.00
23	1.08	2.30	1.54	4.00
24	1.08	2.30	1.54	4.00
25	1.08	2.30	1.55	4.00
26	1.08	2.30	1.55	4.00
27	1.08	2.30	1.55	4.00
28	1.08	2.31	1.56	4.00
29	1.08	2.31	1.57	4.00
30	1.08	2.31	1.57	4.00
31	1.08	2.31	1.57	4.00
32	1.08	2.31	1.57	4.00
33	1.08	2.31	1.57	4.00
34	1.09	2.32	1.57	4.00
35	1.09	2.32	1.57	4.00
36	1.09	2.32	1.57	4.00
37	1.08	2.32	1.57	4.00
38	1.08	2.32	1.56	4.00
39	1.07	2.32	1.56	4.00
40	1.07	2.32	1.56	4.00
41	1.07	2.33	1.55	4.00
42	1.07	2.33	1.55	4.00
43	1.08	2.33	1.55	4.00
44	1.08	2.32	1.56	4.00
45	1.08	2.31	1.57	4.00
46	1.08	2.31	1.56	4.00
47	1.07	2.31	1.56	4.00
48	1.06	2.32	1.55	4.00
49	1.06	2.32	1.55	4.00
50	1.06	2.32	1.55	4.00
51	1.05	2.32	1.54	3.00
52	1.04	2.32	1.54	3.00
53	1.03	2.32	1.53	3.00
54	1.04	2.32	1.53	3.00
55	1.04	2.32	1.53	3.00
56	1.05	2.32	1.54	3.00
57	1.06	2.32	1.54	4.00
58	1.06	2.33	1.54	4.00
59	1.06	2.34	1.55	4.00
60	1.06	2.33	1.54	4.00
61	1.06	2.32	1.53	2.00
62	1.05	2.32	1.53	2.00
63	1.05	2.32	1.52	4.00
64	1.05	2.31	1.52	4.00
65	1.05	2.31	1.52	4.00
66	1.05	2.30	1.53	4.00
67	1.06	2.30	1.53	4.00
68	1.06	2.30	1.52	4.00
69	1.06	2.30	1.52	4.00
70	1.07	2.30	1.51	4.00
71	1.08	2.30	1.51	4.00
72	1.08	2.30	1.51	4.00
73	1.08	2.29	1.51	4.00
74	1.08	2.29	1.51	4.00
75	1.09	2.29	1.50	4.00
76	1.10	2.29	1.50	4.00
77	1.11	2.28	1.49	4.00
78	1.11	2.28	1.49	4.00
79	1.11	2.28	1.49	2.00
80	1.10	2.28	1.49	2.00
81	1.10	2.28	1.49	2.00
82	1.09	2.28	1.49	2.00
83	1.09	2.28	1.49	2.00
84	1.09	2.28	1.49	2.00
85	1.09	2.29	1.49	2.00
86	1.09	2.28	1.49	2.00
87	1.08	2.28	1.50	2.00
88	1.08	2.28	1.50	2.00
89	1.08	2.28	1.50	4.00
90	1.07	2.27	1.51	4.00
91	1.07	2.27	1.51	4.00
92	1.06	2.26	1.51	4.00
93	1.06	2.26	1.52	4.00
94	1.06	2.26	1.52	4.00
95	1.06	2.27	1.52	4.00
96	1.05	2.27	1.52	4.00
97	1.05	2.27	1.52	4.00
98	1.05	2.27	1.52	4.00
99	1.05	2.27	1.52	4.00
100	1.05	2.26	1.52	4.00
101	1.04	2.25	1.52	4.00
102	1.03	2.24	1.52	4.00
103	1.01	2.24	1.52	4.00
104	1.00	2.24	1.53	4.00
105	0.99	2.25	1.53	2.00
106	0.98	2.24	1.53	2.00
107	0.96	2.24	1.53	4.00
108	0.96	2.24	1.53	4.00
109	0.95	2.23	1.53	4.00
110	0.95	2.23	1.53	4.00
111	0.94	2.23	1.53	4.00
112	0.94	2.23	1.52	4.00
113	0.93	2.24	1.50	4.00
114	0.92	2.24	1.50	4.00
115	0.92	2.23	1.49	4.00
116	0.92	2.23	1.49	4.00
117	0.91	2.24	1.49	4.00
118	0.91	2.24	1.49	4.00
119	0.91	2.24	1.50	4.00
120	0.91	2.24	1.49	4.00
121	0.91	2.24	1.49	4.00
122	0.91	2.24	1.49	4.00
123	0.91	2.25	1.49	4.00
124	0.91	2.25	1.50	4.00
125	0.91	2.25	1.50	4.00
126	0.91	2.25	1.50	4.00
127	0.91	2.25	1.50	4.00
128	0.91	2.26	1.51	4.00
129	0.92	2.26	1.51	4.00
130	0.92	2.25	1.51	4.00
131	0.92	2.25	1.50	2.00
132	0.93	2.25	1.50	2.00
133	0.94	2.26	1.50	4.00
134	0.94	2.25	1.49	4.00
135	0.95	2.25	1.49	4.00
136	0.95	2.25	1.49	4.00
137	0.94	2.25	1.49	4.00
138	0.95	2.25	1.50	4.00
139	0.96	2.26	1.51	4.00
140	0.97	2.25	1.51	4.00
141	0.98	2.25	1.52	4.00
142	0.98	2.25	1.52	4.00
143	0.99	2.24	1.52	4.00
144	1.00	2.25	1.52	4.00
145	1.00	2.25	1.52	4.00
146	1.02	2.25	1.51	4.00
147	1.03	2.26	1.50	4.00
148	1.05	2.26	1.50	4.00
149	1.06	2.26	1.50	1.00
150	1.06	2.25	1.50	1.00
151	1.07	2.25	1.50	4.00
152	1.07	2.25	1.49	4.00
153	1.08	2.26	1.48	2.00
154	1.08	2.26	1.48	2.00
155	1.09	2.27	1.47	2.00
156	1.09	2.27	1.47	2.00
157	1.10	2.27	1.47	4.00
158	1.10	2.28	1.47	4.00
159	1.11	2.29	1.47	4.00
160	1.12	2.30	1.46	4.00
161	1.12	2.31	1.45	4.00
162	1.12	2.31	1.46	4.00
163	1.12	2.31	1.46	2.00
164	1.12	2.32	1.46	2.00
165	1.13	2.32	1.46	2.00
166	1.13	2.32	1.46	2.00
167	1.14	2.33	1.46	2.00
168	1.14	2.33	1.47	2.00
169	1.15	2.32	1.48	2.00
170	1.15	2.32	1.48	2.00
171	1.15	2.32	1.48	2.00
172	1.15	2.32	1.50	2.00
173	1.16	2.32	1.51	2.00
174	1.17	2.31	1.51	2.00
175	1.17	2.31	1.51	2.00
176	1.17	2.32	1.50	2.00
177	1.17	2.34	1.48	2.00
178	1.18	2.34	1.48	2.00
179	1.18	2.35	1.48	2.00
180	1.19	2.36	1.47	2.00
181	1.20	2.37	1.46	2.00
182	1.20	2.38	1.46	2.00
183	1.21	2.39	1.45	2.00
184	1.21	2.40	1.45	2.00
185	1.22	2.41	1.45	2.00
186	1.23	2.43	1.45	2.00
187	1.23	2.44	1.45	2.00
188	1.24	2.45	1.46	2.00
189	1.25	2.46	1.46	2.00
190	1.26	2.47	1.46	2.00
191	1.26	2.48	1.46	4.00
192	1.27	2.49	1.46	4.00
193	1.29	2.49	1.46	4.00
194	1.30	2.50	1.46	4.00
195	1.31	2.50	1.46	4.00
196	1.32	2.51	1.46	4.00
197	1.33	2.52	1.47	4.00
198	1.34	2.53	1.47	4.00
199	1.35	2.53	1.46	4.00
200	1.35	2.53	1.46	4.00
201	1.36	2.54	1.46	4.00
202	1.37	2.54	1.46	4.00
203	1.38	2.55	1.46	4.00
204	1.38	2.55	1.46	4.00
205	1.39	2.55	1.45	4.00
206	1.39	2.55	1.46	4.00
207	1.40	2.55	1.46	2.00
208	1.40	2.56	1.46	2.00
209	1.41	2.57	1.47	2.00
210	1.42	2.58	1.46	2.00
211	1.43	2.59	1.45	2.00
212	1.44	2.60	1.46	2.00
213	1.44	2.60	1.46	2.00
214	1.44	2.60	1.46	2.00
215	1.44	2.60	1.47	4.00
216	1.45	2.60	1.47	4.00
217	1.45	2.59	1.47	4.00
218	1.45	2.60	1.47	4.00
219	1.45	2.60	1.47	4.00
220	1.45	2.60	1.47	4.00
221	1.45	2.60	1.47	4.00
222	1.45	2.60	1.47	4.00
223	1.44	2.60	1.46	4.00
224	1.43	2.60	1.46	4.00
225	1.43	2.59	1.47	4.00
226	1.42	2.59	1.47	4.00
227	1.42	2.58	1.46	4.00
228	1.42	2.58	1.47	4.00
229	1.43	2.59	1.47	4.00
230	1.42	2.60	1.47	4.00
231	1.41	2.61	1.47	4.00
232	1.41	2.61	1.47	4.00
233	1.41	2.61	1.47	4.00
234	1.41	2.61	1.48	4.00
235	1.41	2.60	1.48	4.00
236	1.41	2.60	1.48	4.00
237	1.41	2.61	1.47	4.00
238	1.41	2.61	1.47	4.00
239	1.40	2.61	1.47	4.00
240	1.40	2.60	1.47	4.00
241	1.40	2.60	1.47	4.00
242	1.41	2.60	1.48	4.00
243	1.41	2.61	1.48	4.00
244	1.41	2.61	1.48	4.00
245	1.41	2.61	1.48	4.00
246	1.41	2.60	1.48	4.00
247	1.41	2.60	1.48	4.00
248	1.41	2.59	1.48	4.00
249	1.41	2.58	1.48	4.00
250	1.42	2.58	1.47	4.00
251	1.42	2.57	1.47	2.00
252	1.43	2.58	1.46	2.00
253	1.44	2.59	1.46	4.00
254	1.43	2.58	1.46	4.00
255	1.43	2.56	1.47	4.00
256	1.43	2.56	1.47	4.00
257	1.43	2.56	1.48	2.00
258	1.43	2.55	1.48	2.00
259	1.43	2.54	1.48	2.00
260	1.43	2.54	1.48	2.00
261	1.43	2.53	1.49	2.00
262	1.43	2.53	1.49	2.00
263	1.42	2.53	1.50	2.00
264	1.41	2.52	1.49	2.00
265	1.40	2.51	1.49	2.00
266	1.41	2.52	1.48	2.00
267	1.41	2.53	1.48	2.00
268	1.40	2.52	1.48	2.00
269	1.40	2.52	1.48	2.00
270	1.40	2.52	1.48	2.00
271	1.39	2.51	1.49	2.00
272	1.39	2.51	1.48	2.00
273	1.39	2.52	1.48	2.00
274	1.38	2.52	1.49	2.00
275	1.37	2.53	1.50	4.00
276	1.37	2.53	1.49	4.00
277	1.37	2.53	1.49	4.00
278	1.38	2.53	1.48	4.00
279	1.38	2.54	1.47	2.00
280	1.38	2.54	1.48	2.00
281	1.39	2.55	1.48	4.00
282	1.39	2.55	1.48	4.00
283	1.40	2.55	1.47	4.00
284	1.39	2.55	1.47	4.00
285	1.39	2.56	1.46	2.00
286	1.40	2.56	1.46	2.00
287	1.40	2.57	1.46	4.00
288	1.41	2.58	1.45	4.00
289	1.41	2.59	1.45	4.00
290	1.42	2.59	1.45	4.00
291	1.42	2.60	1.45	4.00
292	1.42	2.61	1.44	4.00
293	1.42	2.62	1.43	2.00
294	1.42	2.63	1.44	2.00
295	1.43	2.64	1.44	2.00
296	1.43	2.63	1.43	2.00
297	1.44	2.63	1.42	2.00
298	1.44	2.64	1.43	2.00
299	1.45	2.65	1.43	2.00
300	1.46	2.65	1.43	2.00
301	1.46	2.66	1.44	2.00
302	1.47	2.66	1.44	2.00
303	1.47	2.66	1.44	2.00
304	1.48	2.66	1.45	2.00
305	1.48	2.67	1.46	4.00
306	1.49	2.67	1.46	4.00
307	1.49	2.68	1.46	4.00
308	1.50	2.68	1.46	4.00
309	1.50	2.68	1.47	4.00
310	1.50	2.68	1.46	4.00
311	1.51	2.68	1.46	4.00
312	1.51	2.68	1.47	4.00
313	1.51	2.68	1.47	4.00
314	1.52	2.68	1.47	4.00
315	1.52	2.68	1.48	4.00
316	1.52	2.68	1.48	4.00
317	1.52	2.67	1.47	4.00
318	1.51	2.67	1.47	4.00
319	1.51	2.67	1.47	4.00
320	1.51	2.67	1.47	4.00
321	1.51	2.67	1.47	4.00
322	1.50	2.68	1.46	4.00
323	1.50	2.70	1.45	4.00
324	1.49	2.71	1.44	4.00
325	1.48	2.73	1.43	4.00
326	1.47	2.73	1.43	4.00
327	1.47	2.74	1.43	2.00
Target 2 (frames from 1 to 395)
Bounding Boxes (frame, x, y, width, height)
1	399	89	155	311
2	401	94	152	305
3	403	99	150	300
4	404	103	147	294
5	406	107	145	290
6	408	110	142	285
7	409	113	141	282
8	410	116	139	278
9	412	118	137	275
10	413	120	136	272
11	414	120	136	272
12	414	120	136	272
13	415	121	135	270
14	416	122	134	269
15	417	122	133	267
16	417	123	133	266
17	418	123	132	264
18	418	123	131	263
19	418	123	131	262
20	418	123	130	261
21	418	122	130	261
22	418	122	130	261
23	418	121	131	262
24	417	120	131	263
25	417	120	132	264
26	416	119	132	265
27	416	119	133	267
28	415	118	134	268
29	415	118	135	270
30	414	117	135	271
31	414	117	136	273
32	413	116	137	275
33	412	116	138	277
34	411	116	139	278
35	410	115	140	280
36	409	114	141	282
37	408	114	142	284
38	408	113	143	286
39	407	113	143	287
40	407	112	144	289
41	406	112	145	290
42	406	112	146	292
43	405	112	146	293
44	405	111	146	293
45	404	111	147	294
46	403	111	147	294
47	403	112	147	294
48	402	112	147	294
49	401	112	147	294
50	400	113	147	294
51	399	113	147	294
52	398	113	147	294
53	398	114	146	293
54	397	114	146	293
55	397	114	146	293
56	397	115	146	292
57	397	115	145	291
58	397	116	145	291
59	397	116	145	290
60	397	116	145	290
61	398	117	145	290
62	398	117	144	289
63	399	117	144	288
64	399	118	144	288
65	400	118	143	287
66	401	119	143	286
67	401	119	142	285
68	402	120	141	283
69	402	120	140	281
70	403	121	140	280
71	403	121	140	280
72	403	120	139	279
73	403	120	139	279
74	403	120	139	279
75	403	119	140	280
76	403	118	140	281
77	403	117	141	282
78	403	116	141	283
79	403	115	142	284
80	403	114	142	285
81	402	113	143	286
82	402	112	143	287
83	401	110	144	288
84	401	109	144	288
85	400	108	144	288
86	400	106	144	288
87	399	105	144	289
88	398	103	144	289
89	398	102	145	290
90	398	101	145	291
91	397	100	146	292
92	397	100	146	292
93	397	99	146	293
94	396	99	147	294
95	396	99	147	294
96	395	99	147	295
97	394	99	147	295
98	393	99	148	296
99	393	99	148	297
100	392	98	148	297
101	391	98	149	298
102	390	98	149	299
103	389	98	150	300
104	389	97	150	300
105	389	97	150	301
106	389	97	150	301
107	390	97	151	302
108	390	97	151	303
109	391	97	151	303
110	391	97	151	303
111	390	98	152	304
112	390	98	152	304
113	389	98	152	305
114	388	98	152	305
115	388	98	152	305
116	387	98	152	305
117	386	99	152	305
118	385	99	152	305
119	384	100	152	304
120	383	101	151	303
121	383	102	150	301
122	383	104	149	299
123	383	105	148	297
124	383	107	147	295
125	383	109	146	292
126	383	111	145	290
127	383	113	143	287
128	384	115	142	285
129	384	116	141	283
130	385	117	140	281
131	387	118	139	279
132	389	119	139	278
133	390	120	138	277
134	392	120	138	276
135	393	121	138	276
136	394	120	138	276
137	395	120	138	276
138	396	119	138	277
139	396	119	138	277
140	396	118	138	277
141	395	117	139	278
142	394	117	139	278
143	392	116	139	278
144	390	115	139	278
145	388	114	139	278
146	386	113	139	279
147	385	112	139	279
148	383	111	140	280
149	381	110	140	281
150	380	109	141	282
151	379	108	141	283
152	378	107	142	285
153	378	106	143	286
154	377	105	143	287
155	377	104	144	288
156	377	104	144	289
157	377	104	144	289
158	377	104	145	290
159	377	104	145	290
160	377	104	145	290
161	377	104	145	290
162	377	104	144	289
163	377	104	145	290
164	377	104	145	290
165	377	104	145	291
166	376	104	145	291
167	375	103	146	292
168	375	103	146	293
169	375	102	147	294
170	374	102	147	295
171	374	101	147	295
172	374	101	148	296
173	374	101	148	296
174	374	100	148	296
175	374	100	148	296
176	374	100	148	296
177	374	100	148	296
178	375	100	148	296
179	375	100	148	297
180	375	100	148	297
181	375	101	148	297
182	375	101	149	298
183	375	101	149	298
184	375	101	149	298
185	375	101	149	299
186	374	101	149	299
187	374	101	149	299
188	373	102	149	299
189	373	102	149	299
190	373	102	149	299
191	372	103	149	299
192	372	104	149	299
193	372	104	149	298
194	373	105	149	298
195	373	106	148	297
196	373	107	148	296
197	373	108	147	295
198	373	109	147	294
199	374	110	146	293
200	374	111	146	292
201	374	111	145	291
202	374	112	145	291
203	374	112	145	291
204	374	112	145	291
205	374	112	145	291
206	374	112	145	291
207	374	112	145	291
208	373	112	146	292
209	373	112	146	292
210	373	111	146	293
211	372	111	147	294
212	372	110	147	295
213	372	110	148	296
214	371	109	148	297
215	371	108	148	297
216	371	107	149	298
217	371	106	149	299
218	371	105	149	299
219	371	104	150	300
220	370	103	150	301
221	371	103	150	301
222	371	102	151	302
223	371	101	151	302
224	371	101	151	302
225	371	101	151	302
226	371	101	151	302
227	372	100	151	302
228	372	101	151	302
229	372	101	151	302
230	373	101	151	302
231	373	102	150	301
232	373	102	150	301
233	374	103	150	301
234	374	103	150	301
235	374	103	150	300
236	375	104	150	300
237	375	104	150	300
238	375	104	150	300
239	376	104	150	301
240	376	104	150	301
241	376	104	150	301
242	376	104	150	301
243	376	104	150	301
244	376	103	150	301
245	376	103	151	302
246	375	102	151	302
247	375	102	151	302
248	374	102	151	303
249	373	101	151	303
250	373	101	151	303
251	372	101	151	303
252	371	101	151	303
253	370	101	151	303
254	369	101	151	303
255	369	101	151	303
256	369	102	151	303
257	369	102	151	303
258	369	102	151	303
259	369	102	151	303
260	369	102	152	304
261	370	103	152	304
262	370	103	152	304
263	371	103	152	304
264	371	103	152	304
265	372	103	152	304
266	372	103	151	303
267	373	103	151	303
268	373	103	150	301
269	373	104	150	300
270	374	105	149	299
271	374	106	148	297
272	375	107	148	296
273	376	107	147	295
274	376	108	147	294
275	377	108	146	292
276	378	109	145	291
277	379	110	145	290
278	380	111	144	289
279	381	112	144	288
280	381	113	144	288
281	382	113	143	287
282	383	113	143	287
283	383	113	143	287
284	383	113	143	286
285	384	113	142	285
286	384	113	142	284
287	385	113	141	283
288	385	113	141	282
289	386	113	140	281
290	386	113	140	281
291	387	113	140	280
292	387	113	140	280
293	388	113	139	279
294	388	113	139	279
295	389	113	139	279
296	389	113	139	279
297	389	112	139	279
298	390	112	139	279
299	390	111	139	279
300	390	111	139	279
301	390	110	139	279
302	389	109	139	279
303	389	108	139	279
304	388	107	140	280
305	386	106	140	280
306	385	106	140	281
307	384	105	141	282
308	383	104	141	283
309	382	103	142	284
310	380	102	142	285
311	379	102	143	286
312	378	102	143	287
313	377	102	143	287
314	376	102	144	288
315	375	102	144	288
316	375	102	144	288
317	374	103	143	287
318	373	103	143	287
319	373	104	143	287
320	373	104	143	287
321	372	104	143	287
322	372	104	143	287
323	372	105	143	286
324	373	104	143	286
325	373	104	143	286
326	373	104	143	286
327	373	104	143	286
328	373	103	143	286
329	373	103	143	286
330	372	103	143	286
331	372	102	142	285
332	371	102	142	285
333	371	102	142	285
334	370	102	142	285
335	370	102	142	284
336	369	102	142	284
337	369	101	142	284
338	369	101	142	284
339	369	101	142	284
340	370	101	142	284
341	370	101	142	284
342	371	101	142	284
343	372	101	142	285
344	373	100	142	285
345	373	100	143	286
346	373	100	143	286
347	372	100	143	287
348	372	100	144	288
349	371	100	144	289
350	370	101	144	289
351	369	102	145	290
352	369	103	145	291
353	368	103	145	291
354	367	103	146	292
355	366	104	146	292
356	366	104	146	292
357	365	104	146	292
358	364	103	146	292
359	363	102	146	293
360	363	101	146	293
361	362	99	146	293
362	362	97	146	293
363	361	96	146	293
364	361	95	147	294
365	361	94	147	294
366	361	93	147	294
367	362	93	147	295
368	363	93	147	295
369	363	94	147	295
370	364	95	147	294
371	365	95	147	294
372	366	96	147	294
373	367	97	146	293
374	368	98	146	292
375	368	99	145	291
376	368	99	145	290
377	368	100	144	289
378	369	101	144	288
379	369	101	143	287
380	369	101	143	286
381	369	101	142	285
382	369	101	142	285
383	369	102	142	284
384	369	102	141	283
385	369	102	141	282
386	368	102	140	281
387	368	102	140	280
388	367	102	140	280
389	366	102	140	280
390	365	102	139	279
391	364	101	139	279
392	362	101	139	279
393	361	101	139	279
394	359	100	140	280
395	357	100	140	280
3D Trajetory (frame, x, z, height, pose)
1	0.57	2.73	1.79	4.00
2	0.59	2.79	1.72	4.00
3	0.60	2.86	1.65	4.00
4	0.61	2.87	1.63	4.00
5	0.62	2.88	1.62	4.00
6	0.63	2.89	1.61	4.00
7	0.65	2.90	1.60	4.00
8	0.65	2.90	1.60	4.00
9	0.65	2.90	1.60	4.00
10	0.65	2.91	1.60	4.00
11	0.66	2.92	1.60	4.00
12	0.66	2.93	1.60	4.00
13	0.66	2.93	1.60	4.00
14	0.67	2.95	1.59	4.00
15	0.68	2.97	1.58	2.00
16	0.68	2.98	1.57	2.00
17	0.68	2.99	1.57	2.00
18	0.68	3.00	1.57	2.00
19	0.68	3.01	1.56	2.00
20	0.68	3.01	1.57	2.00
21	0.68	3.02	1.57	2.00
22	0.68	3.03	1.58	2.00
23	0.68	3.04	1.58	4.00
24	0.68	3.04	1.59	4.00
25	0.68	3.04	1.60	4.00
26	0.68	3.03	1.61	4.00
27	0.68	3.03	1.61	4.00
28	0.67	3.02	1.62	4.00
29	0.66	3.01	1.62	4.00
30	0.65	3.00	1.63	4.00
31	0.64	2.98	1.63	4.00
32	0.64	2.98	1.63	4.00
33	0.64	2.97	1.63	4.00
34	0.64	2.96	1.63	4.00
35	0.63	2.95	1.64	4.00
36	0.63	2.94	1.64	4.00
37	0.63	2.92	1.65	4.00
38	0.62	2.91	1.66	4.00
39	0.61	2.90	1.67	4.00
40	0.61	2.89	1.67	4.00
41	0.60	2.88	1.67	4.00
42	0.60	2.88	1.68	4.00
43	0.61	2.88	1.68	4.00
44	0.60	2.87	1.67	4.00
45	0.60	2.86	1.67	4.00
46	0.59	2.85	1.66	4.00
47	0.59	2.85	1.66	4.00
48	0.59	2.83	1.66	4.00
49	0.58	2.81	1.66	4.00
50	0.57	2.81	1.65	4.00
51	0.57	2.81	1.65	3.00
52	0.57	2.81	1.64	3.00
53	0.56	2.81	1.64	3.00
54	0.57	2.80	1.64	3.00
55	0.57	2.80	1.64	4.00
56	0.57	2.80	1.63	4.00
57	0.56	2.81	1.63	4.00
58	0.56	2.81	1.63	4.00
59	0.56	2.82	1.63	4.00
60	0.56	2.82	1.63	4.00
61	0.56	2.83	1.63	4.00
62	0.56	2.82	1.63	4.00
63	0.56	2.82	1.62	4.00
64	0.56	2.83	1.62	4.00
65	0.57	2.83	1.62	4.00
66	0.57	2.84	1.62	4.00
67	0.57	2.85	1.62	4.00
68	0.58	2.86	1.62	4.00
69	0.58	2.87	1.62	3.00
70	0.58	2.89	1.61	3.00
71	0.59	2.90	1.61	3.00
72	0.59	2.90	1.61	3.00
73	0.59	2.91	1.60	3.00
74	0.59	2.91	1.60	3.00
75	0.59	2.92	1.60	2.00
76	0.58	2.89	1.61	2.00
77	0.58	2.87	1.63	4.00
78	0.58	2.86	1.63	4.00
79	0.58	2.85	1.63	4.00
80	0.57	2.87	1.64	4.00
81	0.57	2.88	1.64	3.00
82	0.57	2.88	1.65	3.00
83	0.57	2.88	1.65	3.00
84	0.56	2.89	1.65	3.00
85	0.55	2.90	1.65	3.00
86	0.55	2.90	1.66	3.00
87	0.54	2.90	1.66	3.00
88	0.54	2.90	1.67	3.00
89	0.55	2.90	1.68	3.00
90	0.54	2.90	1.68	3.00
91	0.54	2.90	1.69	4.00
92	0.54	2.90	1.69	4.00
93	0.54	2.89	1.69	4.00
94	0.55	2.89	1.69	4.00
95	0.55	2.88	1.69	4.00
96	0.56	2.88	1.69	4.00
97	0.56	2.87	1.69	4.00
98	0.54	2.87	1.69	4.00
99	0.53	2.87	1.69	3.00
100	0.52	2.86	1.69	3.00
101	0.50	2.86	1.69	3.00
102	0.50	2.85	1.70	3.00
103	0.50	2.84	1.70	3.00
104	0.51	2.84	1.70	3.00
105	0.51	2.83	1.70	3.00
106	0.52	2.83	1.70	3.00
107	0.53	2.82	1.70	3.00
108	0.53	2.82	1.70	3.00
109	0.53	2.81	1.70	3.00
110	0.54	2.80	1.69	3.00
111	0.54	2.80	1.69	3.00
112	0.54	2.79	1.69	3.00
113	0.54	2.78	1.70	3.00
114	0.53	2.77	1.69	3.00
115	0.52	2.77	1.69	3.00
116	0.51	2.77	1.68	3.00
117	0.51	2.77	1.68	3.00
118	0.51	2.76	1.68	3.00
119	0.51	2.75	1.68	3.00
120	0.51	2.76	1.67	3.00
121	0.51	2.76	1.67	3.00
122	0.51	2.77	1.66	3.00
123	0.50	2.77	1.64	3.00
124	0.50	2.78	1.64	3.00
125	0.50	2.78	1.63	3.00
126	0.51	2.79	1.62	3.00
127	0.51	2.79	1.60	3.00
128	0.51	2.79	1.59	3.00
129	0.51	2.79	1.58	2.00
130	0.51	2.79	1.57	2.00
131	0.52	2.80	1.56	2.00
132	0.52	2.80	1.55	2.00
133	0.53	2.80	1.54	2.00
134	0.54	2.80	1.55	2.00
135	0.55	2.80	1.55	2.00
136	0.56	2.80	1.55	2.00
137	0.57	2.80	1.54	2.00
138	0.58	2.80	1.54	2.00
139	0.58	2.79	1.54	2.00
140	0.58	2.80	1.55	2.00
141	0.57	2.80	1.56	2.00
142	0.56	2.80	1.56	2.00
143	0.55	2.80	1.57	4.00
144	0.54	2.80	1.57	4.00
145	0.54	2.80	1.56	4.00
146	0.53	2.80	1.56	4.00
147	0.53	2.81	1.56	4.00
148	0.52	2.80	1.57	4.00
149	0.52	2.80	1.57	4.00
150	0.51	2.80	1.57	4.00
151	0.51	2.79	1.57	4.00
152	0.50	2.78	1.58	4.00
153	0.50	2.77	1.59	4.00
154	0.49	2.77	1.60	4.00
155	0.49	2.77	1.61	4.00
156	0.49	2.76	1.61	4.00
157	0.49	2.76	1.61	4.00
158	0.49	2.77	1.60	4.00
159	0.50	2.77	1.60	4.00
160	0.49	2.77	1.60	4.00
161	0.49	2.77	1.60	4.00
162	0.49	2.77	1.60	4.00
163	0.48	2.78	1.60	4.00
164	0.48	2.77	1.60	4.00
165	0.48	2.76	1.60	4.00
166	0.48	2.75	1.61	4.00
167	0.48	2.75	1.61	4.00
168	0.48	2.74	1.61	4.00
169	0.47	2.74	1.61	4.00
170	0.48	2.73	1.61	4.00
171	0.48	2.72	1.62	4.00
172	0.48	2.73	1.62	4.00
173	0.48	2.73	1.62	4.00
174	0.48	2.73	1.62	4.00
175	0.49	2.73	1.62	4.00
176	0.49	2.73	1.61	4.00
177	0.49	2.73	1.61	4.00
178	0.49	2.73	1.61	4.00
179	0.49	2.72	1.62	4.00
180	0.49	2.72	1.62	4.00
181	0.49	2.72	1.62	4.00
182	0.49	2.71	1.62	4.00
183	0.49	2.71	1.62	4.00
184	0.49	2.70	1.61	4.00
185	0.49	2.70	1.61	4.00
186	0.49	2.70	1.61	4.00
187	0.49	2.69	1.62	4.00
188	0.49	2.69	1.61	4.00
189	0.49	2.68	1.61	4.00
190	0.49	2.68	1.61	4.00
191	0.48	2.67	1.60	4.00
192	0.48	2.66	1.60	4.00
193	0.48	2.66	1.59	4.00
194	0.49	2.66	1.59	4.00
195	0.49	2.66	1.58	4.00
196	0.49	2.66	1.58	4.00
197	0.49	2.66	1.57	4.00
198	0.49	2.66	1.57	4.00
199	0.49	2.66	1.56	4.00
200	0.49	2.67	1.57	4.00
201	0.49	2.67	1.57	4.00
202	0.49	2.68	1.56	4.00
203	0.49	2.69	1.56	4.00
204	0.49	2.68	1.56	4.00
205	0.49	2.68	1.56	4.00
206	0.49	2.67	1.56	4.00
207	0.49	2.67	1.56	4.00
208	0.49	2.66	1.56	4.00
209	0.49	2.66	1.57	4.00
210	0.49	2.66	1.57	4.00
211	0.49	2.66	1.57	4.00
212	0.49	2.65	1.57	4.00
213	0.49	2.65	1.57	4.00
214	0.49	2.65	1.57	4.00
215	0.50	2.65	1.58	4.00
216	0.50	2.65	1.58	4.00
217	0.50	2.65	1.59	4.00
218	0.50	2.65	1.59	4.00
219	0.51	2.64	1.59	4.00
220	0.51	2.64	1.60	4.00
221	0.50	2.65	1.60	4.00
222	0.51	2.65	1.60	4.00
223	0.51	2.65	1.60	4.00
224	0.50	2.65	1.61	4.00
225	0.50	2.65	1.61	4.00
226	0.51	2.65	1.61	4.00
227	0.51	2.64	1.61	4.00
228	0.51	2.65	1.61	4.00
229	0.51	2.66	1.61	4.00
230	0.51	2.66	1.61	4.00
231	0.51	2.66	1.61	4.00
232	0.51	2.66	1.61	4.00
233	0.51	2.67	1.60	4.00
234	0.51	2.66	1.60	4.00
235	0.51	2.66	1.60	4.00
236	0.51	2.66	1.60	4.00
237	0.51	2.66	1.60	2.00
238	0.51	2.66	1.61	2.00
239	0.51	2.66	1.61	4.00
240	0.52	2.66	1.61	4.00
241	0.52	2.66	1.61	4.00
242	0.53	2.66	1.61	4.00
243	0.53	2.66	1.60	4.00
244	0.53	2.66	1.60	4.00
245	0.53	2.66	1.60	4.00
246	0.53	2.66	1.61	4.00
247	0.52	2.66	1.61	4.00
248	0.52	2.65	1.61	4.00
249	0.51	2.65	1.60	4.00
250	0.51	2.65	1.61	4.00
251	0.51	2.64	1.62	2.00
252	0.51	2.64	1.61	2.00
253	0.51	2.64	1.61	2.00
254	0.51	2.64	1.60	2.00
255	0.51	2.65	1.60	2.00
256	0.51	2.64	1.60	2.00
257	0.51	2.64	1.60	2.00
258	0.51	2.64	1.60	2.00
259	0.51	2.64	1.60	2.00
260	0.51	2.63	1.61	2.00
261	0.51	2.63	1.61	2.00
262	0.52	2.63	1.61	2.00
263	0.52	2.63	1.62	2.00
264	0.52	2.63	1.61	2.00
265	0.52	2.63	1.60	2.00
266	0.52	2.64	1.60	2.00
267	0.52	2.65	1.60	4.00
268	0.52	2.65	1.60	4.00
269	0.52	2.65	1.59	4.00
270	0.52	2.65	1.59	4.00
271	0.52	2.65	1.59	4.00
272	0.52	2.66	1.59	4.00
273	0.52	2.67	1.59	4.00
274	0.53	2.68	1.57	4.00
275	0.54	2.68	1.55	4.00
276	0.55	2.68	1.56	4.00
277	0.55	2.69	1.56	4.00
278	0.55	2.69	1.56	4.00
279	0.56	2.69	1.56	4.00
280	0.55	2.69	1.55	4.00
281	0.55	2.69	1.55	4.00
282	0.55	2.69	1.55	4.00
283	0.55	2.70	1.54	4.00
284	0.55	2.70	1.55	4.00
285	0.55	2.71	1.56	4.00
286	0.56	2.72	1.56	4.00
287	0.57	2.74	1.56	2.00
288	0.57	2.74	1.55	2.00
289	0.57	2.75	1.55	2.00
290	0.58	2.76	1.54	2.00
291	0.58	2.76	1.54	4.00
292	0.58	2.76	1.54	4.00
293	0.59	2.76	1.55	4.00
294	0.60	2.77	1.56	4.00
295	0.60	2.78	1.56	4.00
296	0.61	2.79	1.57	4.00
297	0.61	2.80	1.58	4.00
298	0.61	2.81	1.57	4.00
299	0.62	2.81	1.57	4.00
300	0.62	2.81	1.57	4.00
301	0.61	2.81	1.57	4.00
302	0.61	2.82	1.58	4.00
303	0.62	2.83	1.58	4.00
304	0.61	2.83	1.58	4.00
305	0.61	2.84	1.59	4.00
306	0.60	2.83	1.60	4.00
307	0.59	2.83	1.60	4.00
308	0.58	2.83	1.61	4.00
309	0.58	2.83	1.62	4.00
310	0.57	2.83	1.62	4.00
311	0.57	2.83	1.62	4.00
312	0.57	2.82	1.62	4.00
313	0.56	2.81	1.62	4.00
314	0.56	2.81	1.62	4.00
315	0.56	2.81	1.63	4.00
316	0.55	2.81	1.63	4.00
317	0.54	2.81	1.63	4.00
318	0.54	2.81	1.62	4.00
319	0.54	2.80	1.61	4.00
320	0.54	2.80	1.61	4.00
321	0.54	2.80	1.61	4.00
322	0.54	2.80	1.61	4.00
323	0.53	2.80	1.61	4.00
324	0.53	2.80	1.61	4.00
325	0.53	2.81	1.62	4.00
326	0.53	2.80	1.61	4.00
327	0.53	2.80	1.61	4.00
328	0.52	2.80	1.61	4.00
329	0.52	2.81	1.61	4.00
330	0.52	2.81	1.61	4.00
331	0.51	2.81	1.61	4.00
332	0.51	2.81	1.61	4.00
333	0.51	2.81	1.61	4.00
334	0.51	2.81	1.61	4.00
335	0.51	2.81	1.61	4.00
336	0.51	2.81	1.61	4.00
337	0.52	2.81	1.60	4.00
338	0.52	2.80	1.60	4.00
339	0.52	2.80	1.60	4.00
340	0.52	2.79	1.60	4.00
341	0.52	2.79	1.60	4.00
342	0.52	2.79	1.60	4.00
343	0.52	2.78	1.60	4.00
344	0.52	2.78	1.59	4.00
345	0.53	2.78	1.59	4.00
346	0.52	2.78	1.59	4.00
347	0.52	2.78	1.60	4.00
348	0.52	2.77	1.60	4.00
349	0.51	2.76	1.61	4.00
350	0.50	2.75	1.60	4.00
351	0.48	2.74	1.60	4.00
352	0.47	2.73	1.59	4.00
353	0.46	2.71	1.59	1.00
354	0.46	2.71	1.59	1.00
355	0.46	2.72	1.59	1.00
356	0.45	2.72	1.60	1.00
357	0.44	2.72	1.60	1.00
358	0.44	2.73	1.60	1.00
359	0.45	2.73	1.60	1.00
360	0.45	2.73	1.60	1.00
361	0.45	2.72	1.60	1.00
362	0.44	2.72	1.61	1.00
363	0.44	2.72	1.61	1.00
364	0.44	2.72	1.61	1.00
365	0.43	2.72	1.62	2.00
366	0.44	2.72	1.61	2.00
367	0.44	2.73	1.61	4.00
368	0.45	2.72	1.62	4.00
369	0.45	2.72	1.62	4.00
370	0.45	2.72	1.62	4.00
371	0.44	2.72	1.61	4.00
372	0.44	2.73	1.61	4.00
373	0.45	2.73	1.61	4.00
374	0.45	2.73	1.61	4.00
375	0.45	2.73	1.60	4.00
376	0.45	2.74	1.60	4.00
377	0.45	2.74	1.59	4.00
378	0.45	2.74	1.59	4.00
379	0.45	2.74	1.58	4.00
380	0.44	2.75	1.58	4.00
381	0.44	2.75	1.57	2.00
382	0.44	2.76	1.58	2.00
383	0.43	2.76	1.58	4.00
384	0.43	2.77	1.58	4.00
385	0.43	2.78	1.58	4.00
386	0.44	2.78	1.58	4.00
387	0.44	2.78	1.58	4.00
388	0.44	2.78	1.56	4.00
389	0.45	2.79	1.55	2.00
390	0.45	2.79	1.55	2.00
391	0.45	2.80	1.56	4.00
392	0.44	2.80	1.57	4.00
393	0.43	2.80	1.57	4.00
394	0.44	2.80	1.58	4.00
395	0.45	2.80	1.59	4.00
Target 3 (frames from 1 to 285)
Bounding Boxes (frame, x, y, width, height)
1	191	106	155	310
2	192	106	155	310
3	192	105	155	310
4	193	105	155	310
5	194	105	155	310
6	194	105	154	309
7	195	105	154	308
8	195	105	153	307
9	196	105	152	305
10	196	106	152	304
11	196	106	150	301
12	197	107	149	299
13	197	108	148	296
14	197	109	146	293
15	197	109	145	290
16	197	110	143	287
17	197	109	142	285
18	197	109	141	283
19	196	109	140	281
20	196	108	140	280
21	196	108	140	280
22	196	107	140	281
23	196	106	141	283
24	196	105	142	284
25	197	104	143	286
26	197	103	144	289
27	197	102	146	292
28	197	102	147	294
29	198	101	148	296
30	198	101	149	298
31	197	101	150	300
32	197	101	150	301
33	197	101	151	303
34	196	101	152	304
35	196	101	152	305
36	196	101	153	306
37	196	102	153	307
38	196	102	153	307
39	196	103	154	308
40	196	103	154	308
41	196	104	153	307
42	196	105	153	307
43	196	105	153	307
44	196	106	153	306
45	195	106	153	306
46	194	106	153	306
47	193	107	153	306
48	192	107	153	306
49	191	107	153	306
50	191	107	153	306
51	191	107	153	306
52	191	107	153	306
53	191	108	152	305
54	192	108	152	304
55	193	108	151	303
56	193	108	151	302
57	194	109	150	301
58	195	109	150	300
59	197	109	149	299
60	198	110	149	298
61	199	110	148	297
62	199	111	148	297
63	200	111	149	298
64	199	110	149	299
65	199	110	150	301
66	199	110	151	303
67	198	109	152	305
68	197	108	153	307
69	196	107	154	309
70	196	106	155	311
71	195	105	156	313
72	194	104	157	314
73	193	103	157	314
74	193	102	157	315
75	192	102	157	315
76	192	102	157	315
77	192	102	157	314
78	192	102	156	313
79	192	102	156	312
80	192	102	155	311
81	192	102	155	310
82	191	102	154	309
83	191	102	154	308
84	191	102	153	307
85	191	102	153	306
86	191	101	152	305
87	191	101	152	305
88	191	100	152	304
89	191	100	152	304
90	191	99	152	304
91	191	98	152	304
92	192	98	152	305
93	192	97	152	305
94	193	97	152	305
95	194	97	153	306
96	195	97	153	306
97	196	96	153	306
98	196	96	153	307
99	197	96	154	308
100	197	95	154	309
101	197	94	155	310
102	196	94	156	312
103	195	93	157	314
104	194	92	158	316
105	192	90	159	318
106	191	89	160	321
107	189	87	162	324
108	188	86	163	327
109	186	84	165	330
110	184	83	166	332
111	182	82	167	335
112	181	81	168	336
113	179	81	169	338
114	178	81	169	339
115	177	81	169	339
116	176	82	170	340
117	174	82	170	340
118	173	83	170	341
119	172	83	170	340
120	172	84	170	341
121	171	84	170	341
122	171	84	170	341
123	172	84	171	342
124	172	84	171	342
125	172	83	171	343
126	173	83	171	343
127	173	82	172	344
128	174	81	172	345
129	174	80	173	346
130	175	79	173	347
131	175	78	174	349
132	176	76	175	350
133	176	75	176	352
134	176	74	177	354
135	175	73	178	356
136	175	72	179	358
137	174	71	180	360
138	173	70	180	361
139	173	70	180	361
140	172	70	180	360
141	171	71	179	358
142	171	72	177	355
143	170	74	175	351
144	169	76	173	347
145	169	78	171	342
146	168	80	168	337
147	168	83	166	332
148	168	85	163	327
149	168	87	161	323
150	169	89	159	319
151	169	91	158	316
152	170	92	156	312
153	171	94	154	309
154	172	96	153	306
155	173	98	152	304
156	173	99	150	301
157	174	101	149	299
158	175	102	148	297
159	175	103	147	294
160	175	104	146	293
161	176	105	146	292
162	176	105	145	291
163	176	104	145	291
164	175	104	145	291
165	175	104	146	292
166	174	103	146	293
167	174	102	147	295
168	174	101	148	296
169	174	100	148	297
170	173	99	149	298
171	173	99	149	299
172	173	98	150	300
173	173	98	150	300
174	173	97	150	301
175	173	97	151	302
176	174	97	151	303
177	174	97	152	304
178	173	96	152	305
179	174	96	153	306
180	174	97	153	306
181	174	97	153	307
182	174	97	154	308
183	174	97	154	308
184	174	97	154	309
185	174	97	155	310
186	173	96	155	310
187	173	96	155	311
188	172	96	156	312
189	172	95	156	313
190	171	94	157	314
191	170	94	157	315
192	170	93	158	316
193	169	93	158	317
194	169	93	158	317
195	168	93	158	317
196	168	94	158	317
197	169	94	158	317
198	169	94	159	318
199	169	94	159	318
200	170	94	159	319
201	170	93	160	320
202	171	93	160	321
203	171	92	161	322
204	171	91	162	324
205	171	90	163	326
206	171	88	164	328
207	171	87	164	329
208	171	87	165	330
209	170	86	165	331
210	170	86	166	332
211	170	86	165	331
212	169	86	165	331
213	169	87	165	330
214	169	88	164	329
215	168	88	164	329
216	168	88	164	329
217	167	89	164	328
218	167	89	163	327
219	167	90	162	325
220	167	90	162	324
221	168	91	161	323
222	168	91	161	322
223	168	92	160	320
224	169	93	159	318
225	169	94	158	316
226	170	95	157	314
227	171	96	156	312
228	172	97	155	311
229	173	97	155	311
230	174	98	155	311
231	175	98	156	312
232	177	98	157	314
233	178	97	158	317
234	180	97	160	320
235	181	96	162	324
236	181	95	164	328
237	182	93	166	332
238	182	92	168	337
239	182	90	171	342
240	181	87	174	348
241	180	85	176	353
242	179	82	178	357
243	176	80	181	362
244	174	77	183	367
245	172	74	185	371
246	170	72	187	374
247	168	71	188	376
248	167	70	188	376
249	166	70	188	376
250	166	71	187	375
251	165	71	186	373
252	165	73	185	371
253	164	74	184	368
254	164	76	182	364
255	164	79	180	360
256	164	81	178	357
257	165	83	176	353
258	165	85	175	350
259	166	87	173	347
260	166	88	172	345
261	167	88	172	344
262	167	88	172	344
263	167	88	172	344
264	167	87	172	345
265	168	85	173	346
266	168	83	174	348
267	168	80	175	351
268	168	77	178	356
269	169	73	180	360
270	169	70	182	365
271	169	67	185	370
272	170	64	187	374
273	170	61	189	379
274	171	59	191	383
275	172	57	193	386
276	173	55	194	389
277	173	54	195	391
278	174	53	196	393
279	174	53	197	394
280	174	53	197	394
281	175	54	197	395
282	175	55	197	394
283	175	56	196	393
284	175	58	196	392
285	175	60	195	390
3D Trajetory (frame, x, z, height, pose)
1	-0.55	2.59	1.63	2.00
2	-0.54	2.61	1.63	2.00
3	-0.53	2.62	1.64	2.00
4	-0.52	2.64	1.65	2.00
5	-0.52	2.66	1.65	2.00
6	-0.52	2.69	1.66	2.00
7	-0.52	2.71	1.66	2.00
8	-0.52	2.71	1.66	2.00
9	-0.52	2.71	1.66	2.00
10	-0.52	2.72	1.66	2.00
11	-0.52	2.72	1.66	2.00
12	-0.53	2.73	1.66	2.00
13	-0.53	2.74	1.66	2.00
14	-0.56	2.81	1.66	2.00
15	-0.58	2.88	1.66	2.00
16	-0.59	2.88	1.66	2.00
17	-0.59	2.88	1.66	2.00
18	-0.60	2.92	1.64	2.00
19	-0.62	2.95	1.62	2.00
20	-0.62	2.95	1.64	2.00
21	-0.62	2.95	1.66	2.00
22	-0.61	2.94	1.67	2.00
23	-0.61	2.94	1.68	2.00
24	-0.60	2.92	1.68	2.00
25	-0.60	2.91	1.69	2.00
26	-0.59	2.90	1.69	2.00
27	-0.59	2.89	1.69	2.00
28	-0.58	2.88	1.70	2.00
29	-0.57	2.88	1.71	2.00
30	-0.57	2.86	1.72	2.00
31	-0.57	2.85	1.72	2.00
32	-0.56	2.83	1.72	2.00
33	-0.56	2.81	1.71	2.00
34	-0.56	2.80	1.72	2.00
35	-0.56	2.79	1.72	2.00
36	-0.56	2.78	1.71	2.00
37	-0.56	2.78	1.71	2.00
38	-0.56	2.78	1.72	2.00
39	-0.56	2.78	1.72	2.00
40	-0.55	2.77	1.72	2.00
41	-0.55	2.77	1.71	2.00
42	-0.55	2.76	1.71	2.00
43	-0.55	2.76	1.70	2.00
44	-0.55	2.75	1.70	2.00
45	-0.56	2.75	1.70	2.00
46	-0.57	2.75	1.69	2.00
47	-0.57	2.75	1.68	2.00
48	-0.57	2.74	1.68	2.00
49	-0.57	2.74	1.68	2.00
50	-0.57	2.74	1.68	2.00
51	-0.57	2.73	1.68	2.00
52	-0.56	2.72	1.68	2.00
53	-0.56	2.72	1.68	2.00
54	-0.55	2.72	1.67	2.00
55	-0.55	2.73	1.67	2.00
56	-0.55	2.74	1.67	2.00
57	-0.54	2.76	1.67	2.00
58	-0.55	2.77	1.67	2.00
59	-0.55	2.78	1.67	2.00
60	-0.55	2.79	1.66	2.00
61	-0.55	2.80	1.66	2.00
62	-0.54	2.79	1.66	2.00
63	-0.54	2.78	1.66	2.00
64	-0.54	2.77	1.66	2.00
65	-0.53	2.75	1.66	2.00
66	-0.53	2.74	1.67	2.00
67	-0.53	2.73	1.67	2.00
68	-0.53	2.71	1.68	2.00
69	-0.53	2.70	1.68	2.00
70	-0.53	2.69	1.69	2.00
71	-0.53	2.68	1.70	2.00
72	-0.53	2.68	1.70	2.00
73	-0.53	2.68	1.70	2.00
74	-0.54	2.69	1.70	2.00
75	-0.54	2.69	1.70	2.00
76	-0.55	2.69	1.70	2.00
77	-0.55	2.70	1.70	2.00
78	-0.56	2.70	1.70	2.00
79	-0.57	2.71	1.70	2.00
80	-0.57	2.71	1.70	2.00
81	-0.57	2.71	1.70	2.00
82	-0.58	2.72	1.70	2.00
83	-0.58	2.72	1.69	2.00
84	-0.59	2.73	1.69	2.00
85	-0.60	2.74	1.69	2.00
86	-0.60	2.74	1.68	2.00
87	-0.60	2.74	1.68	2.00
88	-0.60	2.75	1.68	2.00
89	-0.60	2.75	1.68	2.00
90	-0.60	2.75	1.68	2.00
91	-0.60	2.75	1.69	2.00
92	-0.59	2.75	1.69	2.00
93	-0.59	2.75	1.69	2.00
94	-0.58	2.75	1.69	2.00
95	-0.57	2.75	1.70	2.00
96	-0.56	2.75	1.70	2.00
97	-0.56	2.75	1.70	2.00
98	-0.56	2.75	1.70	2.00
99	-0.55	2.76	1.70	2.00
100	-0.55	2.75	1.71	2.00
101	-0.55	2.75	1.71	2.00
102	-0.55	2.74	1.71	2.00
103	-0.55	2.73	1.71	4.00
104	-0.55	2.71	1.72	4.00
105	-0.55	2.69	1.73	4.00
106	-0.54	2.67	1.74	4.00
107	-0.54	2.66	1.75	4.00
108	-0.55	2.65	1.75	4.00
109	-0.55	2.65	1.74	4.00
110	-0.55	2.64	1.75	4.00
111	-0.55	2.62	1.77	4.00
112	-0.55	2.61	1.77	4.00
113	-0.55	2.60	1.77	4.00
114	-0.55	2.59	1.77	4.00
115	-0.56	2.59	1.77	4.00
116	-0.56	2.58	1.77	4.00
117	-0.56	2.57	1.76	4.00
118	-0.56	2.56	1.75	4.00
119	-0.56	2.56	1.74	4.00
120	-0.56	2.55	1.74	4.00
121	-0.56	2.54	1.74	4.00
122	-0.56	2.54	1.73	4.00
123	-0.56	2.54	1.73	4.00
124	-0.55	2.54	1.74	4.00
125	-0.55	2.54	1.75	4.00
126	-0.54	2.54	1.76	4.00
127	-0.52	2.53	1.77	4.00
128	-0.52	2.53	1.76	4.00
129	-0.52	2.53	1.76	4.00
130	-0.51	2.53	1.76	4.00
131	-0.51	2.53	1.76	4.00
132	-0.51	2.52	1.76	4.00
133	-0.50	2.51	1.76	4.00
134	-0.50	2.50	1.77	4.00
135	-0.50	2.49	1.78	4.00
136	-0.49	2.48	1.78	4.00
137	-0.49	2.47	1.78	4.00
138	-0.49	2.46	1.79	4.00
139	-0.49	2.46	1.80	4.00
140	-0.49	2.46	1.79	4.00
141	-0.50	2.47	1.78	4.00
142	-0.51	2.47	1.77	4.00
143	-0.52	2.48	1.76	4.00
144	-0.53	2.51	1.75	4.00
145	-0.54	2.53	1.73	4.00
146	-0.55	2.56	1.72	4.00
147	-0.57	2.58	1.71	2.00
148	-0.57	2.60	1.69	2.00
149	-0.58	2.62	1.67	2.00
150	-0.59	2.63	1.67	2.00
151	-0.59	2.65	1.66	2.00
152	-0.59	2.65	1.66	2.00
153	-0.59	2.65	1.65	2.00
154	-0.59	2.66	1.64	2.00
155	-0.59	2.66	1.63	2.00
156	-0.59	2.67	1.63	2.00
157	-0.59	2.68	1.63	2.00
158	-0.60	2.71	1.61	2.00
159	-0.62	2.74	1.59	2.00
160	-0.62	2.75	1.59	2.00
161	-0.63	2.75	1.59	2.00
162	-0.63	2.75	1.60	2.00
163	-0.63	2.75	1.60	2.00
164	-0.63	2.74	1.60	2.00
165	-0.62	2.74	1.61	2.00
166	-0.62	2.74	1.62	2.00
167	-0.62	2.74	1.62	2.00
168	-0.62	2.73	1.62	2.00
169	-0.62	2.72	1.63	2.00
170	-0.61	2.72	1.63	2.00
171	-0.61	2.72	1.63	2.00
172	-0.61	2.72	1.63	2.00
173	-0.61	2.72	1.63	2.00
174	-0.60	2.71	1.63	2.00
175	-0.59	2.70	1.63	2.00
176	-0.59	2.69	1.63	2.00
177	-0.58	2.68	1.63	2.00
178	-0.58	2.67	1.64	2.00
179	-0.58	2.67	1.64	2.00
180	-0.58	2.66	1.64	2.00
181	-0.57	2.65	1.63	2.00
182	-0.57	2.65	1.63	2.00
183	-0.57	2.65	1.63	2.00
184	-0.57	2.65	1.63	2.00
185	-0.57	2.64	1.64	2.00
186	-0.56	2.64	1.64	2.00
187	-0.56	2.64	1.63	2.00
188	-0.56	2.63	1.64	2.00
189	-0.56	2.62	1.64	4.00
190	-0.56	2.62	1.64	4.00
191	-0.56	2.61	1.64	4.00
192	-0.56	2.61	1.64	4.00
193	-0.56	2.60	1.64	2.00
194	-0.56	2.60	1.65	2.00
195	-0.56	2.60	1.65	2.00
196	-0.56	2.59	1.65	2.00
197	-0.56	2.59	1.65	2.00
198	-0.56	2.59	1.65	2.00
199	-0.56	2.58	1.64	2.00
200	-0.55	2.59	1.64	2.00
201	-0.54	2.59	1.63	2.00
202	-0.54	2.58	1.64	2.00
203	-0.53	2.58	1.65	4.00
204	-0.52	2.57	1.67	4.00
205	-0.52	2.56	1.69	4.00
206	-0.52	2.56	1.69	4.00
207	-0.52	2.56	1.69	4.00
208	-0.52	2.56	1.68	4.00
209	-0.52	2.56	1.68	4.00
210	-0.51	2.55	1.69	4.00
211	-0.51	2.54	1.70	4.00
212	-0.51	2.55	1.69	4.00
213	-0.51	2.55	1.68	4.00
214	-0.51	2.56	1.68	4.00
215	-0.51	2.57	1.67	4.00
216	-0.51	2.57	1.67	4.00
217	-0.51	2.56	1.67	4.00
218	-0.52	2.56	1.67	4.00
219	-0.53	2.56	1.67	4.00
220	-0.53	2.56	1.66	4.00
221	-0.53	2.56	1.66	4.00
222	-0.53	2.57	1.66	4.00
223	-0.52	2.58	1.65	4.00
224	-0.53	2.59	1.65	4.00
225	-0.53	2.59	1.64	4.00
226	-0.53	2.61	1.63	4.00
227	-0.53	2.62	1.62	4.00
228	-0.53	2.62	1.63	4.00
229	-0.53	2.62	1.63	2.00
230	-0.53	2.63	1.62	2.00
231	-0.53	2.63	1.62	2.00
232	-0.53	2.61	1.62	2.00
233	-0.52	2.59	1.63	4.00
234	-0.49	2.56	1.63	4.00
235	-0.45	2.52	1.64	4.00
236	-0.44	2.50	1.65	4.00
237	-0.43	2.47	1.65	4.00
238	-0.41	2.45	1.65	4.00
239	-0.40	2.42	1.66	4.00
240	-0.41	2.40	1.66	4.00
241	-0.41	2.39	1.67	1.00
242	-0.41	2.37	1.68	1.00
243	-0.42	2.35	1.69	4.00
244	-0.41	2.34	1.71	4.00
245	-0.40	2.32	1.72	2.00
246	-0.40	2.32	1.74	2.00
247	-0.41	2.31	1.75	4.00
248	-0.42	2.31	1.74	4.00
249	-0.42	2.31	1.73	1.00
250	-0.42	2.31	1.74	1.00
251	-0.42	2.30	1.74	1.00
252	-0.43	2.33	1.72	1.00
253	-0.44	2.35	1.69	4.00
254	-0.44	2.36	1.69	4.00
255	-0.44	2.37	1.68	4.00
256	-0.45	2.38	1.69	4.00
257	-0.45	2.39	1.69	4.00
258	-0.45	2.39	1.69	4.00
259	-0.45	2.40	1.69	4.00
260	-0.46	2.41	1.67	4.00
261	-0.47	2.42	1.65	4.00
262	-0.47	2.43	1.65	4.00
263	-0.46	2.44	1.65	4.00
264	-0.46	2.44	1.66	4.00
265	-0.45	2.44	1.68	4.00
266	-0.46	2.44	1.69	4.00
267	-0.46	2.44	1.70	4.00
268	-0.46	2.42	1.71	4.00
269	-0.45	2.40	1.73	4.00
270	-0.44	2.39	1.74	4.00
271	-0.43	2.38	1.76	4.00
272	-0.41	2.37	1.77	4.00
273	-0.39	2.35	1.78	2.00
274	-0.38	2.34	1.79	2.00
275	-0.37	2.33	1.80	2.00
276	-0.36	2.32	1.80	2.00
277	-0.36	2.31	1.80	2.00
278	-0.36	2.30	1.80	2.00
279	-0.35	2.30	1.81	2.00
280	-0.35	2.29	1.81	2.00
281	-0.35	2.29	1.81	2.00
282	-0.35	2.29	1.80	2.00
283	-0.36	2.30	1.79	2.00
284	-0.36	2.30	1.79	2.00
285	-0.37	2.30	1.79	2.00
Target 4 (frames from 1 to 355)
Bounding Boxes (frame, x, y, width, height)
1	289	122	146	293
2	290	123	146	292
3	290	124	146	292
4	291	124	145	291
5	292	125	145	291
6	292	125	145	290
7	293	126	145	290
8	294	126	144	289
9	295	127	144	289
10	296	127	144	288
11	297	127	144	288
12	298	127	143	287
13	299	128	143	286
14	300	128	142	285
15	300	128	142	285
16	301	127	142	284
17	301	127	141	283
18	301	126	141	283
19	301	125	141	283
20	301	125	141	282
21	300	125	141	282
22	300	124	141	282
23	300	125	140	281
24	299	125	140	281
25	299	125	140	281
26	298	126	141	282
27	297	126	141	282
28	296	126	141	283
29	296	125	142	284
30	295	125	142	285
31	294	125	143	286
32	293	125	143	287
33	293	124	143	287
34	292	124	144	288
35	292	124	144	289
36	292	123	145	290
37	292	123	145	291
38	292	123	146	292
39	293	123	146	293
40	294	123	147	294
41	294	123	147	295
42	295	122	148	296
43	295	122	148	296
44	295	122	148	297
45	295	122	149	298
46	294	121	149	298
47	293	121	149	298
48	293	121	149	298
49	292	122	149	298
50	291	122	148	297
51	291	122	148	296
52	290	123	147	295
53	290	123	147	295
54	290	123	147	294
55	290	124	147	294
56	291	124	146	293
57	291	125	146	292
58	292	125	146	292
59	293	126	145	291
60	293	127	145	291
61	294	127	145	291
62	295	128	145	291
63	295	128	145	290
64	295	129	145	290
65	295	129	145	290
66	295	130	144	289
67	294	130	144	289
68	294	130	144	289
69	294	130	144	289
70	294	130	144	289
71	293	130	144	289
72	293	129	145	290
73	292	129	145	290
74	292	128	145	290
75	292	128	145	291
76	291	127	145	291
77	291	126	146	292
78	291	126	146	292
79	291	125	146	292
80	291	125	146	293
81	291	124	146	293
82	291	123	146	293
83	291	122	146	292
84	291	122	146	292
85	291	121	145	291
86	291	121	145	291
87	291	121	145	290
88	291	120	144	289
89	291	120	144	288
90	291	120	144	288
91	290	120	144	288
92	290	120	143	287
93	290	121	143	287
94	290	121	143	287
95	290	122	143	286
96	290	122	143	287
97	290	122	143	287
98	291	121	144	288
99	291	121	144	289
100	291	120	145	290
101	291	119	146	292
102	291	119	146	293
103	291	118	147	294
104	290	118	147	295
105	290	117	148	297
106	289	117	149	298
107	289	117	149	299
108	288	117	150	300
109	287	117	150	300
110	287	117	150	301
111	286	117	150	301
112	285	117	150	301
113	285	118	150	301
114	284	118	151	302
115	283	118	151	302
116	283	117	151	303
117	282	117	151	303
118	282	117	151	303
119	281	117	151	303
120	280	117	152	304
121	280	117	152	305
122	279	116	153	306
123	279	116	153	307
124	278	115	153	307
125	278	115	154	308
126	278	115	154	308
127	278	115	154	308
128	278	115	153	307
129	278	116	153	306
130	279	116	152	305
131	280	117	152	304
132	281	118	151	302
133	282	119	150	300
134	283	120	149	298
135	284	121	148	296
136	284	122	147	295
137	285	122	146	293
138	285	122	146	293
139	285	122	146	292
140	285	121	146	292
141	285	121	146	292
142	285	120	146	292
143	284	119	146	292
144	283	118	146	293
145	282	117	147	294
146	281	115	147	294
147	280	114	148	296
148	279	113	148	296
149	279	112	148	297
150	278	112	149	298
151	277	111	149	299
152	277	110	149	299
153	277	110	149	299
154	277	110	150	300
155	278	110	149	299
156	278	111	149	298
157	279	111	148	297
158	279	112	148	296
159	280	113	147	295
160	281	113	147	294
161	281	113	146	293
162	282	113	146	293
163	282	113	146	293
164	283	113	146	293
165	283	113	146	293
166	283	112	146	293
167	283	111	147	294
168	282	111	147	295
169	281	110	148	296
170	281	109	149	298
171	280	108	150	300
172	279	107	151	302
173	278	107	152	304
174	277	106	153	306
175	276	106	154	308
176	275	106	155	310
177	274	105	156	312
178	273	105	157	314
179	273	105	158	316
180	272	105	158	317
181	272	105	159	319
182	272	105	160	320
183	271	105	160	321
184	271	105	161	322
185	271	105	161	323
186	271	105	162	324
187	271	105	162	325
188	270	105	163	326
189	270	105	163	327
190	270	105	163	327
191	271	106	163	327
192	271	106	163	327
193	271	107	163	326
194	271	108	163	326
195	272	108	163	326
196	272	109	163	326
197	272	109	163	326
198	272	110	163	326
199	272	111	162	325
200	272	111	162	324
201	272	112	162	324
202	271	113	161	323
203	271	113	161	322
204	270	114	160	321
205	270	114	160	320
206	269	115	159	319
207	269	115	159	318
208	268	115	158	317
209	268	115	158	317
210	267	115	158	317
211	267	115	158	317
212	267	114	158	317
213	267	114	158	317
214	267	114	158	317
215	267	114	158	317
216	267	114	158	316
217	267	114	157	315
218	267	115	156	313
219	267	116	156	312
220	267	116	155	310
221	267	117	154	308
222	268	118	153	306
223	268	118	152	305
224	268	118	152	304
225	268	118	151	303
226	269	118	152	304
227	269	117	152	304
228	270	116	152	305
229	270	116	153	306
230	271	115	153	307
231	271	115	154	308
232	272	115	154	309
233	273	114	155	310
234	274	114	155	311
235	274	114	156	312
236	275	114	156	312
237	275	113	157	314
238	276	112	157	315
239	276	111	158	317
240	275	110	159	319
241	275	109	160	321
242	275	108	161	322
243	275	108	161	323
244	275	107	162	324
245	274	107	162	325
246	274	106	163	326
247	273	105	163	326
248	273	105	163	326
249	272	104	163	326
250	271	104	163	326
251	270	104	162	325
252	269	104	162	325
253	268	104	162	324
254	267	103	162	324
255	265	102	162	324
256	264	102	162	324
257	263	102	162	324
258	262	102	161	323
259	261	103	161	322
260	261	104	161	322
261	262	104	160	321
262	262	105	160	321
263	263	105	160	321
264	265	105	160	321
265	266	106	160	321
266	268	107	159	319
267	270	108	158	317
268	271	109	157	314
269	273	110	155	310
270	275	112	153	307
271	276	113	151	303
272	277	115	149	298
273	277	116	147	295
274	278	116	146	292
275	278	116	145	290
276	278	116	144	288
277	278	116	143	287
278	277	115	144	288
279	277	115	144	289
280	276	113	145	291
281	276	112	146	293
282	275	111	147	295
283	275	110	148	296
284	275	109	148	297
285	274	108	149	298
286	274	108	149	299
287	273	107	149	299
288	273	107	149	299
289	272	107	149	299
290	272	107	149	299
291	272	107	150	300
292	272	106	150	301
293	272	106	151	302
294	272	106	152	304
295	272	105	152	305
296	272	105	153	306
297	272	104	154	308
298	272	104	154	309
299	273	104	154	309
300	273	103	155	310
301	274	103	155	310
302	274	103	154	309
303	274	103	154	309
304	274	103	154	309
305	275	103	154	309
306	275	103	155	310
307	275	103	155	310
308	275	103	155	311
309	275	103	156	313
310	274	103	157	314
311	274	103	158	316
312	274	103	159	318
313	274	103	160	320
314	273	103	160	321
315	273	103	161	323
316	273	103	162	324
317	273	103	162	325
318	273	104	162	325
319	273	104	162	325
320	272	105	162	325
321	272	106	162	324
322	272	106	162	324
323	273	106	161	323
324	273	107	161	323
325	274	107	161	322
326	274	107	160	321
327	275	107	160	321
328	275	107	160	321
329	275	107	160	320
330	275	106	160	320
331	275	106	160	320
332	274	106	160	320
333	273	106	159	319
334	273	105	159	319
335	272	105	159	319
336	271	105	159	318
337	270	105	158	317
338	270	105	158	316
339	269	105	157	315
340	269	105	157	315
341	269	105	157	314
342	270	105	157	314
343	270	105	156	313
344	270	105	156	312
345	270	105	156	312
346	270	105	155	311
347	270	106	155	311
348	270	106	155	310
349	270	107	154	309
350	270	108	154	308
351	270	109	154	308
352	270	110	153	307
353	269	111	153	306
354	269	112	152	305
355	268	114	152	304
3D Trajetory (frame, x, z, height, pose)
1	-0.05	2.63	1.54	2.00
2	-0.05	2.64	1.54	2.00
3	-0.04	2.64	1.54	2.00
4	-0.03	2.64	1.54	2.00
5	-0.03	2.64	1.55	2.00
6	-0.02	2.65	1.55	2.00
7	-0.01	2.66	1.55	4.00
8	-0.01	2.67	1.55	4.00
9	-0.00	2.68	1.55	4.00
10	-0.01	2.68	1.55	4.00
11	-0.01	2.69	1.54	2.00
12	-0.00	2.70	1.54	2.00
13	0.01	2.70	1.54	2.00
14	0.02	2.71	1.54	2.00
15	0.02	2.71	1.55	2.00
16	0.02	2.72	1.55	2.00
17	0.01	2.73	1.56	2.00
18	0.01	2.74	1.56	2.00
19	0.01	2.75	1.55	4.00
20	0.01	2.76	1.55	4.00
21	0.01	2.77	1.55	4.00
22	0.00	2.77	1.55	4.00
23	-0.00	2.77	1.56	4.00
24	-0.00	2.76	1.56	4.00
25	-0.01	2.76	1.56	2.00
26	-0.01	2.76	1.56	2.00
27	-0.02	2.76	1.56	4.00
28	-0.02	2.76	1.57	4.00
29	-0.02	2.76	1.57	4.00
30	-0.03	2.76	1.57	4.00
31	-0.04	2.75	1.57	2.00
32	-0.05	2.75	1.58	2.00
33	-0.05	2.75	1.58	2.00
34	-0.05	2.74	1.59	2.00
35	-0.05	2.74	1.59	2.00
36	-0.04	2.73	1.59	2.00
37	-0.04	2.73	1.59	2.00
38	-0.03	2.73	1.60	2.00
39	-0.03	2.73	1.60	2.00
40	-0.03	2.73	1.61	2.00
41	-0.03	2.73	1.61	2.00
42	-0.02	2.72	1.61	2.00
43	-0.02	2.71	1.61	2.00
44	-0.02	2.70	1.61	2.00
45	-0.02	2.69	1.60	2.00
46	-0.02	2.69	1.61	2.00
47	-0.02	2.69	1.61	2.00
48	-0.02	2.69	1.60	2.00
49	-0.02	2.68	1.60	2.00
50	-0.02	2.68	1.60	2.00
51	-0.02	2.69	1.60	2.00
52	-0.03	2.69	1.59	2.00
53	-0.04	2.70	1.59	2.00
54	-0.04	2.70	1.58	2.00
55	-0.04	2.70	1.58	2.00
56	-0.03	2.70	1.57	2.00
57	-0.02	2.70	1.57	2.00
58	-0.02	2.69	1.58	2.00
59	-0.01	2.68	1.58	2.00
60	-0.01	2.68	1.58	2.00
61	-0.02	2.68	1.57	2.00
62	-0.02	2.69	1.56	2.00
63	-0.03	2.70	1.55	2.00
64	-0.02	2.70	1.56	2.00
65	-0.02	2.69	1.56	2.00
66	-0.02	2.69	1.56	2.00
67	-0.02	2.69	1.56	2.00
68	-0.02	2.69	1.56	2.00
69	-0.03	2.69	1.55	2.00
70	-0.03	2.69	1.56	2.00
71	-0.04	2.69	1.56	2.00
72	-0.03	2.69	1.56	2.00
73	-0.03	2.69	1.56	2.00
74	-0.04	2.69	1.56	2.00
75	-0.04	2.69	1.56	2.00
76	-0.04	2.68	1.56	2.00
77	-0.04	2.68	1.56	2.00
78	-0.05	2.68	1.57	2.00
79	-0.05	2.68	1.57	2.00
80	-0.06	2.68	1.58	2.00
81	-0.06	2.69	1.58	2.00
82	-0.06	2.69	1.58	2.00
83	-0.06	2.69	1.58	2.00
84	-0.06	2.70	1.58	2.00
85	-0.06	2.71	1.58	2.00
86	-0.07	2.71	1.58	2.00
87	-0.07	2.72	1.57	2.00
88	-0.07	2.72	1.57	2.00
89	-0.07	2.71	1.57	2.00
90	-0.07	2.71	1.57	2.00
91	-0.07	2.71	1.56	2.00
92	-0.07	2.71	1.56	2.00
93	-0.07	2.71	1.56	2.00
94	-0.07	2.71	1.56	2.00
95	-0.07	2.71	1.56	2.00
96	-0.07	2.71	1.56	2.00
97	-0.07	2.71	1.56	2.00
98	-0.06	2.70	1.56	2.00
99	-0.06	2.70	1.56	2.00
100	-0.06	2.70	1.56	2.00
101	-0.06	2.71	1.56	2.00
102	-0.05	2.69	1.58	2.00
103	-0.05	2.67	1.59	4.00
104	-0.05	2.66	1.59	4.00
105	-0.05	2.65	1.59	4.00
106	-0.05	2.65	1.59	4.00
107	-0.05	2.64	1.58	2.00
108	-0.05	2.64	1.58	2.00
109	-0.05	2.64	1.57	2.00
110	-0.05	2.63	1.58	2.00
111	-0.05	2.62	1.58	2.00
112	-0.05	2.61	1.58	2.00
113	-0.05	2.61	1.58	2.00
114	-0.05	2.61	1.58	2.00
115	-0.05	2.61	1.58	2.00
116	-0.05	2.60	1.58	2.00
117	-0.05	2.60	1.58	2.00
118	-0.05	2.60	1.58	2.00
119	-0.06	2.59	1.58	2.00
120	-0.05	2.59	1.58	2.00
121	-0.05	2.58	1.58	2.00
122	-0.05	2.59	1.58	2.00
123	-0.06	2.59	1.58	2.00
124	-0.05	2.58	1.58	2.00
125	-0.05	2.58	1.59	2.00
126	-0.05	2.57	1.59	2.00
127	-0.05	2.56	1.59	2.00
128	-0.05	2.56	1.59	2.00
129	-0.04	2.56	1.58	2.00
130	-0.04	2.56	1.57	2.00
131	-0.04	2.57	1.57	2.00
132	-0.04	2.58	1.55	2.00
133	-0.04	2.59	1.54	2.00
134	-0.03	2.59	1.54	2.00
135	-0.03	2.59	1.54	2.00
136	-0.03	2.59	1.54	2.00
137	-0.02	2.60	1.53	2.00
138	-0.02	2.62	1.53	2.00
139	-0.03	2.63	1.52	2.00
140	-0.03	2.63	1.53	2.00
141	-0.03	2.63	1.54	2.00
142	-0.03	2.62	1.54	2.00
143	-0.03	2.62	1.54	2.00
144	-0.03	2.62	1.54	2.00
145	-0.03	2.62	1.54	4.00
146	-0.03	2.62	1.54	4.00
147	-0.03	2.62	1.54	4.00
148	-0.03	2.62	1.55	4.00
149	-0.04	2.61	1.55	4.00
150	-0.04	2.60	1.56	4.00
151	-0.04	2.60	1.57	4.00
152	-0.04	2.60	1.56	4.00
153	-0.04	2.60	1.56	4.00
154	-0.04	2.60	1.56	4.00
155	-0.04	2.60	1.56	4.00
156	-0.04	2.60	1.56	4.00
157	-0.04	2.61	1.56	4.00
158	-0.04	2.62	1.56	4.00
159	-0.04	2.63	1.55	4.00
160	-0.04	2.64	1.55	4.00
161	-0.03	2.65	1.55	4.00
162	-0.03	2.65	1.55	4.00
163	-0.04	2.65	1.55	4.00
164	-0.04	2.65	1.55	4.00
165	-0.03	2.65	1.55	4.00
166	-0.03	2.64	1.56	4.00
167	-0.03	2.64	1.56	4.00
168	-0.03	2.64	1.56	4.00
169	-0.02	2.64	1.57	4.00
170	-0.02	2.63	1.57	4.00
171	-0.02	2.63	1.58	4.00
172	-0.03	2.62	1.58	4.00
173	-0.03	2.61	1.57	4.00
174	-0.03	2.58	1.58	4.00
175	-0.03	2.56	1.58	4.00
176	-0.03	2.53	1.58	4.00
177	-0.03	2.51	1.58	4.00
178	-0.03	2.50	1.58	4.00
179	-0.03	2.49	1.58	2.00
180	-0.04	2.48	1.58	2.00
181	-0.04	2.48	1.57	2.00
182	-0.04	2.47	1.58	2.00
183	-0.03	2.46	1.58	2.00
184	-0.03	2.45	1.58	2.00
185	-0.03	2.44	1.58	2.00
186	-0.03	2.43	1.58	2.00
187	-0.03	2.43	1.59	2.00
188	-0.03	2.42	1.58	2.00
189	-0.02	2.41	1.57	2.00
190	-0.02	2.41	1.57	2.00
191	-0.02	2.40	1.57	2.00
192	-0.02	2.40	1.57	2.00
193	-0.01	2.39	1.57	2.00
194	-0.01	2.39	1.56	2.00
195	-0.01	2.39	1.56	2.00
196	-0.01	2.39	1.56	2.00
197	-0.01	2.39	1.55	2.00
198	-0.01	2.39	1.55	2.00
199	-0.01	2.38	1.55	2.00
200	-0.01	2.38	1.55	2.00
201	-0.01	2.38	1.55	2.00
202	-0.01	2.38	1.55	2.00
203	-0.01	2.38	1.55	2.00
204	-0.02	2.40	1.54	2.00
205	-0.03	2.41	1.54	2.00
206	-0.03	2.42	1.53	2.00
207	-0.04	2.43	1.53	2.00
208	-0.04	2.43	1.53	2.00
209	-0.04	2.43	1.54	2.00
210	-0.04	2.43	1.53	2.00
211	-0.04	2.43	1.53	2.00
212	-0.03	2.43	1.54	2.00
213	-0.03	2.43	1.54	2.00
214	-0.03	2.43	1.55	2.00
215	-0.02	2.43	1.55	2.00
216	-0.02	2.43	1.55	2.00
217	-0.02	2.44	1.55	2.00
218	-0.03	2.45	1.54	2.00
219	-0.03	2.46	1.52	2.00
220	-0.03	2.46	1.52	2.00
221	-0.03	2.46	1.52	2.00
222	-0.03	2.47	1.51	2.00
223	-0.04	2.48	1.51	2.00
224	-0.04	2.49	1.51	2.00
225	-0.04	2.50	1.51	2.00
226	-0.04	2.50	1.51	2.00
227	-0.03	2.50	1.52	2.00
228	-0.03	2.50	1.52	2.00
229	-0.03	2.49	1.53	2.00
230	-0.02	2.49	1.53	2.00
231	-0.02	2.49	1.54	2.00
232	-0.02	2.48	1.54	2.00
233	-0.02	2.48	1.54	2.00
234	-0.01	2.48	1.54	2.00
235	-0.01	2.48	1.54	2.00
236	-0.01	2.47	1.54	2.00
237	0.00	2.47	1.54	2.00
238	0.00	2.46	1.55	2.00
239	0.01	2.45	1.55	2.00
240	0.01	2.45	1.55	2.00
241	0.01	2.45	1.56	4.00
242	0.01	2.44	1.57	4.00
243	0.01	2.43	1.58	4.00
244	0.01	2.43	1.59	4.00
245	0.01	2.42	1.60	4.00
246	0.01	2.42	1.59	4.00
247	0.01	2.42	1.57	4.00
248	0.01	2.42	1.57	4.00
249	0.02	2.43	1.56	4.00
250	0.01	2.43	1.57	4.00
251	0.00	2.44	1.58	4.00
252	0.01	2.43	1.59	4.00
253	0.01	2.43	1.59	4.00
254	-0.01	2.44	1.59	4.00
255	-0.02	2.45	1.59	4.00
256	-0.02	2.46	1.59	4.00
257	-0.03	2.47	1.59	2.00
258	-0.02	2.47	1.60	2.00
259	-0.02	2.47	1.60	2.00
260	-0.03	2.48	1.59	2.00
261	-0.04	2.48	1.59	4.00
262	-0.04	2.48	1.58	4.00
263	-0.03	2.48	1.58	4.00
264	-0.02	2.47	1.58	4.00
265	-0.02	2.47	1.57	4.00
266	-0.01	2.47	1.57	4.00
267	-0.01	2.47	1.57	4.00
268	-0.00	2.47	1.57	4.00
269	0.00	2.47	1.56	4.00
270	0.01	2.50	1.56	4.00
271	0.01	2.52	1.55	4.00
272	0.01	2.58	1.53	4.00
273	0.00	2.63	1.51	4.00
274	-0.00	2.65	1.51	4.00
275	-0.01	2.66	1.51	2.00
276	-0.01	2.67	1.51	2.00
277	-0.01	2.67	1.52	4.00
278	-0.01	2.67	1.53	4.00
279	-0.01	2.66	1.54	4.00
280	-0.01	2.65	1.56	4.00
281	-0.00	2.64	1.57	4.00
282	-0.01	2.64	1.57	4.00
283	-0.01	2.64	1.57	4.00
284	-0.02	2.64	1.57	4.00
285	-0.03	2.65	1.57	4.00
286	-0.03	2.64	1.57	4.00
287	-0.03	2.63	1.58	4.00
288	-0.03	2.64	1.58	4.00
289	-0.03	2.64	1.58	4.00
290	-0.03	2.64	1.57	4.00
291	-0.02	2.64	1.57	4.00
292	-0.02	2.63	1.58	4.00
293	-0.02	2.61	1.59	4.00
294	-0.02	2.61	1.59	4.00
295	-0.02	2.61	1.59	4.00
296	-0.01	2.60	1.59	4.00
297	-0.00	2.60	1.59	2.00
298	-0.00	2.59	1.60	2.00
299	-0.00	2.58	1.60	2.00
300	0.00	2.58	1.61	2.00
301	0.00	2.59	1.61	2.00
302	0.01	2.59	1.61	2.00
303	0.01	2.59	1.61	2.00
304	0.01	2.59	1.60	2.00
305	0.01	2.59	1.60	2.00
306	0.01	2.58	1.59	2.00
307	0.01	2.58	1.59	2.00
308	0.01	2.57	1.59	2.00
309	0.01	2.56	1.59	4.00
310	0.01	2.54	1.59	4.00
311	0.01	2.53	1.59	4.00
312	0.02	2.51	1.60	4.00
313	0.03	2.49	1.61	2.00
314	0.03	2.48	1.60	2.00
315	0.03	2.47	1.60	2.00
316	0.03	2.47	1.60	2.00
317	0.03	2.46	1.60	2.00
318	0.03	2.46	1.60	2.00
319	0.03	2.45	1.59	2.00
320	0.02	2.45	1.59	2.00
321	0.02	2.45	1.59	2.00
322	0.02	2.45	1.59	2.00
323	0.02	2.44	1.59	2.00
324	0.02	2.45	1.58	2.00
325	0.02	2.46	1.58	2.00
326	0.02	2.46	1.58	2.00
327	0.02	2.45	1.58	2.00
328	0.02	2.46	1.58	2.00
329	0.02	2.46	1.57	2.00
330	0.01	2.46	1.57	2.00
331	0.01	2.46	1.58	2.00
332	0.01	2.46	1.58	2.00
333	0.01	2.46	1.58	4.00
334	0.01	2.45	1.58	4.00
335	0.01	2.45	1.57	4.00
336	0.00	2.46	1.57	4.00
337	-0.01	2.47	1.57	2.00
338	-0.00	2.47	1.57	2.00
339	0.00	2.47	1.57	2.00
340	-0.00	2.48	1.56	2.00
341	-0.00	2.49	1.56	2.00
342	-0.00	2.49	1.56	2.00
343	-0.01	2.50	1.56	2.00
344	-0.01	2.50	1.56	2.00
345	-0.01	2.49	1.56	2.00
346	-0.01	2.48	1.56	2.00
347	-0.01	2.47	1.57	2.00
348	-0.02	2.48	1.56	2.00
349	-0.03	2.49	1.54	2.00
350	-0.04	2.50	1.54	2.00
351	-0.05	2.52	1.54	2.00
352	-0.04	2.51	1.54	2.00
353	-0.04	2.51	1.54	2.00
354	-0.05	2.52	1.55	2.00
355	-0.05	2.53	1.55	2.00
Target 5 (frames from 267 to 395)
Bounding Boxes (frame, x, y, width, height)
267	171	103	142	285
268	172	102	143	286
269	173	100	144	288
270	174	98	144	289
271	174	97	145	291
272	175	96	146	292
273	175	95	146	293
274	175	94	147	294
275	176	93	148	296
276	176	92	148	297
277	175	91	149	299
278	175	91	150	301
279	175	90	151	302
280	175	90	151	303
281	174	90	152	304
282	174	90	152	304
283	174	90	152	304
284	174	91	151	303
285	174	91	151	302
286	175	92	150	301
287	175	92	150	300
288	176	92	149	299
289	176	93	149	299
290	177	93	149	298
291	177	94	149	298
292	177	94	149	298
293	178	94	149	298
294	178	94	149	298
295	178	94	149	298
296	178	95	149	299
297	178	95	149	299
298	178	94	150	300
299	178	95	150	300
300	179	95	150	300
301	180	95	150	300
302	180	94	150	300
303	181	94	150	301
304	181	93	150	301
305	182	93	151	302
306	182	92	151	303
307	182	91	152	305
308	182	91	153	306
309	181	90	153	307
310	180	90	154	308
311	179	90	154	309
312	177	90	154	309
313	176	90	155	310
314	174	90	155	310
315	173	90	155	311
316	172	90	155	311
317	171	90	156	312
318	171	89	156	312
319	171	89	156	313
320	171	89	156	313
321	172	89	156	313
322	173	89	156	313
323	174	89	157	314
324	176	89	157	314
325	178	89	157	314
326	180	90	156	313
327	182	91	156	312
328	184	92	155	311
329	186	93	155	310
330	187	95	154	309
331	187	95	154	309
332	187	96	154	309
333	187	96	154	309
334	186	96	155	310
335	185	96	155	311
336	183	96	156	313
337	182	95	157	314
338	180	94	157	315
339	179	94	158	316
340	177	93	158	317
341	176	93	158	317
342	175	93	158	317
343	174	93	158	316
344	174	94	157	315
345	174	94	157	314
346	174	95	156	312
347	174	96	155	310
348	174	97	154	309
349	175	98	154	308
350	175	98	154	308
351	175	98	154	308
352	175	99	154	309
353	175	98	155	311
354	175	96	157	314
355	174	94	158	316
356	174	93	159	319
357	174	92	160	320
358	173	91	160	320
359	173	91	159	319
360	172	92	158	316
361	172	93	156	312
362	172	94	154	308
363	172	96	151	303
364	173	98	149	298
365	174	100	146	292
366	175	103	143	287
367	176	105	141	283
368	177	107	139	279
369	177	108	138	276
370	177	109	137	274
371	177	108	137	274
372	178	108	137	274
373	178	107	137	275
374	179	106	138	276
375	179	106	138	276
376	180	105	138	276
377	181	104	138	277
378	181	103	139	278
379	182	102	139	279
380	182	101	140	280
381	182	99	140	281
382	182	98	141	282
383	182	97	141	282
384	181	96	141	283
385	180	95	141	283
386	178	93	142	284
387	177	92	142	284
388	175	92	142	285
389	173	91	142	285
390	171	91	142	285
391	169	90	142	285
392	167	90	142	285
393	164	90	142	285
394	161	90	142	285
395	158	90	142	285
3D Trajetory (frame, x, z, height, pose)
267	-0.60	2.80	1.62	2.00
268	-0.61	2.83	1.63	2.00
269	-0.61	2.87	1.63	2.00
270	-0.61	2.87	1.63	2.00
271	-0.60	2.86	1.64	2.00
272	-0.59	2.85	1.64	2.00
273	-0.58	2.84	1.65	2.00
274	-0.57	2.83	1.65	2.00
275	-0.56	2.83	1.65	2.00
276	-0.55	2.81	1.67	2.00
277	-0.55	2.80	1.68	2.00
278	-0.55	2.79	1.68	2.00
279	-0.55	2.78	1.68	2.00
280	-0.56	2.78	1.68	2.00
281	-0.57	2.78	1.68	2.00
282	-0.57	2.78	1.68	2.00
283	-0.56	2.77	1.68	2.00
284	-0.57	2.78	1.68	2.00
285	-0.57	2.78	1.67	2.00
286	-0.56	2.78	1.67	2.00
287	-0.56	2.78	1.67	2.00
288	-0.56	2.79	1.66	2.00
289	-0.57	2.80	1.66	2.00
290	-0.56	2.80	1.65	2.00
291	-0.56	2.80	1.65	2.00
292	-0.55	2.79	1.66	2.00
293	-0.54	2.79	1.67	2.00
294	-0.54	2.78	1.67	2.00
295	-0.54	2.78	1.66	2.00
296	-0.54	2.79	1.66	2.00
297	-0.54	2.79	1.66	2.00
298	-0.54	2.79	1.66	2.00
299	-0.54	2.79	1.67	2.00
300	-0.54	2.78	1.66	2.00
301	-0.53	2.78	1.66	2.00
302	-0.53	2.77	1.66	2.00
303	-0.52	2.77	1.66	2.00
304	-0.51	2.77	1.66	2.00
305	-0.51	2.76	1.66	2.00
306	-0.50	2.76	1.66	2.00
307	-0.50	2.75	1.66	2.00
308	-0.50	2.75	1.67	2.00
309	-0.50	2.74	1.69	4.00
310	-0.51	2.74	1.68	4.00
311	-0.51	2.75	1.68	4.00
312	-0.51	2.73	1.69	4.00
313	-0.51	2.71	1.70	4.00
314	-0.52	2.71	1.69	4.00
315	-0.53	2.72	1.68	4.00
316	-0.54	2.72	1.68	4.00
317	-0.55	2.72	1.67	2.00
318	-0.54	2.72	1.68	2.00
319	-0.54	2.71	1.68	2.00
320	-0.54	2.72	1.69	2.00
321	-0.54	2.72	1.71	4.00
322	-0.53	2.71	1.70	4.00
323	-0.51	2.70	1.69	4.00
324	-0.51	2.70	1.70	4.00
325	-0.50	2.70	1.70	4.00
326	-0.49	2.69	1.69	4.00
327	-0.48	2.68	1.67	4.00
328	-0.48	2.67	1.66	4.00
329	-0.47	2.67	1.65	4.00
330	-0.47	2.66	1.64	4.00
331	-0.47	2.66	1.64	2.00
332	-0.47	2.65	1.63	2.00
333	-0.46	2.64	1.63	1.00
334	-0.46	2.63	1.63	1.00
335	-0.45	2.62	1.62	1.00
336	-0.46	2.60	1.62	1.00
337	-0.46	2.59	1.62	1.00
338	-0.46	2.58	1.63	1.00
339	-0.46	2.57	1.64	1.00
340	-0.47	2.57	1.63	1.00
341	-0.48	2.56	1.63	1.00
342	-0.48	2.56	1.63	1.00
343	-0.49	2.56	1.63	2.00
344	-0.50	2.57	1.62	2.00
345	-0.51	2.57	1.61	2.00
346	-0.51	2.58	1.61	2.00
347	-0.52	2.59	1.60	2.00
348	-0.53	2.60	1.61	2.00
349	-0.53	2.60	1.61	2.00
350	-0.53	2.61	1.60	2.00
351	-0.53	2.61	1.60	2.00
352	-0.53	2.61	1.60	2.00
353	-0.52	2.61	1.61	2.00
354	-0.53	2.60	1.62	2.00
355	-0.53	2.60	1.63	2.00
356	-0.53	2.59	1.64	2.00
357	-0.53	2.58	1.66	2.00
358	-0.53	2.58	1.66	2.00
359	-0.54	2.58	1.67	2.00
360	-0.53	2.57	1.67	2.00
361	-0.53	2.55	1.67	2.00
362	-0.54	2.59	1.64	2.00
363	-0.55	2.63	1.61	2.00
364	-0.57	2.68	1.56	2.00
365	-0.59	2.72	1.52	2.00
366	-0.60	2.74	1.53	2.00
367	-0.60	2.75	1.54	2.00
368	-0.61	2.76	1.55	2.00
369	-0.61	2.78	1.56	2.00
370	-0.62	2.79	1.55	2.00
371	-0.62	2.80	1.55	2.00
372	-0.62	2.80	1.55	2.00
373	-0.62	2.79	1.55	3.00
374	-0.63	2.81	1.56	3.00
375	-0.64	2.83	1.57	3.00
376	-0.65	2.84	1.57	3.00
377	-0.65	2.84	1.56	3.00
378	-0.62	2.82	1.57	3.00
379	-0.59	2.80	1.58	3.00
380	-0.60	2.80	1.59	3.00
381	-0.60	2.80	1.59	3.00
382	-0.61	2.80	1.59	3.00
383	-0.61	2.80	1.59	3.00
384	-0.62	2.82	1.61	3.00
385	-0.63	2.84	1.62	3.00
386	-0.64	2.85	1.63	3.00
387	-0.65	2.87	1.63	3.00
388	-0.65	2.86	1.63	3.00
389	-0.65	2.86	1.63	3.00
390	-0.66	2.86	1.63	3.00
391	-0.66	2.87	1.63	3.00
392	-0.67	2.87	1.64	3.00
393	-0.68	2.86	1.64	3.00
394	-0.67	2.86	1.64	3.00
395	-0.67	2.87	1.64	3.00
Target 6 (frames from 331 to 395)
Bounding Boxes (frame, x, y, width, height)
331	533	78	191	382
332	530	80	186	372
333	526	82	182	364
334	524	84	178	356
335	522	86	174	348
336	520	88	170	341
337	519	90	167	335
338	519	92	165	330
339	519	93	162	325
340	519	95	160	321
341	520	96	160	320
342	522	97	159	319
343	525	98	159	318
344	528	99	158	316
345	531	101	156	313
346	535	103	155	310
347	538	105	153	307
348	542	107	152	304
349	545	110	150	301
350	548	112	149	298
351	551	115	147	295
352	553	117	146	293
353	554	118	146	292
354	556	119	145	290
355	557	121	144	288
356	558	122	143	286
357	559	123	142	284
358	560	123	141	283
359	560	123	141	282
360	560	122	140	281
361	561	121	139	279
362	561	121	139	278
363	561	120	138	277
364	562	120	138	276
365	563	120	138	276
366	563	120	138	276
367	564	120	138	276
368	564	121	138	276
369	564	122	138	276
370	564	122	138	276
371	564	122	138	276
372	563	122	138	276
373	562	122	138	277
374	562	122	139	278
375	561	122	139	279
376	561	121	139	279
377	561	121	139	278
378	561	121	138	277
379	561	121	137	275
380	561	121	136	273
381	562	122	135	271
382	562	122	134	269
383	562	122	133	266
384	561	122	132	264
385	560	122	131	263
386	559	121	131	262
387	558	120	131	262
388	557	118	131	263
389	556	117	132	264
390	554	115	132	265
391	553	113	134	268
392	551	110	135	270
393	550	108	137	274
394	548	105	139	278
395	546	102	141	282
3D Trajetory (frame, x, z, height, pose)
331	1.16	2.11	1.71	2.00
332	1.21	2.22	1.69	2.00
333	1.26	2.33	1.68	2.00
334	1.26	2.38	1.66	2.00
335	1.26	2.43	1.64	2.00
336	1.26	2.43	1.63	2.00
337	1.26	2.44	1.63	2.00
338	1.25	2.45	1.63	2.00
339	1.25	2.46	1.63	1.00
340	1.25	2.46	1.62	1.00
341	1.25	2.47	1.62	3.00
342	1.25	2.47	1.62	3.00
343	1.25	2.48	1.62	3.00
344	1.29	2.49	1.59	3.00
345	1.33	2.50	1.56	2.00
346	1.34	2.50	1.56	2.00
347	1.35	2.51	1.55	4.00
348	1.35	2.51	1.55	4.00
349	1.36	2.52	1.55	4.00
350	1.38	2.55	1.53	4.00
351	1.40	2.57	1.51	4.00
352	1.41	2.57	1.51	4.00
353	1.42	2.58	1.51	4.00
354	1.42	2.58	1.51	4.00
355	1.43	2.58	1.51	2.00
356	1.43	2.59	1.50	2.00
357	1.44	2.61	1.49	2.00
358	1.44	2.61	1.49	2.00
359	1.44	2.62	1.49	4.00
360	1.45	2.63	1.48	4.00
361	1.45	2.63	1.48	4.00
362	1.46	2.64	1.48	4.00
363	1.47	2.64	1.48	4.00
364	1.48	2.64	1.47	4.00
365	1.49	2.64	1.47	4.00
366	1.48	2.63	1.47	4.00
367	1.47	2.62	1.47	4.00
368	1.47	2.62	1.46	4.00
369	1.47	2.62	1.46	4.00
370	1.47	2.62	1.46	4.00
371	1.46	2.62	1.47	1.00
372	1.45	2.63	1.47	1.00
373	1.44	2.64	1.46	4.00
374	1.43	2.64	1.47	4.00
375	1.43	2.64	1.47	4.00
376	1.43	2.64	1.47	4.00
377	1.44	2.64	1.47	4.00
378	1.44	2.64	1.48	4.00
379	1.43	2.64	1.48	3.00
380	1.43	2.65	1.48	3.00
381	1.43	2.65	1.48	4.00
382	1.46	2.70	1.47	4.00
383	1.48	2.75	1.45	2.00
384	1.49	2.78	1.44	2.00
385	1.50	2.81	1.44	2.00
386	1.49	2.81	1.45	2.00
387	1.48	2.80	1.47	2.00
388	1.48	2.80	1.48	2.00
389	1.48	2.80	1.49	2.00
390	1.48	2.79	1.50	2.00
391	1.47	2.78	1.51	2.00
392	1.48	2.77	1.53	2.00
393	1.49	2.76	1.54	2.00
394	1.49	2.75	1.55	2.00
395	1.50	2.74	1.55	2.00
