Total frames 355
Number of Targets 18
Target 1 (frames from 1 to 89)
Bounding Boxes (frame, x, y, width, height)
1	83	158	119	238
2	88	159	119	238
3	92	159	118	237
4	96	159	118	237
5	101	159	118	236
6	105	158	118	236
7	110	158	117	235
8	114	158	117	235
9	119	157	117	234
10	123	157	116	233
11	129	155	116	233
12	134	154	116	232
13	139	153	115	231
14	143	152	115	231
15	148	151	115	230
16	153	151	114	229
17	158	152	114	228
18	163	152	113	227
19	168	153	113	227
20	173	154	113	226
21	179	155	112	225
22	184	156	112	224
23	189	156	111	223
24	193	157	111	222
25	198	158	110	221
26	202	159	110	220
27	205	159	109	219
28	208	160	109	218
29	211	160	108	217
30	213	160	108	216
31	215	160	107	215
32	217	159	107	214
33	220	159	106	213
34	222	159	106	212
35	224	159	105	211
36	226	159	104	209
37	229	159	103	207
38	231	160	102	205
39	234	160	101	203
40	237	161	100	201
41	240	161	99	198
42	243	162	98	196
43	246	162	96	193
44	249	163	95	191
45	253	163	94	189
46	256	163	93	187
47	260	163	92	185
48	263	163	92	184
49	266	163	91	183
50	270	163	91	183
51	272	162	91	182
52	275	162	91	182
53	278	161	91	183
54	280	160	91	183
55	283	158	91	183
56	286	157	92	184
57	289	155	92	185
58	292	154	92	185
59	296	153	93	186
60	299	151	93	186
61	302	150	93	186
62	306	150	92	185
63	309	149	92	185
64	313	149	92	184
65	317	149	91	183
66	321	149	90	181
67	325	149	89	179
68	328	150	88	177
69	332	150	87	175
70	336	150	87	174
71	339	150	86	172
72	342	150	85	171
73	345	150	85	170
74	348	150	85	170
75	350	150	85	170
76	352	150	85	170
77	354	150	85	170
78	355	150	85	170
79	356	150	85	170
80	357	150	85	170
81	358	151	85	170
82	359	151	84	169
83	359	152	84	169
84	360	152	84	168
85	360	153	83	167
86	360	154	83	166
87	360	155	82	164
88	359	156	81	163
89	358	157	80	161
3D Trajetory (frame, x, z, height, pose)
1	-1.66	3.61	1.75	4.00
2	-1.62	3.59	1.73	4.00
3	-1.59	3.57	1.72	4.00
4	-1.56	3.56	1.71	4.00
5	-1.53	3.56	1.70	1.00
6	-1.50	3.58	1.70	1.00
7	-1.46	3.61	1.70	1.00
8	-1.43	3.63	1.71	1.00
9	-1.40	3.65	1.72	1.00
10	-1.36	3.67	1.73	1.00
11	-1.33	3.70	1.74	1.00
12	-1.30	3.70	1.74	1.00
13	-1.26	3.71	1.74	1.00
14	-1.23	3.73	1.74	1.00
15	-1.19	3.75	1.73	1.00
16	-1.15	3.76	1.72	1.00
17	-1.11	3.77	1.70	1.00
18	-1.08	3.78	1.72	1.00
19	-1.04	3.78	1.73	3.00
20	-1.01	3.80	1.73	3.00
21	-0.97	3.81	1.72	2.00
22	-0.93	3.82	1.72	2.00
23	-0.90	3.83	1.71	2.00
24	-0.87	3.85	1.71	2.00
25	-0.84	3.86	1.71	2.00
26	-0.84	3.87	1.70	2.00
27	-0.83	3.87	1.69	2.00
28	-0.80	3.87	1.69	2.00
29	-0.78	3.87	1.69	2.00
30	-0.75	3.88	1.68	2.00
31	-0.72	3.89	1.68	2.00
32	-0.72	3.91	1.68	2.00
33	-0.71	3.93	1.68	2.00
34	-0.69	3.95	1.68	2.00
35	-0.67	3.98	1.68	2.00
36	-0.65	4.01	1.68	2.00
37	-0.64	4.05	1.68	2.00
38	-0.63	4.07	1.68	2.00
39	-0.62	4.10	1.68	2.00
40	-0.62	4.14	1.67	2.00
41	-0.62	4.18	1.66	1.00
42	-0.59	4.22	1.65	1.00
43	-0.57	4.27	1.64	1.00
44	-0.54	4.31	1.64	1.00
45	-0.52	4.35	1.64	1.00
46	-0.50	4.39	1.64	1.00
47	-0.47	4.42	1.63	1.00
48	-0.45	4.44	1.63	1.00
49	-0.42	4.46	1.63	1.00
50	-0.39	4.49	1.64	1.00
51	-0.37	4.51	1.65	1.00
52	-0.34	4.54	1.66	1.00
53	-0.31	4.57	1.68	1.00
54	-0.29	4.60	1.69	1.00
55	-0.27	4.63	1.71	1.00
56	-0.25	4.67	1.72	1.00
57	-0.23	4.70	1.72	1.00
58	-0.20	4.72	1.75	1.00
59	-0.18	4.74	1.77	1.00
60	-0.16	4.76	1.77	1.00
61	-0.14	4.78	1.78	1.00
62	-0.11	4.79	1.79	1.00
63	-0.09	4.81	1.80	1.00
64	-0.07	4.84	1.80	1.00
65	-0.05	4.87	1.80	1.00
66	-0.02	4.92	1.79	1.00
67	0.01	4.97	1.78	1.00
68	0.06	5.02	1.78	1.00
69	0.11	5.07	1.77	1.00
70	0.14	5.09	1.77	1.00
71	0.17	5.11	1.76	1.00
72	0.20	5.15	1.77	1.00
73	0.22	5.20	1.77	1.00
74	0.25	5.23	1.77	1.00
75	0.27	5.26	1.77	1.00
76	0.30	5.28	1.79	1.00
77	0.32	5.30	1.81	1.00
78	0.34	5.31	1.82	1.00
79	0.36	5.31	1.83	1.00
80	0.38	5.33	1.83	1.00
81	0.39	5.35	1.84	4.00
82	0.40	5.38	1.84	4.00
83	0.42	5.42	1.83	2.00
84	0.41	5.45	1.84	2.00
85	0.41	5.48	1.84	2.00
86	0.42	5.51	1.83	2.00
87	0.44	5.53	1.82	1.00
88	0.39	5.57	1.81	1.00
89	0.34	5.61	1.80	3.00
Target 2 (frames from 1 to 39)
Bounding Boxes (frame, x, y, width, height)
1	409	177	56	113
2	407	177	56	113
3	405	177	57	114
4	403	176	57	114
5	401	176	57	114
6	399	176	57	115
7	397	176	57	115
8	394	176	57	115
9	392	175	57	115
10	390	175	57	115
11	388	175	57	114
12	386	174	57	114
13	384	173	56	113
14	382	173	56	113
15	379	173	56	112
16	377	173	56	112
17	375	174	55	111
18	373	175	55	111
19	371	175	55	111
20	370	176	55	110
21	369	176	55	110
22	368	177	55	110
23	367	177	55	110
24	366	177	55	111
25	365	177	55	111
26	363	177	55	111
27	362	177	56	112
28	359	176	56	113
29	356	175	56	113
30	354	174	57	114
31	351	174	57	114
32	349	173	57	115
33	346	172	58	116
34	344	172	58	116
35	341	171	58	117
36	338	170	58	117
37	335	169	59	118
38	333	169	59	118
39	330	168	59	119
3D Trajetory (frame, x, z, height, pose)
1	1.01	7.56	1.66	2.00
2	0.95	7.43	1.68	2.00
3	0.89	7.31	1.69	2.00
4	0.86	7.24	1.68	2.00
5	0.82	7.17	1.66	2.00
6	0.82	7.20	1.66	2.00
7	0.82	7.22	1.66	2.00
8	0.80	7.22	1.66	2.00
9	0.78	7.22	1.66	2.00
10	0.75	7.23	1.65	2.00
11	0.72	7.23	1.65	2.00
12	0.70	7.23	1.65	2.00
13	0.67	7.22	1.64	2.00
14	0.65	7.22	1.63	2.00
15	0.62	7.21	1.62	2.00
16	0.59	7.21	1.62	2.00
17	0.57	7.21	1.62	2.00
18	0.55	7.21	1.60	2.00
19	0.53	7.21	1.59	2.00
20	0.51	7.21	1.59	2.00
21	0.49	7.21	1.58	2.00
22	0.48	7.21	1.59	2.00
23	0.46	7.20	1.59	1.00
24	0.44	7.19	1.60	1.00
25	0.42	7.18	1.61	3.00
26	0.39	7.17	1.61	3.00
27	0.36	7.15	1.61	3.00
28	0.32	7.15	1.61	3.00
29	0.28	7.14	1.61	3.00
30	0.26	7.12	1.62	3.00
31	0.24	7.10	1.64	3.00
32	0.21	7.08	1.64	3.00
33	0.18	7.07	1.64	3.00
34	0.14	7.06	1.65	3.00
35	0.10	7.05	1.66	2.00
36	0.08	7.04	1.66	2.00
37	0.05	7.03	1.65	2.00
38	0.03	7.01	1.66	2.00
39	0.00	7.00	1.67	2.00
Target 3 (frames from 1 to 59)
Bounding Boxes (frame, x, y, width, height)
1	508	177	53	106
2	506	177	53	107
3	505	176	53	107
4	503	176	53	107
5	501	176	54	108
6	500	175	54	108
7	498	175	54	109
8	496	174	54	109
9	495	173	55	110
10	493	173	55	110
11	492	172	55	110
12	491	171	55	110
13	489	169	55	111
14	488	168	55	111
15	486	168	56	112
16	484	167	56	112
17	482	167	56	113
18	480	167	57	114
19	478	167	57	114
20	477	167	57	115
21	476	167	58	116
22	475	167	58	116
23	474	167	58	117
24	474	166	59	118
25	473	166	59	118
26	471	166	59	119
27	470	166	59	119
28	468	166	59	119
29	466	165	60	120
30	464	165	60	120
31	461	165	60	120
32	459	165	59	119
33	457	165	59	119
34	455	166	59	118
35	453	166	58	117
36	451	167	58	116
37	449	168	57	115
38	447	168	57	114
39	445	169	57	114
40	443	169	57	114
41	441	169	56	113
42	440	168	56	113
43	438	168	56	113
44	435	168	57	114
45	433	167	57	114
46	431	166	57	115
47	429	166	58	116
48	426	165	58	117
49	424	165	58	117
50	422	165	59	118
51	420	164	59	119
52	418	164	60	120
53	416	163	60	121
54	414	162	61	122
55	412	162	61	123
56	411	161	62	124
57	409	161	62	125
58	408	160	63	126
59	406	159	63	127
3D Trajetory (frame, x, z, height, pose)
1	2.64	8.02	1.66	2.00
2	2.55	7.94	1.68	2.00
3	2.46	7.86	1.70	2.00
4	2.44	7.83	1.70	2.00
5	2.42	7.81	1.69	2.00
6	2.41	7.80	1.70	2.00
7	2.40	7.80	1.70	3.00
8	2.40	7.81	1.70	3.00
9	2.40	7.82	1.70	3.00
10	2.38	7.79	1.70	3.00
11	2.37	7.77	1.70	4.00
12	2.34	7.73	1.71	4.00
13	2.32	7.69	1.71	2.00
14	2.30	7.66	1.71	2.00
15	2.27	7.62	1.70	2.00
16	2.26	7.61	1.71	2.00
17	2.24	7.60	1.71	2.00
18	2.21	7.58	1.72	2.00
19	2.19	7.56	1.74	2.00
20	2.16	7.53	1.74	2.00
21	2.14	7.50	1.75	2.00
22	2.11	7.49	1.75	2.00
23	2.09	7.47	1.76	2.00
24	2.07	7.46	1.75	2.00
25	2.05	7.45	1.75	2.00
26	2.03	7.44	1.76	2.00
27	2.01	7.43	1.76	4.00
28	1.98	7.41	1.77	4.00
29	1.94	7.39	1.78	3.00
30	1.91	7.37	1.77	3.00
31	1.88	7.35	1.76	3.00
32	1.85	7.33	1.75	3.00
33	1.82	7.31	1.74	3.00
34	1.79	7.29	1.74	3.00
35	1.76	7.27	1.74	2.00
36	1.73	7.31	1.71	2.00
37	1.71	7.34	1.69	4.00
38	1.69	7.36	1.67	4.00
39	1.67	7.38	1.64	4.00
40	1.63	7.37	1.66	4.00
41	1.60	7.36	1.67	4.00
42	1.57	7.35	1.67	4.00
43	1.54	7.34	1.68	2.00
44	1.52	7.32	1.68	2.00
45	1.49	7.30	1.69	2.00
46	1.46	7.28	1.69	2.00
47	1.42	7.26	1.69	4.00
48	1.39	7.25	1.69	4.00
49	1.36	7.23	1.70	4.00
50	1.33	7.22	1.70	4.00
51	1.30	7.20	1.71	4.00
52	1.27	7.19	1.72	4.00
53	1.25	7.17	1.74	2.00
54	1.23	7.16	1.75	2.00
55	1.21	7.15	1.76	4.00
56	1.19	7.13	1.78	4.00
57	1.16	7.12	1.80	4.00
58	1.14	7.10	1.79	4.00
59	1.11	7.08	1.79	3.00
Target 4 (frames from 1 to 169)
Bounding Boxes (frame, x, y, width, height)
1	531	168	66	133
2	530	167	67	134
3	529	166	68	136
4	528	166	69	138
5	526	165	69	139
6	525	164	70	140
7	524	163	71	142
8	522	162	71	143
9	521	161	72	144
10	519	160	72	145
11	518	159	73	146
12	516	157	73	146
13	515	156	73	147
14	513	155	73	147
15	511	154	74	148
16	509	154	74	148
17	507	154	74	148
18	505	154	74	148
19	504	155	74	149
20	503	155	74	149
21	502	155	75	150
22	502	155	75	150
23	502	155	75	151
24	501	155	75	151
25	500	155	76	152
26	500	155	76	153
27	499	155	76	153
28	497	154	77	154
29	496	154	77	154
30	494	153	77	154
31	492	152	77	155
32	490	151	77	155
33	489	151	78	156
34	487	150	78	157
35	486	149	79	158
36	484	148	79	159
37	483	147	80	160
38	481	145	81	162
39	480	144	81	163
40	479	142	82	165
41	477	141	83	166
42	475	139	84	168
43	474	138	84	169
44	472	136	85	171
45	470	135	86	172
46	469	134	86	173
47	467	134	86	173
48	465	133	87	174
49	463	133	87	175
50	461	133	87	175
51	459	133	88	176
52	457	133	88	177
53	455	133	88	177
54	454	132	89	178
55	453	132	89	179
56	451	132	89	179
57	451	132	90	180
58	450	132	90	181
59	449	131	90	181
60	449	131	91	182
61	448	131	91	182
62	448	131	91	183
63	447	131	91	183
64	446	130	91	183
65	445	130	92	184
66	444	130	92	185
67	443	129	92	185
68	441	128	93	186
69	439	127	93	187
70	437	126	94	189
71	435	125	95	190
72	433	125	96	192
73	430	125	96	193
74	428	125	97	195
75	425	125	98	196
76	422	125	99	198
77	418	126	100	200
78	414	127	100	201
79	409	128	101	203
80	404	129	102	205
81	399	130	103	207
82	395	131	104	209
83	391	132	105	211
84	387	132	106	213
85	383	132	107	215
86	380	132	109	218
87	376	132	110	220
88	372	132	111	223
89	369	131	113	226
90	365	130	114	229
91	362	129	116	232
92	358	128	117	235
93	354	128	118	237
94	349	128	119	239
95	344	129	120	240
96	338	129	120	241
97	333	131	120	241
98	327	132	120	241
99	321	135	120	241
100	316	137	120	240
101	311	139	119	239
102	306	142	119	239
103	301	144	119	238
104	295	146	119	238
105	290	148	118	237
106	285	150	118	237
107	280	151	119	238
108	275	152	119	239
109	270	153	120	240
110	266	154	120	241
111	261	156	121	242
112	256	156	121	243
113	251	157	122	245
114	245	157	123	246
115	240	158	124	248
116	235	158	124	249
117	231	158	125	251
118	226	158	126	252
119	221	157	127	254
120	216	156	127	255
121	211	156	128	256
122	207	155	128	257
123	202	155	129	258
124	198	155	129	259
125	193	155	130	260
126	189	154	130	261
127	184	154	130	261
128	179	154	131	263
129	174	154	132	264
130	169	153	132	265
131	165	153	133	266
132	160	153	133	267
133	155	152	134	268
134	150	152	134	269
135	145	151	135	270
136	140	151	135	271
137	134	150	136	272
138	127	150	136	273
139	120	149	137	275
140	113	149	138	277
141	106	149	139	279
142	99	148	140	281
143	91	147	141	283
144	83	146	143	286
145	76	146	144	289
146	68	145	146	292
147	62	144	147	295
148	55	143	149	298
149	49	143	150	300
150	43	142	151	302
151	37	142	152	304
152	32	142	153	306
153	28	143	153	307
154	23	143	154	308
155	19	144	154	309
156	15	144	155	310
157	12	145	155	310
158	10	145	155	310
159	9	146	155	310
160	8	146	155	310
161	6	147	154	309
162	5	148	154	309
163	3	148	154	308
164	2	149	153	307
165	2	149	153	306
166	1	150	152	304
167	1	151	151	303
168	1	151	150	301
169	1	152	149	299
3D Trajetory (frame, x, z, height, pose)
1	2.59	6.72	1.79	2.00
2	2.54	6.67	1.79	2.00
3	2.50	6.61	1.79	2.00
4	2.47	6.55	1.78	2.00
5	2.44	6.48	1.78	2.00
6	2.43	6.46	1.79	2.00
7	2.42	6.44	1.81	2.00
8	2.41	6.39	1.82	2.00
9	2.39	6.35	1.83	2.00
10	2.38	6.32	1.84	2.00
11	2.37	6.30	1.85	2.00
12	2.33	6.28	1.84	2.00
13	2.30	6.26	1.83	2.00
14	2.29	6.25	1.84	2.00
15	2.27	6.24	1.84	2.00
16	2.26	6.22	1.84	2.00
17	2.25	6.21	1.83	2.00
18	2.23	6.20	1.84	2.00
19	2.22	6.19	1.84	2.00
20	2.20	6.18	1.84	2.00
21	2.18	6.17	1.85	2.00
22	2.17	6.15	1.85	2.00
23	2.15	6.13	1.85	2.00
24	2.14	6.12	1.85	2.00
25	2.12	6.11	1.86	2.00
26	2.11	6.09	1.86	2.00
27	2.09	6.08	1.87	2.00
28	2.07	6.07	1.87	2.00
29	2.05	6.06	1.86	2.00
30	2.03	6.04	1.86	2.00
31	2.01	6.02	1.86	2.00
32	2.00	6.01	1.87	2.00
33	1.98	6.00	1.87	2.00
34	1.96	5.98	1.88	2.00
35	1.95	5.97	1.88	2.00
36	1.94	5.96	1.89	2.00
37	1.92	5.95	1.90	2.00
38	1.91	5.94	1.92	2.00
39	1.90	5.93	1.94	2.00
40	1.88	5.92	1.95	2.00
41	1.86	5.90	1.96	2.00
42	1.84	5.89	1.98	2.00
43	1.82	5.87	1.99	2.00
44	1.81	5.86	2.01	2.00
45	1.79	5.85	2.03	2.00
46	1.77	5.84	2.03	2.00
47	1.75	5.83	2.03	2.00
48	1.73	5.82	2.03	2.00
49	1.71	5.80	2.03	2.00
50	1.70	5.79	2.03	2.00
51	1.68	5.77	2.03	2.00
52	1.65	5.76	2.03	2.00
53	1.62	5.74	2.04	2.00
54	1.61	5.73	2.04	2.00
55	1.59	5.71	2.05	2.00
56	1.57	5.70	2.06	2.00
57	1.55	5.68	2.06	2.00
58	1.53	5.66	2.06	2.00
59	1.51	5.65	2.06	2.00
60	1.49	5.63	2.05	2.00
61	1.46	5.62	2.04	2.00
62	1.44	5.60	2.04	2.00
63	1.42	5.57	2.03	2.00
64	1.41	5.56	2.04	2.00
65	1.39	5.54	2.04	2.00
66	1.36	5.52	2.04	2.00
67	1.33	5.51	2.04	2.00
68	1.31	5.49	2.04	2.00
69	1.29	5.46	2.04	2.00
70	1.27	5.43	2.04	2.00
71	1.25	5.39	2.04	2.00
72	1.22	5.34	2.05	2.00
73	1.19	5.30	2.05	2.00
74	1.16	5.25	2.05	2.00
75	1.12	5.21	2.04	3.00
76	1.08	5.15	2.04	3.00
77	1.04	5.10	2.04	3.00
78	1.00	5.04	2.03	3.00
79	0.96	4.99	2.03	3.00
80	0.90	4.91	2.01	3.00
81	0.85	4.84	2.00	2.00
82	0.78	4.76	1.98	2.00
83	0.72	4.68	1.97	2.00
84	0.68	4.61	1.96	2.00
85	0.65	4.54	1.96	2.00
86	0.61	4.49	1.96	2.00
87	0.58	4.44	1.96	3.00
88	0.56	4.39	1.96	3.00
89	0.54	4.35	1.96	3.00
90	0.51	4.30	1.96	3.00
91	0.47	4.24	1.95	2.00
92	0.44	4.18	1.95	2.00
93	0.40	4.12	1.95	3.00
94	0.37	4.07	1.94	3.00
95	0.33	4.01	1.93	3.00
96	0.30	3.96	1.93	3.00
97	0.27	3.91	1.92	2.00
98	0.23	3.88	1.90	2.00
99	0.19	3.85	1.87	3.00
100	0.15	3.83	1.83	3.00
101	0.12	3.80	1.80	3.00
102	0.08	3.77	1.79	3.00
103	0.04	3.73	1.78	3.00
104	0.01	3.71	1.76	3.00
105	-0.02	3.68	1.73	3.00
106	-0.06	3.65	1.73	3.00
107	-0.10	3.61	1.72	3.00
108	-0.13	3.58	1.72	3.00
109	-0.16	3.56	1.72	3.00
110	-0.20	3.53	1.71	3.00
111	-0.23	3.51	1.70	3.00
112	-0.26	3.48	1.69	3.00
113	-0.29	3.45	1.68	3.00
114	-0.32	3.42	1.68	3.00
115	-0.35	3.39	1.68	3.00
116	-0.38	3.38	1.68	3.00
117	-0.41	3.37	1.68	3.00
118	-0.43	3.35	1.69	3.00
119	-0.46	3.34	1.70	2.00
120	-0.49	3.33	1.70	2.00
121	-0.51	3.33	1.70	1.00
122	-0.54	3.32	1.71	1.00
123	-0.57	3.31	1.72	3.00
124	-0.60	3.32	1.72	3.00
125	-0.63	3.32	1.72	3.00
126	-0.66	3.32	1.72	3.00
127	-0.69	3.31	1.73	3.00
128	-0.72	3.30	1.72	3.00
129	-0.74	3.29	1.72	3.00
130	-0.77	3.27	1.73	3.00
131	-0.80	3.26	1.73	3.00
132	-0.83	3.25	1.74	3.00
133	-0.86	3.25	1.74	2.00
134	-0.88	3.24	1.74	2.00
135	-0.91	3.23	1.75	1.00
136	-0.92	3.24	1.75	1.00
137	-0.94	3.25	1.76	3.00
138	-0.98	3.23	1.76	3.00
139	-1.02	3.21	1.76	3.00
140	-1.06	3.20	1.76	3.00
141	-1.11	3.20	1.76	3.00
142	-1.15	3.17	1.75	3.00
143	-1.19	3.14	1.75	2.00
144	-1.21	3.10	1.76	2.00
145	-1.24	3.06	1.77	2.00
146	-1.26	3.04	1.77	2.00
147	-1.28	3.02	1.78	2.00
148	-1.30	3.01	1.78	2.00
149	-1.32	2.99	1.78	2.00
150	-1.35	2.97	1.78	2.00
151	-1.37	2.95	1.79	3.00
152	-1.39	2.93	1.78	3.00
153	-1.41	2.92	1.77	3.00
154	-1.44	2.90	1.76	3.00
155	-1.46	2.89	1.76	3.00
156	-1.46	2.86	1.75	3.00
157	-1.46	2.83	1.75	3.00
158	-1.48	2.82	1.74	3.00
159	-1.49	2.81	1.73	2.00
160	-1.49	2.81	1.73	2.00
161	-1.49	2.81	1.73	2.00
162	-1.49	2.82	1.72	2.00
163	-1.50	2.84	1.72	2.00
164	-1.50	2.83	1.71	2.00
165	-1.51	2.83	1.71	2.00
166	-1.53	2.83	1.71	2.00
167	-1.54	2.83	1.70	3.00
168	-1.56	2.83	1.69	3.00
169	-1.58	2.82	1.68	3.00
Target 5 (frames from 1 to 51)
Bounding Boxes (frame, x, y, width, height)
1	477	172	54	109
2	475	172	54	109
3	474	173	54	109
4	472	173	54	109
5	470	173	54	109
6	468	173	54	108
7	467	172	54	108
8	465	172	54	108
9	463	172	54	108
10	462	172	54	108
11	460	171	54	108
12	459	170	54	108
13	457	169	54	108
14	456	168	54	108
15	454	167	54	108
16	452	167	54	108
17	450	168	54	108
18	449	168	53	107
19	448	168	54	108
20	446	169	54	108
21	446	169	54	108
22	445	169	54	108
23	444	170	54	108
24	443	170	54	109
25	443	171	54	109
26	441	171	54	109
27	440	171	55	110
28	438	171	55	110
29	436	171	55	110
30	433	170	55	111
31	430	169	56	112
32	428	168	56	113
33	425	167	56	113
34	423	166	57	114
35	421	165	57	115
36	418	165	58	116
37	416	164	58	117
38	415	163	59	118
39	413	162	59	118
40	412	162	59	119
41	410	161	59	119
42	408	161	60	120
43	406	160	60	120
44	404	160	60	120
45	402	160	60	121
46	400	160	60	121
47	398	160	60	121
48	396	160	60	121
49	394	160	60	121
50	392	160	60	121
51	390	160	60	121
3D Trajetory (frame, x, z, height, pose)
1	2.14	8.10	1.78	3.00
2	2.11	8.06	1.76	3.00
3	2.08	8.01	1.75	3.00
4	2.03	8.03	1.73	3.00
5	1.99	8.04	1.72	2.00
6	1.99	8.02	1.73	2.00
7	1.99	8.00	1.73	3.00
8	1.97	8.00	1.74	3.00
9	1.95	8.01	1.74	3.00
10	1.94	8.00	1.74	3.00
11	1.92	8.00	1.73	3.00
12	1.91	8.00	1.73	3.00
13	1.89	8.00	1.72	3.00
14	1.88	7.99	1.72	3.00
15	1.87	7.97	1.72	3.00
16	1.85	7.97	1.71	3.00
17	1.82	7.97	1.70	4.00
18	1.80	7.97	1.72	4.00
19	1.78	7.97	1.73	4.00
20	1.77	7.96	1.73	4.00
21	1.76	7.95	1.73	4.00
22	1.73	7.93	1.72	4.00
23	1.71	7.91	1.71	4.00
24	1.68	7.86	1.71	4.00
25	1.65	7.81	1.70	2.00
26	1.62	7.77	1.70	2.00
27	1.59	7.73	1.71	3.00
28	1.56	7.71	1.70	3.00
29	1.54	7.69	1.69	3.00
30	1.48	7.64	1.70	3.00
31	1.43	7.59	1.70	3.00
32	1.41	7.58	1.71	3.00
33	1.39	7.57	1.71	3.00
34	1.36	7.55	1.73	3.00
35	1.32	7.52	1.75	3.00
36	1.29	7.51	1.75	3.00
37	1.27	7.50	1.76	3.00
38	1.25	7.49	1.77	3.00
39	1.22	7.47	1.78	3.00
40	1.20	7.46	1.79	3.00
41	1.18	7.45	1.79	3.00
42	1.15	7.44	1.79	3.00
43	1.13	7.43	1.79	3.00
44	1.10	7.41	1.78	3.00
45	1.08	7.39	1.78	3.00
46	1.04	7.36	1.78	3.00
47	1.01	7.34	1.78	4.00
48	0.98	7.31	1.78	4.00
49	0.95	7.29	1.77	4.00
50	0.91	7.25	1.77	4.00
51	0.88	7.22	1.77	4.00
Target 6 (frames from 19 to 73)
Bounding Boxes (frame, x, y, width, height)
19	194	174	94	189
20	198	175	94	188
21	201	175	93	187
22	205	175	93	187
23	209	175	93	186
24	212	176	92	185
25	216	175	92	185
26	220	175	92	184
27	224	175	92	184
28	228	175	91	183
29	232	174	91	182
30	236	174	90	181
31	240	173	90	181
32	244	172	90	180
33	249	171	90	181
34	253	170	90	181
35	256	169	91	182
36	260	168	91	183
37	263	167	92	184
38	267	166	92	185
39	271	165	92	185
40	274	164	92	185
41	277	163	93	186
42	281	162	93	186
43	284	161	92	185
44	288	161	92	185
45	291	161	92	184
46	294	161	92	184
47	298	161	91	183
48	301	161	91	182
49	305	162	90	181
50	308	162	90	181
51	311	162	90	181
52	314	162	90	181
53	317	162	90	181
54	321	162	90	181
55	325	162	90	181
56	330	162	90	181
57	334	161	90	181
58	339	161	90	181
59	343	160	90	181
60	348	159	90	181
61	352	158	91	182
62	356	158	91	182
63	361	157	90	181
64	365	157	90	181
65	368	156	90	181
66	372	155	90	180
67	375	154	90	180
68	378	153	90	180
69	381	152	90	180
70	383	152	90	180
71	385	150	89	179
72	388	149	89	179
73	390	148	89	179
3D Trajetory (frame, x, z, height, pose)
19	-1.00	4.20	1.55	4.00
20	-0.97	4.18	1.56	4.00
21	-0.95	4.15	1.57	4.00
22	-0.92	4.15	1.57	4.00
23	-0.88	4.16	1.57	4.00
24	-0.87	4.19	1.58	4.00
25	-0.86	4.22	1.58	4.00
26	-0.85	4.25	1.58	4.00
27	-0.83	4.28	1.59	4.00
28	-0.80	4.32	1.58	4.00
29	-0.76	4.36	1.58	4.00
30	-0.72	4.37	1.59	4.00
31	-0.68	4.38	1.59	4.00
32	-0.63	4.40	1.59	4.00
33	-0.58	4.42	1.59	1.00
34	-0.56	4.42	1.59	1.00
35	-0.53	4.42	1.60	2.00
36	-0.49	4.42	1.61	2.00
37	-0.45	4.41	1.63	4.00
38	-0.41	4.41	1.64	4.00
39	-0.38	4.42	1.65	4.00
40	-0.36	4.43	1.66	4.00
41	-0.34	4.44	1.67	3.00
42	-0.30	4.45	1.67	3.00
43	-0.27	4.46	1.67	3.00
44	-0.24	4.50	1.66	3.00
45	-0.20	4.53	1.65	3.00
46	-0.17	4.55	1.65	3.00
47	-0.14	4.56	1.65	3.00
48	-0.12	4.56	1.66	3.00
49	-0.09	4.55	1.67	3.00
50	-0.06	4.55	1.67	3.00
51	-0.03	4.55	1.67	1.00
52	0.01	4.59	1.66	1.00
53	0.04	4.62	1.65	1.00
54	0.08	4.62	1.66	1.00
55	0.12	4.61	1.68	4.00
56	0.15	4.61	1.68	4.00
57	0.17	4.61	1.68	3.00
58	0.22	4.62	1.69	3.00
59	0.26	4.63	1.69	4.00
60	0.29	4.65	1.69	4.00
61	0.32	4.66	1.68	4.00
62	0.36	4.69	1.69	4.00
63	0.39	4.71	1.71	4.00
64	0.42	4.73	1.72	4.00
65	0.44	4.75	1.74	4.00
66	0.47	4.78	1.73	4.00
67	0.50	4.80	1.73	4.00
68	0.54	4.82	1.73	4.00
69	0.57	4.84	1.74	4.00
70	0.60	4.86	1.74	4.00
71	0.63	4.88	1.74	4.00
72	0.64	4.89	1.76	4.00
73	0.65	4.90	1.77	1.00
Target 7 (frames from 57 to 129)
Bounding Boxes (frame, x, y, width, height)
57	19	183	74	149
58	23	184	73	147
59	26	185	73	146
60	30	186	72	145
61	33	187	72	144
62	36	187	71	143
63	39	188	71	143
64	42	188	71	142
65	44	188	71	142
66	47	188	71	142
67	49	187	71	142
68	51	186	71	143
69	53	185	71	143
70	54	184	72	144
71	56	184	72	145
72	58	183	73	146
73	60	182	73	146
74	62	182	73	147
75	64	182	74	148
76	67	182	74	149
77	69	182	75	150
78	71	182	75	150
79	73	182	75	151
80	75	183	75	151
81	78	183	76	152
82	81	184	76	152
83	83	184	76	152
84	86	184	76	153
85	89	184	76	153
86	91	183	77	154
87	93	183	77	154
88	95	182	77	155
89	96	181	78	156
90	98	180	78	156
91	99	179	78	157
92	100	178	79	158
93	101	178	79	158
94	102	177	79	159
95	102	176	79	159
96	103	176	79	158
97	104	176	78	157
98	105	176	78	156
99	107	176	77	155
100	109	177	76	153
101	111	177	76	152
102	112	177	75	151
103	114	178	75	150
104	116	178	74	149
105	118	178	74	148
106	120	178	74	148
107	121	178	73	147
108	123	178	73	147
109	125	179	73	146
110	127	179	73	146
111	129	179	73	146
112	131	179	72	145
113	133	180	72	144
114	134	181	71	143
115	136	181	71	142
116	138	182	70	141
117	140	183	70	140
118	141	183	70	140
119	142	183	69	139
120	143	182	70	140
121	144	182	70	140
122	145	181	70	140
123	145	180	70	141
124	146	179	71	142
125	146	178	71	143
126	146	177	72	144
127	146	175	73	146
128	146	174	74	148
129	146	172	75	150
3D Trajetory (frame, x, z, height, pose)
57	-2.94	4.90	1.48	1.00
58	-2.95	4.91	1.47	1.00
59	-2.95	4.91	1.45	1.00
60	-2.94	4.93	1.43	1.00
61	-2.93	4.95	1.41	1.00
62	-2.91	4.95	1.40	1.00
63	-2.89	4.95	1.40	4.00
64	-2.87	4.94	1.41	4.00
65	-2.84	4.93	1.42	4.00
66	-2.81	4.90	1.42	4.00
67	-2.78	4.86	1.42	2.00
68	-2.76	4.87	1.42	2.00
69	-2.73	4.88	1.42	1.00
70	-2.71	4.88	1.42	1.00
71	-2.69	4.88	1.41	1.00
72	-2.67	4.87	1.42	1.00
73	-2.65	4.86	1.44	1.00
74	-2.63	4.86	1.45	1.00
75	-2.61	4.87	1.46	1.00
76	-2.57	4.86	1.47	1.00
77	-2.54	4.85	1.48	1.00
78	-2.51	4.85	1.48	1.00
79	-2.47	4.85	1.48	1.00
80	-2.45	4.86	1.49	1.00
81	-2.42	4.87	1.49	2.00
82	-2.40	4.87	1.49	2.00
83	-2.37	4.87	1.49	2.00
84	-2.35	4.88	1.49	2.00
85	-2.32	4.88	1.49	2.00
86	-2.30	4.88	1.50	2.00
87	-2.27	4.87	1.51	4.00
88	-2.25	4.87	1.52	4.00
89	-2.23	4.87	1.53	1.00
90	-2.22	4.86	1.54	1.00
91	-2.21	4.85	1.54	4.00
92	-2.19	4.86	1.54	4.00
93	-2.18	4.87	1.55	4.00
94	-2.17	4.87	1.55	4.00
95	-2.15	4.87	1.55	4.00
96	-2.14	4.90	1.55	4.00
97	-2.13	4.92	1.56	4.00
98	-2.12	4.95	1.57	4.00
99	-2.11	4.99	1.58	4.00
100	-2.10	5.06	1.56	4.00
101	-2.10	5.13	1.55	4.00
102	-2.09	5.16	1.54	4.00
103	-2.07	5.18	1.53	2.00
104	-2.06	5.21	1.52	2.00
105	-2.05	5.23	1.51	1.00
106	-2.05	5.24	1.53	1.00
107	-2.04	5.24	1.54	2.00
108	-2.03	5.26	1.56	2.00
109	-2.02	5.28	1.57	2.00
110	-2.01	5.30	1.57	2.00
111	-2.00	5.32	1.57	2.00
112	-1.98	5.35	1.56	2.00
113	-1.97	5.38	1.54	1.00
114	-1.97	5.41	1.53	1.00
115	-1.96	5.43	1.53	3.00
116	-1.96	5.45	1.54	3.00
117	-1.95	5.48	1.54	4.00
118	-1.95	5.50	1.54	4.00
119	-1.95	5.52	1.54	1.00
120	-1.93	5.55	1.54	1.00
121	-1.92	5.58	1.54	3.00
122	-1.92	5.58	1.56	3.00
123	-1.91	5.59	1.58	3.00
124	-1.92	5.60	1.59	3.00
125	-1.92	5.61	1.61	3.00
126	-1.91	5.63	1.63	3.00
127	-1.91	5.65	1.65	3.00
128	-1.92	5.63	1.66	3.00
129	-1.93	5.62	1.66	3.00
Target 8 (frames from 61 to 95)
Bounding Boxes (frame, x, y, width, height)
61	277	175	63	127
62	277	174	64	128
63	277	172	64	128
64	278	171	64	129
65	277	170	64	129
66	277	169	65	130
67	277	168	65	130
68	276	168	65	130
69	276	167	65	131
70	275	167	65	131
71	274	167	65	131
72	273	167	65	131
73	271	167	65	131
74	271	167	65	131
75	270	168	65	131
76	269	169	65	131
77	267	169	66	132
78	266	170	66	132
79	264	171	66	132
80	263	172	66	132
81	262	172	66	133
82	260	173	66	133
83	259	173	67	134
84	258	173	67	134
85	257	173	67	135
86	256	173	68	136
87	254	172	68	137
88	252	172	69	138
89	250	171	69	139
90	248	170	70	140
91	246	169	70	141
92	244	168	71	142
93	242	167	71	143
94	239	165	72	144
95	237	163	72	145
3D Trajetory (frame, x, z, height, pose)
61	-0.71	6.21	1.57	3.00
62	-0.70	6.17	1.58	3.00
63	-0.68	6.14	1.58	2.00
64	-0.67	6.15	1.60	2.00
65	-0.67	6.16	1.62	2.00
66	-0.68	6.17	1.62	2.00
67	-0.70	6.17	1.62	2.00
68	-0.71	6.17	1.62	2.00
69	-0.72	6.17	1.62	2.00
70	-0.74	6.16	1.62	2.00
71	-0.75	6.15	1.62	2.00
72	-0.76	6.15	1.62	2.00
73	-0.77	6.15	1.62	2.00
74	-0.77	6.14	1.62	2.00
75	-0.78	6.14	1.63	2.00
76	-0.79	6.11	1.62	2.00
77	-0.80	6.09	1.61	2.00
78	-0.81	6.09	1.61	2.00
79	-0.82	6.09	1.61	2.00
80	-0.82	6.07	1.61	2.00
81	-0.83	6.05	1.62	3.00
82	-0.86	6.04	1.62	3.00
83	-0.88	6.03	1.62	3.00
84	-0.88	6.01	1.63	3.00
85	-0.88	5.99	1.63	3.00
86	-0.89	5.97	1.63	3.00
87	-0.90	5.95	1.64	3.00
88	-0.91	5.94	1.64	3.00
89	-0.92	5.93	1.64	3.00
90	-0.95	5.91	1.66	3.00
91	-0.98	5.90	1.68	3.00
92	-1.00	5.89	1.69	3.00
93	-1.02	5.89	1.70	3.00
94	-1.04	5.88	1.70	3.00
95	-1.05	5.87	1.70	3.00
Target 9 (frames from 85 to 133)
Bounding Boxes (frame, x, y, width, height)
85	15	166	75	151
86	15	164	77	155
87	15	163	79	158
88	15	161	80	160
89	16	160	81	163
90	17	159	82	164
91	18	158	83	166
92	19	158	83	167
93	21	157	84	168
94	23	157	84	168
95	25	157	83	167
96	27	158	83	166
97	29	158	82	165
98	32	158	81	163
99	34	159	81	162
100	37	159	80	161
101	41	159	80	160
102	44	160	79	159
103	47	160	79	158
104	50	160	78	157
105	53	160	78	157
106	56	159	78	157
107	58	158	78	157
108	61	158	78	157
109	64	157	79	158
110	68	157	79	158
111	71	157	79	158
112	73	157	79	158
113	76	157	79	158
114	78	156	79	158
115	81	156	79	158
116	83	156	79	158
117	85	156	79	158
118	87	156	79	158
119	89	156	79	158
120	91	156	78	157
121	93	156	78	157
122	95	157	78	157
123	97	157	78	157
124	99	157	78	156
125	101	157	78	156
126	103	157	78	156
127	105	157	78	156
128	107	156	78	156
129	108	156	78	156
130	110	156	78	156
131	112	156	78	156
132	114	156	78	156
133	115	156	78	156
3D Trajetory (frame, x, z, height, pose)
85	-3.48	5.61	1.68	3.00
86	-3.44	5.53	1.71	3.00
87	-3.40	5.44	1.73	4.00
88	-3.33	5.35	1.74	4.00
89	-3.26	5.26	1.75	4.00
90	-3.24	5.25	1.76	4.00
91	-3.22	5.23	1.77	4.00
92	-3.20	5.24	1.77	4.00
93	-3.18	5.24	1.77	4.00
94	-3.15	5.24	1.77	4.00
95	-3.12	5.25	1.76	4.00
96	-3.09	5.25	1.76	4.00
97	-3.05	5.25	1.76	1.00
98	-3.03	5.34	1.75	1.00
99	-3.02	5.43	1.74	1.00
100	-3.01	5.46	1.73	1.00
101	-2.99	5.50	1.73	2.00
102	-2.97	5.53	1.73	2.00
103	-2.95	5.56	1.74	4.00
104	-2.93	5.57	1.75	4.00
105	-2.91	5.59	1.76	1.00
106	-2.89	5.62	1.76	1.00
107	-2.86	5.66	1.77	1.00
108	-2.84	5.68	1.78	1.00
109	-2.82	5.71	1.78	1.00
110	-2.80	5.73	1.80	1.00
111	-2.78	5.75	1.81	1.00
112	-2.76	5.77	1.82	1.00
113	-2.74	5.79	1.84	1.00
114	-2.72	5.81	1.84	1.00
115	-2.70	5.82	1.84	1.00
116	-2.69	5.84	1.84	1.00
117	-2.67	5.86	1.84	1.00
118	-2.65	5.88	1.85	1.00
119	-2.62	5.89	1.85	4.00
120	-2.61	5.91	1.86	4.00
121	-2.60	5.92	1.86	4.00
122	-2.59	5.94	1.86	4.00
123	-2.57	5.96	1.86	4.00
124	-2.56	5.98	1.86	4.00
125	-2.54	5.99	1.86	4.00
126	-2.53	6.01	1.86	4.00
127	-2.52	6.02	1.86	4.00
128	-2.50	6.03	1.87	4.00
129	-2.48	6.04	1.87	1.00
130	-2.47	6.05	1.88	1.00
131	-2.46	6.07	1.89	1.00
132	-2.44	6.08	1.89	1.00
133	-2.42	6.10	1.89	1.00
Target 10 (frames from 87 to 307)
Bounding Boxes (frame, x, y, width, height)
87	439	163	80	160
88	440	164	79	159
89	442	165	79	158
90	443	166	78	157
91	444	166	78	157
92	445	166	78	156
93	446	166	78	156
94	447	166	77	155
95	448	166	77	155
96	448	166	77	155
97	448	166	78	156
98	448	165	78	156
99	448	164	78	157
100	448	163	79	158
101	448	162	79	159
102	448	161	80	160
103	447	160	80	161
104	447	160	81	162
105	447	159	81	163
106	447	158	82	164
107	447	157	82	165
108	447	157	83	166
109	448	157	83	166
110	449	158	83	166
111	450	158	83	166
112	450	159	83	166
113	451	160	82	165
114	452	161	82	165
115	453	161	82	164
116	454	162	82	164
117	454	162	82	164
118	455	163	82	164
119	456	163	81	163
120	457	164	81	163
121	458	164	81	163
122	459	164	81	163
123	461	164	82	164
124	463	164	82	165
125	465	163	83	166
126	467	163	83	167
127	468	162	83	167
128	470	162	84	168
129	471	161	84	168
130	472	161	84	168
131	473	161	84	168
132	474	161	84	168
133	475	161	83	167
134	476	161	83	166
135	476	162	82	165
136	478	162	81	163
137	478	163	81	162
138	479	164	80	160
139	481	165	79	158
140	482	166	78	157
141	484	168	77	155
142	487	169	76	153
143	489	170	75	151
144	491	171	74	149
145	493	172	74	148
146	495	172	73	146
147	497	173	72	144
148	498	173	71	143
149	500	173	71	142
150	501	173	70	141
151	503	172	70	141
152	505	172	71	142
153	507	171	71	142
154	509	170	71	143
155	511	168	71	143
156	513	167	72	144
157	514	166	72	144
158	516	165	72	144
159	518	165	72	144
160	520	164	72	144
161	521	163	72	144
162	523	163	72	144
163	525	162	72	144
164	526	162	71	143
165	527	161	71	143
166	528	161	71	142
167	529	160	71	142
168	529	160	70	141
169	530	160	70	141
170	531	160	70	141
171	531	160	70	140
172	531	160	70	140
173	532	160	70	140
174	532	161	69	139
175	533	161	69	139
176	534	162	69	138
177	535	163	68	137
178	536	163	68	137
179	537	163	68	136
180	539	164	68	136
181	541	163	67	135
182	542	163	67	135
183	544	163	67	134
184	546	162	67	134
185	548	161	67	134
186	549	161	67	134
187	551	160	67	134
188	552	160	66	133
189	554	159	66	133
190	555	159	66	133
191	556	159	66	133
192	557	159	66	132
193	558	159	65	131
194	559	160	65	131
195	559	160	65	130
196	559	160	64	129
197	560	161	64	128
198	560	161	63	127
199	560	161	63	127
200	560	161	63	126
201	560	161	63	126
202	560	161	62	125
203	560	160	62	125
204	559	160	62	125
205	558	159	62	125
206	558	158	62	125
207	557	157	62	125
208	556	156	62	125
209	556	156	62	125
210	556	155	62	125
211	555	155	62	125
212	556	155	62	124
213	556	155	62	124
214	557	156	61	123
215	557	156	61	123
216	558	157	61	122
217	559	158	60	121
218	560	159	60	120
219	561	159	59	119
220	561	160	59	119
221	561	160	59	118
222	561	160	58	117
223	561	160	58	116
224	561	159	58	116
225	560	159	57	115
226	559	159	57	115
227	558	159	57	114
228	556	158	57	114
229	554	158	56	113
230	553	158	56	113
231	551	158	56	113
232	550	158	56	113
233	549	158	56	112
234	547	157	56	112
235	546	157	56	112
236	546	157	56	112
237	545	157	56	112
238	544	157	56	112
239	544	157	55	111
240	544	156	55	111
241	543	156	55	111
242	542	156	55	111
243	541	156	55	111
244	540	156	55	110
245	539	155	55	110
246	538	155	55	110
247	536	155	54	109
248	535	155	54	109
249	534	155	54	109
250	532	155	54	109
251	531	155	54	109
252	529	155	54	109
253	528	154	54	109
254	526	154	54	109
255	525	154	54	109
256	523	154	54	109
257	522	153	54	109
258	521	153	54	109
259	520	153	54	109
260	518	153	54	108
261	517	153	54	108
262	516	153	54	108
263	514	153	53	107
264	513	153	53	107
265	511	152	53	106
266	509	152	53	106
267	507	152	53	106
268	505	151	52	105
269	504	151	52	105
270	502	151	52	105
271	500	150	52	105
272	499	150	52	105
273	497	149	52	104
274	496	149	52	104
275	494	149	52	104
276	493	149	52	104
277	492	149	52	104
278	491	149	52	104
279	489	149	51	103
280	488	149	51	103
281	486	149	51	103
282	485	149	51	103
283	483	149	51	103
284	481	149	51	103
285	480	149	51	102
286	478	149	51	102
287	477	149	51	102
288	476	148	51	102
289	474	148	51	102
290	473	148	50	101
291	472	148	50	101
292	471	148	50	101
293	470	148	50	100
294	469	148	50	100
295	468	147	50	100
296	467	147	49	99
297	467	147	49	99
298	466	147	49	99
299	466	147	49	99
300	466	146	49	99
301	466	146	49	99
302	466	146	49	99
303	467	145	49	99
304	467	145	50	100
305	468	144	50	100
306	468	144	50	101
307	469	143	50	101
3D Trajetory (frame, x, z, height, pose)
87	1.20	5.39	1.72	4.00
88	1.22	5.39	1.71	4.00
89	1.25	5.39	1.69	4.00
90	1.26	5.37	1.69	4.00
91	1.27	5.36	1.69	4.00
92	1.28	5.36	1.68	4.00
93	1.30	5.35	1.68	4.00
94	1.31	5.36	1.67	4.00
95	1.32	5.37	1.66	4.00
96	1.35	5.38	1.67	4.00
97	1.38	5.38	1.68	4.00
98	1.39	5.38	1.68	4.00
99	1.41	5.38	1.68	4.00
100	1.42	5.37	1.69	4.00
101	1.42	5.36	1.71	4.00
102	1.42	5.35	1.72	4.00
103	1.43	5.33	1.73	4.00
104	1.43	5.33	1.74	4.00
105	1.44	5.32	1.75	2.00
106	1.44	5.32	1.77	2.00
107	1.44	5.32	1.78	2.00
108	1.44	5.32	1.78	2.00
109	1.44	5.32	1.77	2.00
110	1.45	5.31	1.77	2.00
111	1.46	5.31	1.77	1.00
112	1.47	5.30	1.77	1.00
113	1.48	5.30	1.77	1.00
114	1.49	5.31	1.76	1.00
115	1.50	5.32	1.75	1.00
116	1.50	5.32	1.75	1.00
117	1.51	5.32	1.75	1.00
118	1.52	5.32	1.75	1.00
119	1.53	5.31	1.74	1.00
120	1.54	5.30	1.74	1.00
121	1.55	5.29	1.74	1.00
122	1.56	5.28	1.75	1.00
123	1.57	5.28	1.75	1.00
124	1.59	5.29	1.75	1.00
125	1.61	5.30	1.74	1.00
126	1.63	5.30	1.75	1.00
127	1.64	5.29	1.76	1.00
128	1.66	5.28	1.78	1.00
129	1.69	5.27	1.79	1.00
130	1.71	5.27	1.80	1.00
131	1.73	5.27	1.81	1.00
132	1.75	5.29	1.81	1.00
133	1.76	5.31	1.81	1.00
134	1.76	5.36	1.78	1.00
135	1.76	5.41	1.76	2.00
136	1.79	5.42	1.76	2.00
137	1.82	5.43	1.77	2.00
138	1.84	5.45	1.76	2.00
139	1.86	5.47	1.75	1.00
140	1.89	5.50	1.74	1.00
141	1.93	5.53	1.73	2.00
142	1.95	5.55	1.72	2.00
143	1.97	5.57	1.71	2.00
144	2.00	5.59	1.69	2.00
145	2.03	5.61	1.67	2.00
146	2.08	5.67	1.67	2.00
147	2.12	5.74	1.66	1.00
148	2.15	5.78	1.65	1.00
149	2.18	5.82	1.64	1.00
150	2.20	5.83	1.66	1.00
151	2.23	5.85	1.67	1.00
152	2.25	5.86	1.68	1.00
153	2.28	5.88	1.68	2.00
154	2.30	5.89	1.70	2.00
155	2.33	5.91	1.71	2.00
156	2.36	5.92	1.72	2.00
157	2.39	5.93	1.72	2.00
158	2.41	5.92	1.75	2.00
159	2.44	5.92	1.77	2.00
160	2.47	5.97	1.76	2.00
161	2.50	6.03	1.74	1.00
162	2.53	6.06	1.75	1.00
163	2.55	6.09	1.75	1.00
164	2.57	6.11	1.75	1.00
165	2.59	6.13	1.76	1.00
166	2.61	6.15	1.76	1.00
167	2.64	6.17	1.77	4.00
168	2.66	6.19	1.77	4.00
169	2.69	6.20	1.78	2.00
170	2.71	6.22	1.78	2.00
171	2.73	6.24	1.78	2.00
172	2.75	6.27	1.78	2.00
173	2.77	6.31	1.78	2.00
174	2.79	6.34	1.78	2.00
175	2.82	6.37	1.78	4.00
176	2.84	6.38	1.78	4.00
177	2.86	6.40	1.78	4.00
178	2.88	6.42	1.78	4.00
179	2.91	6.44	1.78	4.00
180	2.94	6.47	1.78	4.00
181	2.97	6.50	1.78	4.00
182	2.99	6.53	1.78	4.00
183	3.02	6.56	1.77	4.00
184	3.05	6.58	1.77	4.00
185	3.08	6.60	1.77	4.00
186	3.10	6.62	1.78	4.00
187	3.13	6.64	1.79	4.00
188	3.17	6.67	1.81	4.00
189	3.21	6.69	1.82	2.00
190	3.24	6.70	1.82	2.00
191	3.26	6.71	1.82	2.00
192	3.29	6.75	1.81	2.00
193	3.32	6.79	1.80	2.00
194	3.35	6.81	1.80	2.00
195	3.37	6.84	1.79	4.00
196	3.40	6.87	1.79	4.00
197	3.42	6.90	1.80	4.00
198	3.44	6.94	1.80	4.00
199	3.46	6.98	1.80	4.00
200	3.49	7.00	1.80	4.00
201	3.51	7.03	1.80	4.00
202	3.53	7.07	1.80	4.00
203	3.56	7.11	1.80	4.00
204	3.57	7.13	1.81	4.00
205	3.58	7.15	1.82	4.00
206	3.58	7.18	1.83	4.00
207	3.58	7.20	1.83	2.00
208	3.58	7.25	1.85	2.00
209	3.58	7.30	1.87	2.00
210	3.58	7.33	1.87	2.00
211	3.59	7.36	1.87	2.00
212	3.61	7.39	1.87	2.00
213	3.63	7.43	1.87	2.00
214	3.65	7.46	1.86	2.00
215	3.68	7.50	1.86	2.00
216	3.68	7.53	1.86	2.00
217	3.69	7.56	1.86	2.00
218	3.71	7.59	1.86	2.00
219	3.72	7.63	1.85	2.00
220	3.74	7.66	1.84	2.00
221	3.75	7.70	1.83	2.00
222	3.77	7.73	1.83	2.00
223	3.79	7.77	1.83	2.00
224	3.81	7.80	1.83	2.00
225	3.83	7.84	1.83	2.00
226	3.84	7.87	1.83	2.00
227	3.85	7.89	1.83	2.00
228	3.87	7.93	1.84	2.00
229	3.88	7.96	1.85	2.00
230	3.89	8.00	1.85	2.00
231	3.90	8.03	1.85	1.00
232	3.91	8.07	1.86	1.00
233	3.92	8.10	1.86	1.00
234	3.93	8.14	1.87	1.00
235	3.93	8.17	1.87	1.00
236	3.94	8.20	1.88	1.00
237	3.96	8.23	1.88	1.00
238	3.98	8.26	1.89	1.00
239	4.00	8.29	1.90	3.00
240	4.00	8.32	1.90	3.00
241	4.01	8.36	1.90	3.00
242	4.02	8.41	1.91	3.00
243	4.02	8.46	1.91	3.00
244	4.02	8.49	1.92	3.00
245	4.02	8.52	1.93	3.00
246	4.02	8.55	1.93	3.00
247	4.01	8.58	1.92	3.00
248	4.01	8.62	1.92	3.00
249	4.00	8.65	1.92	3.00
250	4.00	8.68	1.93	3.00
251	4.00	8.70	1.94	3.00
252	3.98	8.74	1.95	3.00
253	3.97	8.77	1.96	3.00
254	3.96	8.81	1.96	3.00
255	3.96	8.85	1.97	3.00
256	3.95	8.88	1.98	3.00
257	3.93	8.91	1.99	3.00
258	3.91	8.94	2.00	3.00
259	3.89	8.98	2.01	3.00
260	3.88	9.00	2.01	3.00
261	3.87	9.03	2.01	3.00
262	3.86	9.05	2.00	3.00
263	3.84	9.08	1.99	3.00
264	3.83	9.10	1.98	3.00
265	3.81	9.13	1.98	3.00
266	3.79	9.16	1.98	3.00
267	3.78	9.19	1.99	3.00
268	3.77	9.23	1.99	3.00
269	3.76	9.27	1.99	3.00
270	3.75	9.31	2.01	3.00
271	3.75	9.34	2.02	2.00
272	3.75	9.38	2.02	2.00
273	3.74	9.42	2.02	2.00
274	3.73	9.45	2.03	2.00
275	3.72	9.48	2.03	3.00
276	3.72	9.52	2.03	3.00
277	3.71	9.56	2.03	1.00
278	3.69	9.60	2.04	1.00
279	3.67	9.64	2.05	3.00
280	3.66	9.67	2.05	3.00
281	3.64	9.71	2.05	3.00
282	3.62	9.73	2.05	3.00
283	3.59	9.76	2.06	3.00
284	3.57	9.79	2.05	3.00
285	3.56	9.82	2.05	3.00
286	3.53	9.85	2.06	3.00
287	3.50	9.87	2.07	3.00
288	3.47	9.89	2.08	3.00
289	3.45	9.91	2.10	3.00
290	3.44	9.95	2.07	3.00
291	3.44	9.99	2.05	3.00
292	3.42	10.01	2.05	3.00
293	3.40	10.03	2.06	3.00
294	3.40	10.06	2.06	3.00
295	3.39	10.09	2.06	3.00
296	3.38	10.13	2.06	3.00
297	3.37	10.16	2.06	3.00
298	3.36	10.19	2.07	3.00
299	3.35	10.22	2.07	3.00
300	3.34	10.26	2.08	3.00
301	3.33	10.29	2.08	3.00
302	3.34	10.30	2.09	3.00
303	3.35	10.31	2.10	3.00
304	3.34	10.34	2.11	3.00
305	3.34	10.36	2.11	4.00
306	3.35	10.37	2.13	4.00
307	3.36	10.38	2.15	4.00
Target 11 (frames from 95 to 137)
Bounding Boxes (frame, x, y, width, height)
95	222	175	65	131
96	220	174	65	131
97	218	174	66	132
98	215	173	66	133
99	213	173	67	134
100	211	172	67	135
101	209	172	68	136
102	207	171	68	137
103	205	171	69	138
104	203	170	69	139
105	201	170	70	140
106	199	169	70	141
107	197	168	71	142
108	195	168	71	143
109	193	168	72	144
110	191	167	72	144
111	189	167	72	145
112	186	167	73	146
113	183	167	73	147
114	180	167	74	148
115	177	167	74	149
116	174	167	75	150
117	171	166	75	150
118	169	166	75	151
119	166	166	76	152
120	164	165	76	153
121	161	165	77	155
122	159	164	78	156
123	157	163	78	157
124	155	162	79	159
125	152	161	80	161
126	149	160	81	163
127	146	159	82	165
128	143	158	83	167
129	139	157	84	169
130	135	156	85	170
131	131	156	85	171
132	126	155	86	172
133	122	155	86	173
134	117	155	86	173
135	111	155	87	174
136	106	155	87	175
137	100	155	87	175
3D Trajetory (frame, x, z, height, pose)
95	-1.30	6.04	1.58	2.00
96	-1.29	6.02	1.59	2.00
97	-1.29	6.00	1.60	2.00
98	-1.30	6.00	1.60	2.00
99	-1.32	5.99	1.61	2.00
100	-1.33	5.97	1.61	2.00
101	-1.34	5.96	1.61	2.00
102	-1.35	5.93	1.63	2.00
103	-1.36	5.91	1.64	3.00
104	-1.37	5.91	1.64	3.00
105	-1.38	5.91	1.65	3.00
106	-1.40	5.91	1.65	3.00
107	-1.41	5.90	1.66	3.00
108	-1.42	5.88	1.67	3.00
109	-1.43	5.86	1.68	1.00
110	-1.46	5.84	1.69	1.00
111	-1.50	5.81	1.70	2.00
112	-1.52	5.81	1.71	2.00
113	-1.55	5.80	1.71	2.00
114	-1.58	5.78	1.71	2.00
115	-1.61	5.76	1.71	2.00
116	-1.63	5.75	1.71	2.00
117	-1.65	5.74	1.72	1.00
118	-1.67	5.72	1.73	1.00
119	-1.70	5.71	1.73	3.00
120	-1.71	5.69	1.74	3.00
121	-1.73	5.67	1.74	3.00
122	-1.74	5.64	1.75	3.00
123	-1.75	5.62	1.77	3.00
124	-1.77	5.59	1.78	3.00
125	-1.78	5.56	1.80	1.00
126	-1.80	5.55	1.80	1.00
127	-1.81	5.53	1.81	1.00
128	-1.84	5.49	1.82	1.00
129	-1.86	5.45	1.83	1.00
130	-1.91	5.42	1.85	1.00
131	-1.95	5.38	1.87	1.00
132	-1.98	5.37	1.87	1.00
133	-2.01	5.35	1.87	2.00
134	-2.05	5.34	1.85	2.00
135	-2.09	5.33	1.84	2.00
136	-2.12	5.32	1.83	2.00
137	-2.16	5.30	1.83	2.00
Target 12 (frames from 103 to 297)
Bounding Boxes (frame, x, y, width, height)
103	464	167	65	130
104	465	167	66	132
105	465	166	67	134
106	465	166	68	136
107	466	165	68	137
108	466	165	69	139
109	466	164	70	140
110	467	164	71	142
111	467	164	71	143
112	467	164	72	144
113	467	163	72	145
114	467	163	73	146
115	468	163	73	147
116	468	163	74	148
117	468	163	74	148
118	469	163	74	148
119	469	163	74	149
120	470	163	74	149
121	471	163	75	150
122	472	164	75	150
123	474	164	75	150
124	476	165	75	151
125	478	165	75	150
126	481	166	75	150
127	484	167	75	150
128	487	168	75	150
129	489	168	75	150
130	492	169	74	149
131	494	169	74	148
132	497	170	74	148
133	499	171	73	147
134	501	171	73	146
135	503	171	73	146
136	505	172	72	145
137	507	172	72	144
138	508	172	72	144
139	510	173	71	143
140	511	174	71	142
141	513	174	70	141
142	515	174	70	141
143	517	175	70	140
144	518	175	70	140
145	520	175	69	139
146	521	175	69	139
147	523	175	69	139
148	524	175	69	138
149	526	175	69	138
150	527	175	69	138
151	529	175	69	138
152	531	175	68	137
153	533	175	68	137
154	536	175	68	136
155	538	175	68	136
156	540	175	67	135
157	542	175	67	134
158	545	176	66	133
159	547	176	66	132
160	550	176	65	131
161	552	176	65	130
162	555	176	64	129
163	557	176	64	129
164	559	175	64	128
165	560	175	64	128
166	562	174	64	128
167	563	173	64	128
168	563	172	64	128
169	564	172	64	128
170	565	171	64	129
171	565	171	64	129
172	566	170	64	129
173	566	170	65	130
174	567	170	65	130
175	567	170	65	130
176	568	170	65	130
177	569	170	65	130
178	571	170	65	130
179	572	170	65	130
180	574	170	65	130
181	575	170	65	130
182	577	169	65	130
183	579	169	65	130
184	580	168	64	129
185	582	168	64	129
186	583	168	64	128
187	585	168	63	127
188	586	168	63	127
189	587	167	63	126
190	588	167	62	125
191	589	167	62	124
192	590	168	62	124
193	591	168	61	123
194	592	168	61	122
195	593	168	60	121
196	593	169	60	121
197	594	169	60	120
198	596	169	60	120
199	597	169	59	119
200	598	169	59	119
201	599	168	59	119
202	600	168	59	118
203	601	168	59	118
204	602	167	59	118
205	603	167	59	118
206	604	166	58	117
207	604	165	58	117
208	605	165	58	117
209	606	165	58	117
210	606	164	58	116
211	607	164	58	116
212	608	164	58	116
213	609	164	58	116
214	610	164	58	116
215	611	165	57	115
216	612	165	57	115
217	613	166	57	114
218	614	166	57	114
219	615	166	56	113
220	615	167	56	113
221	615	167	56	112
222	615	166	56	112
223	615	166	55	111
224	614	166	55	111
225	613	165	55	110
226	612	164	55	110
227	610	164	55	110
228	609	163	54	109
229	607	163	54	109
230	606	163	54	109
231	604	163	54	108
232	602	163	54	108
233	601	163	53	107
234	599	163	53	107
235	598	163	53	106
236	597	163	53	106
237	596	163	53	106
238	595	163	52	105
239	595	163	52	105
240	594	163	52	105
241	594	162	52	105
242	593	162	52	104
243	592	162	52	104
244	591	162	52	104
245	590	162	52	104
246	589	162	51	103
247	589	162	51	103
248	587	162	51	103
249	586	162	51	102
250	585	162	51	102
251	583	162	50	101
252	582	162	50	101
253	580	162	50	100
254	579	162	50	100
255	577	162	50	100
256	576	162	49	99
257	574	162	49	99
258	573	162	49	98
259	571	162	49	98
260	570	162	48	97
261	569	162	48	97
262	568	162	48	97
263	566	161	48	97
264	565	161	48	97
265	563	160	48	96
266	561	160	48	96
267	560	160	48	96
268	558	159	47	95
269	556	159	47	95
270	554	159	47	95
271	552	159	47	94
272	550	159	47	94
273	548	159	46	93
274	546	159	46	93
275	544	159	46	92
276	543	159	46	92
277	541	159	46	92
278	540	159	45	91
279	538	159	45	91
280	536	159	45	91
281	535	159	45	91
282	533	159	45	91
283	531	159	45	91
284	528	159	45	91
285	526	159	45	91
286	524	158	45	91
287	522	158	45	91
288	520	157	45	91
289	518	157	45	91
290	516	156	45	91
291	514	156	45	91
292	513	156	45	91
293	511	155	45	91
294	509	155	45	91
295	507	154	45	91
296	505	153	45	90
297	504	153	45	90
3D Trajetory (frame, x, z, height, pose)
103	1.85	6.44	1.72	4.00
104	1.85	6.38	1.70	4.00
105	1.84	6.31	1.68	4.00
106	1.84	6.28	1.68	4.00
107	1.84	6.25	1.69	4.00
108	1.82	6.17	1.72	4.00
109	1.81	6.09	1.75	4.00
110	1.80	6.08	1.75	4.00
111	1.80	6.06	1.76	4.00
112	1.81	6.05	1.76	4.00
113	1.81	6.03	1.76	4.00
114	1.81	6.02	1.77	4.00
115	1.81	6.00	1.77	1.00
116	1.82	5.98	1.77	1.00
117	1.83	5.95	1.77	1.00
118	1.82	5.93	1.77	1.00
119	1.82	5.92	1.78	1.00
120	1.82	5.90	1.78	1.00
121	1.83	5.89	1.77	1.00
122	1.84	5.87	1.77	1.00
123	1.85	5.85	1.77	1.00
124	1.86	5.82	1.77	1.00
125	1.87	5.79	1.76	1.00
126	1.90	5.77	1.75	1.00
127	1.94	5.75	1.74	1.00
128	1.96	5.75	1.73	1.00
129	1.99	5.75	1.72	1.00
130	2.02	5.74	1.71	1.00
131	2.06	5.73	1.71	3.00
132	2.08	5.73	1.70	3.00
133	2.10	5.73	1.70	3.00
134	2.12	5.73	1.70	3.00
135	2.15	5.73	1.70	3.00
136	2.18	5.76	1.68	3.00
137	2.22	5.78	1.67	2.00
138	2.25	5.79	1.67	2.00
139	2.27	5.80	1.67	3.00
140	2.30	5.81	1.66	3.00
141	2.32	5.81	1.66	3.00
142	2.34	5.82	1.66	3.00
143	2.36	5.82	1.66	3.00
144	2.38	5.83	1.65	3.00
145	2.40	5.83	1.64	3.00
146	2.42	5.84	1.64	3.00
147	2.44	5.85	1.64	3.00
148	2.47	5.86	1.64	3.00
149	2.50	5.87	1.64	3.00
150	2.53	5.88	1.64	3.00
151	2.55	5.89	1.64	3.00
152	2.57	5.90	1.64	3.00
153	2.60	5.90	1.64	2.00
154	2.62	5.92	1.64	2.00
155	2.64	5.93	1.64	2.00
156	2.67	5.94	1.63	2.00
157	2.70	5.96	1.63	2.00
158	2.75	6.00	1.61	2.00
159	2.79	6.04	1.60	2.00
160	2.83	6.06	1.60	2.00
161	2.86	6.08	1.60	3.00
162	2.88	6.10	1.60	3.00
163	2.91	6.11	1.59	4.00
164	2.95	6.15	1.59	4.00
165	3.00	6.18	1.59	4.00
166	3.02	6.19	1.60	4.00
167	3.04	6.21	1.60	2.00
168	3.07	6.23	1.62	2.00
169	3.10	6.26	1.63	1.00
170	3.12	6.28	1.64	1.00
171	3.14	6.29	1.65	2.00
172	3.17	6.31	1.66	2.00
173	3.19	6.33	1.66	2.00
174	3.21	6.34	1.66	2.00
175	3.23	6.35	1.67	4.00
176	3.25	6.36	1.68	4.00
177	3.28	6.36	1.69	3.00
178	3.30	6.38	1.69	3.00
179	3.32	6.41	1.70	4.00
180	3.35	6.43	1.69	4.00
181	3.38	6.44	1.69	4.00
182	3.40	6.46	1.69	4.00
183	3.42	6.47	1.70	4.00
184	3.45	6.50	1.70	4.00
185	3.49	6.53	1.70	4.00
186	3.51	6.55	1.70	4.00
187	3.53	6.57	1.70	4.00
188	3.57	6.60	1.70	4.00
189	3.61	6.64	1.70	4.00
190	3.63	6.67	1.69	4.00
191	3.65	6.69	1.68	4.00
192	3.69	6.73	1.69	4.00
193	3.73	6.78	1.69	4.00
194	3.77	6.81	1.69	4.00
195	3.81	6.84	1.68	4.00
196	3.84	6.86	1.68	4.00
197	3.87	6.88	1.69	4.00
198	3.91	6.91	1.69	4.00
199	3.95	6.94	1.69	4.00
200	3.99	6.98	1.69	4.00
201	4.04	7.01	1.70	4.00
202	4.08	7.04	1.70	4.00
203	4.11	7.07	1.69	4.00
204	4.15	7.10	1.70	4.00
205	4.18	7.13	1.71	4.00
206	4.21	7.15	1.72	4.00
207	4.24	7.18	1.73	4.00
208	4.26	7.21	1.72	4.00
209	4.28	7.23	1.72	4.00
210	4.30	7.26	1.72	4.00
211	4.31	7.29	1.73	4.00
212	4.33	7.31	1.73	4.00
213	4.35	7.34	1.73	4.00
214	4.37	7.37	1.74	4.00
215	4.40	7.39	1.74	4.00
216	4.42	7.42	1.74	4.00
217	4.45	7.45	1.74	4.00
218	4.46	7.48	1.74	4.00
219	4.47	7.51	1.74	4.00
220	4.50	7.56	1.73	4.00
221	4.53	7.61	1.71	4.00
222	4.55	7.64	1.72	4.00
223	4.57	7.68	1.72	4.00
224	4.59	7.71	1.73	4.00
225	4.61	7.74	1.74	4.00
226	4.63	7.78	1.75	4.00
227	4.64	7.81	1.75	2.00
228	4.65	7.85	1.76	2.00
229	4.67	7.88	1.76	2.00
230	4.68	7.92	1.77	2.00
231	4.70	7.96	1.78	2.00
232	4.72	7.99	1.77	2.00
233	4.74	8.02	1.77	2.00
234	4.76	8.06	1.77	2.00
235	4.78	8.11	1.78	3.00
236	4.79	8.15	1.77	3.00
237	4.79	8.19	1.77	3.00
238	4.80	8.24	1.78	3.00
239	4.81	8.28	1.78	3.00
240	4.82	8.31	1.79	3.00
241	4.84	8.33	1.80	3.00
242	4.85	8.36	1.81	3.00
243	4.87	8.39	1.82	3.00
244	4.88	8.43	1.81	3.00
245	4.89	8.47	1.81	2.00
246	4.90	8.51	1.81	2.00
247	4.91	8.56	1.81	2.00
248	4.90	8.57	1.81	2.00
249	4.89	8.59	1.81	4.00
250	4.90	8.63	1.82	4.00
251	4.91	8.66	1.82	4.00
252	4.91	8.71	1.82	4.00
253	4.91	8.76	1.82	3.00
254	4.91	8.83	1.82	3.00
255	4.91	8.90	1.83	3.00
256	4.90	8.95	1.83	3.00
257	4.90	9.00	1.83	3.00
258	4.90	9.06	1.83	3.00
259	4.90	9.12	1.83	3.00
260	4.89	9.16	1.84	3.00
261	4.88	9.19	1.84	3.00
262	4.87	9.22	1.84	3.00
263	4.86	9.26	1.85	3.00
264	4.86	9.28	1.85	3.00
265	4.86	9.31	1.85	3.00
266	4.85	9.34	1.85	3.00
267	4.83	9.36	1.85	3.00
268	4.83	9.38	1.85	3.00
269	4.82	9.41	1.85	3.00
270	4.81	9.46	1.85	3.00
271	4.80	9.52	1.85	3.00
272	4.79	9.58	1.84	3.00
273	4.78	9.64	1.84	3.00
274	4.77	9.66	1.85	3.00
275	4.76	9.67	1.86	3.00
276	4.75	9.72	1.86	3.00
277	4.73	9.76	1.86	2.00
278	4.71	9.80	1.85	2.00
279	4.69	9.83	1.85	3.00
280	4.68	9.86	1.86	3.00
281	4.67	9.90	1.87	3.00
282	4.64	9.94	1.87	3.00
283	4.62	9.97	1.87	3.00
284	4.59	10.01	1.87	3.00
285	4.56	10.05	1.88	3.00
286	4.52	10.08	1.89	3.00
287	4.47	10.12	1.89	3.00
288	4.45	10.16	1.90	3.00
289	4.42	10.19	1.90	3.00
290	4.39	10.23	1.91	3.00
291	4.37	10.27	1.92	3.00
292	4.35	10.31	1.94	3.00
293	4.33	10.34	1.95	3.00
294	4.32	10.38	1.95	3.00
295	4.30	10.42	1.95	3.00
296	4.27	10.46	1.94	3.00
297	4.24	10.51	1.93	3.00
Target 13 (frames from 123 to 205)
Bounding Boxes (frame, x, y, width, height)
123	287	180	72	145
124	284	179	73	146
125	282	178	73	147
126	279	177	74	148
127	277	176	75	150
128	274	174	75	151
129	271	173	76	152
130	269	172	76	153
131	266	171	77	155
132	263	170	78	156
133	260	169	78	157
134	257	168	79	159
135	254	167	80	161
136	251	165	81	162
137	247	164	82	164
138	244	163	83	166
139	240	162	83	167
140	237	161	84	169
141	234	161	84	169
142	230	161	85	170
143	227	162	85	170
144	224	162	85	170
145	220	163	85	170
146	217	163	85	170
147	213	163	85	170
148	209	163	85	171
149	206	163	85	171
150	202	162	86	172
151	199	162	86	173
152	196	162	87	174
153	193	161	87	175
154	190	161	88	176
155	187	160	88	177
156	184	159	89	178
157	181	159	89	179
158	178	158	90	180
159	175	158	90	181
160	172	157	91	182
161	169	157	91	183
162	166	156	92	184
163	162	156	92	184
164	159	156	92	185
165	154	156	92	185
166	150	156	92	185
167	145	156	93	186
168	140	156	93	186
169	135	156	93	187
170	130	156	94	188
171	126	156	94	189
172	121	156	95	190
173	116	156	95	191
174	111	156	96	192
175	106	156	96	193
176	102	156	97	195
177	98	157	98	197
178	94	156	99	199
179	91	157	100	200
180	88	157	101	202
181	86	157	101	203
182	84	157	102	204
183	82	157	102	204
184	80	157	102	205
185	78	158	102	205
186	76	159	102	204
187	74	159	102	204
188	72	160	101	203
189	69	162	101	202
190	66	163	100	201
191	63	164	100	200
192	59	166	99	199
193	55	167	99	199
194	51	168	99	199
195	46	168	100	200
196	41	168	100	201
197	37	168	101	203
198	33	168	102	204
199	28	168	103	206
200	24	168	104	208
201	20	167	105	210
202	15	167	106	213
203	11	166	108	216
204	7	165	109	219
205	2	164	111	223
3D Trajetory (frame, x, z, height, pose)
123	-0.33	5.45	1.57	3.00
124	-0.36	5.44	1.59	3.00
125	-0.38	5.44	1.61	2.00
126	-0.41	5.43	1.62	2.00
127	-0.43	5.43	1.63	2.00
128	-0.46	5.43	1.65	2.00
129	-0.48	5.42	1.66	4.00
130	-0.51	5.43	1.66	4.00
131	-0.53	5.43	1.67	4.00
132	-0.56	5.43	1.68	4.00
133	-0.58	5.43	1.68	4.00
134	-0.61	5.41	1.71	4.00
135	-0.63	5.38	1.74	4.00
136	-0.66	5.35	1.75	4.00
137	-0.68	5.33	1.76	4.00
138	-0.70	5.31	1.76	4.00
139	-0.71	5.28	1.77	4.00
140	-0.75	5.27	1.77	4.00
141	-0.78	5.25	1.78	4.00
142	-0.81	5.24	1.78	4.00
143	-0.84	5.22	1.78	4.00
144	-0.87	5.20	1.78	4.00
145	-0.90	5.18	1.78	4.00
146	-0.93	5.17	1.76	4.00
147	-0.96	5.16	1.74	3.00
148	-0.99	5.15	1.73	3.00
149	-1.03	5.13	1.73	4.00
150	-1.05	5.11	1.74	4.00
151	-1.08	5.08	1.75	2.00
152	-1.11	5.05	1.75	2.00
153	-1.13	5.02	1.76	2.00
154	-1.16	5.00	1.77	2.00
155	-1.18	4.97	1.78	4.00
156	-1.20	4.96	1.78	4.00
157	-1.22	4.94	1.77	4.00
158	-1.24	4.93	1.77	4.00
159	-1.26	4.92	1.76	4.00
160	-1.28	4.89	1.76	4.00
161	-1.31	4.87	1.76	4.00
162	-1.35	4.84	1.76	4.00
163	-1.38	4.82	1.77	2.00
164	-1.41	4.78	1.77	2.00
165	-1.44	4.75	1.78	2.00
166	-1.47	4.73	1.77	2.00
167	-1.50	4.72	1.77	2.00
168	-1.53	4.72	1.75	2.00
169	-1.57	4.71	1.74	2.00
170	-1.61	4.70	1.73	2.00
171	-1.65	4.68	1.72	2.00
172	-1.67	4.65	1.73	2.00
173	-1.70	4.62	1.74	2.00
174	-1.72	4.59	1.76	2.00
175	-1.73	4.56	1.77	2.00
176	-1.75	4.52	1.76	2.00
177	-1.77	4.48	1.76	2.00
178	-1.78	4.45	1.76	2.00
179	-1.80	4.41	1.76	2.00
180	-1.82	4.39	1.74	2.00
181	-1.84	4.37	1.72	2.00
182	-1.84	4.33	1.73	2.00
183	-1.84	4.28	1.73	2.00
184	-1.84	4.25	1.74	2.00
185	-1.84	4.22	1.74	4.00
186	-1.85	4.21	1.73	4.00
187	-1.86	4.21	1.71	4.00
188	-1.87	4.19	1.70	4.00
189	-1.89	4.17	1.69	4.00
190	-1.92	4.17	1.66	4.00
191	-1.95	4.17	1.64	2.00
192	-1.98	4.16	1.63	2.00
193	-2.01	4.15	1.63	2.00
194	-2.03	4.13	1.62	2.00
195	-2.05	4.12	1.62	4.00
196	-2.06	4.09	1.62	4.00
197	-2.08	4.07	1.62	4.00
198	-2.08	4.02	1.63	4.00
199	-2.08	3.98	1.63	2.00
200	-2.09	3.94	1.64	2.00
201	-2.10	3.90	1.65	3.00
202	-2.10	3.86	1.65	3.00
203	-2.10	3.82	1.65	3.00
204	-2.12	3.82	1.64	3.00
205	-2.13	3.81	1.62	2.00
Target 14 (frames from 175 to 303)
Bounding Boxes (frame, x, y, width, height)
175	170	162	63	126
176	171	161	63	126
177	171	161	63	126
178	172	160	63	126
179	173	159	63	126
180	174	159	63	127
181	175	158	63	127
182	176	158	63	127
183	177	157	63	127
184	178	157	63	127
185	180	156	63	126
186	181	156	63	126
187	182	155	62	125
188	184	155	62	125
189	185	155	62	125
190	186	154	62	125
191	187	154	62	125
192	188	154	62	125
193	189	154	62	125
194	190	154	62	125
195	191	154	62	125
196	191	154	62	125
197	192	155	62	124
198	192	155	62	124
199	193	155	62	124
200	194	155	62	124
201	194	154	62	124
202	195	154	62	124
203	196	154	62	124
204	196	153	62	124
205	197	153	62	124
206	198	153	62	124
207	199	152	62	124
208	200	152	61	123
209	201	153	61	123
210	202	153	61	122
211	204	154	61	122
212	206	154	60	121
213	208	155	60	120
214	210	156	60	120
215	212	156	59	119
216	213	157	59	119
217	215	158	59	119
218	217	158	59	118
219	218	158	59	118
220	220	158	59	118
221	221	158	59	118
222	221	157	59	118
223	222	157	59	118
224	222	156	59	118
225	222	156	58	117
226	221	156	58	117
227	221	155	58	117
228	220	155	58	117
229	219	155	58	117
230	219	155	58	117
231	218	155	58	117
232	218	155	58	117
233	217	154	58	117
234	217	154	58	117
235	217	154	58	117
236	217	154	58	117
237	217	154	58	117
238	217	154	58	117
239	218	154	58	117
240	218	154	58	116
241	219	154	58	116
242	220	155	57	115
243	220	155	57	115
244	220	155	57	115
245	220	155	57	114
246	221	156	57	114
247	221	156	56	113
248	222	156	56	113
249	222	157	56	112
250	223	157	56	112
251	224	157	55	111
252	224	158	55	111
253	225	158	55	110
254	226	158	55	110
255	227	158	54	109
256	228	159	54	109
257	229	159	54	108
258	230	159	54	108
259	230	159	53	107
260	231	160	53	107
261	232	159	53	107
262	232	159	53	106
263	232	159	53	106
264	231	158	53	106
265	231	158	53	106
266	230	157	53	106
267	229	157	53	106
268	228	157	53	106
269	227	156	52	105
270	226	156	52	105
271	225	156	52	105
272	224	155	52	105
273	223	155	52	105
274	222	155	52	105
275	222	155	52	105
276	221	155	52	105
277	221	155	52	105
278	221	154	52	105
279	221	154	52	105
280	221	154	52	105
281	221	154	52	105
282	222	154	52	105
283	222	154	52	105
284	222	154	52	105
285	223	154	52	104
286	223	154	52	104
287	224	155	51	103
288	225	155	51	103
289	225	155	51	102
290	226	155	50	101
291	227	155	50	101
292	227	155	50	100
293	228	156	49	99
294	228	156	49	99
295	228	156	49	99
296	228	155	49	99
297	228	155	49	99
298	228	155	49	99
299	228	154	49	99
300	228	154	49	99
301	227	153	49	99
302	227	152	50	100
303	227	152	50	100
3D Trajetory (frame, x, z, height, pose)
175	-2.13	7.44	1.82	3.00
176	-2.11	7.39	1.84	3.00
177	-2.09	7.33	1.85	1.00
178	-2.09	7.34	1.86	1.00
179	-2.09	7.34	1.88	4.00
180	-2.10	7.41	1.89	4.00
181	-2.10	7.47	1.89	4.00
182	-2.10	7.48	1.89	4.00
183	-2.09	7.49	1.89	4.00
184	-2.09	7.54	1.89	4.00
185	-2.09	7.59	1.89	4.00
186	-2.07	7.61	1.90	4.00
187	-2.06	7.64	1.90	4.00
188	-2.04	7.64	1.91	4.00
189	-2.03	7.65	1.91	4.00
190	-2.01	7.66	1.91	4.00
191	-1.99	7.66	1.91	4.00
192	-1.97	7.68	1.91	4.00
193	-1.96	7.70	1.92	4.00
194	-1.95	7.72	1.92	4.00
195	-1.94	7.73	1.93	4.00
196	-1.92	7.73	1.92	4.00
197	-1.90	7.73	1.92	4.00
198	-1.89	7.74	1.92	4.00
199	-1.87	7.76	1.92	2.00
200	-1.86	7.76	1.92	2.00
201	-1.85	7.77	1.92	4.00
202	-1.83	7.78	1.92	4.00
203	-1.82	7.80	1.93	4.00
204	-1.81	7.80	1.93	4.00
205	-1.79	7.81	1.94	1.00
206	-1.78	7.81	1.94	1.00
207	-1.77	7.82	1.94	2.00
208	-1.75	7.82	1.93	2.00
209	-1.74	7.83	1.93	4.00
210	-1.73	7.84	1.92	4.00
211	-1.72	7.85	1.91	4.00
212	-1.70	7.86	1.90	4.00
213	-1.69	7.86	1.89	2.00
214	-1.67	7.88	1.87	2.00
215	-1.65	7.90	1.86	4.00
216	-1.63	7.91	1.87	4.00
217	-1.61	7.92	1.88	4.00
218	-1.60	7.93	1.88	4.00
219	-1.58	7.93	1.88	4.00
220	-1.57	7.94	1.88	4.00
221	-1.56	7.95	1.88	2.00
222	-1.55	7.97	1.88	2.00
223	-1.55	7.98	1.89	4.00
224	-1.54	8.00	1.89	4.00
225	-1.53	8.03	1.88	4.00
226	-1.53	8.05	1.88	4.00
227	-1.53	8.07	1.88	4.00
228	-1.52	8.09	1.88	4.00
229	-1.52	8.11	1.89	2.00
230	-1.52	8.13	1.89	2.00
231	-1.52	8.16	1.89	2.00
232	-1.51	8.18	1.90	2.00
233	-1.51	8.20	1.91	2.00
234	-1.50	8.22	1.91	2.00
235	-1.49	8.25	1.92	4.00
236	-1.48	8.26	1.92	4.00
237	-1.47	8.27	1.92	4.00
238	-1.47	8.27	1.93	4.00
239	-1.47	8.28	1.93	4.00
240	-1.46	8.30	1.92	4.00
241	-1.46	8.33	1.92	4.00
242	-1.45	8.34	1.91	4.00
243	-1.44	8.35	1.90	2.00
244	-1.43	8.37	1.91	2.00
245	-1.42	8.39	1.91	2.00
246	-1.41	8.41	1.90	2.00
247	-1.41	8.43	1.89	2.00
248	-1.41	8.45	1.88	2.00
249	-1.41	8.47	1.88	2.00
250	-1.39	8.49	1.89	2.00
251	-1.38	8.51	1.89	2.00
252	-1.38	8.52	1.88	2.00
253	-1.37	8.54	1.87	2.00
254	-1.35	8.57	1.87	2.00
255	-1.33	8.60	1.87	2.00
256	-1.32	8.62	1.87	2.00
257	-1.32	8.65	1.86	3.00
258	-1.32	8.68	1.86	3.00
259	-1.32	8.71	1.86	4.00
260	-1.31	8.74	1.86	4.00
261	-1.31	8.77	1.86	4.00
262	-1.31	8.79	1.86	4.00
263	-1.31	8.82	1.86	2.00
264	-1.32	8.84	1.86	2.00
265	-1.32	8.86	1.86	2.00
266	-1.33	8.87	1.87	2.00
267	-1.34	8.88	1.87	2.00
268	-1.35	8.89	1.87	2.00
269	-1.36	8.90	1.87	4.00
270	-1.38	8.92	1.87	4.00
271	-1.40	8.94	1.87	4.00
272	-1.41	8.96	1.87	4.00
273	-1.41	8.99	1.87	4.00
274	-1.43	9.00	1.87	4.00
275	-1.44	9.02	1.88	4.00
276	-1.44	9.04	1.89	4.00
277	-1.44	9.07	1.90	2.00
278	-1.45	9.08	1.90	2.00
279	-1.45	9.09	1.90	2.00
280	-1.45	9.11	1.91	2.00
281	-1.46	9.13	1.91	2.00
282	-1.45	9.15	1.91	2.00
283	-1.44	9.17	1.91	2.00
284	-1.45	9.19	1.91	2.00
285	-1.45	9.22	1.91	2.00
286	-1.44	9.24	1.91	2.00
287	-1.44	9.26	1.91	2.00
288	-1.44	9.28	1.90	2.00
289	-1.44	9.30	1.89	2.00
290	-1.43	9.33	1.88	2.00
291	-1.42	9.36	1.86	2.00
292	-1.41	9.38	1.86	2.00
293	-1.40	9.40	1.86	3.00
294	-1.41	9.41	1.86	3.00
295	-1.41	9.42	1.86	3.00
296	-1.40	9.43	1.85	3.00
297	-1.40	9.45	1.84	3.00
298	-1.42	9.46	1.84	3.00
299	-1.44	9.47	1.85	2.00
300	-1.46	9.49	1.86	2.00
301	-1.49	9.50	1.87	2.00
302	-1.49	9.51	1.90	2.00
303	-1.49	9.53	1.92	4.00
Target 15 (frames from 163 to 353)
Bounding Boxes (frame, x, y, width, height)
163	217	180	54	108
164	217	180	54	108
165	218	180	54	108
166	219	180	54	108
167	219	180	54	108
168	220	180	54	108
169	221	180	54	108
170	222	180	54	108
171	223	181	54	108
172	224	181	53	107
173	225	181	53	107
174	226	181	53	107
175	227	181	53	107
176	228	181	53	107
177	229	181	53	107
178	231	181	53	107
179	233	181	53	107
180	235	182	53	107
181	237	181	53	106
182	239	181	53	106
183	241	181	52	105
184	243	181	52	105
185	244	180	52	104
186	245	180	52	104
187	246	180	52	104
188	247	179	52	104
189	248	179	52	104
190	248	178	52	104
191	249	178	52	104
192	249	177	52	104
193	250	177	52	105
194	250	177	52	105
195	251	177	52	105
196	251	176	52	105
197	251	176	53	106
198	251	176	53	106
199	251	176	53	106
200	251	176	53	106
201	252	176	52	105
202	252	176	52	105
203	253	176	52	105
204	254	176	52	104
205	255	176	52	104
206	256	176	51	103
207	257	176	51	102
208	258	176	50	101
209	259	176	50	101
210	260	177	50	100
211	262	177	49	99
212	263	177	49	99
213	265	178	49	99
214	266	178	49	98
215	268	178	49	98
216	269	178	49	98
217	270	179	49	98
218	271	179	49	98
219	272	179	49	98
220	273	179	49	98
221	273	178	49	98
222	273	178	49	98
223	273	177	49	98
224	273	177	48	97
225	273	176	48	97
226	272	176	48	97
227	271	175	48	97
228	270	175	48	97
229	269	175	48	97
230	268	175	48	97
231	268	174	48	97
232	267	174	48	97
233	267	174	48	97
234	266	174	48	97
235	266	175	48	97
236	266	175	48	97
237	266	175	48	96
238	267	175	48	96
239	267	175	48	96
240	268	175	47	95
241	268	176	47	94
242	269	176	47	94
243	269	176	47	94
244	269	176	46	93
245	269	176	46	93
246	269	176	46	93
247	269	176	46	93
248	269	176	46	93
249	270	176	46	93
250	270	175	46	93
251	270	175	46	93
252	270	175	47	94
253	271	175	47	94
254	271	175	46	93
255	271	175	46	93
256	272	175	46	93
257	272	175	46	93
258	273	175	46	92
259	274	176	46	92
260	274	176	45	91
261	275	176	45	91
262	275	176	45	91
263	275	176	45	90
264	275	175	45	90
265	275	174	45	90
266	274	174	45	90
267	274	173	45	91
268	273	172	45	91
269	273	172	45	91
270	272	171	45	91
271	272	171	45	91
272	271	170	45	91
273	271	170	45	91
274	271	169	45	91
275	271	169	45	91
276	271	169	45	91
277	271	170	45	91
278	271	170	45	91
279	271	170	45	90
280	272	170	45	90
281	272	170	45	90
282	273	170	45	90
283	273	170	45	90
284	273	169	45	90
285	273	169	45	90
286	274	169	44	89
287	274	169	44	89
288	274	169	44	89
289	274	168	44	89
290	275	168	44	89
291	275	168	44	88
292	275	167	44	88
293	275	167	44	88
294	275	167	44	88
295	275	167	43	87
296	276	166	43	87
297	276	166	43	87
298	277	166	43	87
299	278	166	43	86
300	279	166	43	86
301	280	166	43	86
302	281	166	43	86
303	282	165	42	85
304	282	165	42	85
305	283	165	42	85
306	283	165	42	85
307	283	165	42	85
308	282	165	42	84
309	282	166	42	84
310	281	166	42	84
311	280	167	41	83
312	279	167	41	83
313	277	167	41	83
314	276	168	41	83
315	275	168	41	82
316	275	168	41	82
317	274	168	41	82
318	273	168	41	82
319	273	168	41	82
320	273	167	41	82
321	272	167	41	82
322	272	167	41	82
323	271	166	41	82
324	271	166	40	81
325	270	165	40	81
326	270	164	40	81
327	269	164	40	81
328	269	163	40	81
329	269	163	40	81
330	268	162	40	81
331	267	162	40	81
332	267	161	40	81
333	267	161	40	81
334	266	160	40	81
335	266	160	40	81
336	265	160	40	81
337	264	160	40	81
338	264	160	40	81
339	263	159	40	81
340	263	159	40	81
341	262	159	40	81
342	262	159	40	81
343	262	159	40	81
344	262	158	40	81
345	261	158	40	81
346	261	158	40	81
347	261	158	40	81
348	260	158	40	81
349	260	158	40	81
350	260	158	40	81
351	260	158	40	81
352	260	158	40	81
353	260	158	40	81
3D Trajetory (frame, x, z, height, pose)
163	-1.54	7.11	1.51	3.00
164	-1.53	7.08	1.54	3.00
165	-1.52	7.05	1.56	3.00
166	-1.49	7.05	1.54	3.00
167	-1.45	7.05	1.52	4.00
168	-1.44	7.04	1.51	4.00
169	-1.42	7.04	1.50	1.00
170	-1.41	7.06	1.50	1.00
171	-1.39	7.08	1.51	4.00
172	-1.38	7.10	1.52	4.00
173	-1.36	7.12	1.52	4.00
174	-1.35	7.07	1.52	4.00
175	-1.34	7.03	1.51	2.00
176	-1.32	7.13	1.54	2.00
177	-1.31	7.23	1.56	4.00
178	-1.28	7.27	1.56	4.00
179	-1.26	7.30	1.56	3.00
180	-1.24	7.29	1.55	3.00
181	-1.22	7.27	1.54	4.00
182	-1.19	7.28	1.54	4.00
183	-1.17	7.29	1.54	4.00
184	-1.17	7.33	1.54	4.00
185	-1.17	7.37	1.53	4.00
186	-1.16	7.39	1.53	4.00
187	-1.16	7.41	1.53	4.00
188	-1.14	7.41	1.54	4.00
189	-1.13	7.42	1.54	4.00
190	-1.11	7.43	1.55	4.00
191	-1.10	7.43	1.56	4.00
192	-1.09	7.45	1.57	4.00
193	-1.08	7.46	1.57	4.00
194	-1.07	7.48	1.57	4.00
195	-1.06	7.49	1.57	4.00
196	-1.05	7.49	1.57	4.00
197	-1.03	7.50	1.57	4.00
198	-1.03	7.51	1.58	4.00
199	-1.02	7.52	1.60	4.00
200	-1.01	7.53	1.60	4.00
201	-1.00	7.54	1.60	4.00
202	-1.00	7.56	1.60	4.00
203	-1.00	7.58	1.61	4.00
204	-0.98	7.60	1.59	4.00
205	-0.97	7.63	1.58	2.00
206	-0.96	7.65	1.57	2.00
207	-0.94	7.68	1.55	2.00
208	-0.93	7.70	1.55	2.00
209	-0.91	7.72	1.54	2.00
210	-0.90	7.73	1.54	2.00
211	-0.89	7.75	1.55	2.00
212	-0.88	7.77	1.54	2.00
213	-0.87	7.79	1.54	2.00
214	-0.86	7.80	1.54	2.00
215	-0.84	7.82	1.54	2.00
216	-0.84	7.83	1.54	2.00
217	-0.83	7.85	1.54	4.00
218	-0.82	7.86	1.54	4.00
219	-0.82	7.88	1.54	4.00
220	-0.81	7.89	1.55	4.00
221	-0.80	7.90	1.55	4.00
222	-0.80	7.93	1.55	4.00
223	-0.81	7.95	1.56	4.00
224	-0.81	7.98	1.56	4.00
225	-0.81	8.01	1.56	4.00
226	-0.81	8.03	1.56	4.00
227	-0.81	8.05	1.56	4.00
228	-0.80	8.06	1.57	4.00
229	-0.78	8.07	1.57	4.00
230	-0.79	8.09	1.57	4.00
231	-0.79	8.11	1.58	4.00
232	-0.79	8.13	1.58	4.00
233	-0.78	8.15	1.59	2.00
234	-0.77	8.18	1.59	2.00
235	-0.77	8.20	1.60	2.00
236	-0.76	8.22	1.59	2.00
237	-0.76	8.23	1.59	2.00
238	-0.75	8.25	1.58	2.00
239	-0.74	8.27	1.57	2.00
240	-0.73	8.28	1.57	2.00
241	-0.72	8.30	1.56	2.00
242	-0.72	8.32	1.56	2.00
243	-0.72	8.33	1.56	2.00
244	-0.71	8.35	1.56	2.00
245	-0.71	8.37	1.56	2.00
246	-0.70	8.39	1.55	2.00
247	-0.69	8.41	1.55	4.00
248	-0.69	8.42	1.56	4.00
249	-0.68	8.44	1.56	4.00
250	-0.68	8.45	1.58	4.00
251	-0.67	8.46	1.59	4.00
252	-0.67	8.48	1.59	4.00
253	-0.66	8.49	1.60	4.00
254	-0.66	8.51	1.60	4.00
255	-0.65	8.53	1.60	4.00
256	-0.65	8.55	1.60	4.00
257	-0.64	8.56	1.59	4.00
258	-0.63	8.58	1.58	4.00
259	-0.62	8.59	1.58	4.00
260	-0.62	8.61	1.57	4.00
261	-0.62	8.63	1.57	4.00
262	-0.62	8.66	1.57	4.00
263	-0.61	8.68	1.57	4.00
264	-0.61	8.70	1.57	4.00
265	-0.62	8.72	1.57	4.00
266	-0.62	8.73	1.57	4.00
267	-0.62	8.75	1.58	2.00
268	-0.62	8.77	1.59	2.00
269	-0.61	8.78	1.60	2.00
270	-0.61	8.79	1.61	2.00
271	-0.61	8.80	1.61	2.00
272	-0.61	8.81	1.62	2.00
273	-0.61	8.83	1.62	2.00
274	-0.61	8.85	1.62	2.00
275	-0.61	8.88	1.62	4.00
276	-0.61	8.91	1.62	4.00
277	-0.62	8.95	1.61	4.00
278	-0.62	8.96	1.62	4.00
279	-0.61	8.98	1.63	2.00
280	-0.61	9.00	1.63	2.00
281	-0.61	9.02	1.63	4.00
282	-0.60	9.04	1.63	4.00
283	-0.60	9.05	1.63	4.00
284	-0.59	9.09	1.64	4.00
285	-0.57	9.13	1.64	4.00
286	-0.57	9.16	1.64	4.00
287	-0.57	9.19	1.64	4.00
288	-0.58	9.22	1.64	4.00
289	-0.59	9.24	1.64	4.00
290	-0.60	9.28	1.64	4.00
291	-0.60	9.31	1.64	4.00
292	-0.59	9.34	1.65	4.00
293	-0.59	9.37	1.65	4.00
294	-0.58	9.39	1.65	4.00
295	-0.58	9.42	1.65	4.00
296	-0.58	9.44	1.65	4.00
297	-0.58	9.46	1.65	3.00
298	-0.57	9.48	1.65	3.00
299	-0.57	9.51	1.64	3.00
300	-0.56	9.54	1.64	3.00
301	-0.56	9.56	1.65	3.00
302	-0.55	9.59	1.64	3.00
303	-0.55	9.61	1.64	3.00
304	-0.55	9.64	1.65	3.00
305	-0.56	9.68	1.66	2.00
306	-0.58	9.71	1.66	2.00
307	-0.60	9.75	1.66	4.00
308	-0.62	9.78	1.66	4.00
309	-0.64	9.81	1.66	4.00
310	-0.68	9.84	1.65	4.00
311	-0.71	9.86	1.65	2.00
312	-0.73	9.89	1.65	2.00
313	-0.74	9.91	1.64	4.00
314	-0.74	9.93	1.64	4.00
315	-0.75	9.96	1.64	4.00
316	-0.74	9.99	1.64	4.00
317	-0.74	10.01	1.64	4.00
318	-0.75	10.03	1.65	4.00
319	-0.76	10.04	1.65	4.00
320	-0.76	10.07	1.65	4.00
321	-0.77	10.10	1.65	4.00
322	-0.76	10.12	1.65	4.00
323	-0.76	10.15	1.66	4.00
324	-0.79	10.17	1.66	4.00
325	-0.83	10.18	1.66	3.00
326	-0.84	10.23	1.66	3.00
327	-0.85	10.27	1.67	3.00
328	-0.86	10.32	1.68	3.00
329	-0.87	10.38	1.68	3.00
330	-0.88	10.42	1.69	3.00
331	-0.89	10.47	1.70	3.00
332	-0.89	10.52	1.71	3.00
333	-0.89	10.57	1.72	3.00
334	-0.90	10.63	1.73	3.00
335	-0.90	10.68	1.74	3.00
336	-0.92	10.72	1.74	3.00
337	-0.93	10.77	1.74	3.00
338	-0.94	10.81	1.75	3.00
339	-0.94	10.85	1.76	3.00
340	-0.95	10.90	1.77	3.00
341	-0.95	10.94	1.78	4.00
342	-0.97	10.99	1.79	4.00
343	-0.98	11.03	1.80	4.00
344	-0.99	11.08	1.80	4.00
345	-1.01	11.12	1.81	4.00
346	-1.01	11.16	1.82	4.00
347	-1.02	11.19	1.83	4.00
348	-1.02	11.23	1.83	4.00
349	-1.02	11.27	1.82	4.00
350	-1.03	11.30	1.83	4.00
351	-1.04	11.33	1.83	4.00
352	-1.04	11.37	1.84	4.00
353	-1.05	11.41	1.84	4.00
Target 16 (frames from 279 to 353)
Bounding Boxes (frame, x, y, width, height)
279	102	148	112	225
280	106	150	110	221
281	109	151	109	218
282	113	153	107	214
283	118	154	105	211
284	122	155	104	208
285	128	156	103	206
286	133	157	101	203
287	140	158	100	201
288	146	158	99	199
289	153	157	99	198
290	161	156	98	197
291	169	156	98	196
292	178	156	97	195
293	187	156	96	193
294	196	156	95	191
295	205	156	94	189
296	214	157	94	188
297	222	157	93	186
298	231	157	92	185
299	239	157	92	184
300	247	157	91	183
301	255	157	91	182
302	262	157	90	181
303	268	156	90	181
304	274	156	90	180
305	281	156	90	180
306	287	156	89	179
307	293	155	89	178
308	300	156	88	177
309	307	156	88	176
310	314	156	87	175
311	320	156	87	174
312	327	156	86	173
313	334	156	86	172
314	341	156	85	170
315	348	157	84	168
316	355	158	83	166
317	362	159	81	163
318	369	160	80	160
319	375	161	79	158
320	381	161	77	155
321	387	162	76	152
322	393	163	75	150
323	399	163	74	148
324	404	163	73	146
325	410	163	72	145
326	415	162	72	144
327	420	161	72	144
328	424	159	72	145
329	429	158	72	145
330	433	156	73	146
331	437	155	73	146
332	442	154	72	145
333	446	154	72	144
334	451	154	71	143
335	456	154	70	141
336	461	155	70	140
337	467	155	69	138
338	472	156	68	136
339	478	156	67	135
340	482	157	67	135
341	488	157	67	134
342	493	157	67	134
343	498	156	67	134
344	502	156	66	133
345	507	155	66	133
346	512	155	66	132
347	517	155	65	131
348	521	155	65	130
349	526	155	65	130
350	530	154	64	129
351	535	154	64	128
352	539	154	63	127
353	544	153	63	126
3D Trajetory (frame, x, z, height, pose)
279	-1.27	3.83	1.77	1.00
280	-1.27	3.89	1.71	1.00
281	-1.28	3.96	1.65	3.00
282	-1.26	3.99	1.64	3.00
283	-1.24	4.03	1.62	3.00
284	-1.21	4.05	1.63	3.00
285	-1.19	4.07	1.63	1.00
286	-1.16	4.09	1.64	1.00
287	-1.14	4.11	1.65	1.00
288	-1.07	4.14	1.64	1.00
289	-1.01	4.17	1.64	1.00
290	-0.97	4.20	1.64	1.00
291	-0.92	4.22	1.64	1.00
292	-0.88	4.25	1.64	1.00
293	-0.84	4.28	1.64	1.00
294	-0.74	4.32	1.63	1.00
295	-0.64	4.36	1.63	1.00
296	-0.57	4.37	1.63	1.00
297	-0.50	4.39	1.63	1.00
298	-0.43	4.39	1.62	1.00
299	-0.37	4.40	1.61	1.00
300	-0.33	4.41	1.61	1.00
301	-0.28	4.41	1.61	1.00
302	-0.22	4.43	1.61	1.00
303	-0.17	4.44	1.62	1.00
304	-0.12	4.48	1.61	1.00
305	-0.07	4.52	1.60	1.00
306	-0.02	4.54	1.62	1.00
307	0.03	4.55	1.64	1.00
308	0.07	4.58	1.64	1.00
309	0.12	4.60	1.64	1.00
310	0.19	4.63	1.63	1.00
311	0.25	4.66	1.63	1.00
312	0.32	4.72	1.62	1.00
313	0.38	4.77	1.62	1.00
314	0.47	4.80	1.63	1.00
315	0.57	4.83	1.63	1.00
316	0.65	4.86	1.65	1.00
317	0.73	4.89	1.67	1.00
318	0.79	4.96	1.65	1.00
319	0.84	5.03	1.64	1.00
320	0.91	5.11	1.60	1.00
321	0.98	5.18	1.56	1.00
322	1.04	5.23	1.56	1.00
323	1.11	5.28	1.55	1.00
324	1.17	5.32	1.55	1.00
325	1.24	5.35	1.56	1.00
326	1.31	5.37	1.57	1.00
327	1.38	5.39	1.59	1.00
328	1.44	5.42	1.61	1.00
329	1.50	5.45	1.63	2.00
330	1.56	5.48	1.63	2.00
331	1.62	5.52	1.64	2.00
332	1.67	5.56	1.66	2.00
333	1.72	5.59	1.69	2.00
334	1.79	5.65	1.68	2.00
335	1.86	5.70	1.67	2.00
336	1.95	5.76	1.65	2.00
337	2.05	5.82	1.64	1.00
338	2.15	5.87	1.63	1.00
339	2.24	5.93	1.62	1.00
340	2.33	5.97	1.63	1.00
341	2.42	6.00	1.63	2.00
342	2.48	6.00	1.64	2.00
343	2.54	6.01	1.66	2.00
344	2.57	5.99	1.66	2.00
345	2.61	5.98	1.67	2.00
346	2.62	5.94	1.67	2.00
347	2.64	5.90	1.67	2.00
348	2.85	6.13	1.68	2.00
349	3.06	6.37	1.69	2.00
350	3.13	6.40	1.69	2.00
351	3.21	6.42	1.70	2.00
352	3.30	6.50	1.70	2.00
353	3.39	6.58	1.70	2.00
Target 17 (frames from 279 to 355)
Bounding Boxes (frame, x, y, width, height)
279	-1	155	106	212
280	4	155	105	211
281	9	154	105	210
282	15	154	104	209
283	21	154	104	209
284	27	153	104	208
285	33	153	103	207
286	39	152	103	206
287	46	152	102	205
288	52	152	102	204
289	60	151	101	202
290	67	151	100	200
291	75	150	99	198
292	82	150	98	197
293	89	149	98	196
294	96	149	97	195
295	101	148	98	196
296	107	147	98	196
297	113	147	98	196
298	119	146	98	196
299	126	146	97	195
300	133	146	97	194
301	140	147	96	193
302	147	147	96	192
303	155	148	95	190
304	162	149	94	189
305	169	150	93	187
306	177	151	92	185
307	184	151	92	184
308	191	152	91	182
309	197	153	90	181
310	203	153	90	180
311	209	154	90	180
312	215	155	89	179
313	220	155	89	178
314	225	155	89	178
315	231	155	89	178
316	236	155	88	177
317	241	155	88	177
318	246	154	88	176
319	251	154	88	176
320	256	154	87	175
321	261	153	87	174
322	266	153	87	174
323	271	153	86	173
324	277	152	86	172
325	282	152	85	171
326	287	152	85	170
327	293	152	84	169
328	298	152	84	168
329	304	153	83	166
330	310	153	82	165
331	315	153	81	163
332	321	153	81	162
333	327	153	80	160
334	333	153	79	159
335	338	153	79	158
336	343	153	78	157
337	348	152	78	157
338	352	152	78	156
339	356	151	78	156
340	360	151	78	156
341	364	150	78	156
342	368	149	78	156
343	372	148	78	156
344	375	147	77	155
345	379	147	77	155
346	383	146	77	155
347	387	146	77	154
348	391	145	77	154
349	395	145	76	153
350	398	145	76	153
351	402	144	76	152
352	406	144	76	152
353	409	144	75	151
354	413	144	75	150
355	416	144	75	150
3D Trajetory (frame, x, z, height, pose)
279	-2.16	4.15	1.67	1.00
280	-2.13	4.12	1.65	1.00
281	-2.10	4.08	1.64	1.00
282	-2.07	4.07	1.66	1.00
283	-2.03	4.05	1.68	1.00
284	-2.01	4.04	1.69	1.00
285	-1.98	4.02	1.70	1.00
286	-1.93	4.12	1.70	1.00
287	-1.88	4.23	1.69	1.00
288	-1.84	4.28	1.67	1.00
289	-1.81	4.33	1.65	1.00
290	-1.77	4.36	1.67	1.00
291	-1.73	4.39	1.68	4.00
292	-1.69	4.41	1.69	4.00
293	-1.65	4.44	1.70	4.00
294	-1.61	4.44	1.70	4.00
295	-1.56	4.45	1.71	4.00
296	-1.50	4.43	1.71	4.00
297	-1.44	4.40	1.72	3.00
298	-1.39	4.42	1.71	3.00
299	-1.33	4.43	1.71	1.00
300	-1.29	4.45	1.70	1.00
301	-1.25	4.47	1.70	1.00
302	-1.21	4.49	1.70	1.00
303	-1.16	4.50	1.69	1.00
304	-1.11	4.51	1.68	1.00
305	-1.05	4.52	1.67	1.00
306	-1.00	4.52	1.67	1.00
307	-0.95	4.53	1.66	1.00
308	-0.90	4.55	1.65	1.00
309	-0.85	4.58	1.64	1.00
310	-0.79	4.59	1.64	1.00
311	-0.74	4.61	1.64	1.00
312	-0.69	4.61	1.64	1.00
313	-0.64	4.62	1.65	1.00
314	-0.59	4.64	1.65	1.00
315	-0.54	4.65	1.66	1.00
316	-0.49	4.66	1.66	1.00
317	-0.44	4.68	1.65	1.00
318	-0.39	4.70	1.66	1.00
319	-0.34	4.72	1.66	1.00
320	-0.30	4.74	1.66	1.00
321	-0.25	4.75	1.67	1.00
322	-0.20	4.78	1.66	1.00
323	-0.14	4.81	1.65	1.00
324	-0.10	4.82	1.65	1.00
325	-0.05	4.83	1.65	2.00
326	-0.01	4.83	1.66	2.00
327	0.02	4.84	1.67	2.00
328	0.08	4.88	1.66	2.00
329	0.15	4.92	1.64	1.00
330	0.20	4.94	1.64	1.00
331	0.26	4.96	1.64	1.00
332	0.32	5.01	1.63	1.00
333	0.38	5.07	1.63	1.00
334	0.44	5.11	1.63	1.00
335	0.51	5.16	1.63	1.00
336	0.57	5.20	1.64	1.00
337	0.62	5.25	1.65	1.00
338	0.68	5.25	1.66	1.00
339	0.73	5.25	1.67	1.00
340	0.78	5.27	1.68	1.00
341	0.82	5.30	1.69	1.00
342	0.86	5.34	1.70	1.00
343	0.90	5.39	1.71	2.00
344	0.95	5.44	1.71	2.00
345	0.99	5.49	1.72	2.00
346	1.06	5.53	1.73	2.00
347	1.12	5.57	1.75	4.00
348	1.17	5.62	1.75	4.00
349	1.23	5.66	1.76	4.00
350	1.28	5.68	1.76	4.00
351	1.33	5.71	1.77	4.00
352	1.38	5.74	1.78	4.00
353	1.43	5.77	1.78	1.00
354	1.48	5.80	1.79	1.00
355	1.53	5.84	1.79	1.00
Target 18 (frames from 317 to 355)
Bounding Boxes (frame, x, y, width, height)
317	217	157	44	88
318	217	156	44	89
319	216	156	44	89
320	216	155	44	89
321	216	154	44	89
322	215	154	45	90
323	215	153	45	90
324	215	153	45	90
325	214	152	45	90
326	213	152	45	91
327	213	151	45	91
328	212	150	45	91
329	212	150	46	92
330	211	149	46	92
331	210	149	46	92
332	209	148	46	93
333	208	148	46	93
334	206	147	47	94
335	205	147	47	94
336	203	147	47	94
337	202	147	47	94
338	200	147	47	94
339	199	147	47	94
340	197	148	47	94
341	196	148	47	94
342	195	148	47	94
343	193	148	47	94
344	192	148	47	94
345	191	148	47	94
346	190	148	46	93
347	189	149	46	93
348	188	149	46	93
349	187	149	46	93
350	186	150	46	92
351	185	150	46	92
352	184	151	46	92
353	183	151	46	92
354	182	152	45	91
355	181	152	45	91
3D Trajetory (frame, x, z, height, pose)
317	-2.00	10.92	1.90	4.00
318	-1.99	10.90	1.91	4.00
319	-1.99	10.88	1.92	2.00
320	-1.99	10.87	1.93	2.00
321	-1.99	10.86	1.94	2.00
322	-1.99	10.86	1.95	2.00
323	-2.00	10.85	1.95	3.00
324	-2.01	10.85	1.95	3.00
325	-2.02	10.85	1.95	3.00
326	-2.03	10.85	1.95	3.00
327	-2.04	10.84	1.95	2.00
328	-2.05	10.84	1.96	2.00
329	-2.06	10.84	1.96	2.00
330	-2.07	10.83	1.97	2.00
331	-2.07	10.81	1.98	2.00
332	-2.08	10.79	2.00	2.00
333	-2.08	10.77	2.01	3.00
334	-2.11	10.77	2.01	3.00
335	-2.14	10.77	2.01	3.00
336	-2.16	10.78	2.01	3.00
337	-2.18	10.78	2.02	3.00
338	-2.21	10.78	2.01	3.00
339	-2.24	10.78	2.01	3.00
340	-2.27	10.78	2.01	3.00
341	-2.30	10.79	2.01	3.00
342	-2.31	10.79	2.01	3.00
343	-2.33	10.79	2.01	2.00
344	-2.35	10.79	2.01	2.00
345	-2.37	10.79	2.01	2.00
346	-2.39	10.79	2.00	2.00
347	-2.42	10.79	1.99	2.00
348	-2.45	10.81	1.99	2.00
349	-2.49	10.83	1.98	2.00
350	-2.50	10.84	1.98	2.00
351	-2.52	10.85	1.97	2.00
352	-2.53	10.86	1.97	2.00
353	-2.55	10.87	1.97	2.00
354	-2.56	10.90	1.97	2.00
355	-2.57	10.93	1.97	2.00
