Total frames 361
Number of Targets 25
Target 1 (frames from 1 to 87)
Bounding Boxes (frame, x, y, width, height)
1	423	210	51	102
2	424	210	51	102
3	425	211	51	103
4	427	211	52	104
5	428	211	52	104
6	429	211	52	105
7	430	211	52	105
8	431	211	53	106
9	433	211	53	107
10	434	211	53	107
11	435	211	53	107
12	436	211	53	107
13	438	211	54	108
14	439	211	54	108
15	440	210	54	109
16	441	210	54	109
17	442	210	55	110
18	442	209	55	111
19	443	209	55	111
20	444	209	56	112
21	445	209	56	112
22	446	209	56	113
23	447	209	56	113
24	448	208	57	114
25	449	208	57	115
26	450	208	58	116
27	452	208	58	116
28	453	208	58	117
29	454	208	59	118
30	455	207	59	118
31	457	207	59	119
32	458	207	60	120
33	459	207	60	120
34	461	207	60	121
35	462	207	60	121
36	463	207	61	122
37	464	207	61	122
38	466	207	61	122
39	468	208	61	122
40	470	208	60	121
41	472	209	60	121
42	475	210	60	120
43	477	211	59	119
44	480	212	59	118
45	482	213	58	117
46	484	213	58	116
47	487	213	58	116
48	489	213	58	116
49	491	212	58	116
50	493	211	59	118
51	495	210	59	119
52	496	209	60	121
53	497	207	61	123
54	498	205	63	126
55	499	203	64	128
56	500	202	65	130
57	501	200	66	132
58	503	199	66	133
59	504	199	66	133
60	506	199	67	134
61	508	199	67	134
62	510	200	67	134
63	513	200	66	133
64	515	201	66	133
65	518	201	66	133
66	521	201	66	133
67	524	202	66	133
68	527	202	66	133
69	530	202	67	134
70	533	202	67	134
71	536	203	67	134
72	539	203	67	134
73	542	203	67	134
74	545	203	67	135
75	548	203	68	136
76	550	202	68	136
77	553	201	69	138
78	556	201	69	139
79	559	200	70	140
80	562	200	70	141
81	566	199	71	142
82	569	199	71	143
83	573	198	72	144
84	577	197	73	146
85	580	197	73	147
86	584	196	74	149
87	588	195	75	151
3D Trajetory (frame, x, z, height, pose)
1	0.86	7.90	1.60	3.00
2	0.84	7.59	1.57	4.00
3	0.83	7.39	1.55	3.00
4	0.85	7.40	1.56	3.00
5	0.88	7.32	1.55	3.00
6	0.91	7.29	1.54	1.00
7	0.93	7.28	1.53	1.00
8	0.97	7.28	1.53	1.00
9	1.00	7.27	1.54	1.00
10	1.04	7.23	1.55	1.00
11	1.07	7.22	1.57	1.00
12	1.11	7.22	1.58	1.00
13	1.15	7.20	1.58	1.00
14	1.17	7.19	1.60	1.00
15	1.20	7.20	1.59	4.00
16	1.24	7.21	1.58	4.00
17	1.27	7.21	1.59	4.00
18	1.30	7.22	1.59	4.00
19	1.32	7.24	1.59	4.00
20	1.36	7.20	1.62	4.00
21	1.39	7.16	1.64	4.00
22	1.41	7.13	1.64	4.00
23	1.44	7.11	1.66	4.00
24	1.46	7.11	1.65	4.00
25	1.47	7.08	1.66	2.00
26	1.49	7.05	1.65	2.00
27	1.53	7.00	1.63	4.00
28	1.58	6.97	1.63	4.00
29	1.61	6.95	1.65	4.00
30	1.63	6.91	1.69	4.00
31	1.66	6.90	1.67	4.00
32	1.68	6.89	1.69	4.00
33	1.70	6.85	1.69	4.00
34	1.72	6.84	1.69	4.00
35	1.73	6.83	1.68	4.00
36	1.77	6.81	1.69	4.00
37	1.80	6.81	1.68	1.00
38	1.84	6.80	1.68	1.00
39	1.86	6.78	1.67	1.00
40	1.89	6.77	1.66	1.00
41	1.93	6.74	1.65	1.00
42	1.97	6.72	1.67	1.00
43	2.00	6.71	1.68	1.00
44	2.05	6.71	1.67	1.00
45	2.13	6.80	1.64	1.00
46	2.19	6.87	1.62	1.00
47	2.25	6.89	1.62	1.00
48	2.31	6.95	1.62	2.00
49	2.34	6.98	1.61	2.00
50	2.38	6.96	1.63	1.00
51	2.42	6.95	1.67	3.00
52	2.45	6.93	1.71	3.00
53	2.50	6.90	1.76	3.00
54	2.51	6.86	1.80	3.00
55	2.53	6.80	1.82	3.00
56	2.53	6.74	1.83	3.00
57	2.53	6.68	1.84	3.00
58	2.54	6.66	1.84	3.00
59	2.58	6.67	1.83	3.00
60	2.59	6.65	1.85	3.00
61	2.64	6.66	1.82	4.00
62	2.69	6.66	1.82	4.00
63	2.71	6.58	1.82	4.00
64	2.75	6.56	1.81	4.00
65	2.80	6.54	1.81	4.00
66	2.83	6.53	1.80	3.00
67	2.87	6.51	1.80	3.00
68	2.91	6.49	1.80	3.00
69	2.95	6.46	1.80	3.00
70	2.97	6.42	1.79	3.00
71	3.00	6.40	1.80	3.00
72	3.03	6.38	1.80	3.00
73	3.07	6.35	1.80	3.00
74	3.10	6.32	1.80	3.00
75	3.16	6.30	1.79	3.00
76	3.20	6.28	1.79	3.00
77	3.24	6.26	1.78	3.00
78	3.23	6.23	1.78	4.00
79	3.25	6.20	1.80	4.00
80	3.25	6.15	1.84	2.00
81	3.29	6.11	1.86	2.00
82	3.32	6.06	1.86	3.00
83	3.35	5.99	1.86	3.00
84	3.38	5.95	1.86	1.00
85	3.42	5.92	1.84	1.00
86	3.48	5.89	1.82	1.00
87	3.51	5.81	1.84	1.00
Target 2 (frames from 1 to 24)
Bounding Boxes (frame, x, y, width, height)
1	748	194	69	139
2	743	195	69	139
3	739	196	69	138
4	735	196	69	138
5	730	197	69	138
6	726	197	69	138
7	722	197	69	138
8	718	197	69	138
9	714	197	69	138
10	711	198	69	138
11	707	197	70	140
12	703	196	70	140
13	700	195	71	142
14	696	194	71	143
15	693	194	72	144
16	689	195	72	144
17	685	195	71	143
18	681	196	71	143
19	678	198	70	141
20	673	199	70	140
21	669	201	69	138
22	665	203	68	136
23	661	206	67	134
24	657	208	65	131
3D Trajetory (frame, x, z, height, pose)
1	4.40	5.68	1.63	3.00
2	4.42	5.72	1.61	3.00
3	4.38	5.68	1.63	3.00
4	4.31	5.66	1.63	3.00
5	4.30	5.74	1.55	3.00
6	4.27	5.76	1.55	3.00
7	4.23	5.76	1.54	3.00
8	4.21	5.78	1.54	3.00
9	4.15	5.74	1.58	3.00
10	4.10	5.71	1.59	3.00
11	4.07	5.67	1.62	3.00
12	4.03	5.65	1.66	3.00
13	4.01	5.64	1.69	3.00
14	3.97	5.59	1.70	3.00
15	3.97	5.58	1.66	3.00
16	3.93	5.59	1.62	3.00
17	3.89	5.57	1.62	3.00
18	3.86	5.57	1.62	3.00
19	3.82	5.56	1.63	3.00
20	3.78	5.59	1.57	3.00
21	3.75	5.59	1.60	3.00
22	3.70	5.59	1.59	3.00
23	3.67	5.60	1.56	3.00
24	3.64	5.61	1.53	3.00
Target 3 (frames from 1 to 87)
Bounding Boxes (frame, x, y, width, height)
1	377	206	53	107
2	377	207	53	107
3	376	208	53	106
4	376	208	53	106
5	376	209	52	105
6	376	209	52	105
7	376	210	52	105
8	376	210	52	105
9	376	210	52	105
10	376	210	52	105
11	376	210	53	106
12	376	210	53	106
13	376	210	53	107
14	377	209	53	107
15	377	209	53	107
16	378	209	54	108
17	378	209	54	108
18	379	209	54	108
19	380	209	54	109
20	381	210	54	109
21	382	210	54	109
22	384	211	54	108
23	385	211	54	108
24	386	212	54	108
25	388	212	54	108
26	389	213	54	109
27	391	213	54	109
28	392	213	54	109
29	393	213	55	110
30	394	212	55	111
31	396	212	55	111
32	397	212	56	112
33	398	212	56	113
34	400	211	56	113
35	401	210	57	115
36	403	210	58	116
37	404	209	58	117
38	406	208	59	118
39	407	208	59	119
40	409	208	60	120
41	411	207	60	120
42	412	207	60	121
43	414	207	60	121
44	416	207	61	122
45	418	207	61	123
46	420	208	61	123
47	423	208	61	123
48	425	209	61	123
49	427	209	62	124
50	430	209	62	124
51	432	209	62	124
52	435	210	62	124
53	437	209	62	124
54	440	209	62	124
55	442	209	62	125
56	444	209	62	125
57	446	208	62	125
58	448	208	62	125
59	450	207	63	126
60	452	207	63	126
61	454	206	63	127
62	455	206	64	128
63	457	205	64	129
64	459	205	65	130
65	460	204	65	131
66	462	203	66	133
67	464	202	67	134
68	465	201	67	135
69	467	200	68	137
70	469	199	69	139
71	471	198	70	140
72	474	197	70	141
73	477	197	71	142
74	481	197	71	143
75	485	197	71	143
76	489	198	71	143
77	494	199	71	143
78	499	200	71	142
79	503	200	71	142
80	508	201	71	142
81	512	202	71	142
82	516	202	70	141
83	521	203	70	141
84	526	204	70	140
85	530	205	70	140
86	535	206	69	139
87	540	207	69	138
3D Trajetory (frame, x, z, height, pose)
1	0.14	7.58	1.63	2.00
2	0.14	7.52	1.61	2.00
3	0.13	7.51	1.61	2.00
4	0.13	7.48	1.61	2.00
5	0.13	7.51	1.59	2.00
6	0.13	7.50	1.59	2.00
7	0.14	7.51	1.59	2.00
8	0.15	7.51	1.59	2.00
9	0.18	7.53	1.58	2.00
10	0.20	7.50	1.58	2.00
11	0.22	7.52	1.58	2.00
12	0.25	7.54	1.60	2.00
13	0.27	7.54	1.61	2.00
14	0.28	7.51	1.62	2.00
15	0.30	7.50	1.63	2.00
16	0.33	7.49	1.64	1.00
17	0.36	7.49	1.65	1.00
18	0.38	7.48	1.65	1.00
19	0.40	7.46	1.63	1.00
20	0.45	7.44	1.62	1.00
21	0.48	7.44	1.61	1.00
22	0.52	7.41	1.60	1.00
23	0.55	7.39	1.60	1.00
24	0.58	7.39	1.62	1.00
25	0.62	7.35	1.62	1.00
26	0.65	7.33	1.61	2.00
27	0.68	7.31	1.61	2.00
28	0.71	7.29	1.58	2.00
29	0.74	7.28	1.61	2.00
30	0.76	7.25	1.63	2.00
31	0.79	7.22	1.63	2.00
32	0.82	7.22	1.62	2.00
33	0.85	7.19	1.64	1.00
34	0.89	7.16	1.65	1.00
35	0.92	7.13	1.65	2.00
36	0.95	7.11	1.66	2.00
37	0.98	7.09	1.65	2.00
38	1.02	7.06	1.66	2.00
39	1.06	7.05	1.70	2.00
40	1.09	7.01	1.71	2.00
41	1.12	6.99	1.71	2.00
42	1.15	6.96	1.72	2.00
43	1.19	6.93	1.73	2.00
44	1.21	6.88	1.70	1.00
45	1.25	6.85	1.70	1.00
46	1.29	6.83	1.68	1.00
47	1.32	6.80	1.67	1.00
48	1.35	6.76	1.67	1.00
49	1.39	6.69	1.67	1.00
50	1.41	6.45	1.66	1.00
51	1.46	6.52	1.66	1.00
52	1.52	6.56	1.66	1.00
53	1.58	6.73	1.68	1.00
54	1.61	6.68	1.68	1.00
55	1.66	6.70	1.69	1.00
56	1.71	6.74	1.71	1.00
57	1.75	6.78	1.72	1.00
58	1.78	6.75	1.72	1.00
59	1.81	6.70	1.72	1.00
60	1.83	6.66	1.73	1.00
61	1.87	6.65	1.74	1.00
62	1.89	6.60	1.74	1.00
63	1.93	6.58	1.75	3.00
64	1.97	6.59	1.75	3.00
65	1.99	6.56	1.76	3.00
66	2.01	6.53	1.77	3.00
67	2.03	6.52	1.77	3.00
68	2.06	6.48	1.79	1.00
69	2.08	6.47	1.81	1.00
70	2.11	6.44	1.84	1.00
71	2.13	6.41	1.85	3.00
72	2.16	6.39	1.86	3.00
73	2.21	6.34	1.86	3.00
74	2.25	6.30	1.87	3.00
75	2.29	6.26	1.87	3.00
76	2.32	6.22	1.87	3.00
77	2.38	6.18	1.85	3.00
78	2.43	6.10	1.78	3.00
79	2.48	6.08	1.75	3.00
80	2.53	6.05	1.75	3.00
81	2.60	6.03	1.75	1.00
82	2.64	5.99	1.75	1.00
83	2.69	5.96	1.74	1.00
84	2.72	5.95	1.74	1.00
85	2.76	5.92	1.76	1.00
86	2.79	5.92	1.75	1.00
87	2.82	5.94	1.72	1.00
Target 4 (frames from 1 to 152)
Bounding Boxes (frame, x, y, width, height)
1	161	191	64	129
2	161	194	62	125
3	161	196	61	122
4	161	199	60	120
5	162	201	58	117
6	162	203	57	115
7	163	205	56	113
8	164	206	56	112
9	165	207	55	110
10	166	208	54	109
11	167	209	54	109
12	168	208	55	110
13	169	208	55	110
14	170	209	54	109
15	172	209	54	109
16	173	209	54	109
17	175	209	54	108
18	177	210	54	108
19	179	210	54	108
20	180	210	54	108
21	181	210	54	108
22	183	210	54	108
23	184	209	54	109
24	185	209	55	110
25	185	208	55	110
26	186	208	55	111
27	187	207	55	111
28	187	207	56	112
29	187	206	56	113
30	188	206	56	113
31	189	206	56	113
32	189	206	57	114
33	190	205	57	114
34	191	205	57	114
35	192	205	57	114
36	193	205	57	114
37	195	205	57	114
38	196	205	57	114
39	198	205	57	115
40	200	205	57	115
41	202	205	57	115
42	204	205	57	115
43	205	205	57	115
44	207	206	58	116
45	209	206	58	116
46	210	206	58	117
47	211	205	59	118
48	213	205	59	119
49	214	205	60	120
50	215	204	60	121
51	216	204	61	122
52	217	203	61	123
53	218	203	62	124
54	220	202	62	125
55	221	202	63	126
56	223	202	63	126
57	225	202	63	127
58	227	202	63	127
59	229	202	63	127
60	231	202	64	128
61	233	201	64	128
62	235	201	64	129
63	237	201	65	130
64	239	200	65	131
65	241	200	65	131
66	243	200	66	132
67	245	200	66	132
68	248	199	66	133
69	250	199	67	134
70	253	199	67	134
71	256	199	67	135
72	259	199	67	135
73	261	199	68	136
74	264	199	68	137
75	267	199	69	138
76	270	199	69	139
77	274	199	70	140
78	277	198	70	141
79	280	198	71	142
80	283	198	71	143
81	286	199	71	143
82	290	199	71	143
83	293	200	71	143
84	297	201	71	143
85	300	202	71	142
86	304	203	71	143
87	307	203	71	143
88	311	203	71	143
89	315	203	72	144
90	318	203	72	145
91	321	202	73	146
92	324	202	73	147
93	328	201	74	149
94	331	201	75	150
95	335	200	76	152
96	339	200	76	153
97	342	200	76	153
98	346	200	77	154
99	350	201	77	154
100	354	202	77	154
101	359	202	77	154
102	363	203	77	154
103	367	203	77	154
104	371	203	77	155
105	375	203	77	155
106	379	203	78	156
107	382	203	78	156
108	386	203	78	156
109	390	203	78	157
110	393	203	78	157
111	397	204	78	157
112	401	204	78	157
113	405	204	78	157
114	409	204	78	157
115	413	204	79	158
116	416	203	79	158
117	420	203	79	159
118	423	203	79	159
119	427	203	79	159
120	431	203	79	159
121	434	203	79	159
122	438	203	79	158
123	443	204	79	158
124	447	204	78	156
125	452	205	77	155
126	457	205	76	153
127	462	206	76	152
128	467	206	75	150
129	472	206	74	149
130	477	206	74	148
131	481	204	74	148
132	485	203	74	148
133	489	201	74	149
134	493	200	75	150
135	497	198	75	150
136	500	197	75	151
137	504	196	75	151
138	507	195	76	152
139	511	194	76	153
140	516	193	76	153
141	520	192	77	154
142	524	190	77	155
143	529	189	78	156
144	533	188	78	156
145	538	187	78	157
146	542	186	79	158
147	547	185	79	159
148	551	184	79	159
149	556	183	80	160
150	561	183	80	161
151	565	182	81	162
152	570	181	81	163
3D Trajetory (frame, x, z, height, pose)
1	-2.77	6.90	1.81	1.00
2	-2.77	6.87	1.81	1.00
3	-2.83	6.99	1.69	1.00
4	-2.87	7.11	1.64	1.00
5	-2.89	7.14	1.62	1.00
6	-2.88	7.18	1.62	1.00
7	-2.88	7.24	1.60	2.00
8	-2.88	7.27	1.61	2.00
9	-2.87	7.28	1.60	2.00
10	-2.87	7.33	1.61	2.00
11	-2.85	7.36	1.61	4.00
12	-2.82	7.40	1.63	2.00
13	-2.78	7.43	1.65	1.00
14	-2.76	7.45	1.63	1.00
15	-2.72	7.48	1.62	1.00
16	-2.69	7.50	1.61	1.00
17	-2.66	7.54	1.62	1.00
18	-2.63	7.57	1.63	1.00
19	-2.60	7.59	1.63	1.00
20	-2.57	7.62	1.61	1.00
21	-2.54	7.66	1.61	2.00
22	-2.51	7.68	1.63	2.00
23	-2.49	7.71	1.66	2.00
24	-2.46	7.74	1.68	2.00
25	-2.43	7.77	1.70	2.00
26	-2.41	7.79	1.70	2.00
27	-2.39	7.81	1.71	2.00
28	-2.39	7.82	1.74	1.00
29	-2.37	7.85	1.75	1.00
30	-2.36	7.88	1.77	3.00
31	-2.35	7.90	1.77	3.00
32	-2.33	7.92	1.76	2.00
33	-2.31	7.93	1.76	2.00
34	-2.28	7.94	1.77	2.00
35	-2.25	7.96	1.78	2.00
36	-2.21	7.97	1.79	2.00
37	-2.19	8.01	1.78	2.00
38	-2.16	8.02	1.80	2.00
39	-2.13	8.03	1.82	1.00
40	-2.09	8.05	1.81	1.00
41	-2.05	8.04	1.81	1.00
42	-2.00	8.03	1.81	1.00
43	-1.95	7.99	1.81	1.00
44	-1.88	7.92	1.80	1.00
45	-1.83	7.92	1.80	1.00
46	-1.77	7.85	1.78	2.00
47	-1.73	7.78	1.77	2.00
48	-1.68	7.69	1.78	2.00
49	-1.63	7.64	1.78	2.00
50	-1.61	7.59	1.79	2.00
51	-1.57	7.56	1.80	1.00
52	-1.54	7.52	1.82	1.00
53	-1.49	7.48	1.83	1.00
54	-1.45	7.46	1.83	1.00
55	-1.41	7.44	1.83	1.00
56	-1.36	7.42	1.84	1.00
57	-1.32	7.40	1.84	1.00
58	-1.28	7.38	1.84	1.00
59	-1.23	7.36	1.83	1.00
60	-1.20	7.34	1.82	1.00
61	-1.16	7.31	1.81	2.00
62	-1.12	7.29	1.82	2.00
63	-1.09	7.27	1.82	2.00
64	-1.04	7.24	1.84	2.00
65	-0.98	7.20	1.87	1.00
66	-0.93	7.16	1.86	1.00
67	-0.89	7.13	1.88	1.00
68	-0.84	7.10	1.87	1.00
69	-0.82	7.07	1.86	1.00
70	-0.78	7.03	1.86	1.00
71	-0.72	7.01	1.84	1.00
72	-0.68	7.00	1.83	1.00
73	-0.62	6.95	1.83	1.00
74	-0.57	6.91	1.83	1.00
75	-0.52	6.84	1.84	1.00
76	-0.48	6.77	1.86	1.00
77	-0.43	6.70	1.86	1.00
78	-0.37	6.64	1.84	1.00
79	-0.33	6.58	1.85	1.00
80	-0.28	6.52	1.85	1.00
81	-0.23	6.46	1.84	1.00
82	-0.19	6.42	1.82	1.00
83	-0.15	6.37	1.81	1.00
84	-0.09	6.33	1.80	1.00
85	-0.05	6.29	1.78	1.00
86	-0.02	6.27	1.76	1.00
87	0.02	6.23	1.74	1.00
88	0.08	6.21	1.72	3.00
89	0.12	6.16	1.74	1.00
90	0.17	6.09	1.75	1.00
91	0.22	6.05	1.77	1.00
92	0.26	5.99	1.77	1.00
93	0.29	5.94	1.78	3.00
94	0.32	5.90	1.78	3.00
95	0.36	5.84	1.76	3.00
96	0.40	5.79	1.76	3.00
97	0.45	5.75	1.75	1.00
98	0.47	5.69	1.79	1.00
99	0.52	5.67	1.75	1.00
100	0.58	5.65	1.74	1.00
101	0.64	5.63	1.74	1.00
102	0.68	5.60	1.74	1.00
103	0.71	5.57	1.72	1.00
104	0.74	5.54	1.71	1.00
105	0.77	5.50	1.70	1.00
106	0.81	5.49	1.72	1.00
107	0.85	5.44	1.71	1.00
108	0.90	5.40	1.71	1.00
109	0.93	5.37	1.70	1.00
110	0.96	5.33	1.70	1.00
111	0.98	5.29	1.70	1.00
112	1.02	5.27	1.70	1.00
113	1.07	5.23	1.68	1.00
114	1.11	5.24	1.67	1.00
115	1.16	5.26	1.67	1.00
116	1.20	5.25	1.66	3.00
117	1.25	5.25	1.67	3.00
118	1.28	5.25	1.67	1.00
119	1.31	5.22	1.69	1.00
120	1.34	5.21	1.70	1.00
121	1.38	5.19	1.72	1.00
122	1.42	5.17	1.73	3.00
123	1.46	5.18	1.71	3.00
124	1.51	5.20	1.69	3.00
125	1.59	5.30	1.67	3.00
126	1.67	5.37	1.66	3.00
127	1.73	5.45	1.67	3.00
128	1.82	5.52	1.69	3.00
129	1.94	5.64	1.69	1.00
130	2.01	5.69	1.71	1.00
131	2.07	5.73	1.75	1.00
132	2.14	5.79	1.77	4.00
133	2.20	5.83	1.78	4.00
134	2.26	5.87	1.81	4.00
135	2.32	5.90	1.84	4.00
136	2.36	5.94	1.88	3.00
137	2.44	5.98	1.91	3.00
138	2.51	6.01	1.92	3.00
139	2.56	6.04	1.91	3.00
140	2.61	6.05	1.92	3.00
141	2.69	6.08	1.93	3.00
142	2.76	6.07	1.93	3.00
143	2.82	6.08	1.94	3.00
144	2.90	6.10	1.98	3.00
145	2.97	6.10	2.01	3.00
146	3.03	6.11	2.03	3.00
147	3.09	6.11	2.06	3.00
148	3.15	6.11	2.06	3.00
149	3.18	6.11	2.09	1.00
150	3.24	6.10	2.09	1.00
151	3.37	6.16	2.06	1.00
152	3.42	6.15	2.06	1.00
Target 5 (frames from 7 to 34)
Bounding Boxes (frame, x, y, width, height)
7	131	214	46	93
8	127	214	46	93
9	124	214	47	94
10	120	214	47	94
11	116	214	47	94
12	112	214	47	94
13	109	215	47	94
14	105	215	47	94
15	101	215	47	94
16	97	216	47	94
17	93	217	47	94
18	90	218	46	93
19	86	219	46	93
20	82	219	46	92
21	78	220	46	92
22	75	221	45	91
23	71	222	45	91
24	68	222	45	91
25	64	222	45	91
26	61	222	46	92
27	57	222	46	92
28	54	222	46	92
29	51	222	46	93
30	48	221	47	94
31	45	221	47	95
32	42	220	47	95
33	39	219	48	96
34	36	218	49	98
3D Trajetory (frame, x, z, height, pose)
7	-4.10	8.63	1.60	1.00
8	-4.12	8.59	1.58	1.00
9	-4.15	8.62	1.60	1.00
10	-4.18	8.63	1.60	3.00
11	-4.20	8.59	1.60	3.00
12	-4.23	8.56	1.62	3.00
13	-4.27	8.53	1.62	2.00
14	-4.30	8.52	1.61	3.00
15	-4.33	8.51	1.60	2.00
16	-4.36	8.50	1.60	1.00
17	-4.39	8.47	1.59	1.00
18	-4.43	8.47	1.55	1.00
19	-4.47	8.45	1.53	1.00
20	-4.50	8.42	1.50	1.00
21	-4.54	8.44	1.50	3.00
22	-4.57	8.43	1.48	3.00
23	-4.60	8.43	1.50	3.00
24	-4.64	8.43	1.51	3.00
25	-4.67	8.42	1.52	3.00
26	-4.72	8.43	1.51	3.00
27	-4.76	8.45	1.53	3.00
28	-4.79	8.47	1.52	2.00
29	-4.82	8.48	1.53	2.00
30	-4.84	8.49	1.55	2.00
31	-4.88	8.48	1.57	2.00
32	-4.91	8.47	1.58	2.00
33	-4.94	8.48	1.57	2.00
34	-4.97	8.49	1.56	2.00
Target 6 (frames from 61 to 92)
Bounding Boxes (frame, x, y, width, height)
61	-7	223	45	91
62	-6	224	44	89
63	-5	224	44	88
64	-4	225	44	88
65	-2	225	43	87
66	-1	225	43	86
67	1	225	43	86
68	3	225	43	86
69	5	225	43	86
70	7	225	43	86
71	9	224	43	86
72	12	224	43	87
73	14	223	44	88
74	16	222	44	89
75	19	221	45	91
76	21	220	46	92
77	23	220	46	93
78	26	219	47	94
79	29	218	47	95
80	31	218	47	95
81	34	217	47	95
82	37	217	47	95
83	39	217	47	95
84	42	217	47	95
85	44	217	47	95
86	47	217	47	95
87	49	217	47	95
88	51	217	47	95
89	53	217	47	95
90	55	217	47	95
91	57	218	47	94
92	59	218	47	94
3D Trajetory (frame, x, z, height, pose)
61	-5.93	9.75	1.56	1.00
62	-5.87	9.66	1.62	2.00
63	-5.87	9.69	1.63	2.00
64	-5.86	9.73	1.67	2.00
65	-5.86	9.78	1.61	1.00
66	-5.95	10.02	1.60	1.00
67	-5.97	10.14	1.61	1.00
68	-5.98	10.22	1.62	1.00
69	-5.96	10.25	1.61	1.00
70	-5.99	10.37	1.61	1.00
71	-5.92	10.34	1.61	1.00
72	-5.82	10.25	1.63	1.00
73	-5.69	10.12	1.65	1.00
74	-5.58	10.04	1.68	1.00
75	-5.48	9.94	1.72	1.00
76	-5.41	9.89	1.74	3.00
77	-5.36	9.91	1.76	3.00
78	-5.32	9.94	1.75	2.00
79	-5.29	9.98	1.74	4.00
80	-5.26	10.01	1.76	2.00
81	-5.24	10.04	1.80	2.00
82	-5.20	10.06	1.79	2.00
83	-5.17	10.11	1.79	2.00
84	-5.14	10.15	1.79	1.00
85	-5.11	10.19	1.78	1.00
86	-5.07	10.21	1.79	1.00
87	-5.05	10.22	1.78	1.00
88	-5.02	10.23	1.82	1.00
89	-4.97	10.24	1.85	1.00
90	-4.96	10.26	1.82	4.00
91	-4.93	10.26	1.82	4.00
92	-4.91	10.28	1.81	4.00
Target 7 (frames from 77 to 133)
Bounding Boxes (frame, x, y, width, height)
77	-7	223	41	82
78	-6	223	41	83
79	-4	223	41	83
80	-3	223	41	83
81	-1	222	41	83
82	1	222	42	84
83	2	222	42	84
84	4	221	42	84
85	6	221	42	84
86	8	221	42	84
87	10	221	42	84
88	12	221	42	85
89	14	221	42	85
90	16	220	42	85
91	18	220	42	85
92	20	220	42	85
93	23	219	43	86
94	25	219	43	86
95	27	219	43	86
96	30	218	43	86
97	33	218	43	87
98	35	218	43	87
99	38	218	43	87
100	41	218	43	87
101	43	218	43	87
102	45	218	43	87
103	48	218	44	88
104	50	218	44	88
105	52	218	44	88
106	55	218	44	88
107	57	218	43	87
108	59	218	43	87
109	61	218	44	88
110	62	218	44	88
111	64	217	44	88
112	66	217	44	89
113	68	216	44	89
114	70	215	45	90
115	71	215	45	91
116	73	214	45	91
117	75	214	46	92
118	77	213	46	93
119	79	213	47	94
120	81	212	47	95
121	83	212	47	95
122	86	212	47	95
123	88	213	47	95
124	91	213	47	95
125	94	214	47	95
126	96	214	47	94
127	99	215	47	94
128	101	216	46	93
129	104	217	46	93
130	106	218	46	92
131	109	219	45	91
132	111	220	45	90
133	114	221	44	89
3D Trajetory (frame, x, z, height, pose)
77	-6.70	11.26	1.69	1.00
78	-6.70	11.28	1.72	1.00
79	-6.72	11.32	1.74	1.00
80	-6.72	11.34	1.76	1.00
81	-6.71	11.36	1.77	1.00
82	-6.65	11.44	1.77	1.00
83	-6.63	11.46	1.78	1.00
84	-6.60	11.45	1.79	1.00
85	-6.57	11.49	1.79	1.00
86	-6.53	11.51	1.79	1.00
87	-6.51	11.53	1.80	1.00
88	-6.49	11.54	1.81	2.00
89	-6.44	11.54	1.81	2.00
90	-6.41	11.54	1.81	2.00
91	-6.39	11.56	1.82	2.00
92	-6.35	11.56	1.84	1.00
93	-6.31	11.58	1.84	1.00
94	-6.26	11.58	1.85	1.00
95	-6.23	11.61	1.85	1.00
96	-6.19	11.64	1.86	1.00
97	-6.14	11.64	1.87	1.00
98	-6.09	11.61	1.90	1.00
99	-6.02	11.58	1.91	1.00
100	-5.99	11.60	1.90	1.00
101	-5.93	11.57	1.87	4.00
102	-5.89	11.58	1.88	4.00
103	-5.83	11.56	1.87	4.00
104	-5.78	11.56	1.89	1.00
105	-5.75	11.56	1.89	1.00
106	-5.70	11.55	1.89	1.00
107	-5.67	11.55	1.91	1.00
108	-5.62	11.54	1.92	1.00
109	-5.57	11.54	1.93	2.00
110	-5.52	11.54	1.91	2.00
111	-5.47	11.53	1.91	2.00
112	-5.42	11.50	1.89	2.00
113	-5.39	11.48	1.90	2.00
114	-5.36	11.45	1.92	2.00
115	-5.31	11.40	1.93	2.00
116	-5.24	11.37	1.95	2.00
117	-5.15	11.30	1.98	2.00
118	-5.07	11.24	2.00	2.00
119	-4.99	11.16	1.99	2.00
120	-4.93	11.12	1.99	2.00
121	-4.86	11.07	1.98	1.00
122	-4.79	11.01	1.98	1.00
123	-4.74	11.00	1.98	1.00
124	-4.66	10.95	1.97	2.00
125	-4.59	10.93	1.96	2.00
126	-4.51	10.85	1.92	2.00
127	-4.44	10.78	1.90	2.00
128	-4.38	10.76	1.88	2.00
129	-4.31	10.71	1.86	2.00
130	-4.25	10.67	1.84	2.00
131	-4.20	10.61	1.81	2.00
132	-4.14	10.56	1.82	2.00
133	-4.08	10.52	1.82	2.00
Target 8 (frames from 82 to 98)
Bounding Boxes (frame, x, y, width, height)
82	425	212	59	118
83	425	214	58	117
84	425	216	58	116
85	425	218	57	114
86	424	219	56	113
87	423	220	56	112
88	422	221	55	111
89	421	222	55	110
90	419	223	55	110
91	417	224	54	109
92	415	224	54	109
93	413	225	54	108
94	411	225	54	108
95	408	225	54	108
96	405	225	54	108
97	402	225	54	108
98	398	225	54	108
3D Trajetory (frame, x, z, height, pose)
82	1.62	7.19	1.71	3.00
83	1.59	7.08	1.71	3.00
84	1.62	7.01	1.68	3.00
85	1.62	7.01	1.65	3.00
86	1.60	7.04	1.61	3.00
87	1.58	7.04	1.59	3.00
88	1.57	7.03	1.59	3.00
89	1.54	7.04	1.55	3.00
90	1.49	7.07	1.56	3.00
91	1.45	7.07	1.57	3.00
92	1.43	7.05	1.58	3.00
93	1.38	7.04	1.57	3.00
94	1.35	7.06	1.55	3.00
95	1.33	7.07	1.54	3.00
96	1.30	7.09	1.54	3.00
97	1.25	7.10	1.53	3.00
98	1.21	7.10	1.54	3.00
Target 9 (frames from 78 to 142)
Bounding Boxes (frame, x, y, width, height)
78	19	218	62	125
79	20	218	62	124
80	22	219	61	123
81	24	220	61	122
82	26	220	60	121
83	28	221	59	119
84	30	222	59	118
85	33	223	58	117
86	35	223	58	116
87	37	224	57	114
88	40	225	56	113
89	42	226	55	111
90	45	227	54	109
91	48	228	54	108
92	50	229	53	106
93	53	229	52	105
94	56	230	52	104
95	58	229	51	103
96	61	229	51	103
97	64	229	51	102
98	67	229	50	101
99	71	229	50	100
100	74	228	50	100
101	77	228	50	100
102	79	227	49	99
103	82	227	49	99
104	85	226	50	100
105	88	225	50	100
106	90	224	50	100
107	93	223	50	100
108	95	223	50	100
109	97	222	50	101
110	99	222	50	101
111	102	221	50	101
112	104	220	50	101
113	106	220	50	101
114	108	219	50	101
115	110	219	50	101
116	112	218	50	101
117	114	218	50	101
118	117	218	50	101
119	119	217	50	101
120	121	217	50	101
121	123	216	51	102
122	125	216	51	102
123	128	215	51	102
124	130	215	51	102
125	132	215	51	102
126	135	215	51	102
127	137	214	51	103
128	140	214	51	103
129	142	214	51	103
130	144	213	51	103
131	147	213	52	104
132	149	212	52	104
133	151	212	52	105
134	153	211	52	105
135	156	211	53	106
136	158	210	53	106
137	161	209	53	107
138	163	209	54	108
139	166	208	54	109
140	169	207	54	109
141	171	206	55	110
142	174	205	55	111
3D Trajetory (frame, x, z, height, pose)
78	-3.58	6.70	1.52	1.00
79	-3.63	6.82	1.56	1.00
80	-3.63	6.85	1.57	1.00
81	-3.63	6.89	1.58	1.00
82	-3.64	6.95	1.59	1.00
83	-3.63	7.00	1.60	1.00
84	-3.63	7.04	1.58	1.00
85	-3.63	7.08	1.57	1.00
86	-3.62	7.12	1.52	1.00
87	-3.62	7.17	1.49	1.00
88	-3.62	7.22	1.48	1.00
89	-3.63	7.27	1.49	1.00
90	-3.64	7.33	1.50	2.00
91	-3.63	7.36	1.50	2.00
92	-3.62	7.40	1.49	2.00
93	-3.61	7.46	1.48	2.00
94	-3.61	7.55	1.49	2.00
95	-3.61	7.63	1.48	2.00
96	-3.62	7.72	1.48	1.00
97	-3.64	7.83	1.50	1.00
98	-3.69	7.97	1.50	1.00
99	-3.70	8.05	1.50	1.00
100	-3.70	8.12	1.50	1.00
101	-3.68	8.19	1.54	1.00
102	-3.66	8.27	1.57	1.00
103	-3.65	8.35	1.58	1.00
104	-3.64	8.42	1.60	2.00
105	-3.64	8.51	1.60	2.00
106	-3.64	8.58	1.62	2.00
107	-3.64	8.65	1.63	4.00
108	-3.62	8.70	1.63	4.00
109	-3.59	8.69	1.66	4.00
110	-3.57	8.73	1.68	4.00
111	-3.55	8.77	1.68	1.00
112	-3.54	8.82	1.69	1.00
113	-3.53	8.86	1.71	1.00
114	-3.50	8.92	1.70	1.00
115	-3.49	8.97	1.72	1.00
116	-3.48	9.01	1.74	1.00
117	-3.47	9.05	1.76	1.00
118	-3.44	9.12	1.75	2.00
119	-3.42	9.16	1.75	2.00
120	-3.40	9.22	1.75	2.00
121	-3.39	9.26	1.76	2.00
122	-3.35	9.29	1.79	2.00
123	-3.31	9.32	1.82	2.00
124	-3.28	9.36	1.83	4.00
125	-3.25	9.39	1.84	4.00
126	-3.24	9.42	1.88	1.00
127	-3.22	9.46	1.90	1.00
128	-3.19	9.49	1.88	1.00
129	-3.14	9.48	1.85	1.00
130	-3.09	9.49	1.84	1.00
131	-3.03	9.49	1.85	2.00
132	-2.98	9.49	1.86	2.00
133	-2.94	9.47	1.90	2.00
134	-2.91	9.47	1.91	3.00
135	-2.87	9.47	1.95	3.00
136	-2.83	9.48	1.97	3.00
137	-2.79	9.49	1.98	3.00
138	-2.76	9.50	1.98	1.00
139	-2.71	9.49	1.98	1.00
140	-2.66	9.47	1.99	1.00
141	-2.59	9.44	2.00	1.00
142	-2.51	9.43	1.98	1.00
Target 10 (frames from 97 to 119)
Bounding Boxes (frame, x, y, width, height)
97	628	205	78	157
98	634	206	77	155
99	639	207	77	154
100	645	207	76	153
101	650	207	76	153
102	655	208	76	152
103	660	207	76	152
104	665	207	76	152
105	669	207	76	153
106	674	206	76	153
107	678	205	77	155
108	682	203	78	157
109	685	202	79	159
110	689	200	80	161
111	693	200	80	161
112	698	199	81	162
113	702	199	81	162
114	707	199	81	163
115	711	199	81	163
116	716	200	81	163
117	721	200	81	162
118	725	201	81	162
119	730	201	81	162
3D Trajetory (frame, x, z, height, pose)
97	3.45	4.92	1.68	1.00
98	3.45	4.91	1.69	1.00
99	3.62	5.10	1.67	1.00
100	3.72	5.15	1.65	1.00
101	3.77	5.15	1.64	3.00
102	3.81	5.12	1.65	1.00
103	3.86	5.10	1.67	3.00
104	3.89	5.08	1.67	1.00
105	3.96	5.07	1.66	4.00
106	4.00	5.04	1.66	1.00
107	4.04	5.03	1.66	1.00
108	4.07	5.01	1.68	1.00
109	4.08	4.98	1.71	1.00
110	4.10	4.96	1.72	1.00
111	4.14	4.94	1.74	1.00
112	4.17	4.91	1.76	1.00
113	4.20	4.90	1.75	1.00
114	4.23	4.89	1.76	1.00
115	4.26	4.86	1.75	1.00
116	4.31	4.83	1.75	1.00
117	4.37	4.83	1.71	1.00
118	4.43	4.83	1.67	1.00
119	4.49	4.81	1.67	1.00
Target 11 (frames from 98 to 129)
Bounding Boxes (frame, x, y, width, height)
98	579	200	82	165
99	582	201	81	163
100	585	202	81	162
101	589	203	80	160
102	593	204	79	159
103	597	205	79	158
104	601	205	79	158
105	605	206	78	157
106	610	206	78	156
107	614	207	78	156
108	620	207	78	156
109	625	207	78	156
110	631	207	78	156
111	637	207	78	156
112	642	207	78	156
113	648	206	78	157
114	653	206	79	158
115	658	205	79	159
116	663	204	80	161
117	668	203	81	162
118	673	202	81	163
119	678	201	82	164
120	684	201	82	165
121	689	201	83	166
122	694	200	83	167
123	700	200	83	167
124	706	200	84	168
125	711	200	84	168
126	717	200	84	169
127	723	200	84	169
128	729	200	84	169
129	735	201	84	169
3D Trajetory (frame, x, z, height, pose)
98	2.87	4.87	1.69	1.00
99	2.96	5.01	1.70	1.00
100	2.96	4.95	1.72	1.00
101	3.01	5.02	1.68	1.00
102	3.04	5.01	1.69	1.00
103	3.07	5.02	1.69	1.00
104	3.11	4.99	1.70	1.00
105	3.14	4.98	1.71	1.00
106	3.18	4.98	1.69	1.00
107	3.26	4.98	1.64	1.00
108	3.30	4.97	1.65	1.00
109	3.37	4.97	1.63	1.00
110	3.44	4.94	1.61	1.00
111	3.49	4.92	1.62	1.00
112	3.53	4.89	1.64	1.00
113	3.57	4.87	1.63	1.00
114	3.61	4.86	1.64	1.00
115	3.66	4.84	1.68	1.00
116	3.69	4.81	1.70	1.00
117	3.73	4.79	1.69	1.00
118	3.78	4.77	1.67	1.00
119	3.83	4.75	1.67	1.00
120	3.87	4.74	1.69	1.00
121	3.92	4.71	1.70	1.00
122	3.97	4.70	1.70	1.00
123	4.02	4.68	1.70	1.00
124	4.07	4.65	1.70	1.00
125	4.13	4.62	1.70	1.00
126	4.18	4.61	1.69	1.00
127	4.22	4.58	1.70	1.00
128	4.23	4.56	1.70	1.00
129	4.27	4.56	1.69	1.00
Target 12 (frames from 105 to 139)
Bounding Boxes (frame, x, y, width, height)
105	-5	201	66	133
106	-1	203	65	131
107	2	204	64	129
108	6	205	64	128
109	9	206	63	127
110	13	207	62	125
111	16	208	62	124
112	19	209	61	123
113	23	209	61	122
114	26	210	60	121
115	29	210	60	120
116	32	211	59	119
117	35	212	59	118
118	38	212	59	118
119	41	211	59	118
120	43	211	59	118
121	46	210	59	119
122	48	209	59	119
123	50	208	60	120
124	52	207	60	121
125	54	206	61	122
126	56	205	61	123
127	58	204	61	123
128	60	204	62	124
129	62	203	62	125
130	64	202	62	125
131	66	202	62	125
132	69	201	63	126
133	72	201	63	126
134	75	201	63	126
135	78	201	63	126
136	82	201	62	125
137	85	201	62	125
138	89	201	62	125
139	93	202	62	124
3D Trajetory (frame, x, z, height, pose)
105	-4.48	7.71	1.89	1.00
106	-4.41	7.72	1.84	1.00
107	-4.37	7.73	1.85	1.00
108	-4.32	7.73	1.87	1.00
109	-4.28	7.75	1.87	1.00
110	-4.27	7.75	1.85	1.00
111	-4.26	7.80	1.79	1.00
112	-4.24	7.82	1.78	1.00
113	-4.19	7.84	1.78	1.00
114	-4.17	7.87	1.76	1.00
115	-4.13	7.88	1.75	1.00
116	-4.10	7.90	1.76	1.00
117	-4.08	7.93	1.77	1.00
118	-4.04	7.93	1.79	1.00
119	-4.04	8.01	1.77	1.00
120	-4.02	8.08	1.77	1.00
121	-4.00	8.12	1.78	1.00
122	-3.98	8.14	1.79	1.00
123	-3.96	8.17	1.82	1.00
124	-3.94	8.17	1.85	1.00
125	-3.92	8.18	1.88	1.00
126	-3.91	8.20	1.90	1.00
127	-3.87	8.21	1.91	1.00
128	-3.86	8.22	1.93	1.00
129	-3.83	8.24	1.94	1.00
130	-3.80	8.26	1.96	1.00
131	-3.76	8.29	1.98	1.00
132	-3.72	8.33	1.97	1.00
133	-3.71	8.35	1.93	1.00
134	-3.67	8.37	1.94	1.00
135	-3.65	8.40	1.96	1.00
136	-3.61	8.41	1.98	1.00
137	-3.59	8.42	2.00	1.00
138	-3.54	8.43	2.01	1.00
139	-3.36	8.39	1.98	1.00
Target 13 (frames from 111 to 146)
Bounding Boxes (frame, x, y, width, height)
111	356	230	49	99
112	355	229	50	100
113	354	228	50	101
114	353	227	51	102
115	352	226	51	103
116	351	225	52	104
117	349	225	52	105
118	348	225	52	105
119	346	224	53	106
120	344	224	53	106
121	342	225	53	106
122	339	225	53	106
123	337	226	53	106
124	334	226	53	106
125	332	227	53	106
126	329	227	52	105
127	327	228	52	105
128	324	228	52	105
129	321	229	52	105
130	317	229	53	106
131	314	229	53	106
132	311	229	53	106
133	307	229	53	106
134	304	230	53	106
135	301	230	52	105
136	299	231	52	105
137	296	232	52	104
138	293	232	51	103
139	291	233	51	102
140	288	234	51	102
141	286	234	50	101
142	283	235	50	100
143	280	236	49	99
144	278	236	49	98
145	276	237	48	97
146	273	238	48	96
3D Trajetory (frame, x, z, height, pose)
111	0.50	7.42	1.51	3.00
112	0.53	7.56	1.50	3.00
113	0.56	7.57	1.50	3.00
114	0.59	7.52	1.54	3.00
115	0.57	7.50	1.54	3.00
116	0.54	7.48	1.55	3.00
117	0.54	7.46	1.56	3.00
118	0.50	7.42	1.56	3.00
119	0.37	7.45	1.58	3.00
120	0.38	7.42	1.61	3.00
121	0.35	7.38	1.59	3.00
122	0.32	7.38	1.58	3.00
123	0.30	7.38	1.55	3.00
124	0.29	7.38	1.55	3.00
125	0.25	7.33	1.53	3.00
126	0.22	7.31	1.50	3.00
127	0.17	7.27	1.48	3.00
128	0.10	7.25	1.50	3.00
129	0.07	7.21	1.52	3.00
130	0.00	7.19	1.53	3.00
131	-0.03	7.16	1.54	3.00
132	-0.07	7.13	1.50	3.00
133	-0.11	7.12	1.50	3.00
134	-0.17	7.13	1.49	3.00
135	-0.21	7.13	1.49	3.00
136	-0.25	7.10	1.49	3.00
137	-0.30	7.16	1.47	3.00
138	-0.33	7.17	1.45	3.00
139	-0.36	7.19	1.44	3.00
140	-0.40	7.19	1.43	3.00
141	-0.44	7.22	1.41	3.00
142	-0.48	7.23	1.39	3.00
143	-0.53	7.24	1.40	3.00
144	-0.56	7.25	1.43	3.00
145	-0.63	7.30	1.40	3.00
146	-0.67	7.32	1.39	3.00
Target 14 (frames from 151 to 278)
Bounding Boxes (frame, x, y, width, height)
151	128	198	75	151
152	130	198	75	151
153	133	197	75	151
154	135	197	75	151
155	138	196	75	151
156	141	196	75	151
157	144	196	75	151
158	147	195	75	151
159	150	195	75	151
160	153	195	75	151
161	157	195	76	152
162	160	195	76	152
163	164	195	76	152
164	167	195	76	152
165	171	194	76	152
166	175	195	76	152
167	179	195	76	152
168	182	195	75	151
169	186	195	75	151
170	190	195	75	151
171	194	194	75	151
172	198	194	75	151
173	203	194	75	151
174	207	194	75	151
175	211	194	75	151
176	216	195	75	151
177	220	195	75	151
178	224	195	75	151
179	228	194	76	152
180	231	194	76	153
181	235	193	77	154
182	238	192	78	156
183	242	192	78	157
184	245	191	79	159
185	248	191	80	160
186	251	190	81	162
187	255	190	82	164
188	258	189	82	165
189	262	188	83	167
190	266	188	84	169
191	270	187	85	170
192	275	186	86	172
193	279	186	86	173
194	283	186	86	173
195	288	186	87	174
196	292	186	87	174
197	296	187	87	174
198	300	188	87	174
199	305	189	86	173
200	309	190	86	172
201	313	191	85	171
202	318	193	85	170
203	323	194	84	169
204	328	196	84	168
205	333	197	83	167
206	338	198	83	167
207	342	198	83	167
208	347	198	83	167
209	352	197	84	168
210	356	196	85	170
211	361	196	85	171
212	365	195	86	172
213	370	193	87	174
214	374	192	88	176
215	378	191	88	177
216	383	191	89	178
217	387	190	89	179
218	392	190	89	179
219	396	191	89	178
220	401	191	89	178
221	406	192	88	176
222	411	193	87	175
223	415	194	86	173
224	420	195	86	172
225	424	195	85	171
226	428	196	85	170
227	432	195	85	170
228	436	195	85	170
229	440	194	85	170
230	444	194	85	171
231	448	193	85	171
232	452	192	85	171
233	457	192	85	171
234	463	192	85	171
235	468	192	85	170
236	474	192	85	170
237	480	193	84	169
238	486	193	84	168
239	492	193	83	167
240	497	192	83	167
241	503	192	83	167
242	508	191	84	168
243	514	190	84	169
244	519	189	85	170
245	524	188	85	171
246	529	187	86	172
247	534	185	87	174
248	540	184	87	175
249	545	183	88	176
250	551	183	88	176
251	556	183	88	176
252	562	184	87	175
253	568	184	87	175
254	573	185	87	175
255	579	185	87	175
256	585	185	87	175
257	590	184	88	176
258	595	184	88	176
259	601	184	88	176
260	607	184	88	176
261	613	185	87	175
262	619	185	87	174
263	625	186	86	173
264	632	187	85	171
265	640	187	85	170
266	647	188	84	169
267	654	188	84	168
268	662	188	84	168
269	670	188	84	168
270	677	187	84	168
271	684	186	84	169
272	690	185	85	170
273	697	184	85	171
274	703	182	86	173
275	710	180	87	175
276	716	178	89	178
277	722	176	90	181
278	728	173	92	184
3D Trajetory (frame, x, z, height, pose)
151	-2.09	6.28	1.81	1.00
152	-2.12	6.42	1.85	1.00
153	-2.13	6.45	1.85	1.00
154	-2.10	6.48	1.86	1.00
155	-2.06	6.51	1.88	1.00
156	-2.02	6.52	1.88	1.00
157	-2.02	6.54	1.88	1.00
158	-1.96	6.54	1.90	1.00
159	-1.92	6.56	1.91	1.00
160	-1.90	6.56	1.93	1.00
161	-1.88	6.57	1.92	1.00
162	-1.84	6.57	1.92	1.00
163	-1.79	6.55	1.91	1.00
164	-1.74	6.54	1.90	1.00
165	-1.72	6.54	1.90	1.00
166	-1.67	6.54	1.91	1.00
167	-1.62	6.54	1.92	1.00
168	-1.59	6.56	1.93	1.00
169	-1.55	6.54	1.94	1.00
170	-1.50	6.54	1.93	1.00
171	-1.45	6.54	1.91	1.00
172	-1.40	6.56	1.92	1.00
173	-1.36	6.55	1.91	1.00
174	-1.31	6.55	1.90	1.00
175	-1.26	6.56	1.93	1.00
176	-1.21	6.56	1.94	1.00
177	-1.15	6.58	1.95	1.00
178	-1.07	6.56	1.94	1.00
179	-1.01	6.52	1.93	1.00
180	-0.96	6.47	1.93	1.00
181	-0.91	6.37	1.90	1.00
182	-0.86	6.33	1.90	1.00
183	-0.82	6.28	1.90	1.00
184	-0.76	6.21	1.94	1.00
185	-0.72	6.16	1.96	1.00
186	-0.67	6.09	1.96	1.00
187	-0.63	6.04	1.96	1.00
188	-0.57	5.98	1.95	1.00
189	-0.52	5.93	1.94	1.00
190	-0.49	5.87	1.95	1.00
191	-0.41	5.81	1.92	1.00
192	-0.35	5.75	1.92	1.00
193	-0.29	5.69	1.92	1.00
194	-0.24	5.63	1.92	1.00
195	-0.19	5.58	1.92	1.00
196	-0.14	5.54	1.93	1.00
197	-0.10	5.50	1.93	1.00
198	-0.05	5.45	1.91	1.00
199	-0.00	5.42	1.88	1.00
200	0.04	5.40	1.85	1.00
201	0.08	5.38	1.79	1.00
202	0.13	5.33	1.78	1.00
203	0.18	5.30	1.75	1.00
204	0.21	5.27	1.75	1.00
205	0.28	5.24	1.75	1.00
206	0.34	5.20	1.75	1.00
207	0.39	5.18	1.74	1.00
208	0.44	5.16	1.73	1.00
209	0.49	5.14	1.74	1.00
210	0.54	5.12	1.73	1.00
211	0.60	5.12	1.73	1.00
212	0.64	5.08	1.75	1.00
213	0.69	5.05	1.76	1.00
214	0.73	5.02	1.77	1.00
215	0.77	5.00	1.79	1.00
216	0.83	5.00	1.79	1.00
217	0.87	4.95	1.81	1.00
218	0.92	4.95	1.81	1.00
219	0.96	4.93	1.81	1.00
220	1.02	4.89	1.80	1.00
221	1.06	4.89	1.80	1.00
222	1.12	5.03	1.76	1.00
223	1.17	5.06	1.75	1.00
224	1.22	5.06	1.74	1.00
225	1.26	5.05	1.75	1.00
226	1.33	5.08	1.74	1.00
227	1.37	5.12	1.75	1.00
228	1.41	5.13	1.77	1.00
229	1.44	5.14	1.78	1.00
230	1.47	5.08	1.79	1.00
231	1.53	5.09	1.81	1.00
232	1.57	5.08	1.81	1.00
233	1.62	5.02	1.80	1.00
234	1.70	5.07	1.81	1.00
235	1.77	5.13	1.82	1.00
236	1.85	5.19	1.80	1.00
237	1.91	5.20	1.81	1.00
238	1.98	5.23	1.80	1.00
239	2.07	5.25	1.79	1.00
240	2.15	5.26	1.80	1.00
241	2.22	5.26	1.82	1.00
242	2.28	5.26	1.84	1.00
243	2.34	5.25	1.85	1.00
244	2.41	5.23	1.86	1.00
245	2.46	5.23	1.88	1.00
246	2.52	5.23	1.90	1.00
247	2.57	5.22	1.91	1.00
248	2.62	5.21	1.92	1.00
249	2.68	5.21	1.94	1.00
250	2.78	5.24	1.92	1.00
251	2.84	5.23	1.93	1.00
252	2.89	5.21	1.95	1.00
253	2.95	5.18	1.95	1.00
254	3.02	5.17	1.95	1.00
255	3.10	5.17	1.92	1.00
256	3.16	5.17	1.89	1.00
257	3.21	5.17	1.89	1.00
258	3.27	5.17	1.89	1.00
259	3.31	5.12	1.91	1.00
260	3.36	5.08	1.93	1.00
261	3.42	5.06	1.94	1.00
262	3.47	5.08	1.95	1.00
263	3.53	5.04	1.96	1.00
264	3.61	5.06	1.90	1.00
265	3.72	5.10	1.87	1.00
266	3.86	5.14	1.86	1.00
267	3.95	5.13	1.84	1.00
268	4.03	5.13	1.84	1.00
269	4.16	5.19	1.82	1.00
270	4.24	5.16	1.83	1.00
271	4.30	5.12	1.88	1.00
272	4.38	5.10	1.93	1.00
273	4.45	5.09	1.97	1.00
274	4.53	5.07	2.00	1.00
275	4.60	5.06	2.00	1.00
276	4.67	5.06	2.01	1.00
277	4.72	5.04	2.01	1.00
278	4.79	5.08	1.98	1.00
Target 15 (frames from 151 to 349)
Bounding Boxes (frame, x, y, width, height)
151	-9	226	52	105
152	-7	226	52	104
153	-5	227	52	104
154	-3	227	51	103
155	-1	227	51	103
156	0	227	51	103
157	2	227	51	103
158	4	226	51	102
159	6	226	51	102
160	8	226	51	102
161	10	226	51	103
162	13	225	51	103
163	15	225	51	103
164	17	224	52	104
165	19	224	52	104
166	21	223	52	104
167	23	222	52	105
168	25	222	52	105
169	27	221	53	106
170	29	220	53	106
171	31	220	53	107
172	33	219	53	107
173	35	218	53	107
174	36	218	54	108
175	38	218	54	108
176	39	217	54	108
177	41	217	54	109
178	43	217	54	109
179	44	217	54	109
180	47	217	54	108
181	49	217	54	108
182	51	217	54	108
183	53	217	54	108
184	55	217	54	108
185	57	216	54	109
186	59	216	54	109
187	61	215	54	109
188	64	215	55	110
189	66	215	55	110
190	69	214	55	110
191	71	214	55	110
192	74	214	55	110
193	76	214	55	110
194	79	214	55	110
195	81	213	55	110
196	84	213	55	110
197	86	213	55	111
198	88	212	55	111
199	90	212	55	111
200	92	211	56	112
201	94	211	56	112
202	95	210	56	113
203	96	209	57	114
204	98	208	57	115
205	99	208	58	116
206	101	207	58	117
207	102	207	58	117
208	104	206	59	118
209	106	206	59	118
210	108	206	59	119
211	111	206	59	119
212	113	205	59	119
213	116	205	60	120
214	120	205	60	120
215	123	205	60	120
216	127	206	60	121
217	130	206	60	121
218	134	206	60	121
219	137	206	60	121
220	140	206	61	122
221	144	206	61	122
222	147	206	61	122
223	150	207	61	123
224	153	207	61	123
225	155	206	62	124
226	157	206	62	125
227	159	206	63	126
228	161	206	63	126
229	163	206	63	127
230	165	206	64	128
231	167	206	64	128
232	169	205	64	129
233	171	205	65	130
234	173	205	65	131
235	175	205	65	131
236	177	205	66	132
237	180	205	66	132
238	182	205	66	132
239	185	206	66	132
240	188	206	66	132
241	191	207	66	132
242	194	207	66	133
243	197	207	66	133
244	200	207	66	133
245	204	208	66	133
246	208	209	66	132
247	211	210	66	132
248	215	211	65	131
249	218	211	65	131
250	221	212	65	131
251	224	211	66	132
252	227	211	66	133
253	229	211	67	134
254	232	210	68	136
255	234	209	69	138
256	237	208	69	139
257	239	207	70	140
258	242	207	70	141
259	245	206	71	143
260	248	205	72	144
261	252	205	72	144
262	256	206	72	144
263	260	206	72	144
264	264	207	71	143
265	268	207	71	143
266	272	207	71	143
267	276	208	71	143
268	280	208	71	143
269	284	209	71	143
270	288	209	71	142
271	292	210	71	143
272	296	210	71	143
273	300	210	71	143
274	304	210	71	143
275	308	211	72	144
276	312	211	72	144
277	316	210	72	145
278	320	210	73	146
279	323	209	73	147
280	327	208	74	149
281	330	207	75	151
282	334	206	76	153
283	337	204	78	156
284	341	203	79	158
285	344	202	79	159
286	347	201	80	161
287	351	201	81	162
288	355	200	81	163
289	359	200	82	164
290	363	201	82	164
291	367	201	82	164
292	371	202	82	164
293	375	202	82	164
294	379	202	82	164
295	383	203	82	164
296	388	203	81	163
297	392	204	81	163
298	397	204	81	163
299	402	205	81	162
300	406	205	81	162
301	411	205	81	162
302	415	205	81	162
303	419	204	81	162
304	423	204	81	163
305	427	204	81	163
306	431	203	81	163
307	435	203	82	164
308	439	202	82	164
309	443	202	82	165
310	446	201	83	167
311	450	200	84	168
312	454	199	84	169
313	459	199	85	170
314	463	198	85	171
315	467	198	85	171
316	473	198	85	171
317	478	198	86	172
318	483	198	86	173
319	488	197	86	173
320	494	196	87	174
321	499	196	87	175
322	505	195	88	176
323	510	195	88	176
324	516	194	88	177
325	522	194	89	178
326	529	193	89	179
327	535	193	90	180
328	542	193	91	182
329	548	192	91	183
330	554	191	92	185
331	561	191	93	187
332	567	191	94	189
333	573	190	95	191
334	579	191	96	192
335	584	190	97	195
336	590	189	98	197
337	595	189	100	200
338	600	188	101	202
339	606	188	102	204
340	612	188	102	205
341	618	188	103	206
342	624	188	103	206
343	630	188	103	206
344	636	188	103	206
345	642	188	103	206
346	648	188	102	205
347	655	188	102	204
348	662	188	101	203
349	668	189	100	201
3D Trajetory (frame, x, z, height, pose)
151	-4.77	8.02	1.55	1.00
152	-4.77	8.03	1.57	1.00
153	-4.78	8.06	1.56	1.00
154	-4.79	8.11	1.57	1.00
155	-4.79	8.16	1.55	1.00
156	-4.78	8.20	1.54	1.00
157	-4.76	8.23	1.54	1.00
158	-4.75	8.26	1.56	1.00
159	-4.74	8.31	1.56	1.00
160	-4.72	8.34	1.59	1.00
161	-4.72	8.37	1.59	1.00
162	-4.71	8.38	1.61	1.00
163	-4.71	8.38	1.63	1.00
164	-4.70	8.37	1.64	1.00
165	-4.68	8.39	1.64	1.00
166	-4.67	8.40	1.65	1.00
167	-4.64	8.42	1.65	1.00
168	-4.62	8.44	1.65	2.00
169	-4.61	8.47	1.66	2.00
170	-4.58	8.47	1.67	2.00
171	-4.56	8.49	1.68	2.00
172	-4.55	8.51	1.69	2.00
173	-4.53	8.51	1.73	2.00
174	-4.50	8.51	1.74	2.00
175	-4.48	8.50	1.76	2.00
176	-4.46	8.51	1.75	2.00
177	-4.43	8.51	1.74	2.00
178	-4.41	8.52	1.73	2.00
179	-4.38	8.54	1.73	2.00
180	-4.34	8.54	1.73	2.00
181	-4.32	8.54	1.74	4.00
182	-4.30	8.56	1.73	4.00
183	-4.28	8.57	1.73	4.00
184	-4.26	8.58	1.76	4.00
185	-4.22	8.58	1.75	4.00
186	-4.19	8.59	1.76	2.00
187	-4.16	8.57	1.77	2.00
188	-4.13	8.58	1.78	1.00
189	-4.11	8.58	1.79	1.00
190	-4.08	8.58	1.79	1.00
191	-4.02	8.56	1.79	1.00
192	-3.97	8.55	1.80	1.00
193	-3.93	8.55	1.80	2.00
194	-3.88	8.55	1.79	2.00
195	-3.85	8.55	1.79	2.00
196	-3.81	8.54	1.78	2.00
197	-3.78	8.53	1.77	2.00
198	-3.74	8.52	1.78	2.00
199	-3.70	8.52	1.79	2.00
200	-3.64	8.54	1.81	2.00
201	-3.61	8.52	1.83	2.00
202	-3.57	8.50	1.83	2.00
203	-3.54	8.46	1.84	2.00
204	-3.50	8.44	1.86	3.00
205	-3.48	8.43	1.85	3.00
206	-3.45	8.41	1.86	3.00
207	-3.41	8.39	1.87	3.00
208	-3.38	8.38	1.87	3.00
209	-3.34	8.36	1.90	3.00
210	-3.28	8.34	1.91	3.00
211	-3.22	8.33	1.91	3.00
212	-3.15	8.32	1.88	3.00
213	-3.10	8.33	1.86	3.00
214	-3.05	8.31	1.89	1.00
215	-2.99	8.25	1.88	1.00
216	-2.92	8.20	1.88	1.00
217	-2.84	8.12	1.90	1.00
218	-2.74	8.06	1.87	1.00
219	-2.67	8.01	1.86	2.00
220	-2.60	7.95	1.87	2.00
221	-2.52	7.90	1.86	2.00
222	-2.47	7.88	1.85	2.00
223	-2.41	7.84	1.85	2.00
224	-2.36	7.79	1.84	2.00
225	-2.31	7.72	1.82	2.00
226	-2.26	7.63	1.81	2.00
227	-2.20	7.58	1.81	2.00
228	-2.15	7.54	1.82	2.00
229	-2.10	7.50	1.85	2.00
230	-2.05	7.42	1.84	2.00
231	-2.00	7.35	1.83	2.00
232	-1.98	7.27	1.84	2.00
233	-1.93	7.22	1.83	2.00
234	-1.89	7.20	1.80	2.00
235	-1.84	7.17	1.79	2.00
236	-1.79	7.12	1.78	2.00
237	-1.75	7.08	1.79	2.00
238	-1.70	7.04	1.79	2.00
239	-1.64	6.97	1.80	2.00
240	-1.58	6.92	1.80	2.00
241	-1.54	6.90	1.78	1.00
242	-1.50	6.85	1.78	1.00
243	-1.45	6.85	1.74	1.00
244	-1.40	6.81	1.74	1.00
245	-1.35	6.76	1.74	1.00
246	-1.30	6.77	1.73	1.00
247	-1.24	6.71	1.72	1.00
248	-1.19	6.66	1.72	1.00
249	-1.13	6.60	1.73	1.00
250	-1.08	6.55	1.71	1.00
251	-1.05	6.53	1.66	1.00
252	-1.01	6.55	1.64	1.00
253	-0.96	6.52	1.64	1.00
254	-0.91	6.46	1.67	1.00
255	-0.87	6.39	1.72	1.00
256	-0.84	6.34	1.75	1.00
257	-0.80	6.30	1.76	1.00
258	-0.76	6.26	1.76	1.00
259	-0.71	6.22	1.76	1.00
260	-0.66	6.16	1.75	1.00
261	-0.61	6.11	1.76	1.00
262	-0.56	6.07	1.75	1.00
263	-0.51	6.05	1.68	1.00
264	-0.46	6.02	1.66	2.00
265	-0.41	5.99	1.66	2.00
266	-0.36	5.97	1.67	2.00
267	-0.31	5.92	1.67	2.00
268	-0.28	5.90	1.66	1.00
269	-0.22	5.84	1.66	1.00
270	-0.18	5.78	1.66	1.00
271	-0.13	5.76	1.67	1.00
272	-0.09	5.75	1.65	1.00
273	-0.04	5.71	1.65	1.00
274	0.00	5.77	1.60	1.00
275	0.06	5.74	1.61	1.00
276	0.12	5.72	1.62	1.00
277	0.17	5.68	1.63	1.00
278	0.21	5.66	1.65	1.00
279	0.25	5.61	1.66	1.00
280	0.28	5.56	1.64	1.00
281	0.31	5.46	1.65	1.00
282	0.34	5.42	1.66	1.00
283	0.35	5.37	1.67	1.00
284	0.41	5.33	1.70	1.00
285	0.46	5.26	1.70	1.00
286	0.51	5.24	1.71	1.00
287	0.55	5.22	1.71	1.00
288	0.60	5.20	1.69	1.00
289	0.64	5.17	1.70	1.00
290	0.65	5.10	1.70	1.00
291	0.67	5.05	1.68	1.00
292	0.73	5.04	1.66	1.00
293	0.74	4.98	1.67	1.00
294	0.79	4.98	1.65	1.00
295	0.86	4.99	1.64	1.00
296	0.91	4.98	1.63	1.00
297	0.95	4.96	1.62	1.00
298	0.97	4.93	1.63	1.00
299	1.02	4.89	1.64	1.00
300	1.06	4.87	1.65	1.00
301	1.10	4.86	1.63	1.00
302	1.16	4.88	1.61	1.00
303	1.21	4.88	1.60	1.00
304	1.26	4.89	1.60	1.00
305	1.30	4.88	1.61	1.00
306	1.35	4.86	1.61	1.00
307	1.39	4.85	1.63	1.00
308	1.43	4.83	1.66	1.00
309	1.46	4.78	1.66	1.00
310	1.50	4.77	1.65	1.00
311	1.54	4.79	1.65	1.00
312	1.59	4.77	1.66	3.00
313	1.63	4.74	1.67	3.00
314	1.68	4.70	1.68	3.00
315	1.74	4.67	1.68	1.00
316	1.80	4.67	1.66	1.00
317	1.84	4.66	1.67	3.00
318	1.90	4.65	1.68	3.00
319	1.93	4.62	1.69	1.00
320	1.99	4.59	1.71	1.00
321	2.03	4.61	1.67	1.00
322	2.08	4.60	1.68	1.00
323	2.15	4.56	1.70	1.00
324	2.19	4.54	1.71	1.00
325	2.22	4.50	1.72	1.00
326	2.28	4.48	1.72	1.00
327	2.32	4.46	1.72	1.00
328	2.38	4.44	1.70	1.00
329	2.46	4.41	1.71	1.00
330	2.48	4.32	1.69	1.00
331	2.50	4.22	1.69	1.00
332	2.52	4.14	1.69	1.00
333	2.57	4.13	1.70	1.00
334	2.61	4.11	1.70	1.00
335	2.61	4.05	1.72	1.00
336	2.63	4.00	1.72	1.00
337	2.69	3.99	1.71	1.00
338	2.69	3.92	1.70	1.00
339	2.70	3.85	1.71	1.00
340	2.73	3.81	1.71	1.00
341	2.76	3.76	1.69	1.00
342	2.81	3.73	1.68	1.00
343	2.79	3.66	1.74	1.00
344	2.87	3.70	1.68	1.00
345	2.92	3.68	1.69	1.00
346	3.07	3.79	1.68	1.00
347	3.13	3.79	1.67	4.00
348	3.14	3.74	1.68	4.00
349	3.20	3.73	1.68	1.00
Target 16 (frames from 155 to 215)
Bounding Boxes (frame, x, y, width, height)
155	237	233	44	88
156	234	229	47	94
157	231	225	49	98
158	229	221	51	103
159	227	218	53	107
160	226	216	55	111
161	226	213	57	114
162	226	212	58	117
163	227	210	59	119
164	228	209	60	121
165	231	208	61	123
166	234	207	62	124
167	238	208	62	125
168	242	208	62	125
169	246	209	62	125
170	250	210	62	124
171	255	211	62	124
172	259	212	61	123
173	264	213	61	122
174	268	214	60	121
175	272	215	60	121
176	277	216	60	120
177	281	216	60	120
178	284	217	60	120
179	288	217	60	120
180	291	217	60	120
181	295	217	60	121
182	298	217	61	122
183	301	216	61	122
184	305	216	61	123
185	308	216	62	124
186	312	216	62	124
187	316	216	62	125
188	319	216	62	125
189	323	216	62	125
190	327	216	62	125
191	330	217	62	125
192	334	217	62	125
193	337	217	63	126
194	341	217	63	126
195	344	217	62	125
196	348	217	63	126
197	351	217	63	126
198	354	217	63	126
199	358	217	63	126
200	362	216	63	127
201	366	216	64	128
202	370	216	64	128
203	374	216	64	128
204	378	216	64	128
205	382	217	64	128
206	386	218	63	127
207	390	218	63	126
208	394	219	62	125
209	399	221	62	124
210	403	222	61	123
211	407	223	60	121
212	412	225	59	119
213	416	226	59	118
214	421	228	57	115
215	425	230	56	113
3D Trajetory (frame, x, z, height, pose)
155	-1.33	8.66	1.54	2.00
156	-1.39	8.59	1.53	3.00
157	-1.42	8.40	1.59	3.00
158	-1.46	8.26	1.65	1.00
159	-1.47	8.22	1.71	1.00
160	-1.47	8.16	1.76	1.00
161	-1.44	8.09	1.80	1.00
162	-1.39	7.97	1.82	1.00
163	-1.34	7.86	1.86	2.00
164	-1.29	7.75	1.85	2.00
165	-1.25	7.68	1.84	2.00
166	-1.17	7.65	1.86	3.00
167	-1.13	7.60	1.85	3.00
168	-1.08	7.53	1.85	1.00
169	-1.02	7.47	1.83	1.00
170	-0.97	7.41	1.78	1.00
171	-0.91	7.32	1.77	1.00
172	-0.81	7.26	1.75	1.00
173	-0.75	7.20	1.73	1.00
174	-0.67	7.19	1.71	1.00
175	-0.61	7.19	1.71	1.00
176	-0.56	7.16	1.69	1.00
177	-0.52	7.13	1.69	1.00
178	-0.46	7.10	1.68	2.00
179	-0.41	7.10	1.67	1.00
180	-0.37	7.07	1.65	1.00
181	-0.32	7.01	1.67	1.00
182	-0.26	6.97	1.69	1.00
183	-0.22	6.93	1.69	1.00
184	-0.16	6.89	1.68	1.00
185	-0.12	6.85	1.67	1.00
186	-0.08	6.82	1.68	1.00
187	-0.03	6.77	1.68	1.00
188	0.02	6.74	1.69	1.00
189	0.08	6.72	1.69	1.00
190	0.14	6.69	1.67	1.00
191	0.17	6.67	1.66	1.00
192	0.22	6.64	1.65	1.00
193	0.25	6.61	1.63	1.00
194	0.29	6.56	1.63	1.00
195	0.34	6.53	1.64	1.00
196	0.38	6.50	1.64	1.00
197	0.42	6.48	1.63	1.00
198	0.48	6.44	1.63	1.00
199	0.53	6.41	1.64	1.00
200	0.57	6.38	1.60	1.00
201	0.63	6.36	1.61	1.00
202	0.68	6.33	1.62	1.00
203	0.73	6.31	1.61	1.00
204	0.79	6.28	1.62	1.00
205	0.83	6.26	1.63	1.00
206	0.89	6.24	1.62	2.00
207	0.94	6.23	1.61	2.00
208	0.99	6.23	1.60	3.00
209	1.05	6.21	1.59	3.00
210	1.09	6.23	1.53	3.00
211	1.14	6.24	1.47	3.00
212	1.20	6.24	1.46	3.00
213	1.26	6.24	1.46	1.00
214	1.32	6.23	1.47	1.00
215	1.38	6.21	1.49	1.00
Target 17 (frames from 170 to 267)
Bounding Boxes (frame, x, y, width, height)
170	-6	222	55	111
171	-5	222	55	110
172	-3	223	54	109
173	-1	223	54	108
174	1	223	54	108
175	3	223	53	107
176	4	223	53	107
177	6	223	53	107
178	8	222	53	107
179	10	222	54	108
180	12	221	54	109
181	13	219	55	110
182	15	218	55	111
183	17	216	56	112
184	18	216	56	113
185	20	215	57	114
186	22	215	57	114
187	24	214	57	114
188	26	214	57	114
189	28	214	57	114
190	29	213	57	114
191	31	213	57	115
192	33	213	57	115
193	35	212	57	115
194	37	212	57	115
195	39	212	57	115
196	41	211	57	115
197	43	211	57	115
198	45	210	58	116
199	47	209	58	116
200	49	208	58	117
201	51	207	59	118
202	53	206	59	119
203	54	206	60	120
204	56	205	60	121
205	57	204	61	122
206	58	203	61	123
207	60	203	61	123
208	61	202	62	124
209	63	202	62	124
210	64	202	62	124
211	66	203	62	124
212	68	203	62	124
213	71	204	61	123
214	73	204	61	123
215	76	204	61	123
216	79	204	62	124
217	82	204	62	124
218	85	204	62	125
219	88	203	63	126
220	91	203	63	126
221	94	202	63	127
222	96	202	64	128
223	99	202	64	128
224	101	202	64	129
225	104	203	64	128
226	107	203	64	128
227	110	204	64	128
228	113	205	63	127
229	116	206	63	127
230	119	206	63	126
231	121	207	63	126
232	124	208	63	126
233	127	208	62	125
234	129	208	63	126
235	131	208	63	126
236	133	208	63	127
237	135	208	63	127
238	138	208	64	128
239	140	208	64	128
240	143	209	64	128
241	145	209	64	128
242	148	209	64	128
243	152	209	64	128
244	155	209	64	129
245	158	209	64	129
246	161	209	65	130
247	163	208	65	131
248	165	207	66	132
249	168	206	67	134
250	169	205	68	136
251	171	203	69	138
252	172	202	70	141
253	173	201	71	143
254	175	200	72	145
255	177	199	73	147
256	179	199	74	148
257	182	200	73	147
258	186	202	73	146
259	189	203	72	145
260	193	205	72	144
261	197	207	70	141
262	202	210	69	139
263	207	213	68	136
264	212	216	66	132
265	218	220	64	128
266	224	224	61	123
267	230	228	58	117
3D Trajetory (frame, x, z, height, pose)
170	-4.70	7.80	1.65	2.00
171	-4.70	7.86	1.71	2.00
172	-4.78	7.99	1.59	2.00
173	-4.78	8.03	1.55	2.00
174	-4.77	8.06	1.56	2.00
175	-4.76	8.09	1.56	2.00
176	-4.74	8.11	1.59	2.00
177	-4.70	8.11	1.62	2.00
178	-4.69	8.13	1.64	2.00
179	-4.68	8.14	1.66	2.00
180	-4.65	8.16	1.69	2.00
181	-4.64	8.18	1.70	2.00
182	-4.62	8.20	1.71	1.00
183	-4.61	8.21	1.72	1.00
184	-4.60	8.23	1.73	2.00
185	-4.56	8.21	1.74	2.00
186	-4.55	8.24	1.76	2.00
187	-4.54	8.25	1.77	2.00
188	-4.51	8.27	1.78	2.00
189	-4.50	8.27	1.79	2.00
190	-4.49	8.28	1.80	2.00
191	-4.46	8.30	1.78	2.00
192	-4.45	8.32	1.79	2.00
193	-4.44	8.34	1.78	2.00
194	-4.41	8.35	1.79	2.00
195	-4.38	8.35	1.79	4.00
196	-4.34	8.35	1.81	4.00
197	-4.31	8.35	1.81	4.00
198	-4.29	8.35	1.82	4.00
199	-4.25	8.35	1.84	1.00
200	-4.22	8.35	1.85	2.00
201	-4.18	8.35	1.83	2.00
202	-4.14	8.34	1.85	2.00
203	-4.10	8.34	1.87	2.00
204	-4.06	8.33	1.89	2.00
205	-4.01	8.31	1.92	2.00
206	-3.98	8.29	1.94	1.00
207	-3.94	8.27	1.93	1.00
208	-3.91	8.25	1.93	1.00
209	-3.89	8.22	1.94	1.00
210	-3.85	8.20	1.93	1.00
211	-3.81	8.18	1.93	1.00
212	-3.77	8.16	1.92	1.00
213	-3.75	8.12	1.90	1.00
214	-3.65	8.15	1.87	1.00
215	-3.57	8.13	1.87	1.00
216	-3.52	8.11	1.87	2.00
217	-3.48	8.05	1.89	2.00
218	-3.42	8.00	1.88	2.00
219	-3.34	7.94	1.89	2.00
220	-3.28	7.91	1.91	1.00
221	-3.21	7.85	1.92	1.00
222	-3.16	7.82	1.91	4.00
223	-3.10	7.78	1.91	1.00
224	-3.05	7.75	1.91	4.00
225	-3.02	7.72	1.90	1.00
226	-2.96	7.69	1.87	1.00
227	-2.90	7.66	1.86	1.00
228	-2.84	7.61	1.85	2.00
229	-2.79	7.58	1.81	2.00
230	-2.74	7.54	1.81	2.00
231	-2.68	7.51	1.80	2.00
232	-2.63	7.48	1.80	2.00
233	-2.58	7.45	1.78	2.00
234	-2.54	7.41	1.77	2.00
235	-2.51	7.35	1.78	2.00
236	-2.45	7.34	1.77	2.00
237	-2.40	7.31	1.77	2.00
238	-2.36	7.26	1.76	2.00
239	-2.31	7.23	1.76	1.00
240	-2.28	7.18	1.77	1.00
241	-2.23	7.14	1.78	1.00
242	-2.18	7.09	1.80	1.00
243	-2.13	7.11	1.73	2.00
244	-2.07	7.06	1.74	2.00
245	-2.00	7.05	1.71	2.00
246	-1.95	7.02	1.73	2.00
247	-1.90	6.98	1.75	2.00
248	-1.86	6.94	1.76	2.00
249	-1.81	6.90	1.76	1.00
250	-1.78	6.85	1.78	1.00
251	-1.73	6.78	1.80	1.00
252	-1.71	6.69	1.80	1.00
253	-1.67	6.62	1.82	1.00
254	-1.62	6.55	1.85	1.00
255	-1.59	6.49	1.86	1.00
256	-1.53	6.42	1.87	1.00
257	-1.47	6.39	1.82	1.00
258	-1.43	6.34	1.82	1.00
259	-1.37	6.31	1.77	1.00
260	-1.30	6.26	1.73	2.00
261	-1.25	6.23	1.70	2.00
262	-1.20	6.22	1.69	2.00
263	-1.16	6.23	1.60	1.00
264	-1.12	6.24	1.54	1.00
265	-1.08	6.27	1.50	1.00
266	-1.03	6.26	1.50	3.00
267	-0.98	6.23	1.51	3.00
Target 18 (frames from 176 to 200)
Bounding Boxes (frame, x, y, width, height)
176	185	211	66	132
177	181	213	63	127
178	177	215	61	122
179	173	216	59	118
180	170	218	56	113
181	166	219	55	110
182	163	220	53	106
183	160	222	51	103
184	157	223	50	100
185	154	223	49	98
186	152	224	48	96
187	149	225	47	95
188	147	226	47	94
189	145	226	46	92
190	143	226	45	91
191	142	226	45	91
192	140	226	45	90
193	138	226	44	89
194	136	226	44	89
195	134	225	44	89
196	132	224	44	89
197	130	224	44	89
198	128	223	44	89
199	126	222	44	89
200	124	221	45	90
3D Trajetory (frame, x, z, height, pose)
176	-1.74	6.81	1.69	2.00
177	-1.66	6.51	1.72	2.00
178	-1.94	7.31	1.69	2.00
179	-2.20	7.90	1.71	3.00
180	-2.21	7.86	1.72	3.00
181	-2.40	8.26	1.74	3.00
182	-2.52	8.40	1.72	3.00
183	-2.64	8.55	1.70	3.00
184	-2.76	8.68	1.67	3.00
185	-2.84	8.76	1.65	3.00
186	-2.93	8.87	1.64	3.00
187	-2.98	8.95	1.60	3.00
188	-3.08	9.07	1.61	3.00
189	-3.15	9.18	1.62	3.00
190	-3.22	9.27	1.64	3.00
191	-3.29	9.39	1.64	3.00
192	-3.33	9.46	1.66	3.00
193	-3.41	9.56	1.67	3.00
194	-3.47	9.62	1.66	3.00
195	-3.53	9.72	1.66	3.00
196	-3.59	9.80	1.67	3.00
197	-3.65	9.87	1.68	3.00
198	-3.76	9.99	1.69	3.00
199	-3.84	10.06	1.70	3.00
200	-3.91	10.15	1.72	3.00
Target 19 (frames from 183 to 326)
Bounding Boxes (frame, x, y, width, height)
183	217	213	57	114
184	220	213	57	114
185	223	214	57	114
186	227	214	57	114
187	230	215	57	114
188	233	215	56	113
189	236	216	56	113
190	239	216	56	113
191	242	216	56	113
192	245	216	56	113
193	249	217	56	113
194	252	217	56	113
195	255	217	56	113
196	258	217	56	113
197	261	217	56	113
198	264	217	56	113
199	267	216	56	113
200	270	216	56	113
201	273	217	56	113
202	276	217	56	113
203	279	217	56	113
204	283	217	56	112
205	286	218	56	112
206	289	219	55	111
207	292	220	55	110
208	296	221	54	109
209	299	222	54	109
210	302	222	54	108
211	305	222	54	108
212	308	222	54	109
213	311	222	54	109
214	314	222	55	110
215	316	221	55	110
216	319	221	55	110
217	322	221	55	111
218	325	221	55	111
219	329	221	55	111
220	332	221	55	111
221	335	221	55	110
222	339	221	55	110
223	343	222	55	110
224	346	222	54	109
225	349	222	54	109
226	353	222	54	109
227	356	222	54	109
228	359	222	54	109
229	363	222	54	109
230	366	221	54	109
231	370	221	54	109
232	373	220	55	110
233	377	220	55	110
234	380	220	55	110
235	384	220	55	110
236	388	220	55	110
237	391	220	55	110
238	395	219	55	110
239	398	219	55	111
240	402	219	55	111
241	405	219	55	111
242	408	218	56	112
243	411	218	56	113
244	414	218	56	113
245	418	217	57	114
246	421	217	57	115
247	425	216	57	115
248	429	215	58	116
249	433	215	58	117
250	436	214	59	118
251	440	214	59	118
252	444	214	59	118
253	448	214	59	119
254	451	214	59	119
255	455	214	59	119
256	459	214	59	119
257	462	215	59	119
258	466	215	59	119
259	470	215	59	119
260	474	215	59	119
261	478	215	59	119
262	482	215	59	118
263	486	215	59	118
264	490	215	59	119
265	493	214	59	119
266	497	214	59	119
267	501	214	59	119
268	505	213	60	120
269	508	213	60	121
270	512	212	61	122
271	516	211	61	123
272	520	211	62	124
273	524	210	63	126
274	528	210	63	127
275	532	210	63	127
276	536	210	64	128
277	541	210	64	129
278	545	210	65	130
279	549	209	65	131
280	553	209	66	132
281	557	209	66	133
282	561	209	66	133
283	564	209	67	134
284	568	209	67	134
285	572	209	67	135
286	576	209	67	135
287	579	209	67	135
288	583	209	67	135
289	587	209	68	136
290	591	210	68	136
291	595	210	67	135
292	599	210	68	136
293	603	210	68	136
294	607	210	68	136
295	611	210	68	136
296	614	209	68	137
297	618	209	69	138
298	622	208	69	138
299	625	208	69	139
300	629	207	69	139
301	632	207	69	139
302	636	207	69	139
303	639	207	69	139
304	643	207	69	139
305	646	207	69	139
306	650	207	69	139
307	654	206	69	139
308	658	206	70	140
309	663	205	70	141
310	667	204	71	143
311	672	203	72	145
312	676	201	73	147
313	681	199	74	149
314	686	198	76	152
315	691	196	77	154
316	696	195	78	156
317	701	194	78	157
318	706	194	79	158
319	711	194	79	158
320	716	195	79	158
321	721	196	78	157
322	726	197	78	156
323	731	198	77	155
324	736	200	76	153
325	740	202	75	151
326	745	204	74	149
3D Trajetory (frame, x, z, height, pose)
183	-1.56	8.05	1.76	1.00
184	-1.53	8.03	1.79	1.00
185	-1.50	8.01	1.79	1.00
186	-1.45	8.04	1.77	1.00
187	-1.39	7.97	1.76	1.00
188	-1.33	7.89	1.76	1.00
189	-1.28	7.86	1.75	1.00
190	-1.25	7.84	1.73	1.00
191	-1.20	7.80	1.72	1.00
192	-1.15	7.76	1.72	1.00
193	-1.08	7.70	1.74	1.00
194	-1.02	7.70	1.72	1.00
195	-0.97	7.69	1.71	1.00
196	-0.93	7.69	1.67	1.00
197	-0.89	7.67	1.66	1.00
198	-0.84	7.64	1.66	1.00
199	-0.79	7.64	1.68	1.00
200	-0.74	7.59	1.69	1.00
201	-0.68	7.55	1.71	1.00
202	-0.63	7.53	1.70	1.00
203	-0.59	7.50	1.69	1.00
204	-0.54	7.52	1.69	1.00
205	-0.49	7.53	1.67	1.00
206	-0.45	7.53	1.65	1.00
207	-0.40	7.54	1.62	1.00
208	-0.35	7.51	1.62	1.00
209	-0.29	7.47	1.60	1.00
210	-0.23	7.42	1.60	1.00
211	-0.19	7.40	1.58	1.00
212	-0.14	7.39	1.56	1.00
213	-0.10	7.38	1.57	1.00
214	-0.05	7.37	1.60	1.00
215	0.00	7.35	1.62	1.00
216	0.05	7.34	1.64	1.00
217	0.09	7.33	1.65	1.00
218	0.12	7.33	1.64	1.00
219	0.17	7.34	1.64	1.00
220	0.22	7.33	1.63	1.00
221	0.27	7.34	1.61	1.00
222	0.31	7.32	1.59	1.00
223	0.38	7.32	1.57	1.00
224	0.45	7.29	1.57	1.00
225	0.50	7.29	1.58	1.00
226	0.56	7.28	1.59	1.00
227	0.60	7.30	1.62	1.00
228	0.65	7.32	1.62	1.00
229	0.68	7.35	1.61	1.00
230	0.73	7.38	1.62	1.00
231	0.77	7.40	1.62	1.00
232	0.84	7.43	1.63	1.00
233	0.90	7.41	1.62	1.00
234	0.98	7.39	1.62	1.00
235	1.03	7.37	1.63	1.00
236	1.10	7.35	1.65	1.00
237	1.16	7.33	1.68	1.00
238	1.20	7.33	1.67	1.00
239	1.24	7.31	1.66	1.00
240	1.29	7.32	1.62	2.00
241	1.34	7.31	1.62	2.00
242	1.38	7.29	1.62	2.00
243	1.44	7.27	1.66	2.00
244	1.49	7.26	1.69	1.00
245	1.53	7.23	1.68	1.00
246	1.59	7.20	1.69	1.00
247	1.64	7.18	1.69	1.00
248	1.69	7.15	1.70	1.00
249	1.75	7.11	1.70	1.00
250	1.79	7.04	1.73	1.00
251	1.85	7.05	1.71	1.00
252	1.91	7.06	1.70	1.00
253	1.96	7.01	1.71	1.00
254	2.01	7.00	1.71	1.00
255	2.05	6.99	1.69	1.00
256	2.11	6.98	1.70	1.00
257	2.16	6.96	1.71	1.00
258	2.21	6.93	1.71	1.00
259	2.27	6.91	1.71	1.00
260	2.33	6.90	1.71	1.00
261	2.38	6.88	1.70	1.00
262	2.41	6.85	1.69	1.00
263	2.46	6.82	1.67	1.00
264	2.51	6.80	1.65	1.00
265	2.58	6.78	1.65	1.00
266	2.62	6.75	1.66	1.00
267	2.66	6.72	1.67	1.00
268	2.71	6.71	1.69	1.00
269	2.74	6.68	1.70	1.00
270	2.78	6.66	1.70	1.00
271	2.81	6.62	1.70	1.00
272	2.88	6.56	1.70	1.00
273	2.93	6.52	1.72	1.00
274	2.97	6.46	1.71	1.00
275	3.01	6.43	1.71	1.00
276	3.04	6.37	1.72	1.00
277	3.06	6.28	1.72	1.00
278	3.09	6.23	1.71	1.00
279	3.12	6.18	1.72	1.00
280	3.18	6.15	1.70	1.00
281	3.20	6.10	1.70	1.00
282	3.22	6.06	1.69	1.00
283	3.25	6.01	1.68	1.00
284	3.28	5.95	1.70	1.00
285	3.29	5.90	1.71	1.00
286	3.31	5.86	1.71	1.00
287	3.36	5.85	1.68	1.00
288	3.40	5.82	1.67	1.00
289	3.43	5.79	1.67	1.00
290	3.45	5.78	1.66	1.00
291	3.51	5.77	1.65	1.00
292	3.56	5.74	1.64	1.00
293	3.59	5.71	1.67	1.00
294	3.63	5.67	1.65	1.00
295	3.66	5.65	1.64	1.00
296	3.70	5.63	1.64	1.00
297	3.73	5.60	1.64	1.00
298	3.76	5.59	1.66	1.00
299	3.79	5.56	1.67	1.00
300	3.85	5.56	1.68	1.00
301	3.89	5.55	1.67	1.00
302	3.94	5.55	1.67	1.00
303	3.97	5.51	1.67	1.00
304	4.04	5.52	1.67	1.00
305	4.10	5.53	1.66	1.00
306	4.13	5.52	1.66	1.00
307	4.18	5.52	1.67	3.00
308	4.23	5.51	1.66	3.00
309	4.27	5.49	1.67	3.00
310	4.34	5.48	1.68	4.00
311	4.41	5.42	1.71	4.00
312	4.43	5.32	1.74	4.00
313	4.49	5.29	1.75	1.00
314	4.53	5.24	1.77	1.00
315	4.57	5.20	1.78	1.00
316	4.59	5.15	1.78	1.00
317	4.62	5.11	1.79	1.00
318	4.63	5.06	1.82	1.00
319	4.69	5.04	1.82	1.00
320	4.74	5.03	1.81	1.00
321	4.80	5.01	1.77	1.00
322	4.86	5.03	1.73	1.00
323	4.91	4.99	1.73	1.00
324	4.94	4.99	1.73	1.00
325	4.98	4.99	1.70	1.00
326	5.01	4.97	1.67	1.00
Target 20 (frames from 184 to 202)
Bounding Boxes (frame, x, y, width, height)
184	164	211	64	128
185	163	211	63	127
186	162	212	63	126
187	161	212	63	126
188	159	213	62	125
189	158	214	62	124
190	156	214	61	123
191	155	215	60	121
192	153	216	60	120
193	151	217	59	118
194	149	218	58	116
195	147	220	57	115
196	145	221	56	113
197	143	222	55	111
198	141	224	54	108
199	138	225	53	106
200	136	227	52	104
201	133	229	50	101
202	131	230	49	98
3D Trajetory (frame, x, z, height, pose)
184	-2.09	7.16	1.76	3.00
185	-2.06	7.06	1.76	3.00
186	-2.10	7.19	1.75	3.00
187	-2.11	7.19	1.73	3.00
188	-2.21	7.27	1.70	3.00
189	-2.24	7.29	1.70	3.00
190	-2.26	7.31	1.70	3.00
191	-2.28	7.31	1.71	3.00
192	-2.31	7.31	1.71	3.00
193	-2.36	7.37	1.69	3.00
194	-2.41	7.39	1.67	3.00
195	-2.45	7.42	1.67	3.00
196	-2.49	7.45	1.64	3.00
197	-2.56	7.52	1.60	3.00
198	-2.63	7.63	1.55	3.00
199	-2.68	7.72	1.52	3.00
200	-2.74	7.76	1.51	3.00
201	-2.80	7.77	1.50	3.00
202	-2.84	7.79	1.51	3.00
Target 21 (frames from 194 to 361)
Bounding Boxes (frame, x, y, width, height)
194	-8	216	53	106
195	-6	215	53	107
196	-5	214	54	108
197	-4	213	54	109
198	-2	212	55	110
199	-1	211	55	111
200	1	210	56	113
201	2	208	57	114
202	3	207	57	115
203	5	206	58	116
204	6	205	59	118
205	7	203	60	120
206	8	202	61	122
207	10	201	62	124
208	11	200	62	125
209	13	199	63	126
210	14	198	63	127
211	16	197	64	128
212	18	197	64	129
213	19	196	65	130
214	21	195	65	131
215	23	195	66	132
216	25	194	66	132
217	27	194	66	133
218	29	194	66	133
219	31	194	67	134
220	33	195	67	134
221	36	195	66	133
222	38	195	66	133
223	41	196	66	133
224	44	196	66	133
225	46	196	66	133
226	49	196	67	134
227	51	196	67	134
228	54	196	67	135
229	56	195	68	136
230	59	195	68	137
231	61	194	69	138
232	64	193	69	139
233	66	193	70	140
234	68	192	71	142
235	70	192	71	143
236	72	192	71	143
237	74	192	72	144
238	77	192	72	144
239	79	192	72	145
240	81	192	72	145
241	84	192	73	146
242	87	193	73	146
243	90	194	73	146
244	93	194	72	145
245	97	194	72	145
246	100	195	72	145
247	103	195	72	145
248	107	195	72	145
249	111	196	73	146
250	114	196	73	146
251	118	196	73	146
252	121	196	73	146
253	125	196	73	146
254	129	196	73	147
255	132	196	74	148
256	135	196	74	149
257	138	195	75	151
258	141	193	76	153
259	145	192	77	155
260	148	191	78	157
261	151	190	79	159
262	155	189	80	161
263	159	188	81	162
264	163	187	81	163
265	167	186	82	165
266	172	186	83	166
267	177	185	83	167
268	182	185	84	169
269	186	185	85	170
270	191	184	85	171
271	196	184	86	173
272	200	184	87	174
273	204	184	88	176
274	208	184	89	178
275	212	184	89	179
276	216	184	90	181
277	220	184	91	182
278	224	184	91	183
279	229	184	92	184
280	233	185	92	185
281	238	185	93	186
282	242	184	94	188
283	247	184	94	189
284	251	183	95	191
285	256	183	96	193
286	261	182	97	194
287	265	182	97	195
288	270	182	98	196
289	274	182	98	197
290	279	183	98	197
291	284	185	98	196
292	289	186	97	195
293	294	188	97	194
294	299	190	96	193
295	304	192	96	192
296	309	194	95	190
297	314	196	94	189
298	318	197	94	188
299	323	198	93	187
300	327	199	93	187
301	331	200	93	186
302	336	200	93	186
303	341	200	93	186
304	346	199	93	187
305	351	198	93	187
306	357	197	94	188
307	363	196	94	189
308	369	195	95	190
309	375	194	95	191
310	381	193	96	192
311	387	192	96	192
312	392	191	96	193
313	398	190	96	193
314	403	190	96	193
315	409	190	96	193
316	414	190	96	193
317	419	190	96	193
318	425	189	96	193
319	430	189	96	193
320	436	189	96	193
321	442	188	97	194
322	448	187	97	195
323	455	186	98	196
324	461	185	98	197
325	466	185	99	198
326	472	185	98	197
327	478	185	98	197
328	483	185	98	196
329	489	185	98	197
330	495	184	99	198
331	500	184	99	199
332	506	183	100	201
333	512	182	102	204
334	517	181	104	208
335	523	179	106	212
336	529	177	108	217
337	535	175	111	222
338	541	172	113	227
339	546	170	115	231
340	551	169	117	235
341	556	168	119	238
342	561	167	120	240
343	566	167	120	241
344	572	168	120	240
345	578	170	119	238
346	585	171	118	237
347	592	172	118	236
348	600	172	118	236
349	607	173	118	237
350	615	173	119	238
351	622	172	120	240
352	629	172	122	244
353	635	171	122	245
354	642	171	123	247
355	649	170	124	249
356	655	170	125	251
357	662	169	127	254
358	668	168	128	256
359	675	167	129	259
360	681	165	131	262
361	687	164	132	265
3D Trajetory (frame, x, z, height, pose)
194	-5.33	8.73	1.79	2.00
195	-5.36	8.82	1.81	2.00
196	-5.31	8.78	1.81	1.00
197	-5.45	9.08	1.76	1.00
198	-5.34	8.96	1.77	1.00
199	-5.28	8.91	1.80	1.00
200	-5.25	8.88	1.82	2.00
201	-5.18	8.82	1.84	2.00
202	-5.07	8.68	1.89	2.00
203	-5.03	8.65	1.91	2.00
204	-4.96	8.59	1.93	2.00
205	-4.90	8.55	1.95	2.00
206	-4.85	8.52	1.96	2.00
207	-4.81	8.51	1.98	2.00
208	-4.78	8.51	1.98	2.00
209	-4.74	8.48	1.98	2.00
210	-4.69	8.44	2.00	2.00
211	-4.63	8.42	2.00	2.00
212	-4.57	8.39	2.01	2.00
213	-4.52	8.36	2.02	2.00
214	-4.47	8.33	2.04	2.00
215	-4.45	8.31	2.05	2.00
216	-4.40	8.28	2.06	2.00
217	-4.33	8.23	2.05	2.00
218	-4.27	8.18	2.06	4.00
219	-4.22	8.14	2.04	4.00
220	-4.16	8.10	2.04	4.00
221	-4.12	8.09	2.03	4.00
222	-4.08	8.08	2.03	4.00
223	-4.01	8.01	2.00	1.00
224	-3.96	7.98	2.00	1.00
225	-3.90	7.97	1.97	1.00
226	-3.85	7.94	1.97	1.00
227	-3.80	7.91	1.98	4.00
228	-3.76	7.87	1.99	4.00
229	-3.69	7.84	2.00	4.00
230	-3.60	7.76	2.01	4.00
231	-3.52	7.68	2.01	4.00
232	-3.47	7.64	2.00	4.00
233	-3.42	7.58	2.01	4.00
234	-3.35	7.54	2.01	4.00
235	-3.29	7.47	2.01	4.00
236	-3.24	7.41	2.01	4.00
237	-3.18	7.35	2.01	4.00
238	-3.13	7.30	1.99	2.00
239	-3.06	7.21	1.99	2.00
240	-3.01	7.19	1.97	2.00
241	-2.96	7.15	1.96	2.00
242	-2.90	7.12	1.95	2.00
243	-2.84	7.08	1.93	2.00
244	-2.78	7.04	1.93	2.00
245	-2.72	6.99	1.94	2.00
246	-2.66	6.94	1.94	2.00
247	-2.60	6.91	1.91	4.00
248	-2.55	6.90	1.90	4.00
249	-2.50	6.89	1.88	1.00
250	-2.45	6.86	1.90	1.00
251	-2.40	6.85	1.91	1.00
252	-2.34	6.81	1.90	1.00
253	-2.28	6.76	1.90	1.00
254	-2.22	6.73	1.89	1.00
255	-2.16	6.70	1.89	1.00
256	-2.09	6.67	1.89	1.00
257	-2.03	6.61	1.89	4.00
258	-1.97	6.55	1.90	4.00
259	-1.90	6.45	1.90	4.00
260	-1.84	6.38	1.91	4.00
261	-1.78	6.31	1.92	4.00
262	-1.72	6.24	1.93	4.00
263	-1.65	6.16	1.95	4.00
264	-1.58	6.09	1.97	1.00
265	-1.52	6.04	1.95	1.00
266	-1.43	6.00	1.93	1.00
267	-1.36	5.95	1.90	1.00
268	-1.31	5.89	1.89	1.00
269	-1.23	5.84	1.89	1.00
270	-1.16	5.77	1.88	1.00
271	-1.09	5.68	1.90	1.00
272	-1.02	5.58	1.91	1.00
273	-0.96	5.51	1.91	1.00
274	-0.89	5.43	1.91	1.00
275	-0.85	5.40	1.90	1.00
276	-0.79	5.34	1.88	1.00
277	-0.76	5.28	1.86	1.00
278	-0.72	5.23	1.87	1.00
279	-0.67	5.16	1.86	1.00
280	-0.60	5.11	1.83	1.00
281	-0.55	5.06	1.82	1.00
282	-0.49	5.00	1.83	1.00
283	-0.42	4.95	1.82	1.00
284	-0.38	4.88	1.83	1.00
285	-0.33	4.82	1.84	1.00
286	-0.28	4.78	1.83	1.00
287	-0.23	4.72	1.83	1.00
288	-0.19	4.67	1.83	1.00
289	-0.15	4.63	1.80	1.00
290	-0.10	4.58	1.79	1.00
291	-0.06	4.54	1.78	1.00
292	-0.03	4.52	1.77	1.00
293	0.01	4.48	1.75	1.00
294	0.06	4.46	1.71	1.00
295	0.12	4.43	1.67	1.00
296	0.17	4.40	1.65	1.00
297	0.20	4.37	1.64	1.00
298	0.24	4.35	1.62	1.00
299	0.26	4.33	1.61	1.00
300	0.30	4.31	1.62	1.00
301	0.35	4.28	1.62	1.00
302	0.38	4.28	1.61	1.00
303	0.42	4.27	1.61	1.00
304	0.44	4.27	1.60	1.00
305	0.49	4.26	1.59	1.00
306	0.54	4.25	1.62	1.00
307	0.62	4.30	1.62	1.00
308	0.70	4.32	1.64	1.00
309	0.78	4.31	1.65	1.00
310	0.85	4.30	1.67	1.00
311	0.90	4.25	1.69	1.00
312	0.96	4.24	1.70	1.00
313	1.00	4.22	1.71	1.00
314	1.04	4.22	1.71	1.00
315	1.08	4.32	1.71	1.00
316	1.14	4.33	1.70	1.00
317	1.19	4.34	1.70	1.00
318	1.24	4.32	1.70	1.00
319	1.29	4.32	1.72	1.00
320	1.37	4.31	1.71	1.00
321	1.42	4.28	1.70	1.00
322	1.47	4.27	1.72	2.00
323	1.52	4.24	1.74	2.00
324	1.58	4.23	1.75	2.00
325	1.64	4.22	1.76	2.00
326	1.67	4.20	1.78	2.00
327	1.72	4.20	1.76	2.00
328	1.77	4.22	1.75	3.00
329	1.82	4.22	1.75	3.00
330	1.86	4.20	1.74	3.00
331	1.90	4.19	1.73	3.00
332	1.96	4.18	1.73	1.00
333	2.01	4.17	1.73	1.00
334	2.06	4.12	1.73	1.00
335	2.04	3.93	1.77	1.00
336	2.07	3.82	1.80	1.00
337	2.07	3.72	1.81	1.00
338	2.07	3.67	1.82	1.00
339	2.10	3.63	1.82	1.00
340	2.14	3.59	1.83	1.00
341	2.17	3.56	1.83	1.00
342	2.20	3.52	1.83	1.00
343	2.22	3.49	1.81	1.00
344	2.25	3.45	1.80	1.00
345	2.27	3.44	1.79	1.00
346	2.29	3.42	1.77	1.00
347	2.33	3.39	1.76	1.00
348	2.37	3.36	1.75	1.00
349	2.44	3.38	1.72	2.00
350	2.48	3.37	1.71	2.00
351	2.50	3.36	1.72	2.00
352	2.54	3.36	1.71	2.00
353	2.54	3.34	1.73	1.00
354	2.49	3.27	1.75	1.00
355	2.43	3.23	1.76	1.00
356	2.40	3.20	1.76	1.00
357	2.37	3.20	1.76	1.00
358	2.34	3.22	1.76	1.00
359	2.33	3.24	1.77	1.00
360	2.42	3.37	1.76	1.00
361	2.56	3.49	1.75	1.00
Target 22 (frames from 232 to 249)
Bounding Boxes (frame, x, y, width, height)
232	38	219	44	89
233	37	218	45	90
234	36	218	45	91
235	35	217	46	92
236	33	216	46	93
237	31	216	47	94
238	29	215	47	95
239	26	215	47	95
240	23	215	48	96
241	20	215	48	96
242	17	215	48	96
243	13	215	48	96
244	9	215	48	97
245	5	215	48	96
246	1	215	48	96
247	-3	215	48	96
248	-8	216	48	96
249	-13	216	47	95
3D Trajetory (frame, x, z, height, pose)
232	-5.66	10.81	1.78	3.00
233	-5.62	10.72	1.83	3.00
234	-5.59	10.60	1.84	3.00
235	-5.59	10.66	1.83	3.00
236	-5.59	10.59	1.84	3.00
237	-5.58	10.54	1.85	3.00
238	-5.59	10.52	1.86	3.00
239	-5.59	10.50	1.87	3.00
240	-5.63	10.48	1.87	3.00
241	-5.69	10.46	1.88	3.00
242	-5.76	10.46	1.88	3.00
243	-5.86	10.44	1.87	3.00
244	-5.94	10.43	1.87	3.00
245	-5.99	10.42	1.86	3.00
246	-6.05	10.41	1.85	3.00
247	-6.10	10.40	1.85	3.00
248	-6.15	10.40	1.85	3.00
249	-6.20	10.40	1.83	3.00
Target 23 (frames from 237 to 255)
Bounding Boxes (frame, x, y, width, height)
237	46	228	42	84
238	42	226	43	86
239	39	225	43	87
240	36	223	44	89
241	32	222	45	90
242	29	221	45	91
243	26	220	46	92
244	23	219	46	93
245	20	219	47	94
246	17	218	47	94
247	14	218	47	95
248	11	218	47	95
249	8	218	47	95
250	5	218	47	95
251	2	218	47	95
252	-1	218	47	95
253	-4	219	47	95
254	-7	219	47	94
255	-9	220	47	94
3D Trajetory (frame, x, z, height, pose)
237	-5.23	10.18	1.63	3.00
238	-5.23	10.15	1.64	3.00
239	-5.24	10.15	1.67	3.00
240	-5.33	10.27	1.66	3.00
241	-5.41	10.31	1.70	3.00
242	-5.45	10.30	1.73	3.00
243	-5.49	10.26	1.74	3.00
244	-5.49	10.13	1.78	3.00
245	-5.50	9.99	1.80	3.00
246	-5.60	10.10	1.79	3.00
247	-5.62	10.06	1.79	3.00
248	-5.67	10.07	1.78	3.00
249	-5.70	10.06	1.78	3.00
250	-5.74	10.04	1.78	1.00
251	-5.79	10.04	1.77	1.00
252	-5.84	10.06	1.75	1.00
253	-5.89	10.05	1.74	3.00
254	-5.93	10.05	1.73	3.00
255	-5.95	10.04	1.78	3.00
Target 24 (frames from 277 to 290)
Bounding Boxes (frame, x, y, width, height)
277	670	195	79	158
278	675	194	80	161
279	681	194	81	163
280	686	194	82	165
281	692	194	83	167
282	697	194	84	168
283	702	195	84	168
284	708	196	83	167
285	713	197	83	167
286	719	198	83	166
287	724	199	82	165
288	729	201	81	163
289	735	203	80	161
290	740	205	79	159
3D Trajetory (frame, x, z, height, pose)
277	4.32	5.42	1.81	4.00
278	4.16	5.14	1.84	1.00
279	4.17	5.04	1.82	1.00
280	4.20	4.99	1.80	1.00
281	4.19	4.91	1.77	1.00
282	4.22	4.87	1.78	3.00
283	4.24	4.82	1.78	3.00
284	4.26	4.78	1.78	3.00
285	4.31	4.77	1.75	1.00
286	4.35	4.74	1.74	1.00
287	4.39	4.73	1.70	1.00
288	4.41	4.69	1.70	1.00
289	4.45	4.67	1.67	1.00
290	4.49	4.64	1.64	1.00
Target 25 (frames from 265 to 294)
Bounding Boxes (frame, x, y, width, height)
265	91	217	41	83
266	89	218	41	82
267	86	218	41	82
268	83	218	41	82
269	81	218	40	81
270	78	218	40	81
271	75	218	40	81
272	73	218	40	81
273	70	218	40	81
274	67	218	40	81
275	65	218	41	82
276	62	218	41	82
277	59	217	41	83
278	56	217	41	83
279	53	217	42	84
280	51	216	42	84
281	48	216	42	84
282	45	216	42	85
283	42	216	42	85
284	40	216	42	85
285	37	216	42	85
286	34	215	43	86
287	31	215	43	86
288	28	215	43	86
289	25	215	43	87
290	23	215	43	87
291	20	214	44	88
292	17	214	44	88
293	14	214	44	88
294	11	213	44	89
3D Trajetory (frame, x, z, height, pose)
265	-5.13	12.05	1.87	3.00
266	-5.20	12.02	1.88	3.00
267	-5.28	12.13	1.87	3.00
268	-5.31	12.13	1.89	3.00
269	-5.34	12.13	1.88	3.00
270	-5.38	12.13	1.87	3.00
271	-5.45	12.13	1.85	3.00
272	-5.54	12.12	1.81	3.00
273	-5.58	12.10	1.82	3.00
274	-5.63	12.08	1.83	3.00
275	-5.68	12.05	1.85	3.00
276	-5.74	12.03	1.87	3.00
277	-5.79	12.02	1.88	3.00
278	-5.83	12.00	1.87	3.00
279	-5.87	12.00	1.88	3.00
280	-5.92	12.00	1.89	3.00
281	-5.97	11.98	1.91	3.00
282	-6.02	11.96	1.91	3.00
283	-6.07	11.95	1.90	3.00
284	-6.12	11.91	1.89	3.00
285	-6.16	11.87	1.89	3.00
286	-6.20	11.83	1.88	3.00
287	-6.26	11.81	1.87	3.00
288	-6.29	11.75	1.88	3.00
289	-6.32	11.72	1.90	3.00
290	-6.35	11.70	1.90	3.00
291	-6.40	11.69	1.89	3.00
292	-6.44	11.69	1.91	3.00
293	-6.49	11.69	1.93	3.00
294	-6.54	11.67	1.93	3.00
