Total frames 347
Number of Targets 13
Target 1 (frames from 1 to 177)
Bounding Boxes (frame, x, y, width, height)
1	373	188	102	204
2	373	188	102	204
3	372	187	102	205
4	372	186	103	206
5	371	186	103	207
6	370	185	103	207
7	369	184	104	208
8	368	183	104	209
9	367	182	105	210
10	365	181	105	211
11	363	180	106	213
12	362	179	107	214
13	360	177	107	215
14	359	176	108	216
15	357	174	109	218
16	355	172	109	219
17	353	171	110	221
18	351	169	111	222
19	349	168	112	224
20	348	168	112	225
21	346	167	113	226
22	344	167	113	226
23	342	167	113	227
24	340	167	113	227
25	338	167	114	228
26	335	167	114	229
27	333	167	114	229
28	331	168	115	230
29	329	168	115	231
30	327	168	115	231
31	326	168	116	232
32	325	168	116	232
33	324	168	116	233
34	323	168	116	233
35	322	169	116	233
36	321	169	116	233
37	320	170	116	233
38	319	170	117	234
39	318	171	117	234
40	316	172	117	234
41	314	172	117	234
42	311	173	117	235
43	309	173	118	236
44	306	173	118	237
45	303	173	119	238
46	300	172	120	240
47	297	171	120	241
48	295	171	121	243
49	293	170	122	244
50	292	170	123	246
51	290	170	123	247
52	289	169	124	248
53	288	170	124	248
54	287	170	124	249
55	286	171	124	249
56	286	172	124	249
57	285	173	124	249
58	283	174	125	250
59	281	174	125	250
60	279	174	125	250
61	276	174	125	251
62	273	173	126	252
63	270	173	126	253
64	266	173	126	253
65	263	173	127	254
66	260	173	127	254
67	257	173	127	254
68	255	174	127	254
69	252	175	127	254
70	251	176	127	254
71	250	178	126	253
72	249	180	126	253
73	248	182	126	252
74	247	184	126	252
75	247	185	126	252
76	247	186	126	252
77	246	187	126	253
78	246	186	127	254
79	245	186	127	255
80	243	185	128	256
81	242	183	128	257
82	240	182	129	258
83	238	180	129	259
84	236	178	130	260
85	234	177	130	260
86	231	176	130	261
87	228	174	131	262
88	225	173	132	264
89	223	173	132	265
90	220	172	133	267
91	217	172	134	269
92	214	172	136	272
93	211	171	137	274
94	209	171	138	276
95	207	171	139	278
96	204	170	140	280
97	202	170	141	282
98	199	169	142	284
99	197	168	142	285
100	194	168	143	286
101	192	167	143	287
102	190	166	144	288
103	187	166	144	289
104	185	165	144	289
105	182	165	145	290
106	180	164	145	291
107	177	164	145	291
108	175	163	146	292
109	172	163	146	292
110	170	163	146	292
111	167	164	146	292
112	164	164	146	292
113	161	164	146	292
114	158	164	146	292
115	155	165	146	292
116	153	165	146	292
117	150	164	146	293
118	148	164	146	293
119	146	163	147	294
120	145	163	147	295
121	143	162	148	296
122	141	161	148	297
123	138	160	149	298
124	136	159	149	299
125	134	159	150	300
126	132	158	150	301
127	130	158	151	302
128	128	158	151	303
129	125	157	152	304
130	122	157	152	305
131	119	157	153	306
132	116	156	153	307
133	113	156	153	307
134	110	156	154	308
135	107	155	154	309
136	103	155	155	310
137	100	154	156	312
138	97	153	156	313
139	93	152	157	315
140	90	150	158	316
141	86	148	159	318
142	83	147	159	319
143	81	146	160	320
144	78	145	160	320
145	76	144	160	321
146	73	143	160	321
147	71	143	161	322
148	69	142	161	322
149	68	142	161	322
150	67	142	161	322
151	67	143	161	322
152	67	145	160	321
153	67	146	160	321
154	67	148	160	320
155	68	150	159	319
156	69	151	159	318
157	70	152	158	317
158	71	153	158	317
159	71	154	158	316
160	71	154	158	316
161	70	155	157	315
162	69	155	157	315
163	67	156	158	316
164	64	156	158	316
165	59	157	158	317
166	53	157	158	317
167	47	158	158	317
168	41	159	159	318
169	36	160	158	317
170	30	161	158	316
171	25	162	157	315
172	19	163	157	314
173	13	165	156	312
174	7	166	155	310
175	1	168	154	308
176	-5	170	153	306
177	-12	172	152	304
3D Trajetory (frame, x, z, height, pose)
1	0.60	4.38	1.78	4.00
2	0.59	4.36	1.77	4.00
3	0.59	4.34	1.77	4.00
4	0.58	4.29	1.78	4.00
5	0.56	4.24	1.78	2.00
6	0.56	4.22	1.78	2.00
7	0.55	4.19	1.78	4.00
8	0.53	4.21	1.78	4.00
9	0.51	4.23	1.78	4.00
10	0.50	4.22	1.77	4.00
11	0.50	4.22	1.77	4.00
12	0.47	4.20	1.78	4.00
13	0.45	4.18	1.78	4.00
14	0.43	4.15	1.79	4.00
15	0.41	4.12	1.80	4.00
16	0.39	4.08	1.81	4.00
17	0.37	4.05	1.81	3.00
18	0.36	4.05	1.81	3.00
19	0.34	4.04	1.81	4.00
20	0.32	4.04	1.82	4.00
21	0.30	4.03	1.82	4.00
22	0.28	4.01	1.82	4.00
23	0.26	4.00	1.81	4.00
24	0.23	3.98	1.81	4.00
25	0.21	3.96	1.81	2.00
26	0.19	3.94	1.80	2.00
27	0.17	3.92	1.79	4.00
28	0.16	3.89	1.79	4.00
29	0.15	3.87	1.79	4.00
30	0.14	3.85	1.79	4.00
31	0.13	3.83	1.79	4.00
32	0.12	3.82	1.78	4.00
33	0.11	3.80	1.77	4.00
34	0.10	3.79	1.77	4.00
35	0.10	3.78	1.77	4.00
36	0.09	3.76	1.76	4.00
37	0.08	3.75	1.76	2.00
38	0.06	3.74	1.75	2.00
39	0.05	3.73	1.74	2.00
40	0.03	3.72	1.74	2.00
41	0.02	3.70	1.74	2.00
42	-0.00	3.69	1.74	2.00
43	-0.02	3.67	1.74	3.00
44	-0.04	3.66	1.73	3.00
45	-0.06	3.64	1.73	3.00
46	-0.08	3.62	1.73	3.00
47	-0.09	3.60	1.73	3.00
48	-0.11	3.58	1.74	3.00
49	-0.13	3.55	1.75	4.00
50	-0.14	3.53	1.75	4.00
51	-0.15	3.50	1.76	4.00
52	-0.16	3.49	1.75	4.00
53	-0.18	3.48	1.74	2.00
54	-0.18	3.47	1.73	2.00
55	-0.18	3.46	1.72	2.00
56	-0.20	3.44	1.72	2.00
57	-0.21	3.42	1.71	2.00
58	-0.22	3.41	1.71	2.00
59	-0.23	3.39	1.70	2.00
60	-0.24	3.38	1.70	2.00
61	-0.25	3.37	1.70	2.00
62	-0.27	3.34	1.69	2.00
63	-0.30	3.32	1.69	2.00
64	-0.31	3.31	1.69	2.00
65	-0.33	3.30	1.69	2.00
66	-0.35	3.29	1.69	2.00
67	-0.37	3.29	1.69	2.00
68	-0.39	3.27	1.68	2.00
69	-0.40	3.25	1.67	2.00
70	-0.42	3.24	1.66	2.00
71	-0.43	3.24	1.65	2.00
72	-0.43	3.23	1.65	2.00
73	-0.44	3.23	1.64	4.00
74	-0.45	3.22	1.63	4.00
75	-0.46	3.22	1.63	4.00
76	-0.47	3.21	1.63	4.00
77	-0.48	3.20	1.63	4.00
78	-0.48	3.19	1.64	4.00
79	-0.49	3.19	1.64	2.00
80	-0.50	3.20	1.66	2.00
81	-0.52	3.20	1.67	2.00
82	-0.52	3.20	1.68	2.00
83	-0.53	3.20	1.68	2.00
84	-0.55	3.21	1.69	2.00
85	-0.56	3.21	1.70	2.00
86	-0.58	3.20	1.70	2.00
87	-0.59	3.20	1.69	2.00
88	-0.60	3.19	1.69	2.00
89	-0.61	3.19	1.70	2.00
90	-0.63	3.17	1.70	2.00
91	-0.65	3.16	1.71	2.00
92	-0.65	3.13	1.72	2.00
93	-0.66	3.10	1.72	2.00
94	-0.66	3.07	1.72	2.00
95	-0.67	3.04	1.73	2.00
96	-0.67	3.01	1.72	2.00
97	-0.68	2.99	1.72	2.00
98	-0.70	2.98	1.72	2.00
99	-0.71	2.97	1.72	2.00
100	-0.72	2.95	1.71	2.00
101	-0.73	2.94	1.70	2.00
102	-0.73	2.92	1.70	2.00
103	-0.74	2.91	1.70	2.00
104	-0.75	2.89	1.70	2.00
105	-0.75	2.88	1.69	2.00
106	-0.76	2.86	1.70	2.00
107	-0.77	2.85	1.70	2.00
108	-0.78	2.85	1.69	2.00
109	-0.80	2.84	1.68	2.00
110	-0.81	2.83	1.68	2.00
111	-0.82	2.83	1.69	2.00
112	-0.84	2.83	1.68	2.00
113	-0.85	2.83	1.68	2.00
114	-0.86	2.83	1.67	2.00
115	-0.88	2.83	1.67	2.00
116	-0.89	2.82	1.67	2.00
117	-0.90	2.81	1.67	2.00
118	-0.91	2.80	1.67	2.00
119	-0.92	2.79	1.68	2.00
120	-0.92	2.78	1.68	2.00
121	-0.93	2.78	1.68	2.00
122	-0.94	2.77	1.68	2.00
123	-0.96	2.76	1.68	2.00
124	-0.97	2.75	1.68	2.00
125	-0.98	2.74	1.68	2.00
126	-0.98	2.73	1.68	2.00
127	-0.99	2.71	1.68	2.00
128	-1.00	2.70	1.68	2.00
129	-1.01	2.69	1.67	2.00
130	-1.02	2.68	1.67	2.00
131	-1.02	2.67	1.67	2.00
132	-1.03	2.66	1.66	2.00
133	-1.03	2.65	1.65	2.00
134	-1.04	2.64	1.65	2.00
135	-1.04	2.63	1.65	2.00
136	-1.05	2.61	1.65	2.00
137	-1.05	2.60	1.65	2.00
138	-1.06	2.59	1.65	2.00
139	-1.07	2.58	1.65	2.00
140	-1.08	2.56	1.65	2.00
141	-1.09	2.55	1.64	2.00
142	-1.10	2.55	1.65	2.00
143	-1.11	2.54	1.66	2.00
144	-1.12	2.54	1.66	2.00
145	-1.13	2.54	1.66	2.00
146	-1.14	2.54	1.66	2.00
147	-1.15	2.53	1.66	4.00
148	-1.15	2.53	1.65	4.00
149	-1.15	2.53	1.64	4.00
150	-1.16	2.52	1.64	4.00
151	-1.17	2.51	1.64	4.00
152	-1.17	2.50	1.64	4.00
153	-1.18	2.50	1.63	2.00
154	-1.18	2.49	1.63	2.00
155	-1.19	2.48	1.63	2.00
156	-1.19	2.48	1.62	2.00
157	-1.19	2.47	1.61	2.00
158	-1.21	2.47	1.61	2.00
159	-1.22	2.46	1.60	2.00
160	-1.23	2.46	1.60	2.00
161	-1.24	2.45	1.59	2.00
162	-1.24	2.45	1.59	2.00
163	-1.24	2.44	1.59	2.00
164	-1.25	2.43	1.59	2.00
165	-1.27	2.41	1.59	2.00
166	-1.27	2.40	1.58	2.00
167	-1.28	2.39	1.57	2.00
168	-1.29	2.38	1.56	2.00
169	-1.29	2.38	1.55	2.00
170	-1.30	2.38	1.54	2.00
171	-1.31	2.38	1.53	2.00
172	-1.32	2.38	1.51	2.00
173	-1.33	2.39	1.50	2.00
174	-1.34	2.40	1.49	2.00
175	-1.35	2.41	1.49	2.00
176	-1.36	2.43	1.48	2.00
177	-1.38	2.45	1.47	2.00
Target 2 (frames from 1 to 155)
Bounding Boxes (frame, x, y, width, height)
1	485	198	76	153
2	486	196	77	155
3	486	195	78	157
4	487	193	79	159
5	487	192	80	160
6	487	190	80	161
7	488	189	81	163
8	488	188	82	164
9	488	187	82	165
10	489	186	83	166
11	488	185	82	165
12	488	185	82	165
13	489	184	82	165
14	489	183	82	165
15	489	183	82	165
16	489	182	83	166
17	489	180	83	167
18	489	180	84	168
19	489	179	85	170
20	489	178	85	171
21	489	177	86	172
22	489	177	86	173
23	488	176	87	174
24	487	176	88	176
25	486	175	88	177
26	484	175	88	177
27	483	175	89	178
28	482	175	89	179
29	480	175	90	180
30	478	175	90	180
31	477	174	90	181
32	475	174	90	181
33	474	174	90	181
34	473	174	91	182
35	471	174	91	182
36	470	175	91	182
37	469	175	91	182
38	468	175	91	183
39	467	176	91	183
40	466	176	91	183
41	465	177	92	184
42	464	177	92	184
43	463	177	92	184
44	462	178	92	185
45	461	178	92	185
46	461	178	92	185
47	460	179	92	185
48	460	179	92	184
49	460	179	92	184
50	460	179	92	184
51	460	179	91	183
52	460	180	91	183
53	460	180	91	183
54	460	181	91	182
55	460	181	91	182
56	460	182	91	182
57	460	182	91	182
58	459	182	91	182
59	458	181	91	183
60	457	180	91	183
61	456	180	92	184
62	454	179	92	185
63	453	178	92	185
64	451	177	93	186
65	450	176	93	187
66	449	176	94	188
67	448	175	94	189
68	447	174	94	189
69	446	174	95	190
70	446	175	95	191
71	446	175	96	192
72	446	176	96	192
73	446	177	96	193
74	446	178	97	194
75	447	178	97	195
76	447	179	97	195
77	448	180	98	196
78	448	180	98	197
79	448	181	99	198
80	448	181	99	198
81	448	181	99	198
82	448	180	99	199
83	448	180	99	199
84	448	180	99	199
85	448	179	99	198
86	448	179	99	198
87	448	180	99	198
88	448	180	99	198
89	448	180	99	198
90	449	181	98	197
91	448	182	98	197
92	448	183	98	197
93	448	184	99	198
94	448	184	99	198
95	448	184	99	199
96	447	184	100	200
97	446	183	100	201
98	445	181	101	203
99	444	180	102	204
100	442	178	103	206
101	440	176	104	208
102	439	174	105	210
103	437	172	106	212
104	435	171	107	214
105	433	169	108	216
106	431	168	109	218
107	430	167	109	219
108	428	167	110	220
109	427	166	110	221
110	426	166	110	221
111	424	167	111	222
112	423	167	111	223
113	421	167	111	223
114	419	167	112	224
115	417	167	112	225
116	415	166	113	227
117	413	166	114	229
118	412	165	115	230
119	411	164	116	232
120	410	164	117	234
121	409	163	118	236
122	407	162	119	238
123	406	162	119	239
124	405	161	120	240
125	404	160	121	242
126	403	160	121	243
127	401	160	122	244
128	400	160	122	245
129	398	160	122	245
130	395	160	123	246
131	392	159	123	246
132	389	159	123	247
133	386	159	124	248
134	384	158	124	249
135	381	158	124	249
136	379	158	124	248
137	377	159	123	247
138	375	159	123	246
139	374	160	121	243
140	373	162	120	240
141	373	163	118	237
142	373	165	117	234
143	373	167	115	230
144	374	170	113	226
145	375	172	111	223
146	375	173	110	220
147	376	174	109	218
148	376	174	108	217
149	377	175	108	216
150	378	175	108	216
151	379	174	108	216
152	380	173	108	216
153	381	173	108	217
154	382	171	109	218
155	383	170	110	220
3D Trajetory (frame, x, z, height, pose)
1	1.96	5.81	1.71	2.00
2	1.94	5.72	1.75	2.00
3	1.91	5.63	1.80	2.00
4	1.90	5.59	1.81	2.00
5	1.89	5.55	1.82	2.00
6	1.89	5.47	1.82	2.00
7	1.88	5.39	1.82	2.00
8	1.87	5.37	1.82	2.00
9	1.85	5.36	1.81	2.00
10	1.88	5.48	1.81	2.00
11	1.90	5.60	1.80	2.00
12	1.89	5.57	1.80	2.00
13	1.87	5.53	1.80	2.00
14	1.87	5.50	1.80	2.00
15	1.86	5.46	1.81	2.00
16	1.83	5.42	1.81	2.00
17	1.81	5.39	1.81	2.00
18	1.80	5.36	1.81	2.00
19	1.79	5.33	1.82	2.00
20	1.77	5.31	1.82	2.00
21	1.76	5.29	1.83	2.00
22	1.74	5.28	1.83	2.00
23	1.72	5.28	1.82	2.00
24	1.71	5.26	1.83	2.00
25	1.69	5.24	1.83	2.00
26	1.67	5.19	1.83	2.00
27	1.65	5.15	1.83	2.00
28	1.62	5.11	1.84	2.00
29	1.59	5.07	1.85	2.00
30	1.58	5.07	1.84	2.00
31	1.57	5.07	1.83	2.00
32	1.54	5.06	1.82	2.00
33	1.52	5.05	1.82	2.00
34	1.51	5.05	1.82	2.00
35	1.49	5.04	1.82	2.00
36	1.47	5.02	1.82	2.00
37	1.45	5.01	1.82	2.00
38	1.43	4.98	1.82	2.00
39	1.40	4.96	1.81	2.00
40	1.39	4.93	1.81	2.00
41	1.37	4.90	1.81	2.00
42	1.36	4.90	1.81	2.00
43	1.35	4.90	1.80	2.00
44	1.35	4.90	1.80	2.00
45	1.34	4.89	1.79	2.00
46	1.33	4.88	1.79	2.00
47	1.32	4.87	1.79	2.00
48	1.31	4.87	1.79	2.00
49	1.30	4.86	1.80	2.00
50	1.29	4.85	1.79	2.00
51	1.28	4.85	1.79	2.00
52	1.28	4.87	1.78	2.00
53	1.27	4.90	1.76	2.00
54	1.27	4.89	1.76	2.00
55	1.27	4.88	1.76	2.00
56	1.25	4.88	1.76	2.00
57	1.23	4.87	1.76	2.00
58	1.22	4.87	1.76	2.00
59	1.22	4.88	1.76	2.00
60	1.21	4.87	1.77	2.00
61	1.20	4.86	1.78	2.00
62	1.19	4.85	1.79	2.00
63	1.17	4.84	1.80	2.00
64	1.16	4.82	1.79	2.00
65	1.14	4.79	1.78	2.00
66	1.13	4.78	1.78	2.00
67	1.11	4.77	1.78	2.00
68	1.11	4.76	1.79	2.00
69	1.10	4.75	1.80	2.00
70	1.09	4.73	1.80	2.00
71	1.08	4.71	1.81	2.00
72	1.08	4.70	1.80	2.00
73	1.08	4.69	1.80	2.00
74	1.07	4.68	1.80	2.00
75	1.05	4.66	1.80	2.00
76	1.05	4.64	1.80	2.00
77	1.04	4.63	1.80	2.00
78	1.03	4.61	1.80	2.00
79	1.02	4.60	1.80	2.00
80	1.01	4.58	1.80	2.00
81	1.01	4.56	1.80	2.00
82	1.00	4.54	1.79	2.00
83	1.00	4.52	1.79	2.00
84	1.00	4.51	1.78	2.00
85	0.99	4.49	1.78	2.00
86	1.00	4.50	1.77	2.00
87	1.01	4.52	1.76	2.00
88	1.01	4.51	1.76	2.00
89	1.00	4.50	1.75	2.00
90	1.00	4.48	1.75	2.00
91	1.00	4.47	1.75	2.00
92	0.99	4.46	1.75	2.00
93	0.99	4.45	1.75	2.00
94	0.98	4.42	1.74	2.00
95	0.98	4.40	1.74	2.00
96	0.97	4.39	1.74	2.00
97	0.96	4.37	1.73	2.00
98	0.95	4.35	1.73	2.00
99	0.94	4.32	1.74	2.00
100	0.92	4.30	1.75	2.00
101	0.90	4.28	1.77	2.00
102	0.89	4.26	1.78	2.00
103	0.88	4.23	1.78	2.00
104	0.86	4.20	1.79	2.00
105	0.84	4.16	1.80	2.00
106	0.83	4.12	1.79	2.00
107	0.81	4.08	1.79	2.00
108	0.80	4.06	1.78	2.00
109	0.79	4.04	1.78	2.00
110	0.78	4.02	1.77	2.00
111	0.76	4.00	1.76	2.00
112	0.75	3.99	1.76	2.00
113	0.74	3.97	1.75	2.00
114	0.73	3.95	1.76	2.00
115	0.72	3.92	1.76	2.00
116	0.71	3.90	1.76	2.00
117	0.69	3.87	1.76	2.00
118	0.68	3.84	1.76	2.00
119	0.66	3.82	1.76	2.00
120	0.65	3.78	1.77	2.00
121	0.63	3.75	1.77	2.00
122	0.62	3.71	1.77	2.00
123	0.61	3.67	1.76	2.00
124	0.59	3.65	1.75	2.00
125	0.58	3.64	1.74	2.00
126	0.57	3.62	1.74	2.00
127	0.55	3.59	1.74	2.00
128	0.54	3.58	1.74	2.00
129	0.53	3.57	1.74	2.00
130	0.51	3.55	1.74	2.00
131	0.50	3.53	1.74	2.00
132	0.49	3.52	1.73	2.00
133	0.47	3.51	1.72	2.00
134	0.46	3.50	1.72	2.00
135	0.45	3.49	1.71	2.00
136	0.43	3.48	1.71	2.00
137	0.41	3.47	1.71	2.00
138	0.40	3.45	1.71	2.00
139	0.38	3.43	1.70	2.00
140	0.39	3.47	1.69	2.00
141	0.40	3.50	1.67	2.00
142	0.39	3.53	1.65	2.00
143	0.38	3.56	1.62	2.00
144	0.39	3.57	1.60	2.00
145	0.39	3.59	1.58	2.00
146	0.40	3.61	1.57	2.00
147	0.41	3.63	1.55	2.00
148	0.41	3.63	1.55	2.00
149	0.41	3.63	1.56	2.00
150	0.41	3.64	1.56	2.00
151	0.40	3.65	1.57	2.00
152	0.40	3.65	1.59	2.00
153	0.40	3.65	1.60	2.00
154	0.42	3.67	1.61	2.00
155	0.44	3.68	1.61	2.00
Target 3 (frames from 19 to 87)
Bounding Boxes (frame, x, y, width, height)
19	422	179	66	133
20	421	179	67	134
21	419	179	68	136
22	418	179	68	137
23	416	179	69	138
24	415	178	69	139
25	413	178	70	141
26	412	178	71	142
27	410	177	72	144
28	409	176	73	146
29	407	175	74	148
30	405	173	75	151
31	404	172	76	153
32	403	171	77	155
33	402	171	78	156
34	402	171	78	156
35	401	172	78	157
36	402	173	78	156
37	402	174	78	156
38	403	175	78	156
39	403	176	78	156
40	404	177	77	155
41	404	178	78	156
42	404	178	78	156
43	404	179	78	157
44	404	178	79	159
45	404	178	80	161
46	403	177	81	163
47	403	176	83	166
48	403	174	84	168
49	403	174	85	170
50	403	173	86	172
51	402	172	87	174
52	402	171	88	176
53	402	171	89	178
54	402	170	90	180
55	402	170	91	182
56	402	170	92	184
57	402	170	93	186
58	401	170	93	187
59	400	169	94	189
60	399	169	95	190
61	398	169	96	192
62	397	169	96	193
63	397	169	97	194
64	396	169	97	194
65	395	169	97	194
66	395	170	97	194
67	395	170	96	193
68	395	171	96	192
69	395	172	96	192
70	395	173	95	191
71	396	174	95	190
72	397	175	94	189
73	398	177	94	189
74	399	179	94	188
75	399	180	93	187
76	400	181	93	186
77	401	183	92	185
78	402	184	92	184
79	403	185	91	183
80	403	185	91	183
81	404	185	91	182
82	404	186	90	181
83	405	186	90	180
84	405	185	90	180
85	405	185	89	179
86	406	185	89	178
87	406	184	89	178
3D Trajetory (frame, x, z, height, pose)
19	1.33	7.28	2.00	1.00
20	1.27	7.12	1.94	1.00
21	1.20	6.95	1.89	3.00
22	1.17	6.90	1.88	3.00
23	1.15	6.84	1.87	4.00
24	1.13	6.85	1.88	4.00
25	1.12	6.85	1.89	4.00
26	1.09	6.80	1.90	4.00
27	1.07	6.74	1.91	4.00
28	1.04	6.65	1.93	4.00
29	1.00	6.55	1.95	4.00
30	0.98	6.46	1.96	4.00
31	0.96	6.37	1.97	4.00
32	0.94	6.31	1.97	4.00
33	0.92	6.26	1.98	4.00
34	0.90	6.21	1.98	4.00
35	0.88	6.15	1.97	4.00
36	0.88	6.12	1.95	4.00
37	0.88	6.09	1.94	4.00
38	0.88	6.15	1.89	4.00
39	0.89	6.21	1.84	4.00
40	0.88	6.15	1.86	4.00
41	0.88	6.09	1.87	4.00
42	0.88	6.02	1.88	4.00
43	0.88	5.94	1.90	4.00
44	0.87	5.89	1.90	4.00
45	0.86	5.84	1.90	4.00
46	0.85	5.79	1.89	4.00
47	0.84	5.74	1.89	2.00
48	0.83	5.68	1.90	2.00
49	0.83	5.62	1.91	4.00
50	0.82	5.56	1.91	4.00
51	0.81	5.50	1.91	4.00
52	0.79	5.45	1.91	4.00
53	0.78	5.39	1.92	4.00
54	0.76	5.34	1.92	4.00
55	0.75	5.28	1.91	4.00
56	0.73	5.22	1.91	4.00
57	0.72	5.16	1.91	4.00
58	0.71	5.11	1.91	4.00
59	0.71	5.05	1.91	4.00
60	0.69	5.00	1.90	4.00
61	0.68	4.94	1.90	4.00
62	0.66	4.90	1.88	4.00
63	0.65	4.85	1.86	3.00
64	0.64	4.81	1.86	3.00
65	0.63	4.76	1.86	4.00
66	0.63	4.75	1.85	4.00
67	0.63	4.73	1.84	4.00
68	0.63	4.74	1.83	4.00
69	0.63	4.74	1.82	3.00
70	0.63	4.78	1.81	3.00
71	0.63	4.81	1.81	4.00
72	0.63	4.82	1.81	4.00
73	0.63	4.83	1.81	4.00
74	0.63	4.83	1.81	4.00
75	0.62	4.83	1.81	4.00
76	0.62	4.85	1.81	4.00
77	0.63	4.88	1.81	3.00
78	0.62	4.88	1.81	3.00
79	0.62	4.89	1.80	3.00
80	0.61	4.90	1.78	3.00
81	0.61	4.91	1.76	3.00
82	0.62	4.91	1.76	3.00
83	0.63	4.92	1.75	3.00
84	0.62	4.92	1.75	3.00
85	0.62	4.93	1.75	3.00
86	0.63	4.91	1.75	3.00
87	0.63	4.90	1.75	3.00
Target 4 (frames from 21 to 347)
Bounding Boxes (frame, x, y, width, height)
21	525	182	62	125
22	525	184	63	126
23	524	185	63	126
24	524	186	63	127
25	524	187	63	127
26	524	188	64	128
27	524	189	64	128
28	524	189	64	129
29	523	190	64	129
30	523	190	65	130
31	523	189	65	131
32	523	189	65	131
33	522	188	66	132
34	522	188	66	132
35	522	188	66	133
36	523	188	66	133
37	523	189	66	132
38	524	190	66	132
39	524	190	66	132
40	524	191	65	131
41	524	192	65	131
42	523	192	65	131
43	523	192	65	131
44	523	193	65	131
45	522	193	65	131
46	522	193	65	131
47	522	193	65	131
48	523	192	66	132
49	523	192	66	132
50	524	191	66	133
51	524	191	66	133
52	525	190	67	134
53	525	190	67	134
54	526	191	67	134
55	527	191	67	135
56	528	191	67	135
57	529	191	67	135
58	529	191	67	135
59	529	191	67	135
60	529	191	67	135
61	530	191	67	135
62	530	191	67	135
63	529	190	67	135
64	529	190	67	135
65	529	189	68	136
66	529	189	68	136
67	529	189	68	136
68	529	189	68	136
69	530	189	68	136
70	530	189	68	136
71	531	190	68	136
72	533	191	68	136
73	533	191	68	137
74	534	192	68	137
75	535	193	69	138
76	537	194	69	138
77	538	194	69	139
78	539	194	69	139
79	539	194	70	140
80	540	193	70	141
81	540	192	71	142
82	540	190	71	143
83	540	189	72	144
84	540	187	72	145
85	540	186	72	145
86	539	185	73	146
87	539	183	73	147
88	539	182	74	148
89	539	182	74	149
90	539	181	75	150
91	540	181	75	151
92	540	181	76	152
93	541	181	76	153
94	542	181	76	153
95	542	181	76	153
96	543	181	77	154
97	544	181	77	154
98	544	181	76	153
99	544	181	76	153
100	544	181	76	152
101	544	181	75	151
102	545	181	75	150
103	545	181	74	149
104	544	181	74	148
105	544	181	74	148
106	544	181	73	147
107	544	180	73	147
108	544	180	73	147
109	543	180	73	147
110	543	179	73	147
111	543	179	73	147
112	543	179	74	148
113	542	178	74	148
114	542	178	74	148
115	541	178	74	149
116	541	178	74	149
117	542	178	75	150
118	543	177	75	150
119	544	177	75	151
120	546	176	76	152
121	548	175	76	153
122	550	174	77	154
123	551	173	77	154
124	553	172	77	155
125	554	171	78	156
126	556	170	78	157
127	557	170	79	158
128	557	169	79	159
129	557	168	79	159
130	556	168	80	160
131	556	168	80	160
132	555	167	80	160
133	554	167	80	160
134	553	167	80	160
135	552	166	80	161
136	552	165	80	161
137	551	164	81	162
138	551	163	81	163
139	551	162	82	164
140	551	161	82	165
141	551	160	82	165
142	551	159	83	166
143	551	158	83	167
144	551	157	84	168
145	552	157	84	169
146	552	156	84	169
147	552	156	85	170
148	553	155	85	170
149	554	155	85	171
150	555	155	85	171
151	557	155	86	172
152	560	155	86	173
153	562	156	87	174
154	565	156	87	174
155	568	156	87	175
156	571	156	88	176
157	575	157	88	177
158	579	157	89	178
159	582	157	89	178
160	585	157	89	179
161	587	158	89	179
162	588	158	90	180
163	589	158	90	180
164	589	158	90	180
165	587	159	90	180
166	584	158	90	180
167	580	158	90	180
168	576	158	90	180
169	572	157	90	180
170	567	157	90	180
171	562	156	90	180
172	557	156	90	181
173	553	156	90	181
174	549	155	91	182
175	546	155	91	183
176	544	155	91	183
177	543	155	92	184
178	542	155	92	185
179	541	155	93	186
180	540	155	93	187
181	540	155	94	188
182	539	155	94	188
183	538	155	94	189
184	537	156	95	190
185	536	156	95	190
186	534	156	95	191
187	532	156	95	191
188	531	156	96	192
189	529	156	96	192
190	527	157	96	192
191	526	157	96	192
192	525	158	96	193
193	525	159	96	193
194	525	160	96	193
195	524	160	97	194
196	524	161	97	194
197	524	161	97	194
198	523	161	97	194
199	523	161	97	194
200	522	161	97	194
201	521	161	97	194
202	519	160	96	193
203	517	159	96	193
204	514	158	96	192
205	511	157	96	192
206	508	157	95	191
207	505	157	95	191
208	501	157	95	190
209	497	157	95	190
210	493	158	95	190
211	489	159	94	189
212	484	159	94	189
213	479	160	94	189
214	474	161	95	190
215	469	161	95	190
216	464	162	95	190
217	459	162	95	191
218	454	162	96	192
219	449	161	96	193
220	444	160	97	194
221	439	159	98	196
222	434	158	99	198
223	430	157	99	199
224	425	157	100	201
225	421	156	101	202
226	417	155	102	204
227	412	154	103	206
228	408	153	103	207
229	404	153	104	209
230	400	152	105	211
231	396	151	106	212
232	392	151	107	214
233	389	152	107	215
234	385	152	108	216
235	382	153	109	218
236	379	153	109	219
237	376	155	109	219
238	374	156	110	220
239	371	159	110	220
240	369	161	110	220
241	367	164	110	220
242	366	167	110	220
243	364	170	110	220
244	363	172	109	219
245	362	175	109	219
246	360	177	109	219
247	359	179	109	219
248	358	180	109	219
249	357	181	109	219
250	357	182	110	220
251	356	182	110	220
252	356	182	110	221
253	356	182	111	222
254	356	181	111	223
255	358	181	112	224
256	359	180	112	225
257	361	180	112	225
258	364	179	112	225
259	366	179	113	226
260	368	178	113	226
261	371	178	112	225
262	373	178	112	225
263	375	177	112	225
264	377	177	112	224
265	378	177	112	224
266	379	177	112	224
267	379	177	111	223
268	379	177	111	223
269	379	177	111	223
270	378	177	112	224
271	377	177	112	224
272	376	177	112	224
273	376	178	112	224
274	375	178	112	225
275	374	178	113	226
276	373	178	113	227
277	371	177	114	228
278	370	177	114	228
279	369	176	114	229
280	367	176	115	231
281	365	175	116	232
282	363	174	116	233
283	361	173	117	234
284	359	172	117	235
285	357	171	118	236
286	354	170	118	237
287	352	170	119	238
288	349	170	119	238
289	347	169	119	239
290	344	169	119	239
291	342	169	119	239
292	339	168	120	240
293	336	167	120	240
294	333	166	120	241
295	331	164	121	242
296	328	163	121	243
297	325	161	122	244
298	322	160	122	244
299	319	158	122	245
300	317	157	123	246
301	314	156	123	246
302	312	156	123	246
303	310	155	123	247
304	308	155	123	247
305	305	155	123	247
306	303	155	124	248
307	301	155	124	248
308	299	155	124	249
309	297	155	125	250
310	295	155	125	251
311	293	155	126	252
312	292	154	126	253
313	290	154	127	254
314	289	153	127	255
315	287	153	127	255
316	286	152	128	256
317	285	151	128	257
318	285	151	128	257
319	284	150	129	258
320	284	149	129	258
321	284	149	128	257
322	284	149	128	256
323	285	149	127	255
324	285	150	126	253
325	285	150	126	252
326	286	150	125	251
327	286	151	124	249
328	286	151	124	248
329	285	151	124	248
330	285	151	124	248
331	283	150	125	250
332	280	149	126	253
333	277	148	128	257
334	273	146	131	262
335	268	144	134	268
336	263	141	137	275
337	257	137	141	283
338	252	133	145	290
339	248	130	149	298
340	244	126	152	305
341	239	122	156	312
342	235	118	160	320
343	232	113	164	328
344	228	108	168	336
345	224	103	172	345
346	220	98	176	353
347	216	92	181	362
3D Trajetory (frame, x, z, height, pose)
21	2.90	7.79	2.00	2.00
22	2.79	7.46	1.90	2.00
23	2.68	7.14	1.80	2.00
24	2.67	7.09	1.78	2.00
25	2.67	7.04	1.77	2.00
26	2.67	7.02	1.76	2.00
27	2.67	6.99	1.75	2.00
28	2.60	6.92	1.76	2.00
29	2.52	6.85	1.76	2.00
30	2.52	6.80	1.77	2.00
31	2.52	6.74	1.78	2.00
32	2.52	6.72	1.78	2.00
33	2.51	6.69	1.79	2.00
34	2.51	6.71	1.78	2.00
35	2.51	6.72	1.77	2.00
36	2.50	6.71	1.76	2.00
37	2.50	6.71	1.76	2.00
38	2.49	6.71	1.76	2.00
39	2.49	6.70	1.76	2.00
40	2.48	6.72	1.76	2.00
41	2.48	6.73	1.75	2.00
42	2.48	6.73	1.76	2.00
43	2.48	6.74	1.76	2.00
44	2.48	6.74	1.75	2.00
45	2.48	6.73	1.75	2.00
46	2.47	6.72	1.75	2.00
47	2.46	6.71	1.75	2.00
48	2.45	6.71	1.76	2.00
49	2.45	6.70	1.77	2.00
50	2.45	6.68	1.76	2.00
51	2.45	6.66	1.76	2.00
52	2.44	6.65	1.77	2.00
53	2.43	6.65	1.78	2.00
54	2.43	6.65	1.78	2.00
55	2.43	6.65	1.78	2.00
56	2.42	6.63	1.78	2.00
57	2.41	6.62	1.77	2.00
58	2.41	6.61	1.76	2.00
59	2.41	6.61	1.75	2.00
60	2.41	6.60	1.76	2.00
61	2.42	6.59	1.76	2.00
62	2.42	6.59	1.77	2.00
63	2.42	6.58	1.78	2.00
64	2.42	6.58	1.77	2.00
65	2.43	6.57	1.77	2.00
66	2.43	6.57	1.77	2.00
67	2.43	6.58	1.77	2.00
68	2.43	6.57	1.77	2.00
69	2.43	6.57	1.77	2.00
70	2.43	6.57	1.77	2.00
71	2.42	6.57	1.77	2.00
72	2.43	6.56	1.77	2.00
73	2.43	6.56	1.77	2.00
74	2.43	6.55	1.77	2.00
75	2.43	6.54	1.78	2.00
76	2.43	6.54	1.79	2.00
77	2.43	6.53	1.79	2.00
78	2.43	6.52	1.80	2.00
79	2.42	6.51	1.81	2.00
80	2.42	6.51	1.81	2.00
81	2.41	6.51	1.80	2.00
82	2.42	6.50	1.82	2.00
83	2.42	6.49	1.83	2.00
84	2.42	6.49	1.85	2.00
85	2.42	6.48	1.86	2.00
86	2.41	6.47	1.87	2.00
87	2.41	6.46	1.88	2.00
88	2.41	6.45	1.89	2.00
89	2.41	6.44	1.89	2.00
90	2.42	6.43	1.90	2.00
91	2.42	6.41	1.90	2.00
92	2.42	6.40	1.91	2.00
93	2.43	6.39	1.91	2.00
94	2.43	6.37	1.92	2.00
95	2.44	6.35	1.92	2.00
96	2.43	6.34	1.92	2.00
97	2.42	6.33	1.92	2.00
98	2.43	6.33	1.91	2.00
99	2.44	6.33	1.90	2.00
100	2.44	6.33	1.89	2.00
101	2.44	6.32	1.88	2.00
102	2.43	6.32	1.86	2.00
103	2.43	6.31	1.85	2.00
104	2.43	6.31	1.84	2.00
105	2.44	6.31	1.83	2.00
106	2.44	6.31	1.82	2.00
107	2.43	6.31	1.81	2.00
108	2.43	6.30	1.81	2.00
109	2.42	6.30	1.81	2.00
110	2.42	6.29	1.82	2.00
111	2.42	6.28	1.83	2.00
112	2.42	6.27	1.83	2.00
113	2.43	6.26	1.84	2.00
114	2.43	6.24	1.84	2.00
115	2.43	6.23	1.83	2.00
116	2.42	6.22	1.84	2.00
117	2.42	6.20	1.84	2.00
118	2.43	6.19	1.84	2.00
119	2.44	6.18	1.84	2.00
120	2.45	6.17	1.84	2.00
121	2.46	6.15	1.84	1.00
122	2.47	6.14	1.85	1.00
123	2.48	6.12	1.85	2.00
124	2.49	6.09	1.86	2.00
125	2.49	6.07	1.87	2.00
126	2.50	6.04	1.88	2.00
127	2.50	6.02	1.89	2.00
128	2.50	6.01	1.88	2.00
129	2.50	5.99	1.87	2.00
130	2.50	6.00	1.88	2.00
131	2.50	6.01	1.88	2.00
132	2.49	6.00	1.88	2.00
133	2.49	5.98	1.89	2.00
134	2.49	5.97	1.89	2.00
135	2.49	5.96	1.89	2.00
136	2.49	5.94	1.89	2.00
137	2.49	5.93	1.90	2.00
138	2.49	5.91	1.90	2.00
139	2.48	5.90	1.90	2.00
140	2.49	5.87	1.91	2.00
141	2.49	5.85	1.92	2.00
142	2.49	5.84	1.92	2.00
143	2.50	5.82	1.93	2.00
144	2.50	5.81	1.94	2.00
145	2.51	5.80	1.94	2.00
146	2.51	5.78	1.94	2.00
147	2.52	5.77	1.94	2.00
148	2.51	5.76	1.94	2.00
149	2.51	5.75	1.94	2.00
150	2.51	5.73	1.94	2.00
151	2.52	5.72	1.94	4.00
152	2.52	5.70	1.94	4.00
153	2.53	5.68	1.94	4.00
154	2.53	5.66	1.94	4.00
155	2.53	5.64	1.94	4.00
156	2.54	5.62	1.94	4.00
157	2.55	5.59	1.95	4.00
158	2.54	5.57	1.94	4.00
159	2.53	5.55	1.93	4.00
160	2.53	5.53	1.92	4.00
161	2.52	5.51	1.91	4.00
162	2.52	5.49	1.91	4.00
163	2.52	5.48	1.90	4.00
164	2.52	5.45	1.90	4.00
165	2.52	5.42	1.89	4.00
166	2.52	5.40	1.89	4.00
167	2.51	5.38	1.89	4.00
168	2.50	5.38	1.90	4.00
169	2.49	5.37	1.90	4.00
170	2.48	5.36	1.90	4.00
171	2.47	5.35	1.90	2.00
172	2.46	5.32	1.91	2.00
173	2.46	5.30	1.91	2.00
174	2.44	5.25	1.91	2.00
175	2.43	5.21	1.91	4.00
176	2.42	5.17	1.91	4.00
177	2.40	5.13	1.91	4.00
178	2.38	5.10	1.91	4.00
179	2.36	5.06	1.90	4.00
180	2.35	5.04	1.90	4.00
181	2.34	5.01	1.89	2.00
182	2.33	4.98	1.89	2.00
183	2.32	4.96	1.89	2.00
184	2.30	4.94	1.89	2.00
185	2.28	4.92	1.89	2.00
186	2.28	4.91	1.89	2.00
187	2.28	4.89	1.89	2.00
188	2.26	4.87	1.89	2.00
189	2.25	4.85	1.90	2.00
190	2.23	4.84	1.89	2.00
191	2.21	4.82	1.88	4.00
192	2.20	4.79	1.88	4.00
193	2.19	4.77	1.87	4.00
194	2.17	4.74	1.86	4.00
195	2.15	4.72	1.85	4.00
196	2.13	4.70	1.84	4.00
197	2.11	4.67	1.83	4.00
198	2.09	4.65	1.83	4.00
199	2.06	4.62	1.82	4.00
200	2.05	4.61	1.81	4.00
201	2.03	4.59	1.81	4.00
202	2.01	4.57	1.80	4.00
203	1.99	4.56	1.79	2.00
204	1.97	4.56	1.78	2.00
205	1.95	4.56	1.76	2.00
206	1.93	4.55	1.76	2.00
207	1.92	4.54	1.76	2.00
208	1.90	4.53	1.75	2.00
209	1.87	4.51	1.75	2.00
210	1.85	4.50	1.75	2.00
211	1.83	4.49	1.75	2.00
212	1.82	4.48	1.74	2.00
213	1.80	4.48	1.73	2.00
214	1.78	4.46	1.74	2.00
215	1.76	4.45	1.74	2.00
216	1.74	4.44	1.75	2.00
217	1.71	4.43	1.75	2.00
218	1.69	4.41	1.75	2.00
219	1.67	4.39	1.76	2.00
220	1.64	4.39	1.77	2.00
221	1.60	4.38	1.77	2.00
222	1.59	4.36	1.78	2.00
223	1.57	4.33	1.79	2.00
224	1.55	4.31	1.80	2.00
225	1.53	4.29	1.82	2.00
226	1.52	4.27	1.82	2.00
227	1.50	4.25	1.83	2.00
228	1.48	4.23	1.83	2.00
229	1.46	4.21	1.84	2.00
230	1.44	4.19	1.84	2.00
231	1.42	4.18	1.85	2.00
232	1.41	4.16	1.85	2.00
233	1.39	4.14	1.86	2.00
234	1.37	4.12	1.86	2.00
235	1.35	4.10	1.86	2.00
236	1.33	4.07	1.87	2.00
237	1.30	4.04	1.87	2.00
238	1.29	4.04	1.86	2.00
239	1.27	4.04	1.85	2.00
240	1.25	4.02	1.85	2.00
241	1.24	4.00	1.84	2.00
242	1.22	3.99	1.84	2.00
243	1.21	3.98	1.83	2.00
244	1.20	3.96	1.81	2.00
245	1.19	3.95	1.80	2.00
246	1.18	3.94	1.79	2.00
247	1.17	3.94	1.78	2.00
248	1.15	3.92	1.78	2.00
249	1.14	3.90	1.78	2.00
250	1.13	3.89	1.78	2.00
251	1.12	3.89	1.78	2.00
252	1.11	3.88	1.78	2.00
253	1.10	3.87	1.78	2.00
254	1.09	3.86	1.78	2.00
255	1.07	3.84	1.78	2.00
256	1.06	3.83	1.78	2.00
257	1.05	3.81	1.78	2.00
258	1.05	3.80	1.78	2.00
259	1.04	3.79	1.78	2.00
260	1.03	3.79	1.77	2.00
261	1.03	3.80	1.76	2.00
262	1.02	3.79	1.75	2.00
263	1.01	3.79	1.75	2.00
264	1.00	3.79	1.74	2.00
265	0.99	3.78	1.74	2.00
266	0.97	3.77	1.73	2.00
267	0.96	3.76	1.71	2.00
268	0.95	3.75	1.71	2.00
269	0.94	3.74	1.70	2.00
270	0.93	3.73	1.70	2.00
271	0.92	3.72	1.71	2.00
272	0.91	3.71	1.70	2.00
273	0.90	3.70	1.70	2.00
274	0.89	3.70	1.70	2.00
275	0.88	3.69	1.70	2.00
276	0.86	3.68	1.70	2.00
277	0.85	3.67	1.70	2.00
278	0.84	3.66	1.69	2.00
279	0.83	3.64	1.69	2.00
280	0.82	3.64	1.71	2.00
281	0.82	3.63	1.72	2.00
282	0.81	3.62	1.73	2.00
283	0.80	3.60	1.73	2.00
284	0.79	3.60	1.73	2.00
285	0.78	3.60	1.73	2.00
286	0.77	3.58	1.73	2.00
287	0.75	3.57	1.73	2.00
288	0.74	3.57	1.73	2.00
289	0.73	3.57	1.73	2.00
290	0.72	3.56	1.73	2.00
291	0.71	3.56	1.73	2.00
292	0.69	3.55	1.73	2.00
293	0.67	3.54	1.73	2.00
294	0.65	3.54	1.73	2.00
295	0.64	3.53	1.73	2.00
296	0.62	3.52	1.73	2.00
297	0.61	3.51	1.74	2.00
298	0.59	3.50	1.74	2.00
299	0.58	3.49	1.74	2.00
300	0.57	3.49	1.75	2.00
301	0.56	3.48	1.75	2.00
302	0.54	3.48	1.74	2.00
303	0.52	3.48	1.74	2.00
304	0.51	3.48	1.73	2.00
305	0.49	3.48	1.73	2.00
306	0.48	3.47	1.73	2.00
307	0.47	3.46	1.73	2.00
308	0.45	3.44	1.73	2.00
309	0.43	3.42	1.72	2.00
310	0.41	3.40	1.73	2.00
311	0.40	3.38	1.73	2.00
312	0.40	3.37	1.72	2.00
313	0.39	3.36	1.72	2.00
314	0.39	3.35	1.73	2.00
315	0.39	3.34	1.73	2.00
316	0.38	3.34	1.72	2.00
317	0.38	3.34	1.72	2.00
318	0.37	3.33	1.72	2.00
319	0.36	3.32	1.72	2.00
320	0.35	3.31	1.72	2.00
321	0.34	3.30	1.72	2.00
322	0.34	3.30	1.71	2.00
323	0.34	3.30	1.70	2.00
324	0.33	3.30	1.70	2.00
325	0.32	3.30	1.70	2.00
326	0.32	3.32	1.69	2.00
327	0.33	3.34	1.68	2.00
328	0.32	3.37	1.67	2.00
329	0.31	3.40	1.66	2.00
330	0.30	3.38	1.67	2.00
331	0.28	3.36	1.68	2.00
332	0.27	3.32	1.69	2.00
333	0.26	3.27	1.69	2.00
334	0.25	3.24	1.70	2.00
335	0.24	3.20	1.70	2.00
336	0.21	3.10	1.71	2.00
337	0.18	3.00	1.71	2.00
338	0.15	2.93	1.72	2.00
339	0.12	2.86	1.72	3.00
340	0.08	2.82	1.74	3.00
341	0.05	2.79	1.75	3.00
342	0.06	2.77	1.78	3.00
343	0.06	2.75	1.81	3.00
344	0.06	2.70	1.82	3.00
345	0.06	2.64	1.82	4.00
346	0.06	2.59	1.82	4.00
347	0.05	2.55	1.82	4.00
Target 5 (frames from 31 to 69)
Bounding Boxes (frame, x, y, width, height)
31	585	182	55	110
32	586	183	55	110
33	586	183	55	110
34	586	184	55	110
35	587	184	55	110
36	587	185	55	110
37	587	185	55	110
38	587	185	55	110
39	587	185	55	110
40	587	185	55	110
41	587	185	55	110
42	586	185	55	111
43	586	185	56	112
44	586	185	56	112
45	586	185	56	113
46	585	184	56	113
47	586	184	57	114
48	586	184	57	114
49	587	183	57	114
50	588	183	57	115
51	589	183	57	115
52	590	183	57	115
53	591	183	57	115
54	592	183	57	115
55	593	183	58	116
56	594	183	58	116
57	595	183	58	117
58	595	183	58	117
59	595	183	58	117
60	595	182	58	117
61	595	182	59	118
62	595	182	58	117
63	595	182	58	117
64	595	182	58	117
65	594	182	58	117
66	593	182	58	116
67	593	181	58	116
68	592	181	58	116
69	591	181	57	115
3D Trajetory (frame, x, z, height, pose)
31	4.49	9.09	1.99	4.00
32	4.45	9.06	2.00	4.00
33	4.41	9.03	2.01	2.00
34	4.41	9.05	1.99	2.00
35	4.42	9.06	1.97	2.00
36	4.40	9.06	1.96	2.00
37	4.39	9.06	1.95	2.00
38	4.38	9.05	1.96	2.00
39	4.37	9.04	1.96	2.00
40	4.36	9.04	1.98	2.00
41	4.35	9.04	1.99	2.00
42	4.35	9.03	2.00	2.00
43	4.35	9.02	2.01	2.00
44	4.35	9.01	2.02	2.00
45	4.35	9.00	2.02	2.00
46	4.34	8.99	2.03	2.00
47	4.33	8.98	2.03	2.00
48	4.33	8.97	2.04	2.00
49	4.32	8.96	2.04	2.00
50	4.32	8.96	2.04	2.00
51	4.32	8.95	2.04	2.00
52	4.32	8.95	2.04	2.00
53	4.31	8.94	2.04	2.00
54	4.32	8.93	2.04	2.00
55	4.33	8.91	2.03	2.00
56	4.32	8.90	2.03	2.00
57	4.31	8.89	2.03	2.00
58	4.30	8.87	2.04	2.00
59	4.29	8.84	2.05	2.00
60	4.28	8.83	2.06	2.00
61	4.27	8.82	2.06	2.00
62	4.27	8.82	2.06	2.00
63	4.27	8.82	2.06	2.00
64	4.28	8.85	2.05	2.00
65	4.29	8.87	2.05	2.00
66	4.28	8.86	2.04	2.00
67	4.27	8.85	2.03	2.00
68	4.28	8.85	2.02	2.00
69	4.28	8.86	2.01	2.00
Target 6 (frames from 57 to 291)
Bounding Boxes (frame, x, y, width, height)
57	633	190	72	145
58	632	189	73	146
59	631	187	73	146
60	630	186	73	147
61	629	185	74	148
62	627	184	74	148
63	626	183	74	149
64	626	183	75	150
65	625	182	75	150
66	624	181	75	151
67	623	181	75	151
68	622	180	76	152
69	621	180	76	152
70	621	180	76	153
71	621	180	76	153
72	620	181	77	154
73	620	182	77	155
74	619	182	77	155
75	619	183	78	156
76	619	183	78	156
77	618	184	78	156
78	618	184	78	156
79	617	185	78	156
80	616	185	78	156
81	615	184	77	155
82	614	184	77	155
83	612	184	77	154
84	611	184	76	153
85	610	184	76	152
86	608	184	75	150
87	607	185	74	149
88	605	185	74	148
89	604	186	73	147
90	603	187	73	147
91	602	187	73	147
92	601	188	73	147
93	601	188	73	147
94	600	188	73	147
95	600	188	73	147
96	600	188	74	148
97	599	187	74	148
98	599	186	74	148
99	598	186	74	148
100	598	185	74	148
101	597	184	74	148
102	597	183	74	148
103	596	182	74	148
104	596	182	74	148
105	595	181	74	148
106	595	180	73	147
107	595	180	73	147
108	594	180	73	146
109	594	180	73	146
110	594	180	72	145
111	594	180	72	145
112	594	181	72	144
113	594	181	72	144
114	593	182	71	143
115	593	182	71	143
116	593	183	71	142
117	594	183	70	141
118	595	183	70	141
119	596	183	70	141
120	598	183	70	140
121	599	183	70	140
122	601	183	70	140
123	602	183	70	140
124	603	182	69	139
125	604	182	69	139
126	606	182	69	139
127	607	183	69	138
128	607	183	69	138
129	607	183	68	137
130	607	183	68	137
131	606	183	68	136
132	605	183	68	136
133	605	183	67	135
134	605	183	67	135
135	605	182	67	135
136	605	182	67	135
137	605	181	67	134
138	604	181	67	134
139	604	180	67	134
140	604	180	67	134
141	604	180	66	133
142	604	180	66	133
143	605	180	66	133
144	605	180	66	132
145	606	180	66	132
146	606	180	66	132
147	606	179	65	131
148	607	179	65	131
149	608	180	65	131
150	609	180	65	130
151	611	180	65	130
152	613	181	65	130
153	616	182	65	130
154	618	183	64	129
155	621	184	64	129
156	624	184	64	128
157	627	185	64	128
158	630	186	63	127
159	633	186	63	127
160	635	186	63	127
161	637	187	63	127
162	638	187	63	127
163	638	187	63	127
164	637	187	63	126
165	635	186	63	126
166	631	186	62	125
167	627	186	62	125
168	622	185	62	124
169	618	185	62	124
170	613	184	62	124
171	608	184	61	123
172	603	184	61	123
173	598	183	61	123
174	595	183	61	123
175	592	183	61	123
176	591	182	61	123
177	590	182	61	123
178	590	181	61	123
179	590	182	61	123
180	591	182	61	122
181	592	182	61	122
182	593	183	60	121
183	593	183	60	120
184	593	184	60	120
185	592	184	59	119
186	591	185	59	118
187	591	185	59	118
188	590	185	59	118
189	589	185	59	118
190	589	185	58	117
191	589	185	58	117
192	589	185	58	117
193	590	185	59	118
194	591	185	59	118
195	592	185	59	118
196	594	184	59	118
197	595	184	59	118
198	596	183	58	117
199	597	182	58	117
200	599	181	58	117
201	599	180	58	117
202	599	179	58	117
203	598	177	58	117
204	597	176	58	116
205	596	175	58	116
206	595	174	58	116
207	593	173	57	115
208	592	173	57	115
209	589	173	57	114
210	587	174	57	114
211	584	174	56	113
212	581	175	56	113
213	577	176	56	112
214	574	176	56	112
215	571	177	55	111
216	568	178	55	111
217	566	178	55	111
218	563	178	55	110
219	560	178	55	110
220	558	179	55	110
221	555	179	54	109
222	553	179	54	109
223	551	179	54	109
224	548	180	54	108
225	545	180	54	108
226	542	180	53	107
227	539	181	53	107
228	536	181	53	106
229	533	181	53	106
230	531	181	53	106
231	528	181	53	106
232	526	182	53	106
233	524	182	52	105
234	522	183	52	105
235	521	184	52	105
236	520	185	52	105
237	519	186	52	105
238	518	187	52	105
239	518	188	52	105
240	517	190	52	105
241	516	191	52	105
242	516	192	52	105
243	515	194	53	106
244	514	194	53	106
245	513	195	53	106
246	513	196	53	106
247	513	196	53	106
248	512	196	53	106
249	512	196	53	107
250	513	196	53	107
251	514	196	53	107
252	515	196	53	107
253	516	195	53	107
254	519	194	53	107
255	522	193	53	107
256	525	193	53	107
257	529	192	53	107
258	532	191	53	107
259	536	190	53	107
260	540	189	53	107
261	544	188	53	107
262	548	187	53	107
263	551	186	53	107
264	554	185	53	107
265	556	184	53	107
266	558	184	53	107
267	560	183	53	107
268	561	183	53	107
269	562	182	53	107
270	563	182	53	107
271	563	182	53	107
272	564	182	53	107
273	565	182	53	107
274	565	183	53	107
275	566	183	53	107
276	566	183	53	107
277	565	183	53	107
278	565	184	53	106
279	565	184	53	106
280	565	184	53	106
281	564	184	52	105
282	563	184	52	105
283	562	184	52	105
284	561	184	52	104
285	561	184	52	104
286	560	183	52	104
287	559	183	51	103
288	558	183	51	103
289	557	182	51	103
290	555	182	51	102
291	554	181	51	102
3D Trajetory (frame, x, z, height, pose)
57	3.55	6.21	1.79	3.00
58	3.55	6.22	1.79	3.00
59	3.55	6.23	1.79	2.00
60	3.54	6.25	1.79	2.00
61	3.53	6.27	1.80	2.00
62	3.50	6.23	1.81	2.00
63	3.48	6.19	1.82	2.00
64	3.48	6.20	1.82	2.00
65	3.48	6.21	1.82	4.00
66	3.46	6.19	1.83	4.00
67	3.44	6.16	1.83	4.00
68	3.42	6.15	1.84	4.00
69	3.41	6.13	1.85	4.00
70	3.40	6.13	1.86	4.00
71	3.39	6.13	1.88	4.00
72	3.38	6.13	1.87	4.00
73	3.36	6.14	1.86	4.00
74	3.34	6.16	1.85	4.00
75	3.32	6.17	1.85	4.00
76	3.30	6.16	1.87	4.00
77	3.28	6.16	1.88	4.00
78	3.26	6.15	1.89	4.00
79	3.25	6.14	1.90	2.00
80	3.24	6.17	1.90	2.00
81	3.24	6.20	1.90	2.00
82	3.23	6.22	1.89	2.00
83	3.22	6.24	1.87	4.00
84	3.21	6.28	1.86	4.00
85	3.21	6.31	1.85	4.00
86	3.20	6.32	1.85	4.00
87	3.19	6.34	1.84	4.00
88	3.17	6.34	1.83	4.00
89	3.16	6.34	1.83	4.00
90	3.16	6.35	1.83	4.00
91	3.15	6.35	1.83	4.00
92	3.14	6.36	1.82	4.00
93	3.13	6.37	1.81	4.00
94	3.12	6.37	1.82	4.00
95	3.11	6.36	1.83	4.00
96	3.10	6.36	1.84	4.00
97	3.09	6.35	1.84	4.00
98	3.09	6.35	1.84	4.00
99	3.09	6.35	1.83	4.00
100	3.08	6.35	1.84	4.00
101	3.08	6.35	1.85	4.00
102	3.07	6.34	1.85	4.00
103	3.07	6.34	1.84	4.00
104	3.07	6.34	1.84	4.00
105	3.07	6.34	1.83	4.00
106	3.07	6.35	1.83	4.00
107	3.07	6.35	1.82	2.00
108	3.07	6.35	1.82	2.00
109	3.07	6.36	1.82	4.00
110	3.07	6.36	1.82	4.00
111	3.07	6.37	1.82	4.00
112	3.08	6.37	1.81	4.00
113	3.08	6.37	1.80	2.00
114	3.09	6.37	1.79	2.00
115	3.09	6.37	1.79	2.00
116	3.10	6.38	1.78	2.00
117	3.12	6.39	1.77	2.00
118	3.12	6.39	1.77	2.00
119	3.13	6.39	1.77	2.00
120	3.15	6.40	1.77	2.00
121	3.16	6.41	1.77	2.00
122	3.18	6.42	1.77	2.00
123	3.19	6.43	1.76	2.00
124	3.20	6.44	1.76	2.00
125	3.21	6.45	1.75	2.00
126	3.21	6.45	1.75	2.00
127	3.22	6.46	1.76	2.00
128	3.23	6.47	1.75	2.00
129	3.23	6.48	1.74	2.00
130	3.25	6.49	1.73	2.00
131	3.27	6.49	1.72	2.00
132	3.27	6.50	1.72	2.00
133	3.28	6.50	1.72	2.00
134	3.29	6.50	1.72	2.00
135	3.29	6.51	1.73	2.00
136	3.30	6.53	1.73	2.00
137	3.32	6.54	1.74	2.00
138	3.33	6.55	1.73	2.00
139	3.34	6.55	1.73	2.00
140	3.36	6.56	1.73	2.00
141	3.38	6.57	1.72	2.00
142	3.39	6.57	1.72	2.00
143	3.40	6.57	1.72	2.00
144	3.41	6.58	1.71	2.00
145	3.42	6.59	1.71	2.00
146	3.43	6.60	1.72	2.00
147	3.44	6.62	1.72	2.00
148	3.46	6.64	1.73	2.00
149	3.48	6.67	1.74	2.00
150	3.51	6.69	1.73	2.00
151	3.53	6.71	1.73	2.00
152	3.54	6.73	1.72	2.00
153	3.55	6.74	1.71	2.00
154	3.57	6.75	1.71	2.00
155	3.58	6.77	1.71	2.00
156	3.59	6.78	1.70	2.00
157	3.60	6.80	1.69	2.00
158	3.61	6.81	1.69	2.00
159	3.61	6.82	1.69	2.00
160	3.62	6.84	1.68	2.00
161	3.62	6.87	1.68	2.00
162	3.63	6.90	1.68	2.00
163	3.63	6.92	1.68	2.00
164	3.65	6.93	1.69	2.00
165	3.66	6.95	1.69	2.00
166	3.67	6.96	1.71	2.00
167	3.69	6.96	1.72	2.00
168	3.69	7.00	1.71	2.00
169	3.70	7.03	1.70	2.00
170	3.71	7.05	1.71	2.00
171	3.71	7.08	1.71	2.00
172	3.71	7.10	1.73	2.00
173	3.72	7.11	1.74	2.00
174	3.74	7.14	1.76	2.00
175	3.77	7.16	1.78	2.00
176	3.80	7.18	1.78	2.00
177	3.83	7.19	1.79	2.00
178	3.85	7.21	1.79	2.00
179	3.86	7.22	1.79	2.00
180	3.90	7.25	1.79	2.00
181	3.93	7.28	1.79	2.00
182	3.96	7.32	1.79	2.00
183	3.99	7.37	1.79	2.00
184	4.02	7.42	1.79	2.00
185	4.05	7.47	1.79	2.00
186	4.07	7.47	1.79	2.00
187	4.09	7.48	1.79	2.00
188	4.11	7.51	1.79	2.00
189	4.14	7.54	1.80	2.00
190	4.15	7.57	1.81	2.00
191	4.16	7.60	1.81	2.00
192	4.20	7.61	1.83	2.00
193	4.23	7.62	1.84	2.00
194	4.24	7.65	1.84	2.00
195	4.26	7.67	1.85	2.00
196	4.28	7.70	1.85	2.00
197	4.31	7.72	1.84	2.00
198	4.33	7.75	1.84	2.00
199	4.35	7.77	1.84	2.00
200	4.37	7.80	1.85	2.00
201	4.39	7.83	1.86	2.00
202	4.41	7.86	1.87	2.00
203	4.44	7.88	1.87	2.00
204	4.46	7.90	1.88	2.00
205	4.48	7.91	1.88	2.00
206	4.50	7.95	1.89	2.00
207	4.52	7.99	1.89	2.00
208	4.55	8.02	1.88	2.00
209	4.57	8.05	1.88	2.00
210	4.59	8.07	1.88	2.00
211	4.60	8.10	1.88	2.00
212	4.62	8.13	1.90	2.00
213	4.64	8.17	1.91	2.00
214	4.66	8.18	1.91	2.00
215	4.68	8.20	1.91	2.00
216	4.70	8.23	1.91	2.00
217	4.72	8.26	1.92	2.00
218	4.76	8.28	1.93	2.00
219	4.79	8.31	1.93	2.00
220	4.81	8.34	1.94	2.00
221	4.84	8.38	1.95	2.00
222	4.86	8.41	1.95	2.00
223	4.88	8.44	1.94	2.00
224	4.90	8.47	1.95	2.00
225	4.92	8.51	1.96	2.00
226	4.94	8.52	1.96	2.00
227	4.96	8.54	1.97	2.00
228	4.97	8.58	1.97	2.00
229	4.97	8.62	1.97	2.00
230	4.99	8.65	1.97	2.00
231	5.01	8.68	1.98	2.00
232	5.03	8.71	1.99	2.00
233	5.05	8.73	2.00	2.00
234	5.06	8.75	2.01	2.00
235	5.08	8.77	2.02	4.00
236	5.10	8.79	2.02	4.00
237	5.11	8.81	2.03	4.00
238	5.12	8.83	2.03	4.00
239	5.14	8.85	2.02	4.00
240	5.16	8.87	2.03	4.00
241	5.17	8.89	2.03	4.00
242	5.18	8.91	2.05	4.00
243	5.18	8.93	2.06	4.00
244	5.18	8.94	2.07	4.00
245	5.18	8.96	2.08	4.00
246	5.19	8.99	2.09	4.00
247	5.20	9.02	2.10	4.00
248	5.22	9.03	2.10	4.00
249	5.23	9.05	2.11	4.00
250	5.24	9.06	2.11	4.00
251	5.25	9.07	2.11	4.00
252	5.26	9.08	2.12	4.00
253	5.28	9.09	2.13	4.00
254	5.29	9.10	2.13	4.00
255	5.31	9.11	2.13	4.00
256	5.33	9.12	2.13	4.00
257	5.34	9.13	2.13	4.00
258	5.35	9.15	2.12	4.00
259	5.36	9.16	2.11	4.00
260	5.37	9.18	2.11	4.00
261	5.38	9.19	2.11	4.00
262	5.39	9.22	2.11	4.00
263	5.39	9.24	2.12	4.00
264	5.39	9.25	2.12	4.00
265	5.40	9.27	2.12	4.00
266	5.41	9.28	2.11	4.00
267	5.42	9.29	2.11	4.00
268	5.43	9.31	2.11	4.00
269	5.43	9.32	2.10	4.00
270	5.43	9.34	2.10	4.00
271	5.43	9.35	2.10	4.00
272	5.44	9.36	2.11	4.00
273	5.46	9.37	2.11	2.00
274	5.47	9.39	2.12	2.00
275	5.48	9.40	2.12	2.00
276	5.49	9.41	2.12	2.00
277	5.50	9.43	2.12	4.00
278	5.51	9.43	2.12	4.00
279	5.52	9.44	2.11	4.00
280	5.52	9.47	2.11	4.00
281	5.51	9.50	2.10	4.00
282	5.51	9.53	2.10	4.00
283	5.52	9.56	2.10	4.00
284	5.54	9.56	2.10	4.00
285	5.55	9.57	2.09	2.00
286	5.56	9.58	2.09	2.00
287	5.57	9.59	2.10	2.00
288	5.57	9.61	2.10	2.00
289	5.58	9.62	2.10	2.00
290	5.58	9.64	2.10	2.00
291	5.59	9.65	2.09	2.00
Target 7 (frames from 75 to 149)
Bounding Boxes (frame, x, y, width, height)
75	334	197	78	156
76	334	195	78	157
77	334	194	79	159
78	334	192	80	160
79	335	191	80	161
80	335	189	81	162
81	335	188	82	164
82	335	187	82	165
83	335	186	83	166
84	335	184	83	167
85	334	183	84	168
86	334	181	85	170
87	333	180	85	171
88	333	179	86	172
89	333	179	86	173
90	332	179	86	173
91	333	179	87	174
92	333	180	87	174
93	333	180	87	174
94	333	181	87	174
95	334	182	87	174
96	334	182	87	174
97	334	182	86	173
98	333	182	86	173
99	333	182	86	172
100	332	182	86	172
101	332	182	85	171
102	332	181	85	171
103	332	181	85	171
104	331	180	85	171
105	331	179	85	171
106	330	179	85	171
107	330	178	85	171
108	330	177	86	172
109	330	176	86	172
110	330	176	86	173
111	329	175	86	173
112	329	175	87	174
113	328	174	87	175
114	327	174	87	175
115	326	174	87	175
116	326	175	87	175
117	326	175	87	175
118	326	175	87	175
119	326	175	87	175
120	327	175	87	174
121	328	175	87	174
122	328	175	86	173
123	328	175	86	173
124	328	175	86	173
125	329	175	86	172
126	329	175	86	172
127	329	175	86	172
128	329	175	86	172
129	328	175	85	171
130	327	175	85	171
131	325	175	85	171
132	324	174	85	171
133	323	174	85	170
134	322	174	85	170
135	321	174	85	170
136	320	173	85	170
137	319	173	85	170
138	318	172	85	170
139	317	171	85	171
140	316	170	85	171
141	315	170	85	171
142	314	169	85	171
143	314	169	85	171
144	313	168	85	171
145	313	168	86	172
146	312	167	86	172
147	312	167	86	172
148	312	167	86	172
149	311	167	86	172
3D Trajetory (frame, x, z, height, pose)
75	-0.10	5.46	1.73	2.00
76	-0.11	5.45	1.73	2.00
77	-0.11	5.45	1.74	2.00
78	-0.11	5.44	1.75	2.00
79	-0.11	5.44	1.75	2.00
80	-0.10	5.44	1.75	2.00
81	-0.10	5.44	1.76	2.00
82	-0.10	5.42	1.78	2.00
83	-0.10	5.41	1.81	2.00
84	-0.10	5.39	1.82	2.00
85	-0.10	5.38	1.83	2.00
86	-0.10	5.37	1.84	2.00
87	-0.10	5.36	1.85	2.00
88	-0.10	5.35	1.84	2.00
89	-0.09	5.34	1.84	2.00
90	-0.09	5.32	1.85	2.00
91	-0.09	5.30	1.85	2.00
92	-0.09	5.29	1.85	2.00
93	-0.09	5.29	1.85	2.00
94	-0.09	5.27	1.84	2.00
95	-0.09	5.26	1.83	2.00
96	-0.09	5.25	1.82	2.00
97	-0.09	5.25	1.82	2.00
98	-0.09	5.24	1.81	2.00
99	-0.09	5.23	1.81	2.00
100	-0.10	5.22	1.80	2.00
101	-0.12	5.20	1.80	2.00
102	-0.12	5.20	1.79	2.00
103	-0.12	5.19	1.78	2.00
104	-0.12	5.19	1.78	2.00
105	-0.12	5.19	1.77	2.00
106	-0.11	5.18	1.78	2.00
107	-0.10	5.18	1.78	2.00
108	-0.10	5.17	1.78	2.00
109	-0.10	5.16	1.78	2.00
110	-0.11	5.15	1.79	2.00
111	-0.12	5.14	1.79	2.00
112	-0.11	5.13	1.79	2.00
113	-0.11	5.11	1.80	2.00
114	-0.10	5.10	1.80	2.00
115	-0.10	5.09	1.80	2.00
116	-0.11	5.08	1.80	2.00
117	-0.12	5.07	1.80	2.00
118	-0.12	5.07	1.79	2.00
119	-0.12	5.06	1.79	2.00
120	-0.12	5.07	1.77	2.00
121	-0.12	5.07	1.76	2.00
122	-0.11	5.08	1.76	2.00
123	-0.11	5.09	1.76	2.00
124	-0.12	5.09	1.76	2.00
125	-0.12	5.08	1.76	2.00
126	-0.13	5.08	1.76	2.00
127	-0.13	5.08	1.77	2.00
128	-0.14	5.07	1.76	2.00
129	-0.14	5.07	1.75	2.00
130	-0.14	5.07	1.75	2.00
131	-0.14	5.08	1.74	2.00
132	-0.15	5.08	1.74	2.00
133	-0.16	5.09	1.74	2.00
134	-0.16	5.09	1.74	2.00
135	-0.17	5.10	1.73	2.00
136	-0.17	5.09	1.73	2.00
137	-0.17	5.09	1.74	2.00
138	-0.18	5.09	1.74	2.00
139	-0.18	5.09	1.74	2.00
140	-0.18	5.09	1.75	2.00
141	-0.18	5.08	1.75	2.00
142	-0.19	5.08	1.75	2.00
143	-0.19	5.08	1.75	2.00
144	-0.19	5.07	1.76	2.00
145	-0.19	5.07	1.76	2.00
146	-0.20	5.07	1.76	2.00
147	-0.20	5.08	1.75	2.00
148	-0.20	5.08	1.75	2.00
149	-0.21	5.08	1.74	2.00
Target 8 (frames from 123 to 289)
Bounding Boxes (frame, x, y, width, height)
123	486	185	70	141
124	485	184	71	142
125	483	184	71	143
126	482	183	72	144
127	481	183	72	145
128	479	182	73	146
129	478	182	73	147
130	477	181	74	148
131	476	180	74	149
132	475	180	75	150
133	474	179	75	150
134	473	179	75	150
135	472	178	75	151
136	472	178	75	151
137	471	177	76	152
138	470	176	76	152
139	470	176	76	152
140	469	175	76	153
141	469	174	76	153
142	469	173	76	153
143	469	173	77	154
144	469	172	77	154
145	470	172	77	155
146	471	172	77	155
147	471	171	78	156
148	471	171	78	157
149	472	171	78	157
150	473	171	79	158
151	475	171	79	158
152	477	172	79	159
153	480	172	79	159
154	482	173	80	160
155	485	173	80	160
156	488	174	80	160
157	491	174	80	160
158	495	175	80	161
159	498	175	80	161
160	500	176	80	161
161	502	176	80	161
162	504	177	81	162
163	504	177	81	162
164	503	177	81	162
165	501	177	81	162
166	498	177	81	162
167	494	176	81	163
168	490	176	81	163
169	485	175	81	163
170	480	175	82	164
171	475	174	82	164
172	470	173	82	165
173	466	173	83	166
174	462	172	83	167
175	459	172	83	167
176	456	171	84	168
177	455	171	84	169
178	454	171	85	170
179	453	171	85	171
180	452	171	86	172
181	451	172	86	173
182	451	172	87	174
183	449	172	87	175
184	448	172	88	176
185	446	173	88	177
186	445	173	89	178
187	443	173	89	179
188	441	173	90	180
189	439	173	90	181
190	437	173	91	182
191	435	174	91	183
192	434	174	91	183
193	434	175	92	184
194	434	175	92	184
195	433	175	92	184
196	433	175	92	185
197	433	175	93	186
198	432	174	93	186
199	432	174	93	187
200	431	173	94	188
201	430	171	94	188
202	428	170	94	189
203	426	168	95	190
204	423	167	95	190
205	421	165	95	190
206	418	165	95	191
207	415	164	95	190
208	412	164	95	190
209	409	165	95	190
210	405	166	94	189
211	401	168	94	189
212	396	169	94	188
213	392	170	94	188
214	387	171	94	188
215	382	172	94	188
216	377	172	94	189
217	372	173	94	189
218	367	173	95	190
219	362	172	95	191
220	356	172	96	192
221	351	171	96	193
222	346	170	97	195
223	341	169	98	197
224	336	169	99	198
225	331	168	100	200
226	327	168	100	201
227	322	168	101	202
228	317	168	101	202
229	313	168	101	203
230	309	168	101	203
231	305	169	101	203
232	301	170	101	203
233	298	171	101	203
234	294	173	101	202
235	291	174	101	202
236	288	176	101	202
237	285	177	101	202
238	282	179	101	202
239	280	181	101	203
240	277	183	101	203
241	274	185	102	204
242	272	186	102	205
243	269	188	103	206
244	266	190	103	207
245	263	191	104	208
246	260	193	104	208
247	257	194	104	209
248	254	195	104	209
249	251	196	105	210
250	249	197	105	210
251	247	198	105	211
252	244	198	105	211
253	243	198	105	211
254	242	199	105	210
255	243	200	105	210
256	243	200	104	209
257	245	200	104	208
258	246	200	103	207
259	249	200	103	206
260	251	200	103	206
261	253	199	102	205
262	255	199	102	205
263	257	197	102	205
264	258	196	103	206
265	259	194	103	206
266	260	193	103	207
267	260	191	104	208
268	259	190	104	209
269	257	189	105	211
270	255	188	106	212
271	253	187	106	213
272	251	187	107	214
273	249	187	107	214
274	247	187	107	215
275	244	188	107	215
276	242	188	107	215
277	239	189	108	216
278	237	189	108	216
279	234	189	108	217
280	232	189	108	217
281	229	189	109	218
282	227	189	109	218
283	225	189	109	218
284	222	188	109	218
285	220	188	109	218
286	218	188	109	218
287	215	188	109	219
288	213	188	109	219
289	210	188	109	219
3D Trajetory (frame, x, z, height, pose)
123	1.64	6.15	1.71	2.00
124	1.62	6.06	1.71	2.00
125	1.59	5.98	1.70	2.00
126	1.57	5.97	1.71	2.00
127	1.55	5.96	1.72	2.00
128	1.54	5.93	1.72	2.00
129	1.53	5.91	1.73	2.00
130	1.52	5.88	1.73	2.00
131	1.52	5.86	1.73	2.00
132	1.51	5.83	1.73	2.00
133	1.50	5.79	1.73	2.00
134	1.50	5.80	1.73	2.00
135	1.49	5.81	1.73	2.00
136	1.49	5.78	1.73	2.00
137	1.48	5.76	1.74	2.00
138	1.49	5.75	1.74	2.00
139	1.49	5.74	1.74	2.00
140	1.49	5.73	1.74	2.00
141	1.49	5.72	1.73	2.00
142	1.49	5.71	1.74	2.00
143	1.49	5.71	1.75	2.00
144	1.50	5.70	1.75	2.00
145	1.51	5.68	1.76	2.00
146	1.51	5.67	1.75	2.00
147	1.52	5.65	1.74	2.00
148	1.52	5.62	1.75	2.00
149	1.52	5.59	1.76	2.00
150	1.53	5.57	1.76	2.00
151	1.54	5.56	1.75	2.00
152	1.54	5.54	1.75	2.00
153	1.54	5.52	1.74	2.00
154	1.54	5.51	1.74	2.00
155	1.54	5.50	1.74	2.00
156	1.55	5.49	1.74	2.00
157	1.56	5.48	1.74	2.00
158	1.56	5.48	1.74	2.00
159	1.57	5.47	1.73	2.00
160	1.58	5.46	1.73	2.00
161	1.60	5.44	1.72	2.00
162	1.59	5.41	1.71	2.00
163	1.58	5.38	1.70	2.00
164	1.57	5.34	1.70	2.00
165	1.56	5.31	1.69	2.00
166	1.55	5.30	1.69	2.00
167	1.53	5.29	1.69	2.00
168	1.52	5.28	1.70	2.00
169	1.51	5.26	1.71	2.00
170	1.50	5.25	1.71	2.00
171	1.49	5.24	1.72	2.00
172	1.48	5.22	1.72	2.00
173	1.48	5.20	1.72	2.00
174	1.47	5.18	1.72	2.00
175	1.47	5.17	1.72	2.00
176	1.45	5.12	1.73	2.00
177	1.43	5.08	1.74	2.00
178	1.42	5.06	1.74	2.00
179	1.41	5.03	1.74	2.00
180	1.41	5.00	1.73	2.00
181	1.40	4.96	1.72	2.00
182	1.39	4.93	1.72	2.00
183	1.38	4.90	1.71	2.00
184	1.35	4.83	1.71	2.00
185	1.33	4.77	1.70	2.00
186	1.31	4.73	1.70	2.00
187	1.29	4.69	1.70	2.00
188	1.28	4.66	1.70	2.00
189	1.26	4.64	1.70	2.00
190	1.25	4.61	1.70	2.00
191	1.24	4.59	1.71	2.00
192	1.23	4.58	1.70	2.00
193	1.23	4.57	1.69	2.00
194	1.22	4.55	1.69	2.00
195	1.20	4.54	1.68	2.00
196	1.19	4.52	1.68	2.00
197	1.18	4.50	1.68	2.00
198	1.17	4.49	1.68	2.00
199	1.16	4.48	1.68	2.00
200	1.14	4.45	1.69	2.00
201	1.12	4.43	1.69	3.00
202	1.11	4.41	1.69	3.00
203	1.09	4.39	1.68	3.00
204	1.08	4.37	1.69	3.00
205	1.07	4.35	1.69	2.00
206	1.05	4.35	1.68	2.00
207	1.04	4.34	1.66	2.00
208	1.02	4.32	1.66	2.00
209	1.01	4.30	1.65	2.00
210	0.99	4.28	1.65	2.00
211	0.97	4.26	1.65	2.00
212	0.95	4.25	1.63	2.00
213	0.93	4.24	1.62	2.00
214	0.92	4.24	1.62	2.00
215	0.91	4.23	1.61	3.00
216	0.89	4.23	1.62	3.00
217	0.86	4.23	1.62	3.00
218	0.84	4.22	1.63	3.00
219	0.82	4.20	1.64	3.00
220	0.79	4.19	1.64	3.00
221	0.77	4.17	1.64	3.00
222	0.75	4.16	1.65	3.00
223	0.72	4.15	1.66	3.00
224	0.70	4.13	1.66	3.00
225	0.68	4.12	1.67	2.00
226	0.66	4.09	1.67	2.00
227	0.65	4.07	1.68	2.00
228	0.63	4.06	1.68	2.00
229	0.62	4.04	1.68	1.00
230	0.60	4.05	1.68	1.00
231	0.58	4.05	1.68	2.00
232	0.57	4.06	1.67	2.00
233	0.56	4.06	1.66	2.00
234	0.54	4.06	1.66	2.00
235	0.53	4.07	1.66	2.00
236	0.51	4.06	1.66	2.00
237	0.49	4.06	1.65	2.00
238	0.48	4.06	1.66	2.00
239	0.46	4.05	1.66	2.00
240	0.44	4.03	1.65	2.00
241	0.42	4.02	1.65	2.00
242	0.41	4.01	1.66	2.00
243	0.40	4.01	1.66	3.00
244	0.38	4.00	1.66	3.00
245	0.36	3.98	1.66	3.00
246	0.34	3.97	1.66	3.00
247	0.32	3.96	1.67	3.00
248	0.29	3.95	1.66	3.00
249	0.26	3.93	1.65	2.00
250	0.24	3.93	1.65	2.00
251	0.21	3.92	1.65	2.00
252	0.20	3.92	1.64	2.00
253	0.18	3.91	1.64	2.00
254	0.17	3.90	1.64	2.00
255	0.15	3.90	1.63	2.00
256	0.13	3.89	1.63	2.00
257	0.11	3.89	1.62	2.00
258	0.10	3.89	1.62	2.00
259	0.08	3.88	1.61	2.00
260	0.08	3.89	1.59	2.00
261	0.07	3.89	1.58	2.00
262	0.06	3.89	1.58	2.00
263	0.06	3.88	1.58	2.00
264	0.05	3.88	1.59	2.00
265	0.05	3.88	1.59	2.00
266	0.04	3.87	1.60	2.00
267	0.03	3.86	1.62	2.00
268	0.01	3.86	1.62	2.00
269	-0.01	3.85	1.63	2.00
270	-0.03	3.84	1.63	2.00
271	-0.05	3.82	1.63	2.00
272	-0.06	3.82	1.62	2.00
273	-0.08	3.81	1.62	2.00
274	-0.10	3.80	1.62	2.00
275	-0.12	3.79	1.62	2.00
276	-0.13	3.78	1.62	2.00
277	-0.15	3.76	1.63	2.00
278	-0.16	3.76	1.62	2.00
279	-0.17	3.75	1.61	2.00
280	-0.19	3.75	1.61	2.00
281	-0.21	3.74	1.61	2.00
282	-0.23	3.73	1.61	2.00
283	-0.24	3.73	1.61	2.00
284	-0.25	3.72	1.61	2.00
285	-0.26	3.72	1.61	2.00
286	-0.26	3.71	1.61	2.00
287	-0.26	3.70	1.60	2.00
288	-0.27	3.71	1.60	2.00
289	-0.28	3.71	1.59	2.00
Target 9 (frames from 147 to 261)
Bounding Boxes (frame, x, y, width, height)
147	341	164	120	240
148	342	165	120	240
149	343	166	119	239
150	344	166	119	239
151	345	167	119	239
152	346	167	119	239
153	346	167	119	239
154	347	168	119	239
155	347	168	120	240
156	348	167	120	240
157	349	167	120	241
158	350	166	121	242
159	350	166	121	243
160	350	165	122	244
161	349	164	122	245
162	348	164	123	246
163	346	164	123	247
164	343	164	124	249
165	338	164	125	250
166	333	163	126	252
167	327	162	127	254
168	320	161	128	256
169	313	161	129	258
170	306	160	130	261
171	299	159	131	263
172	292	158	133	266
173	285	157	134	269
174	279	156	136	272
175	274	154	137	275
176	269	153	138	277
177	265	152	140	280
178	261	152	141	282
179	257	151	142	284
180	253	151	143	287
181	250	150	145	290
182	246	150	146	292
183	242	150	147	295
184	238	149	149	299
185	233	149	150	301
186	229	148	152	304
187	224	148	153	307
188	220	148	154	309
189	216	148	155	311
190	213	148	156	313
191	210	149	157	314
192	208	150	157	314
193	207	151	157	314
194	207	153	156	313
195	206	155	156	313
196	206	156	156	312
197	205	157	155	311
198	205	158	155	311
199	205	158	155	311
200	204	158	155	311
201	203	158	155	311
202	201	157	155	310
203	198	156	154	309
204	196	155	154	308
205	193	154	154	308
206	190	153	153	307
207	186	153	153	306
208	182	153	152	305
209	178	154	152	305
210	173	154	152	305
211	168	155	152	305
212	162	157	152	305
213	156	158	152	305
214	149	160	153	306
215	143	161	153	306
216	137	163	153	307
217	130	164	154	308
218	124	165	154	308
219	118	165	154	309
220	112	166	154	309
221	107	166	154	309
222	102	167	154	309
223	97	167	154	309
224	93	168	154	309
225	88	169	154	309
226	84	169	155	310
227	79	169	155	310
228	75	169	155	311
229	72	169	155	310
230	69	170	154	309
231	66	171	154	308
232	63	171	153	307
233	61	172	152	305
234	58	173	152	304
235	56	174	151	303
236	53	175	151	302
237	50	176	151	302
238	47	178	150	301
239	44	180	150	300
240	40	183	149	298
241	37	186	148	296
242	34	190	146	293
243	31	193	145	291
244	28	196	144	288
245	24	199	143	286
246	21	201	141	283
247	20	204	140	280
248	19	207	138	276
249	18	209	136	272
250	19	211	134	268
251	20	213	132	265
252	21	214	131	262
253	22	214	130	260
254	24	214	129	258
255	27	213	128	257
256	30	212	128	256
257	34	210	127	255
258	38	208	127	255
259	42	205	127	255
260	48	202	128	256
261	53	198	128	257
3D Trajetory (frame, x, z, height, pose)
147	0.18	3.34	1.62	2.00
148	0.19	3.35	1.61	2.00
149	0.19	3.36	1.61	2.00
150	0.19	3.36	1.60	2.00
151	0.19	3.35	1.59	2.00
152	0.18	3.35	1.59	2.00
153	0.18	3.34	1.59	2.00
154	0.17	3.35	1.60	2.00
155	0.16	3.36	1.60	2.00
156	0.16	3.36	1.62	2.00
157	0.15	3.36	1.63	2.00
158	0.14	3.35	1.63	2.00
159	0.13	3.35	1.62	2.00
160	0.12	3.34	1.63	2.00
161	0.11	3.34	1.63	2.00
162	0.10	3.33	1.63	2.00
163	0.09	3.32	1.64	2.00
164	0.08	3.31	1.64	2.00
165	0.06	3.30	1.64	2.00
166	0.04	3.23	1.63	2.00
167	0.01	3.17	1.62	2.00
168	-0.00	3.15	1.61	2.00
169	-0.01	3.12	1.61	2.00
170	-0.03	3.10	1.62	2.00
171	-0.04	3.07	1.62	2.00
172	-0.06	3.04	1.62	2.00
173	-0.08	3.01	1.62	2.00
174	-0.09	2.98	1.62	2.00
175	-0.10	2.95	1.63	2.00
176	-0.11	2.93	1.63	2.00
177	-0.12	2.91	1.64	2.00
178	-0.14	2.90	1.64	2.00
179	-0.16	2.88	1.64	2.00
180	-0.17	2.85	1.64	2.00
181	-0.17	2.83	1.65	4.00
182	-0.19	2.80	1.64	4.00
183	-0.21	2.78	1.63	4.00
184	-0.22	2.75	1.63	4.00
185	-0.24	2.72	1.63	4.00
186	-0.25	2.69	1.63	4.00
187	-0.26	2.65	1.64	4.00
188	-0.27	2.63	1.64	4.00
189	-0.28	2.61	1.64	4.00
190	-0.30	2.60	1.64	4.00
191	-0.31	2.58	1.63	2.00
192	-0.32	2.59	1.63	2.00
193	-0.32	2.60	1.62	2.00
194	-0.32	2.59	1.62	2.00
195	-0.33	2.57	1.62	2.00
196	-0.33	2.58	1.61	2.00
197	-0.33	2.59	1.60	2.00
198	-0.34	2.58	1.59	2.00
199	-0.34	2.57	1.58	2.00
200	-0.35	2.55	1.58	2.00
201	-0.36	2.54	1.57	2.00
202	-0.36	2.52	1.57	2.00
203	-0.37	2.51	1.57	2.00
204	-0.38	2.51	1.57	2.00
205	-0.39	2.52	1.56	2.00
206	-0.40	2.52	1.56	2.00
207	-0.41	2.52	1.55	2.00
208	-0.43	2.54	1.54	2.00
209	-0.44	2.57	1.53	2.00
210	-0.45	2.55	1.53	2.00
211	-0.46	2.54	1.52	2.00
212	-0.47	2.52	1.52	2.00
213	-0.48	2.51	1.52	2.00
214	-0.49	2.49	1.52	2.00
215	-0.51	2.48	1.52	2.00
216	-0.52	2.47	1.52	2.00
217	-0.54	2.45	1.51	2.00
218	-0.55	2.47	1.49	2.00
219	-0.57	2.49	1.48	2.00
220	-0.59	2.49	1.48	2.00
221	-0.60	2.48	1.48	2.00
222	-0.61	2.48	1.49	2.00
223	-0.62	2.48	1.49	2.00
224	-0.62	2.48	1.49	2.00
225	-0.63	2.48	1.49	2.00
226	-0.63	2.48	1.49	2.00
227	-0.64	2.49	1.49	2.00
228	-0.65	2.50	1.49	2.00
229	-0.66	2.51	1.48	2.00
230	-0.67	2.53	1.48	2.00
231	-0.68	2.54	1.48	2.00
232	-0.69	2.56	1.49	2.00
233	-0.69	2.58	1.50	2.00
234	-0.70	2.60	1.51	2.00
235	-0.70	2.63	1.51	2.00
236	-0.72	2.65	1.51	2.00
237	-0.74	2.68	1.51	2.00
238	-0.75	2.69	1.51	2.00
239	-0.76	2.70	1.51	2.00
240	-0.78	2.71	1.52	2.00
241	-0.80	2.72	1.52	2.00
242	-0.83	2.72	1.52	2.00
243	-0.85	2.73	1.52	2.00
244	-0.88	2.78	1.51	2.00
245	-0.91	2.83	1.50	2.00
246	-0.93	2.87	1.49	2.00
247	-0.95	2.91	1.48	3.00
248	-0.97	2.93	1.49	3.00
249	-0.98	2.95	1.49	3.00
250	-1.00	2.98	1.49	3.00
251	-1.02	3.01	1.50	2.00
252	-1.03	3.02	1.50	2.00
253	-1.05	3.04	1.51	2.00
254	-1.04	3.09	1.48	2.00
255	-1.03	3.13	1.45	3.00
256	-1.05	3.14	1.47	3.00
257	-1.07	3.15	1.49	3.00
258	-1.08	3.16	1.51	3.00
259	-1.09	3.17	1.54	2.00
260	-1.08	3.18	1.56	2.00
261	-1.07	3.18	1.57	3.00
Target 10 (frames from 157 to 269)
Bounding Boxes (frame, x, y, width, height)
157	424	164	94	189
158	425	164	94	189
159	425	163	95	190
160	425	163	95	190
161	424	163	95	190
162	423	162	95	190
163	422	162	95	190
164	421	162	95	190
165	419	162	95	190
166	416	161	95	190
167	413	161	95	190
168	409	160	95	190
169	405	160	95	190
170	401	160	95	190
171	396	160	95	190
172	392	160	94	189
173	388	160	94	189
174	384	160	94	189
175	382	160	94	189
176	380	160	94	189
177	379	160	94	189
178	378	160	94	188
179	378	160	94	188
180	378	161	94	188
181	377	161	94	188
182	377	161	94	188
183	377	162	93	187
184	376	162	93	187
185	375	163	93	187
186	374	163	93	187
187	372	163	93	186
188	371	164	93	186
189	370	164	93	186
190	368	165	93	186
191	368	166	92	185
192	368	167	92	184
193	368	168	92	184
194	369	169	91	183
195	370	169	91	182
196	371	170	91	182
197	372	170	90	181
198	372	170	90	181
199	374	169	90	180
200	374	169	89	179
201	375	168	89	179
202	374	167	89	178
203	374	166	89	178
204	373	164	88	177
205	371	163	88	177
206	370	162	88	177
207	368	161	89	178
208	366	160	88	177
209	364	160	88	177
210	361	160	88	177
211	358	161	88	177
212	355	162	88	177
213	352	162	88	176
214	349	163	88	176
215	346	164	87	175
216	343	166	87	175
217	341	167	87	174
218	338	168	86	173
219	336	168	86	173
220	333	169	86	172
221	331	169	86	172
222	328	169	86	172
223	325	168	86	173
224	322	168	87	174
225	320	167	87	175
226	317	166	88	176
227	313	165	89	178
228	310	164	89	179
229	306	163	90	181
230	304	162	91	183
231	301	161	92	184
232	298	160	93	186
233	296	160	93	187
234	294	161	94	188
235	292	161	94	189
236	290	162	95	190
237	289	163	95	190
238	288	165	95	190
239	287	167	95	190
240	287	169	95	190
241	286	172	95	190
242	286	174	95	190
243	285	176	95	190
244	285	177	95	190
245	285	178	95	191
246	285	179	96	192
247	285	180	96	193
248	284	180	97	195
249	284	180	98	197
250	284	179	99	199
251	284	179	100	201
252	283	178	101	203
253	283	177	102	205
254	284	176	103	207
255	285	175	104	209
256	286	174	105	210
257	288	172	106	212
258	290	171	106	213
259	292	170	107	214
260	294	169	107	215
261	296	168	108	216
262	297	166	108	217
263	299	165	109	218
264	301	164	109	219
265	303	163	110	220
266	305	161	110	220
267	306	160	110	221
268	308	159	111	222
269	310	157	111	222
3D Trajetory (frame, x, z, height, pose)
157	0.81	4.75	1.79	4.00
158	0.77	4.77	1.79	4.00
159	0.74	4.79	1.79	4.00
160	0.73	4.79	1.79	4.00
161	0.72	4.80	1.79	4.00
162	0.72	4.79	1.80	4.00
163	0.72	4.77	1.81	4.00
164	0.72	4.78	1.81	4.00
165	0.71	4.78	1.81	4.00
166	0.71	4.78	1.81	4.00
167	0.70	4.78	1.81	4.00
168	0.70	4.78	1.81	4.00
169	0.69	4.79	1.81	3.00
170	0.68	4.78	1.81	3.00
171	0.68	4.78	1.81	3.00
172	0.68	4.78	1.81	3.00
173	0.68	4.78	1.81	3.00
174	0.67	4.78	1.81	3.00
175	0.66	4.78	1.81	3.00
176	0.66	4.77	1.81	3.00
177	0.66	4.77	1.82	3.00
178	0.66	4.77	1.81	3.00
179	0.66	4.78	1.80	3.00
180	0.68	4.80	1.81	3.00
181	0.69	4.82	1.81	3.00
182	0.69	4.82	1.81	3.00
183	0.68	4.82	1.80	3.00
184	0.68	4.81	1.80	3.00
185	0.67	4.80	1.81	3.00
186	0.66	4.79	1.81	3.00
187	0.65	4.78	1.81	3.00
188	0.65	4.79	1.80	3.00
189	0.65	4.80	1.79	3.00
190	0.65	4.80	1.79	3.00
191	0.65	4.80	1.79	3.00
192	0.65	4.81	1.79	3.00
193	0.65	4.81	1.78	2.00
194	0.65	4.82	1.78	2.00
195	0.65	4.82	1.77	2.00
196	0.66	4.84	1.77	2.00
197	0.66	4.86	1.77	2.00
198	0.67	4.86	1.76	2.00
199	0.68	4.87	1.76	2.00
200	0.68	4.87	1.76	2.00
201	0.67	4.88	1.76	3.00
202	0.67	4.88	1.76	3.00
203	0.67	4.89	1.76	3.00
204	0.67	4.90	1.75	3.00
205	0.68	4.92	1.75	3.00
206	0.68	4.92	1.75	3.00
207	0.68	4.92	1.75	3.00
208	0.67	4.92	1.75	3.00
209	0.66	4.92	1.76	3.00
210	0.66	4.91	1.77	3.00
211	0.66	4.90	1.77	3.00
212	0.66	4.90	1.77	3.00
213	0.66	4.91	1.77	3.00
214	0.66	4.94	1.76	3.00
215	0.66	4.97	1.74	3.00
216	0.65	4.97	1.74	3.00
217	0.65	4.97	1.75	3.00
218	0.65	4.97	1.75	3.00
219	0.65	4.98	1.75	3.00
220	0.66	4.99	1.75	3.00
221	0.67	5.00	1.75	3.00
222	0.67	5.01	1.74	3.00
223	0.67	5.01	1.74	3.00
224	0.65	5.00	1.76	3.00
225	0.62	4.99	1.77	3.00
226	0.64	4.99	1.77	3.00
227	0.66	4.99	1.78	3.00
228	0.64	4.98	1.81	3.00
229	0.63	4.96	1.83	3.00
230	0.63	4.95	1.85	3.00
231	0.63	4.94	1.86	3.00
232	0.62	4.93	1.86	3.00
233	0.62	4.92	1.87	3.00
234	0.61	4.92	1.87	3.00
235	0.61	4.91	1.87	3.00
236	0.61	4.90	1.87	3.00
237	0.61	4.88	1.87	3.00
238	0.61	4.87	1.87	3.00
239	0.60	4.86	1.88	3.00
240	0.60	4.85	1.87	3.00
241	0.59	4.84	1.87	3.00
242	0.59	4.84	1.86	3.00
243	0.59	4.84	1.85	3.00
244	0.59	4.85	1.85	3.00
245	0.59	4.85	1.85	1.00
246	0.60	4.81	1.86	1.00
247	0.60	4.77	1.87	1.00
248	0.61	4.75	1.87	1.00
249	0.61	4.74	1.87	4.00
250	0.60	4.68	1.88	4.00
251	0.60	4.63	1.89	2.00
252	0.58	4.57	1.89	2.00
253	0.57	4.52	1.89	1.00
254	0.55	4.49	1.89	1.00
255	0.54	4.46	1.89	1.00
256	0.52	4.45	1.89	1.00
257	0.51	4.43	1.89	1.00
258	0.50	4.42	1.89	1.00
259	0.49	4.40	1.89	1.00
260	0.49	4.38	1.90	1.00
261	0.50	4.37	1.91	1.00
262	0.49	4.34	1.91	1.00
263	0.48	4.32	1.91	1.00
264	0.47	4.31	1.91	1.00
265	0.46	4.30	1.90	1.00
266	0.44	4.28	1.89	1.00
267	0.43	4.27	1.89	1.00
268	0.44	4.25	1.90	1.00
269	0.45	4.22	1.91	1.00
Target 11 (frames from 199 to 251)
Bounding Boxes (frame, x, y, width, height)
199	299	161	91	182
200	298	158	92	184
201	296	156	92	185
202	295	154	93	186
203	293	152	93	187
204	291	150	94	188
205	289	149	94	189
206	287	148	94	189
207	285	148	94	189
208	282	147	94	189
209	280	148	94	188
210	277	149	93	187
211	274	150	93	187
212	271	151	93	186
213	267	152	93	186
214	263	154	92	185
215	260	155	92	184
216	256	156	91	183
217	253	158	91	182
218	250	159	90	181
219	247	160	90	181
220	244	160	90	180
221	241	161	90	180
222	238	162	89	179
223	236	163	89	179
224	233	163	89	178
225	230	164	89	178
226	228	165	88	177
227	225	166	88	177
228	222	166	88	176
229	220	167	88	176
230	217	167	88	176
231	215	168	88	176
232	213	169	87	175
233	211	170	87	175
234	210	170	87	175
235	208	171	87	175
236	208	172	87	175
237	207	174	87	175
238	207	175	87	175
239	207	177	87	175
240	207	179	87	175
241	207	181	87	175
242	207	183	87	175
243	207	184	87	175
244	206	186	87	175
245	206	187	87	175
246	206	188	87	175
247	205	190	87	175
248	205	191	87	175
249	205	192	87	175
250	204	193	87	175
251	204	194	87	175
3D Trajetory (frame, x, z, height, pose)
199	-0.05	5.31	1.90	2.00
200	-0.07	5.19	1.91	2.00
201	-0.09	5.08	1.92	2.00
202	-0.10	5.03	1.92	2.00
203	-0.10	4.98	1.92	2.00
204	-0.10	5.02	1.91	2.00
205	-0.11	5.07	1.90	2.00
206	-0.12	5.04	1.90	2.00
207	-0.13	5.02	1.90	2.00
208	-0.13	5.01	1.89	2.00
209	-0.14	4.99	1.89	2.00
210	-0.14	4.98	1.88	2.00
211	-0.13	4.97	1.87	2.00
212	-0.15	4.99	1.87	2.00
213	-0.16	5.00	1.86	2.00
214	-0.17	5.03	1.86	2.00
215	-0.18	5.07	1.85	2.00
216	-0.19	5.07	1.85	2.00
217	-0.20	5.07	1.85	2.00
218	-0.21	5.08	1.84	2.00
219	-0.22	5.08	1.83	2.00
220	-0.22	5.08	1.83	2.00
221	-0.23	5.09	1.82	2.00
222	-0.23	5.09	1.81	2.00
223	-0.23	5.10	1.81	2.00
224	-0.23	5.10	1.80	2.00
225	-0.24	5.10	1.80	2.00
226	-0.23	5.10	1.80	2.00
227	-0.23	5.11	1.79	2.00
228	-0.24	5.12	1.79	2.00
229	-0.25	5.14	1.78	2.00
230	-0.25	5.15	1.78	2.00
231	-0.25	5.15	1.78	2.00
232	-0.25	5.16	1.78	2.00
233	-0.25	5.17	1.78	2.00
234	-0.25	5.18	1.79	2.00
235	-0.25	5.18	1.79	2.00
236	-0.24	5.19	1.79	2.00
237	-0.24	5.19	1.79	2.00
238	-0.23	5.19	1.79	2.00
239	-0.22	5.18	1.79	2.00
240	-0.21	5.19	1.79	2.00
241	-0.21	5.19	1.80	2.00
242	-0.20	5.20	1.79	2.00
243	-0.20	5.21	1.79	2.00
244	-0.20	5.21	1.79	2.00
245	-0.20	5.21	1.78	2.00
246	-0.20	5.20	1.79	2.00
247	-0.20	5.20	1.79	2.00
248	-0.20	5.19	1.79	2.00
249	-0.21	5.19	1.79	2.00
250	-0.22	5.19	1.79	2.00
251	-0.23	5.19	1.78	2.00
Target 12 (frames from 253 to 287)
Bounding Boxes (frame, x, y, width, height)
253	300	198	65	130
254	304	195	69	138
255	308	192	72	144
256	312	189	75	150
257	315	186	77	155
258	319	184	80	160
259	322	182	82	165
260	325	180	84	169
261	327	178	86	172
262	330	177	87	174
263	333	176	88	176
264	336	175	88	177
265	338	175	88	177
266	340	174	88	177
267	341	174	89	178
268	341	174	89	178
269	340	174	89	178
270	339	174	89	178
271	337	174	89	178
272	335	174	89	179
273	334	174	90	180
274	332	174	90	181
275	330	173	91	183
276	329	173	92	184
277	327	172	93	186
278	325	172	94	188
279	324	171	94	189
280	322	171	95	190
281	321	171	95	191
282	319	171	96	192
283	317	171	96	193
284	316	170	96	193
285	314	170	97	194
286	313	170	97	194
287	311	170	97	195
3D Trajetory (frame, x, z, height, pose)
253	0.94	7.04	1.84	4.00
254	0.92	6.87	1.89	4.00
255	0.90	6.69	1.94	4.00
256	0.87	6.36	1.94	4.00
257	0.83	6.02	1.94	4.00
258	0.82	5.83	1.93	4.00
259	0.81	5.63	1.92	4.00
260	0.81	5.53	1.91	4.00
261	0.81	5.43	1.89	4.00
262	0.81	5.37	1.89	4.00
263	0.81	5.30	1.89	4.00
264	0.81	5.26	1.89	4.00
265	0.81	5.23	1.89	4.00
266	0.81	5.21	1.88	4.00
267	0.81	5.19	1.88	4.00
268	0.79	5.18	1.87	4.00
269	0.77	5.18	1.86	4.00
270	0.75	5.17	1.86	4.00
271	0.72	5.16	1.85	4.00
272	0.69	5.13	1.85	4.00
273	0.67	5.10	1.84	4.00
274	0.64	5.07	1.85	4.00
275	0.62	5.04	1.85	4.00
276	0.60	4.98	1.85	4.00
277	0.58	4.93	1.86	4.00
278	0.58	4.90	1.86	4.00
279	0.58	4.87	1.86	4.00
280	0.57	4.84	1.87	4.00
281	0.56	4.81	1.88	4.00
282	0.55	4.78	1.87	4.00
283	0.54	4.76	1.87	4.00
284	0.52	4.74	1.86	4.00
285	0.50	4.72	1.84	2.00
286	0.49	4.71	1.83	2.00
287	0.48	4.70	1.81	2.00
Target 13 (frames from 327 to 347)
Bounding Boxes (frame, x, y, width, height)
327	141	147	144	288
328	138	149	141	283
329	136	150	140	280
330	133	151	138	276
331	130	152	136	273
332	128	153	135	271
333	125	154	134	268
334	123	154	133	266
335	121	155	132	265
336	118	155	132	264
337	116	155	131	263
338	113	155	131	262
339	111	155	131	262
340	109	154	131	262
341	107	154	131	262
342	106	153	131	263
343	104	151	132	265
344	103	150	133	266
345	102	148	134	268
346	101	146	135	271
347	100	144	137	274
3D Trajetory (frame, x, z, height, pose)
327	-0.53	2.98	1.61	2.00
328	-0.53	2.93	1.63	2.00
329	-0.52	2.89	1.64	2.00
330	-0.55	2.97	1.63	2.00
331	-0.58	3.06	1.61	2.00
332	-0.61	3.09	1.62	2.00
333	-0.64	3.12	1.62	2.00
334	-0.67	3.14	1.61	2.00
335	-0.70	3.16	1.60	2.00
336	-0.72	3.16	1.60	2.00
337	-0.74	3.15	1.61	2.00
338	-0.74	3.15	1.60	2.00
339	-0.75	3.16	1.60	2.00
340	-0.76	3.15	1.62	2.00
341	-0.77	3.15	1.63	2.00
342	-0.77	3.15	1.63	2.00
343	-0.77	3.14	1.63	2.00
344	-0.78	3.14	1.63	2.00
345	-0.79	3.14	1.63	2.00
346	-0.80	3.14	1.63	2.00
347	-0.80	3.14	1.63	2.00
