Total frames 365
Number of Targets 26
Target 1 (frames from 1 to 134)
Bounding Boxes (frame, x, y, width, height)
1	138	135	119	239
2	137	133	121	242
3	136	130	122	244
4	135	129	122	245
5	135	127	123	247
6	135	126	123	247
7	135	126	124	248
8	136	125	124	248
9	136	125	123	247
10	137	125	123	246
11	138	126	123	246
12	141	129	120	241
13	143	131	119	238
14	145	133	117	235
15	147	134	116	233
16	151	136	115	230
17	154	137	114	229
18	156	137	115	230
19	158	137	114	228
20	160	137	114	229
21	160	135	116	232
22	160	133	117	235
23	160	132	118	236
24	161	131	119	238
25	161	131	120	240
26	162	130	121	242
27	162	130	121	243
28	163	130	121	243
29	164	130	121	243
30	165	130	121	242
31	165	130	120	241
32	166	129	119	239
33	167	129	118	237
34	167	129	117	234
35	167	129	115	230
36	167	130	113	227
37	167	131	111	223
38	166	131	110	220
39	166	132	109	218
40	165	133	107	215
41	164	135	106	213
42	164	136	106	212
43	163	137	106	212
44	162	139	106	212
45	162	139	106	213
46	161	140	107	215
47	160	139	108	216
48	160	139	108	217
49	159	139	108	217
50	159	139	108	217
51	157	138	109	218
52	156	138	109	219
53	154	137	110	220
54	152	136	110	221
55	151	136	111	223
56	150	135	112	225
57	149	134	113	227
58	148	133	114	229
59	148	133	115	231
60	148	132	116	233
61	148	131	117	235
62	149	131	118	236
63	149	130	119	238
64	150	130	118	237
65	151	131	118	237
66	151	131	118	236
67	152	131	117	235
68	152	132	117	235
69	151	132	117	235
70	151	132	117	234
71	151	132	117	234
72	151	132	117	235
73	150	132	117	235
74	150	132	117	235
75	150	132	118	236
76	150	132	118	237
77	150	132	118	237
78	150	132	118	237
79	150	132	118	236
80	150	132	117	235
81	151	133	117	235
82	151	132	117	235
83	151	132	117	234
84	151	132	117	234
85	151	132	117	234
86	151	132	117	235
87	152	132	117	234
88	152	132	117	234
89	153	131	117	235
90	152	131	117	235
91	152	131	118	236
92	151	131	118	237
93	149	130	120	240
94	146	129	122	244
95	143	128	123	246
96	140	128	124	249
97	137	127	125	251
98	133	127	126	252
99	131	126	126	253
100	128	126	127	254
101	127	127	126	252
102	125	128	125	250
103	125	129	123	247
104	125	130	121	243
105	127	132	118	237
106	128	134	115	231
107	130	136	112	225
108	132	139	109	219
109	134	141	106	213
110	135	143	104	208
111	136	144	102	205
112	137	144	101	203
113	138	145	101	202
114	139	145	100	201
115	140	145	100	200
116	142	144	100	201
117	143	143	101	202
118	144	142	101	203
119	145	141	102	205
120	147	140	103	207
121	148	138	104	209
122	149	137	106	212
123	151	136	106	213
124	151	133	108	217
125	152	131	110	221
126	154	131	110	221
127	156	132	110	220
128	158	132	109	219
129	160	134	109	218
130	162	135	108	216
131	164	137	106	213
132	167	140	105	210
133	169	143	103	206
134	172	146	100	201
3D Trajetory (frame, x, z, height, pose)
1	-0.93	2.97	1.89	2.00
2	-0.99	3.23	1.82	2.00
3	-0.91	2.92	1.87	2.00
4	-0.96	3.09	1.89	2.00
5	-0.93	3.10	1.89	2.00
6	-0.93	3.19	1.90	2.00
7	-0.88	3.06	1.92	2.00
8	-0.93	3.04	1.92	2.00
9	-0.93	3.17	1.92	2.00
10	-0.95	3.07	1.93	2.00
11	-0.96	2.98	1.93	3.00
12	-0.95	3.08	1.93	3.00
13	-0.94	3.14	1.93	1.00
14	-0.92	3.17	1.93	1.00
15	-0.91	3.18	1.92	1.00
16	-0.90	3.21	1.92	1.00
17	-0.90	3.24	1.92	1.00
18	-0.89	3.26	1.91	1.00
19	-0.89	3.29	1.91	1.00
20	-0.88	3.32	1.91	2.00
21	-0.85	3.28	1.91	2.00
22	-0.83	3.23	1.91	2.00
23	-0.82	3.25	1.91	2.00
24	-0.82	3.26	1.90	2.00
25	-0.81	3.26	1.90	2.00
26	-0.79	3.25	1.90	2.00
27	-0.78	3.25	1.90	2.00
28	-0.77	3.23	1.90	2.00
29	-0.76	3.22	1.91	2.00
30	-0.75	3.20	1.90	2.00
31	-0.73	3.17	1.90	2.00
32	-0.73	3.17	1.90	2.00
33	-0.73	3.19	1.90	1.00
34	-0.73	3.21	1.90	1.00
35	-0.74	3.23	1.90	1.00
36	-0.74	3.25	1.90	1.00
37	-0.74	3.25	1.90	1.00
38	-0.77	3.31	1.91	1.00
39	-0.79	3.37	1.91	1.00
40	-0.81	3.39	1.90	1.00
41	-0.83	3.41	1.90	1.00
42	-0.84	3.42	1.90	1.00
43	-0.85	3.44	1.90	1.00
44	-0.86	3.45	1.90	1.00
45	-0.88	3.46	1.90	1.00
46	-0.89	3.47	1.89	1.00
47	-0.90	3.48	1.89	1.00
48	-0.90	3.48	1.89	1.00
49	-0.91	3.49	1.89	1.00
50	-0.92	3.50	1.89	1.00
51	-0.92	3.48	1.89	1.00
52	-0.93	3.47	1.89	1.00
53	-0.93	3.46	1.89	1.00
54	-0.96	3.49	1.89	1.00
55	-0.96	3.46	1.89	1.00
56	-0.96	3.44	1.89	1.00
57	-0.96	3.42	1.89	1.00
58	-0.96	3.39	1.89	1.00
59	-0.96	3.37	1.89	1.00
60	-0.95	3.36	1.88	1.00
61	-0.94	3.32	1.88	1.00
62	-0.93	3.29	1.88	1.00
63	-0.92	3.27	1.88	1.00
64	-0.91	3.26	1.88	1.00
65	-0.91	3.25	1.88	1.00
66	-0.90	3.22	1.88	1.00
67	-0.90	3.21	1.88	1.00
68	-0.90	3.23	1.88	1.00
69	-0.89	3.21	1.88	1.00
70	-0.89	3.19	1.88	1.00
71	-0.88	3.17	1.88	1.00
72	-0.88	3.15	1.88	1.00
73	-0.87	3.14	1.88	1.00
74	-0.87	3.14	1.88	1.00
75	-0.87	3.14	1.88	1.00
76	-0.87	3.14	1.88	1.00
77	-0.86	3.13	1.88	1.00
78	-0.86	3.13	1.88	1.00
79	-0.86	3.13	1.88	1.00
80	-0.86	3.13	1.88	1.00
81	-0.86	3.13	1.88	1.00
82	-0.86	3.13	1.88	1.00
83	-0.87	3.14	1.88	1.00
84	-0.87	3.15	1.88	1.00
85	-0.87	3.18	1.88	1.00
86	-0.87	3.18	1.88	1.00
87	-0.87	3.18	1.88	2.00
88	-0.87	3.17	1.88	2.00
89	-0.86	3.16	1.88	2.00
90	-0.86	3.15	1.88	2.00
91	-0.86	3.16	1.88	2.00
92	-0.86	3.15	1.88	2.00
93	-0.86	3.14	1.88	3.00
94	-0.86	3.14	1.88	3.00
95	-0.86	3.14	1.88	3.00
96	-0.87	3.11	1.88	3.00
97	-0.89	3.08	1.88	3.00
98	-0.90	3.06	1.88	3.00
99	-0.91	3.04	1.88	3.00
100	-0.93	3.01	1.88	3.00
101	-0.95	2.98	1.88	3.00
102	-0.95	2.97	1.88	3.00
103	-0.97	3.00	1.88	3.00
104	-0.98	3.01	1.88	3.00
105	-0.98	3.02	1.88	3.00
106	-0.99	3.04	1.88	3.00
107	-0.99	3.05	1.88	3.00
108	-1.00	3.06	1.88	3.00
109	-1.00	3.07	1.88	3.00
110	-1.01	3.08	1.88	3.00
111	-1.01	3.09	1.88	3.00
112	-1.02	3.10	1.88	3.00
113	-1.02	3.11	1.88	1.00
114	-1.02	3.13	1.88	2.00
115	-1.02	3.15	1.88	2.00
116	-1.01	3.16	1.88	2.00
117	-1.01	3.18	1.88	2.00
118	-1.00	3.20	1.88	2.00
119	-1.00	3.22	1.88	2.00
120	-0.99	3.23	1.88	2.00
121	-0.99	3.25	1.88	2.00
122	-0.98	3.27	1.88	2.00
123	-0.98	3.29	1.88	2.00
124	-0.98	3.30	1.88	2.00
125	-0.97	3.32	1.88	2.00
126	-0.97	3.34	1.88	2.00
127	-0.96	3.36	1.88	2.00
128	-0.96	3.37	1.88	2.00
129	-0.95	3.39	1.88	2.00
130	-0.95	3.41	1.88	2.00
131	-0.94	3.43	1.88	2.00
132	-0.94	3.44	1.88	2.00
133	-0.92	3.51	1.88	2.00
134	-0.92	3.59	1.88	2.00
Target 2 (frames from 1 to 32)
Bounding Boxes (frame, x, y, width, height)
1	436	126	111	222
2	435	122	115	230
3	434	119	118	237
4	433	116	122	244
5	433	113	124	249
6	433	111	127	254
7	433	109	128	257
8	434	107	130	260
9	435	106	131	262
10	436	105	131	263
11	438	104	131	263
12	441	104	130	260
13	444	104	129	258
14	447	105	127	255
15	450	106	126	253
16	454	107	124	249
17	457	109	122	244
18	461	111	117	235
19	466	113	114	228
20	470	114	111	223
21	473	114	110	220
22	476	113	109	219
23	477	112	110	221
24	478	111	111	223
25	479	111	112	225
26	479	110	114	228
27	478	109	116	232
28	477	108	119	238
29	476	106	122	244
30	473	105	126	252
31	471	103	130	260
32	467	101	135	270
3D Trajetory (frame, x, z, height, pose)
1	1.65	3.80	2.05	2.00
2	1.64	3.80	2.06	2.00
3	1.47	3.41	2.04	2.00
4	1.43	3.22	2.04	2.00
5	1.31	2.97	2.03	2.00
6	1.28	3.00	2.04	1.00
7	1.28	2.92	2.05	1.00
8	1.42	3.22	2.06	2.00
9	1.45	3.21	2.07	2.00
10	1.47	3.20	2.07	2.00
11	1.49	3.19	2.08	2.00
12	1.52	3.21	2.08	2.00
13	1.48	3.14	2.09	1.00
14	1.53	3.24	2.09	1.00
15	1.58	3.28	2.09	2.00
16	1.59	3.28	2.10	2.00
17	1.61	3.30	2.10	2.00
18	1.66	3.35	2.10	2.00
19	1.70	3.38	2.10	2.00
20	1.77	3.45	2.10	2.00
21	1.82	3.52	2.11	2.00
22	1.89	3.63	2.11	2.00
23	1.95	3.71	2.11	2.00
24	2.01	3.79	2.11	2.00
25	2.06	3.86	2.11	2.00
26	2.08	3.84	2.11	2.00
27	2.06	3.78	2.11	2.00
28	2.05	3.73	2.11	2.00
29	2.03	3.68	2.11	2.00
30	2.05	3.71	2.11	2.00
31	2.07	3.74	2.12	2.00
32	2.09	3.77	2.12	2.00
Target 3 (frames from 2 to 53)
Bounding Boxes (frame, x, y, width, height)
2	342	124	122	245
3	343	125	120	240
4	345	125	117	235
5	346	126	115	231
6	348	126	113	227
7	350	126	112	224
8	351	127	110	221
9	353	127	109	218
10	355	127	108	216
11	357	127	107	214
12	360	126	105	211
13	362	125	105	210
14	364	124	105	210
15	366	124	105	210
16	368	124	106	212
17	370	124	106	213
18	372	124	107	215
19	373	124	108	217
20	373	123	110	221
21	374	123	112	225
22	375	123	113	227
23	375	122	115	230
24	375	123	115	231
25	375	123	115	230
26	374	124	114	229
27	374	125	114	228
28	374	125	114	228
29	373	124	114	229
30	373	123	116	232
31	372	121	117	235
32	371	119	119	239
33	370	117	122	244
34	370	114	124	249
35	369	112	126	253
36	369	110	127	255
37	370	109	128	256
38	370	107	128	257
39	371	105	128	257
40	372	104	128	257
41	373	103	128	256
42	373	102	128	257
43	374	101	129	258
44	375	100	128	257
45	375	102	127	254
46	375	103	125	250
47	376	105	122	244
48	376	108	119	238
49	376	111	116	232
50	376	115	112	224
51	376	119	107	215
52	376	124	103	206
53	376	129	97	195
3D Trajetory (frame, x, z, height, pose)
2	0.70	3.27	2.02	2.00
3	0.70	3.32	1.99	2.00
4	0.70	3.37	1.97	2.00
5	0.70	3.41	1.94	2.00
6	0.70	3.46	1.92	2.00
7	0.87	3.91	1.96	2.00
8	0.67	3.20	1.99	2.00
9	0.65	3.11	2.02	2.00
10	0.65	3.05	1.98	2.00
11	0.70	3.18	1.96	2.00
12	0.77	3.38	1.96	2.00
13	0.82	3.55	1.96	2.00
14	0.87	3.74	1.97	2.00
15	0.96	3.94	1.97	2.00
16	1.01	4.03	1.98	2.00
17	1.05	4.11	1.98	2.00
18	1.06	4.07	1.99	2.00
19	1.07	4.02	1.99	2.00
20	1.07	3.93	1.99	2.00
21	1.07	3.85	1.99	2.00
22	1.03	3.68	1.98	2.00
23	1.01	3.55	1.97	2.00
24	0.99	3.47	1.97	2.00
25	1.01	3.51	1.97	2.00
26	1.05	3.62	1.98	2.00
27	1.05	3.60	1.98	2.00
28	1.04	3.59	1.98	2.00
29	1.04	3.57	1.98	2.00
30	1.04	3.56	1.98	2.00
31	1.01	3.51	1.97	2.00
32	0.99	3.47	1.97	2.00
33	0.98	3.43	1.97	2.00
34	0.97	3.36	1.97	2.00
35	0.96	3.31	1.97	2.00
36	0.96	3.32	1.97	2.00
37	0.96	3.34	1.97	2.00
38	0.96	3.35	1.97	2.00
39	0.96	3.36	1.97	2.00
40	0.97	3.38	1.97	2.00
41	0.97	3.39	1.97	2.00
42	0.97	3.41	1.97	2.00
43	0.97	3.42	1.97	2.00
44	0.97	3.44	1.97	2.00
45	0.97	3.45	1.97	2.00
46	0.97	3.46	1.97	2.00
47	0.97	3.48	1.97	2.00
48	0.97	3.49	1.97	2.00
49	0.97	3.51	1.98	2.00
50	0.97	3.52	1.98	3.00
51	1.00	3.62	1.98	3.00
52	1.00	3.70	1.98	1.00
53	1.00	3.76	1.98	1.00
Target 4 (frames from 8 to 53)
Bounding Boxes (frame, x, y, width, height)
8	47	127	123	247
9	47	126	123	247
10	47	124	124	248
11	47	123	124	249
12	47	122	124	249
13	48	122	124	249
14	48	121	124	249
15	50	121	124	249
16	51	121	124	249
17	52	121	124	248
18	54	122	123	247
19	56	122	123	246
20	59	123	122	244
21	62	124	121	243
22	65	124	121	243
23	67	124	121	242
24	70	125	120	241
25	72	127	119	239
26	73	127	119	238
27	73	127	119	239
28	73	127	120	241
29	72	126	122	244
30	71	125	123	246
31	70	124	124	248
32	69	124	124	249
33	67	124	124	249
34	66	124	124	249
35	64	123	124	249
36	63	122	124	249
37	61	121	125	250
38	59	121	125	251
39	57	120	126	252
40	56	119	126	252
41	54	120	125	250
42	52	121	124	249
43	51	121	124	248
44	49	121	125	250
45	48	121	125	250
46	48	121	125	251
47	47	121	126	253
48	48	121	127	254
49	48	121	128	256
50	49	121	129	258
51	49	121	130	260
52	51	121	131	262
53	52	121	132	265
3D Trajetory (frame, x, z, height, pose)
8	-1.65	3.00	1.88	2.00
9	-1.66	3.20	1.95	2.00
10	-1.66	3.21	1.95	2.00
11	-1.66	3.19	1.95	2.00
12	-1.62	3.14	1.96	2.00
13	-1.63	3.15	1.97	1.00
14	-1.62	3.13	1.98	1.00
15	-1.61	3.12	1.98	1.00
16	-1.61	3.12	1.98	1.00
17	-1.61	3.13	1.98	1.00
18	-1.61	3.14	1.98	1.00
19	-1.61	3.15	1.98	1.00
20	-1.61	3.16	1.98	1.00
21	-1.61	3.21	1.98	2.00
22	-1.60	3.25	1.97	2.00
23	-1.60	3.27	1.97	2.00
24	-1.56	3.25	1.96	2.00
25	-1.53	3.23	1.96	2.00
26	-1.50	3.22	1.96	2.00
27	-1.49	3.22	1.96	2.00
28	-1.48	3.19	1.95	2.00
29	-1.47	3.18	1.96	2.00
30	-1.49	3.21	1.95	2.00
31	-1.50	3.23	1.95	2.00
32	-1.51	3.25	1.95	2.00
33	-1.49	3.19	1.95	4.00
34	-1.45	3.12	1.94	4.00
35	-1.47	3.10	1.94	4.00
36	-1.46	3.09	1.94	4.00
37	-1.44	3.09	1.94	1.00
38	-1.47	3.09	1.94	1.00
39	-1.50	3.09	1.94	1.00
40	-1.51	3.08	1.94	3.00
41	-1.53	3.08	1.94	3.00
42	-1.54	3.08	1.94	3.00
43	-1.56	3.07	1.94	2.00
44	-1.55	3.06	1.94	3.00
45	-1.55	3.05	1.94	3.00
46	-1.55	3.04	1.94	3.00
47	-1.55	3.04	1.94	3.00
48	-1.55	3.03	1.94	3.00
49	-1.54	3.02	1.94	3.00
50	-1.54	3.01	1.94	2.00
51	-1.53	3.00	1.93	2.00
52	-1.51	3.00	1.93	2.00
53	-1.50	2.99	1.93	2.00
Target 5 (frames from 11 to 86)
Bounding Boxes (frame, x, y, width, height)
11	240	104	164	328
12	242	106	161	323
13	245	107	159	319
14	247	109	157	315
15	248	109	155	311
16	250	110	154	308
17	251	111	153	306
18	252	111	152	304
19	253	111	151	303
20	254	110	151	302
21	254	109	151	302
22	254	108	152	305
23	253	106	153	307
24	253	104	154	308
25	253	103	154	308
26	254	103	153	307
27	254	103	153	306
28	255	103	153	306
29	255	104	152	305
30	256	105	152	304
31	257	106	151	303
32	257	107	151	303
33	257	108	152	304
34	257	109	151	303
35	257	109	151	302
36	258	110	150	300
37	259	110	149	298
38	259	110	148	296
39	260	109	147	294
40	260	108	147	294
41	261	108	146	292
42	262	108	145	290
43	264	109	143	287
44	265	110	142	285
45	267	111	141	283
46	267	112	141	283
47	268	112	142	284
48	269	113	142	284
49	269	114	142	285
50	269	115	143	287
51	269	116	144	289
52	268	116	145	290
53	267	117	146	292
54	266	118	146	293
55	265	119	146	293
56	264	120	147	294
57	263	121	147	295
58	262	121	148	296
59	260	121	148	297
60	258	120	149	298
61	256	119	149	299
62	254	118	150	301
63	253	116	151	303
64	251	113	152	305
65	249	111	153	307
66	247	108	155	310
67	245	105	156	312
68	243	103	157	314
69	241	100	158	317
70	239	97	160	320
71	236	95	161	322
72	235	93	162	325
73	233	90	163	327
74	231	88	165	330
75	229	85	166	332
76	227	83	167	335
77	225	81	168	337
78	223	78	170	340
79	221	76	171	342
80	219	73	172	345
81	217	71	173	347
82	215	69	175	350
83	214	66	176	352
84	212	64	177	355
85	210	61	178	357
86	208	59	180	360
3D Trajetory (frame, x, z, height, pose)
11	0.01	2.31	1.94	2.00
12	0.01	2.33	1.92	2.00
13	0.04	2.51	1.95	2.00
14	0.04	2.54	1.95	2.00
15	0.06	2.56	1.95	2.00
16	0.05	2.55	1.95	2.00
17	0.05	2.56	1.95	2.00
18	0.06	2.55	1.95	2.00
19	0.08	2.59	1.94	2.00
20	0.07	2.57	1.94	4.00
21	0.07	2.55	1.94	4.00
22	0.07	2.54	1.94	4.00
23	0.06	2.56	1.94	4.00
24	0.07	2.58	1.94	2.00
25	0.08	2.60	1.94	2.00
26	0.08	2.63	1.95	2.00
27	0.08	2.59	1.95	2.00
28	0.08	2.58	1.95	2.00
29	0.08	2.57	1.95	2.00
30	0.07	2.55	1.95	2.00
31	0.09	2.58	1.95	2.00
32	0.10	2.61	1.95	2.00
33	0.10	2.60	1.95	2.00
34	0.09	2.59	1.95	2.00
35	0.09	2.58	1.94	2.00
36	0.08	2.57	1.94	2.00
37	0.08	2.57	1.94	2.00
38	0.09	2.59	1.94	2.00
39	0.09	2.59	1.95	2.00
40	0.09	2.60	1.94	2.00
41	0.10	2.61	1.95	2.00
42	0.10	2.64	1.95	2.00
43	0.10	2.65	1.95	2.00
44	0.11	2.66	1.95	2.00
45	0.11	2.66	1.95	2.00
46	0.12	2.67	1.95	2.00
47	0.12	2.67	1.94	2.00
48	0.13	2.68	1.94	2.00
49	0.13	2.69	1.94	2.00
50	0.13	2.70	1.94	2.00
51	0.13	2.71	1.94	2.00
52	0.13	2.72	1.94	2.00
53	0.14	2.73	1.94	2.00
54	0.14	2.74	1.94	2.00
55	0.13	2.71	1.94	2.00
56	0.13	2.68	1.94	2.00
57	0.11	2.65	1.93	2.00
58	0.11	2.62	1.93	2.00
59	0.10	2.60	1.93	2.00
60	0.10	2.58	1.92	2.00
61	0.09	2.56	1.92	2.00
62	0.09	2.56	1.92	2.00
63	0.08	2.55	1.92	3.00
64	0.07	2.54	1.92	3.00
65	0.06	2.54	1.92	3.00
66	0.05	2.52	1.92	3.00
67	0.05	2.51	1.92	3.00
68	0.04	2.49	1.92	3.00
69	0.03	2.48	1.92	3.00
70	0.03	2.47	1.92	3.00
71	0.02	2.45	1.92	3.00
72	0.02	2.44	1.92	3.00
73	0.01	2.42	1.92	3.00
74	0.01	2.41	1.93	3.00
75	-0.00	2.40	1.93	3.00
76	-0.01	2.38	1.93	3.00
77	-0.01	2.37	1.93	3.00
78	-0.02	2.35	1.93	3.00
79	-0.02	2.34	1.93	3.00
80	-0.03	2.33	1.93	3.00
81	-0.03	2.31	1.93	3.00
82	-0.04	2.30	1.93	3.00
83	-0.05	2.28	1.93	3.00
84	-0.05	2.27	1.93	3.00
85	-0.06	2.26	1.93	3.00
86	-0.06	2.24	1.93	3.00
Target 6 (frames from 30 to 143)
Bounding Boxes (frame, x, y, width, height)
30	475	98	104	209
31	476	99	107	214
32	477	101	109	218
33	478	102	111	223
34	479	103	113	226
35	480	104	114	229
36	480	105	116	232
37	480	105	117	235
38	480	106	118	236
39	480	106	119	238
40	481	107	119	239
41	481	107	119	238
42	481	108	119	238
43	480	108	119	238
44	479	107	118	237
45	478	107	117	234
46	477	107	116	232
47	476	107	114	229
48	474	106	114	229
49	473	104	114	229
50	472	103	115	230
51	471	102	115	230
52	472	102	113	227
53	474	103	111	222
54	476	103	109	218
55	477	104	107	215
56	478	104	106	213
57	479	105	106	212
58	479	105	106	213
59	479	105	106	213
60	478	105	107	214
61	478	105	108	216
62	477	105	108	217
63	477	104	109	219
64	476	104	110	220
65	476	103	111	222
66	475	102	112	224
67	475	102	112	224
68	475	102	112	224
69	475	102	111	223
70	475	102	111	222
71	475	102	111	222
72	475	102	111	222
73	475	102	111	222
74	475	102	111	223
75	475	103	111	223
76	475	104	111	223
77	475	105	112	224
78	475	106	111	223
79	475	106	112	224
80	475	107	112	225
81	475	107	113	227
82	475	107	113	227
83	475	107	114	228
84	475	106	114	229
85	475	106	114	229
86	474	105	115	230
87	474	104	115	230
88	474	103	115	230
89	475	103	115	230
90	475	103	114	229
91	475	103	114	228
92	475	104	113	227
93	476	106	111	223
94	475	107	110	221
95	474	109	110	220
96	472	110	109	219
97	469	111	110	220
98	466	111	111	222
99	462	111	112	224
100	459	112	113	226
101	456	111	114	229
102	452	111	116	233
103	449	110	118	236
104	446	110	119	239
105	444	110	121	242
106	443	109	122	244
107	442	109	123	246
108	442	109	123	247
109	443	109	123	246
110	443	110	123	246
111	443	111	122	245
112	443	110	123	246
113	443	110	123	247
114	443	111	123	246
115	444	111	122	245
116	444	110	121	243
117	444	109	122	244
118	444	108	122	244
119	445	107	121	243
120	446	107	120	241
121	448	107	117	235
122	450	107	114	229
123	453	107	111	222
124	456	107	107	214
125	460	107	102	205
126	463	108	98	197
127	467	108	94	189
128	470	108	91	182
129	473	107	89	178
130	476	106	87	174
131	478	106	86	172
132	480	105	85	171
133	482	104	85	170
134	484	103	86	172
135	486	103	85	171
136	488	102	85	171
137	490	102	86	172
138	493	102	86	173
139	495	102	87	175
140	497	102	88	177
141	499	102	89	179
142	500	102	91	182
143	502	102	93	186
3D Trajetory (frame, x, z, height, pose)
30	2.55	4.76	2.47	2.00
31	2.45	4.60	2.40	2.00
32	2.31	4.36	2.38	2.00
33	2.18	4.12	2.36	2.00
34	2.12	3.99	2.29	2.00
35	2.09	3.93	2.26	2.00
36	2.03	3.80	2.22	1.00
37	1.95	3.65	2.19	1.00
38	1.90	3.48	2.19	1.00
39	1.89	3.42	2.19	2.00
40	1.88	3.37	2.19	2.00
41	1.88	3.36	2.19	2.00
42	1.99	3.53	2.18	2.00
43	2.08	3.65	2.17	2.00
44	2.06	3.67	2.16	2.00
45	2.01	3.62	2.16	2.00
46	1.99	3.63	2.16	2.00
47	1.97	3.65	2.16	2.00
48	1.92	3.57	2.16	2.00
49	1.96	3.65	2.17	2.00
50	1.97	3.70	2.17	2.00
51	2.00	3.76	2.18	2.00
52	2.01	3.80	2.18	2.00
53	2.02	3.83	2.18	2.00
54	2.04	3.86	2.19	2.00
55	2.04	3.88	2.19	2.00
56	2.05	3.89	2.19	2.00
57	2.09	3.98	2.19	2.00
58	2.13	4.04	2.19	2.00
59	2.15	4.09	2.19	2.00
60	2.15	4.09	2.19	2.00
61	2.15	4.09	2.19	2.00
62	2.16	4.10	2.19	2.00
63	2.16	4.10	2.20	2.00
64	2.17	4.11	2.20	2.00
65	2.17	4.12	2.20	2.00
66	2.17	4.11	2.20	2.00
67	2.17	4.11	2.21	2.00
68	2.16	4.11	2.21	2.00
69	2.16	4.10	2.21	2.00
70	2.16	4.10	2.21	2.00
71	2.16	4.10	2.20	2.00
72	2.16	4.09	2.20	2.00
73	2.15	4.06	2.20	2.00
74	2.14	4.06	2.20	2.00
75	2.14	4.06	2.20	2.00
76	2.14	4.05	2.21	2.00
77	2.14	4.04	2.21	2.00
78	2.14	4.04	2.21	2.00
79	2.13	4.02	2.21	2.00
80	2.12	4.01	2.21	2.00
81	2.12	4.00	2.20	2.00
82	2.11	3.99	2.20	2.00
83	2.12	3.99	2.20	2.00
84	2.12	3.99	2.21	2.00
85	2.12	3.99	2.21	2.00
86	2.12	3.99	2.21	2.00
87	2.08	3.89	2.21	2.00
88	2.08	3.89	2.21	2.00
89	2.07	3.89	2.21	2.00
90	2.08	3.90	2.21	2.00
91	2.08	3.91	2.21	2.00
92	2.07	3.90	2.21	2.00
93	2.07	3.90	2.21	2.00
94	2.07	3.90	2.21	2.00
95	2.06	3.90	2.21	4.00
96	2.07	3.91	2.21	4.00
97	2.06	3.91	2.21	4.00
98	2.05	3.94	2.21	2.00
99	2.03	3.96	2.21	2.00
100	2.00	3.96	2.21	2.00
101	1.98	3.96	2.20	2.00
102	1.91	3.87	2.20	2.00
103	1.88	3.88	2.20	2.00
104	1.86	3.88	2.20	2.00
105	1.81	3.84	2.20	2.00
106	1.77	3.79	2.20	2.00
107	1.74	3.74	2.20	2.00
108	1.71	3.70	2.20	2.00
109	1.68	3.66	2.20	2.00
110	1.66	3.62	2.19	2.00
111	1.66	3.63	2.19	2.00
112	1.65	3.63	2.20	2.00
113	1.64	3.61	2.20	2.00
114	1.63	3.58	2.19	2.00
115	1.63	3.57	2.19	2.00
116	1.62	3.55	2.19	2.00
117	1.61	3.54	2.19	4.00
118	1.59	3.52	2.19	4.00
119	1.59	3.51	2.19	4.00
120	1.60	3.52	2.19	2.00
121	1.61	3.52	2.19	2.00
122	1.63	3.56	2.19	2.00
123	1.66	3.58	2.19	2.00
124	1.68	3.61	2.19	2.00
125	1.70	3.63	2.19	2.00
126	1.76	3.74	2.19	4.00
127	1.81	3.84	2.19	4.00
128	1.86	3.93	2.19	4.00
129	1.89	3.96	2.19	4.00
130	1.92	3.99	2.19	4.00
131	1.95	4.02	2.19	4.00
132	1.98	4.05	2.19	4.00
133	2.01	4.08	2.19	3.00
134	2.05	4.12	2.19	3.00
135	2.08	4.16	2.19	3.00
136	2.12	4.19	2.19	3.00
137	2.15	4.23	2.19	3.00
138	2.23	4.33	2.19	3.00
139	2.31	4.44	2.20	3.00
140	2.40	4.50	2.20	3.00
141	2.48	4.58	2.20	3.00
142	2.55	4.65	2.20	3.00
143	2.62	4.71	2.20	2.00
Target 7 (frames from 43 to 71)
Bounding Boxes (frame, x, y, width, height)
43	302	122	121	243
44	302	123	120	240
45	303	124	119	238
46	303	124	118	236
47	304	125	117	234
48	304	125	116	233
49	304	125	116	233
50	304	125	116	232
51	304	125	116	232
52	304	124	116	232
53	304	123	116	233
54	303	121	117	235
55	302	119	119	238
56	302	117	120	241
57	301	116	121	242
58	301	115	121	243
59	301	115	121	243
60	301	115	121	243
61	302	115	121	243
62	303	114	121	242
63	302	114	121	243
64	301	113	122	245
65	300	113	123	247
66	298	112	124	248
67	296	112	125	251
68	294	111	126	253
69	291	111	128	256
70	288	110	129	258
71	285	110	130	261
3D Trajetory (frame, x, z, height, pose)
43	0.35	3.22	1.96	2.00
44	0.33	3.16	1.96	2.00
45	0.34	3.20	1.98	2.00
46	0.36	3.32	1.97	2.00
47	0.39	3.44	1.96	2.00
48	0.41	3.56	1.94	2.00
49	0.38	3.58	1.94	2.00
50	0.38	3.50	1.96	2.00
51	0.37	3.47	1.96	2.00
52	0.37	3.43	1.96	2.00
53	0.36	3.38	1.96	2.00
54	0.36	3.37	1.95	2.00
55	0.36	3.37	1.95	2.00
56	0.36	3.36	1.95	2.00
57	0.36	3.35	1.94	2.00
58	0.36	3.34	1.94	2.00
59	0.36	3.34	1.93	2.00
60	0.36	3.33	1.93	2.00
61	0.36	3.32	1.92	2.00
62	0.36	3.31	1.92	2.00
63	0.36	3.31	1.91	2.00
64	0.37	3.30	1.91	2.00
65	0.37	3.29	1.91	2.00
66	0.37	3.29	1.90	2.00
67	0.37	3.28	1.90	2.00
68	0.37	3.27	1.89	2.00
69	0.37	3.26	1.89	2.00
70	0.12	2.76	1.90	2.00
71	0.13	2.77	1.89	2.00
Target 8 (frames from 63 to 191)
Bounding Boxes (frame, x, y, width, height)
63	375	131	95	191
64	373	130	97	194
65	372	129	98	196
66	371	128	99	198
67	370	128	99	199
68	369	127	100	200
69	368	127	100	201
70	368	126	100	201
71	367	126	101	202
72	367	126	100	201
73	366	126	100	201
74	366	126	100	200
75	366	126	99	199
76	367	127	98	196
77	367	127	96	192
78	368	127	95	190
79	367	127	94	189
80	368	127	95	190
81	368	128	94	189
82	370	128	94	189
83	371	129	94	188
84	373	130	93	187
85	375	130	94	189
86	377	129	96	192
87	377	128	98	197
88	376	127	101	203
89	375	126	104	209
90	374	126	107	214
91	373	126	109	218
92	371	126	111	222
93	368	126	113	226
94	365	125	114	229
95	362	124	116	233
96	358	123	119	239
97	354	122	121	243
98	351	122	122	245
99	348	123	122	245
100	346	123	122	244
101	344	124	121	242
102	342	124	119	239
103	342	126	118	236
104	340	125	117	235
105	338	124	117	235
106	336	122	117	235
107	335	121	118	236
108	334	121	118	236
109	333	121	117	235
110	333	120	117	235
111	332	119	118	236
112	333	118	119	238
113	334	117	120	240
114	335	117	120	241
115	336	117	120	240
116	338	118	119	238
117	340	119	118	236
118	342	121	116	233
119	343	121	116	232
120	345	123	115	230
121	348	124	113	227
122	348	123	115	231
123	348	120	117	235
124	348	118	120	240
125	348	115	122	245
126	346	111	126	252
127	346	107	129	259
128	346	104	132	264
129	347	102	133	267
130	349	102	133	267
131	352	103	133	266
132	356	104	131	262
133	360	106	128	257
134	364	108	126	253
135	367	111	124	248
136	371	114	121	243
137	374	116	119	238
138	377	119	116	233
139	378	120	116	233
140	379	118	118	236
141	379	116	120	240
142	379	114	121	243
143	379	111	123	246
144	378	108	123	247
145	379	108	122	244
146	379	108	120	240
147	378	109	117	235
148	378	110	115	230
149	377	110	113	226
150	375	110	111	223
151	373	111	110	221
152	371	112	110	220
153	369	113	109	218
154	367	115	109	218
155	365	115	109	219
156	362	116	111	222
157	360	114	114	228
158	358	113	116	232
159	358	113	117	235
160	357	114	118	236
161	357	115	118	237
162	357	116	117	235
163	356	116	119	238
164	354	115	120	240
165	354	116	119	239
166	354	117	118	236
167	355	118	115	231
168	356	119	112	225
169	357	119	110	221
170	357	118	109	219
171	357	118	108	217
172	357	117	108	217
173	356	115	109	219
174	355	113	111	222
175	354	109	114	229
176	353	105	117	235
177	352	102	120	241
178	351	99	123	247
179	351	98	125	251
180	350	98	127	255
181	350	98	129	259
182	351	100	129	258
183	353	102	127	255
184	355	104	125	251
185	358	107	122	245
186	361	111	118	236
187	365	116	113	226
188	370	121	107	214
189	375	127	100	200
190	381	133	92	184
191	387	141	83	166
3D Trajetory (frame, x, z, height, pose)
63	1.06	4.12	2.04	3.00
64	1.06	4.12	2.02	3.00
65	1.07	4.14	2.02	3.00
66	1.05	4.13	2.02	1.00
67	1.04	4.11	2.02	1.00
68	1.00	4.12	2.03	2.00
69	0.96	4.03	2.03	2.00
70	0.96	3.96	2.00	2.00
71	0.95	3.87	1.97	2.00
72	0.96	3.86	1.96	1.00
73	0.97	3.88	1.96	1.00
74	0.95	3.88	1.97	1.00
75	0.95	3.91	1.98	2.00
76	0.94	3.91	1.98	2.00
77	0.93	3.91	1.98	2.00
78	0.93	3.93	1.99	2.00
79	0.96	4.05	1.99	2.00
80	0.98	4.13	1.99	2.00
81	0.99	4.15	1.99	2.00
82	0.99	4.16	2.00	2.00
83	1.00	4.17	2.00	2.00
84	1.00	4.18	2.00	2.00
85	1.02	4.18	2.00	2.00
86	1.00	3.98	2.00	2.00
87	1.03	4.04	2.00	2.00
88	1.05	4.05	2.00	2.00
89	1.07	4.07	2.00	3.00
90	1.06	4.02	2.00	3.00
91	1.05	3.96	2.00	3.00
92	1.04	3.91	2.00	3.00
93	1.00	3.71	2.00	3.00
94	0.95	3.63	2.00	3.00
95	0.91	3.55	1.99	3.00
96	0.88	3.49	1.99	3.00
97	0.86	3.41	1.98	3.00
98	0.84	3.38	1.98	2.00
99	0.80	3.34	1.98	2.00
100	0.77	3.28	1.98	3.00
101	0.75	3.24	1.99	3.00
102	0.73	3.22	1.99	3.00
103	0.70	3.23	1.99	3.00
104	0.68	3.24	1.99	3.00
105	0.65	3.24	1.98	2.00
106	0.64	3.24	1.99	2.00
107	0.62	3.25	1.99	2.00
108	0.61	3.26	1.99	2.00
109	0.60	3.27	1.99	2.00
110	0.59	3.27	1.98	2.00
111	0.58	3.28	1.98	2.00
112	0.57	3.22	2.00	2.00
113	0.56	3.24	2.00	2.00
114	0.56	3.26	2.00	2.00
115	0.57	3.29	2.00	2.00
116	0.57	3.31	2.00	2.00
117	0.59	3.30	2.00	2.00
118	0.61	3.29	2.00	2.00
119	0.62	3.28	2.00	2.00
120	0.64	3.27	2.00	2.00
121	0.65	3.30	2.00	2.00
122	0.66	3.34	2.00	2.00
123	0.68	3.37	2.00	2.00
124	0.70	3.36	2.00	2.00
125	0.71	3.34	2.00	2.00
126	0.71	3.31	2.00	2.00
127	0.72	3.28	2.00	1.00
128	0.73	3.25	2.00	1.00
129	0.74	3.21	2.00	1.00
130	0.74	3.13	2.00	1.00
131	0.75	3.13	2.00	1.00
132	0.77	3.13	2.00	1.00
133	0.79	3.13	2.00	1.00
134	0.80	3.13	2.00	1.00
135	0.85	3.20	2.00	2.00
136	0.89	3.26	2.00	2.00
137	0.92	3.30	2.00	2.00
138	0.95	3.32	2.00	2.00
139	0.97	3.31	2.00	2.00
140	0.97	3.29	2.00	2.00
141	0.98	3.28	2.00	2.00
142	0.98	3.27	2.00	2.00
143	0.99	3.30	2.00	2.00
144	1.00	3.28	2.00	2.00
145	1.00	3.26	2.00	2.00
146	1.00	3.23	2.00	4.00
147	0.99	3.18	2.00	4.00
148	1.02	3.26	2.00	4.00
149	1.02	3.34	2.00	4.00
150	1.01	3.35	2.00	2.00
151	1.00	3.37	1.99	2.00
152	0.99	3.39	1.99	2.00
153	0.96	3.39	1.99	2.00
154	0.92	3.41	1.99	2.00
155	0.92	3.45	1.99	2.00
156	0.90	3.45	1.99	2.00
157	0.89	3.47	1.99	2.00
158	0.88	3.47	1.99	2.00
159	0.87	3.47	1.99	2.00
160	0.86	3.48	1.99	2.00
161	0.85	3.48	1.99	2.00
162	0.84	3.48	1.99	2.00
163	0.83	3.49	1.99	2.00
164	0.82	3.49	1.99	2.00
165	0.81	3.49	1.99	2.00
166	0.80	3.50	1.99	2.00
167	0.79	3.50	1.99	2.00
168	0.78	3.50	1.99	2.00
169	0.78	3.51	1.99	2.00
170	0.78	3.52	1.99	2.00
171	0.78	3.53	1.99	2.00
172	0.83	3.69	1.99	4.00
173	0.86	3.80	1.99	4.00
174	0.85	3.77	2.00	2.00
175	0.83	3.75	2.00	4.00
176	0.81	3.65	2.00	2.00
177	0.80	3.56	2.00	2.00
178	0.78	3.48	2.00	2.00
179	0.77	3.41	2.00	2.00
180	0.76	3.33	2.00	2.00
181	0.76	3.26	2.00	2.00
182	0.76	3.21	2.00	2.00
183	0.77	3.21	2.00	2.00
184	0.79	3.24	2.00	2.00
185	0.80	3.29	2.00	2.00
186	0.81	3.32	2.00	2.00
187	0.83	3.35	2.00	2.00
188	0.85	3.38	2.00	2.00
189	0.86	3.40	2.00	2.00
190	0.91	3.51	2.00	2.00
191	0.94	3.60	2.00	2.00
Target 9 (frames from 68 to 116)
Bounding Boxes (frame, x, y, width, height)
68	278	108	155	311
69	279	109	153	307
70	279	110	151	302
71	279	112	149	298
72	278	112	147	295
73	278	113	146	292
74	277	114	145	290
75	276	114	144	288
76	274	115	143	287
77	273	115	143	286
78	272	115	142	285
79	270	115	142	285
80	268	114	143	287
81	265	113	144	288
82	261	113	145	290
83	257	112	146	293
84	252	111	147	295
85	247	111	148	297
86	243	111	149	298
87	239	111	149	298
88	237	111	149	298
89	235	111	148	297
90	233	110	148	297
91	233	110	148	296
92	233	111	146	293
93	233	112	144	289
94	232	114	143	286
95	231	115	141	283
96	229	117	140	281
97	226	119	140	280
98	223	120	140	280
99	218	122	140	280
100	212	124	140	280
101	206	125	140	281
102	200	127	141	282
103	194	128	141	283
104	189	129	142	284
105	184	129	143	286
106	180	129	144	288
107	174	128	147	295
108	170	128	148	297
109	166	128	149	298
110	162	128	149	298
111	159	128	149	299
112	155	127	149	299
113	152	127	149	298
114	149	127	149	298
115	147	127	148	297
116	144	126	147	295
3D Trajetory (frame, x, z, height, pose)
68	0.24	2.52	1.93	3.00
69	0.23	2.54	1.93	3.00
70	0.22	2.55	1.93	3.00
71	0.21	2.57	1.93	3.00
72	0.20	2.59	1.93	3.00
73	0.19	2.61	1.93	3.00
74	0.18	2.63	1.93	3.00
75	0.17	2.65	1.93	3.00
76	0.17	2.67	1.94	3.00
77	0.16	2.68	1.94	3.00
78	0.15	2.70	1.94	3.00
79	0.14	2.72	1.94	3.00
80	0.13	2.69	1.91	3.00
81	0.12	2.76	1.93	3.00
82	0.12	2.78	1.94	3.00
83	0.12	2.81	1.95	3.00
84	0.05	2.60	1.96	3.00
85	0.03	2.60	1.97	3.00
86	-0.02	2.59	1.97	3.00
87	-0.08	2.57	1.97	3.00
88	-0.07	2.61	1.96	3.00
89	-0.07	2.66	1.95	3.00
90	-0.06	2.70	1.94	3.00
91	-0.05	2.74	1.93	3.00
92	-0.06	2.76	1.96	3.00
93	-0.05	2.73	1.94	4.00
94	-0.07	2.69	1.94	3.00
95	-0.09	2.64	1.94	3.00
96	-0.11	2.59	1.94	4.00
97	-0.13	2.58	1.95	2.00
98	-0.19	2.67	1.95	1.00
99	-0.21	2.71	1.93	2.00
100	-0.28	2.72	1.92	3.00
101	-0.33	2.73	1.91	3.00
102	-0.34	2.71	1.91	3.00
103	-0.35	2.69	1.91	3.00
104	-0.38	2.69	1.91	3.00
105	-0.40	2.69	1.91	3.00
106	-0.43	2.70	1.91	3.00
107	-0.46	2.70	1.91	3.00
108	-0.48	2.70	1.91	3.00
109	-0.51	2.70	1.91	3.00
110	-0.54	2.70	1.91	3.00
111	-0.56	2.70	1.91	3.00
112	-0.59	2.70	1.91	3.00
113	-0.61	2.70	1.91	3.00
114	-0.64	2.70	1.91	3.00
115	-0.67	2.70	1.91	2.00
116	-0.71	2.82	1.91	1.00
Target 10 (frames from 74 to 173)
Bounding Boxes (frame, x, y, width, height)
74	50	140	110	220
75	53	138	112	224
76	55	136	114	228
77	57	135	115	231
78	59	133	117	234
79	61	131	118	237
80	62	130	120	240
81	63	129	121	243
82	64	128	122	245
83	65	126	124	248
84	65	125	125	250
85	65	125	126	253
86	65	124	127	255
87	64	124	128	256
88	64	123	129	258
89	63	123	129	258
90	63	123	129	259
91	62	123	129	259
92	61	123	129	259
93	60	125	127	255
94	59	126	126	252
95	58	127	124	248
96	57	128	123	246
97	55	129	121	243
98	53	130	121	242
99	52	130	120	241
100	50	130	120	241
101	47	130	120	241
102	44	130	121	242
103	41	129	122	244
104	38	129	123	246
105	36	128	124	248
106	35	127	126	252
107	35	127	127	254
108	34	127	127	254
109	35	127	126	253
110	35	128	125	250
111	36	129	123	247
112	38	130	122	244
113	39	130	120	241
114	41	131	119	238
115	43	131	117	235
116	45	131	116	233
117	47	131	116	232
118	48	131	115	230
119	50	130	115	230
120	51	129	115	230
121	52	128	116	233
122	52	127	117	234
123	53	126	118	236
124	54	124	119	238
125	54	123	119	239
126	54	123	120	240
127	54	122	121	242
128	54	122	121	243
129	54	121	122	244
130	53	120	123	246
131	53	119	124	248
132	53	118	124	248
133	53	118	124	249
134	53	117	125	250
135	53	116	125	250
136	53	116	125	251
137	53	116	125	251
138	53	115	126	252
139	53	115	126	253
140	53	114	126	253
141	52	114	127	254
142	52	113	127	255
143	52	112	127	255
144	52	112	128	256
145	52	111	128	257
146	52	111	128	257
147	52	110	129	258
148	52	110	129	258
149	52	109	129	259
150	52	109	130	260
151	52	108	130	260
152	52	108	130	261
153	52	107	131	262
154	52	107	131	262
155	52	106	131	263
156	52	106	132	264
157	52	105	132	264
158	52	105	132	265
159	52	104	133	266
160	52	104	133	266
161	52	103	133	267
162	52	103	134	268
163	52	102	134	268
164	51	100	136	272
165	51	100	135	271
166	51	100	135	271
167	51	101	135	270
168	52	101	134	269
169	52	102	133	267
170	52	103	132	265
171	52	104	131	263
172	53	106	130	261
173	53	107	129	258
3D Trajetory (frame, x, z, height, pose)
74	-1.68	3.19	1.79	2.00
75	-1.72	3.27	1.83	2.00
76	-1.66	3.22	1.86	3.00
77	-1.65	3.22	1.86	3.00
78	-1.65	3.22	1.87	3.00
79	-1.65	3.25	1.86	3.00
80	-1.56	3.14	1.86	1.00
81	-1.46	3.02	1.87	1.00
82	-1.42	2.96	1.88	1.00
83	-1.52	3.13	1.88	1.00
84	-1.47	3.08	1.89	1.00
85	-1.44	3.03	1.90	1.00
86	-1.41	2.99	1.90	1.00
87	-1.39	2.97	1.91	1.00
88	-1.37	2.93	1.90	4.00
89	-1.35	2.90	1.90	4.00
90	-1.34	2.88	1.90	2.00
91	-1.38	2.91	1.90	2.00
92	-1.38	2.88	1.90	2.00
93	-1.39	2.88	1.89	2.00
94	-1.38	2.88	1.89	3.00
95	-1.37	2.86	1.89	3.00
96	-1.37	2.86	1.89	1.00
97	-1.41	2.89	1.89	1.00
98	-1.46	2.93	1.89	2.00
99	-1.50	2.97	1.89	2.00
100	-1.53	3.00	1.89	2.00
101	-1.57	3.02	1.89	2.00
102	-1.57	3.01	1.89	2.00
103	-1.60	3.04	1.89	2.00
104	-1.62	3.03	1.89	2.00
105	-1.63	3.02	1.89	2.00
106	-1.65	3.02	1.89	2.00
107	-1.66	3.01	1.89	2.00
108	-1.67	3.00	1.89	2.00
109	-1.67	3.00	1.89	2.00
110	-1.68	2.99	1.89	2.00
111	-1.67	2.97	1.89	2.00
112	-1.69	3.03	1.90	2.00
113	-1.71	3.06	1.90	2.00
114	-1.71	3.07	1.90	2.00
115	-1.74	3.12	1.90	2.00
116	-1.74	3.15	1.90	2.00
117	-1.74	3.17	1.90	2.00
118	-1.75	3.19	1.90	2.00
119	-1.74	3.20	1.90	2.00
120	-1.74	3.21	1.90	2.00
121	-1.73	3.23	1.90	2.00
122	-1.73	3.27	1.90	2.00
123	-1.72	3.27	1.90	2.00
124	-1.71	3.28	1.90	1.00
125	-1.70	3.28	1.90	1.00
126	-1.70	3.28	1.90	1.00
127	-1.68	3.27	1.90	1.00
128	-1.67	3.26	1.90	1.00
129	-1.67	3.26	1.90	1.00
130	-1.67	3.26	1.90	1.00
131	-1.68	3.26	1.90	1.00
132	-1.68	3.27	1.90	1.00
133	-1.68	3.27	1.90	1.00
134	-1.68	3.27	1.90	1.00
135	-1.68	3.28	1.90	1.00
136	-1.68	3.28	1.90	1.00
137	-1.69	3.28	1.90	1.00
138	-1.69	3.28	1.90	1.00
139	-1.69	3.29	1.90	1.00
140	-1.69	3.29	1.90	1.00
141	-1.69	3.29	1.90	1.00
142	-1.69	3.29	1.90	1.00
143	-1.70	3.30	1.90	1.00
144	-1.70	3.30	1.90	1.00
145	-1.70	3.30	1.90	1.00
146	-1.70	3.30	1.90	1.00
147	-1.70	3.31	1.90	1.00
148	-1.70	3.31	1.90	1.00
149	-1.70	3.31	1.90	1.00
150	-1.71	3.32	1.90	1.00
151	-1.71	3.32	1.90	1.00
152	-1.71	3.32	1.90	1.00
153	-1.71	3.32	1.90	1.00
154	-1.71	3.33	1.90	1.00
155	-1.71	3.33	1.90	1.00
156	-1.72	3.33	1.90	1.00
157	-1.72	3.33	1.90	1.00
158	-1.72	3.34	1.90	1.00
159	-1.72	3.34	1.90	1.00
160	-1.72	3.34	1.90	1.00
161	-1.72	3.35	1.90	1.00
162	-1.73	3.35	1.90	1.00
163	-1.73	3.35	1.90	1.00
164	-1.73	3.35	1.90	1.00
165	-1.73	3.36	1.90	1.00
166	-1.73	3.36	1.90	1.00
167	-1.73	3.36	1.90	1.00
168	-1.74	3.36	1.90	1.00
169	-1.74	3.37	1.90	1.00
170	-1.74	3.37	1.90	1.00
171	-1.74	3.37	1.90	1.00
172	-1.74	3.38	1.90	1.00
173	-1.73	3.35	1.90	2.00
Target 11 (frames from 116 to 129)
Bounding Boxes (frame, x, y, width, height)
116	26	162	43	86
117	24	162	43	86
118	23	162	43	87
119	21	162	43	87
120	19	162	44	88
121	18	162	44	88
122	17	161	44	89
123	15	160	45	90
124	14	160	45	90
125	13	159	45	90
126	12	158	44	89
127	12	158	44	88
128	11	157	43	87
129	11	156	43	86
3D Trajetory (frame, x, z, height, pose)
116	-6.75	9.93	2.19	2.00
117	-6.71	9.81	2.15	2.00
118	-6.66	9.69	2.11	2.00
119	-6.61	9.56	2.07	2.00
120	-6.56	9.44	2.03	2.00
121	-6.51	9.32	1.99	2.00
122	-7.15	10.22	2.16	2.00
123	-5.79	8.17	2.06	2.00
124	-5.96	8.39	2.10	2.00
125	-5.96	8.38	2.06	2.00
126	-6.13	8.58	2.04	2.00
127	-6.27	8.78	2.03	2.00
128	-6.38	8.92	2.02	2.00
129	-6.74	9.39	2.02	2.00
Target 12 (frames from 123 to 158)
Bounding Boxes (frame, x, y, width, height)
123	256	132	110	221
124	257	133	109	218
125	257	133	107	215
126	258	133	106	213
127	258	134	105	211
128	259	134	104	209
129	259	134	104	208
130	260	135	103	207
131	261	135	103	206
132	262	135	103	206
133	264	136	103	206
134	266	136	103	206
135	267	137	102	205
136	269	139	102	205
137	270	139	103	206
138	270	138	104	208
139	269	136	106	212
140	269	132	108	217
141	267	128	111	222
142	265	123	114	228
143	263	118	117	234
144	261	113	119	239
145	257	105	124	248
146	255	98	126	253
147	253	93	128	257
148	252	90	129	258
149	252	89	128	257
150	252	89	127	255
151	252	91	126	252
152	252	94	124	248
153	253	99	121	243
154	254	105	118	236
155	255	112	114	228
156	257	121	109	218
157	259	131	104	208
158	262	142	97	195
3D Trajetory (frame, x, z, height, pose)
123	-0.04	3.30	1.90	2.00
124	-0.09	3.60	1.92	2.00
125	-0.09	3.60	1.92	2.00
126	-0.08	3.59	1.89	2.00
127	-0.08	3.59	1.88	2.00
128	-0.08	3.58	1.87	2.00
129	-0.06	3.51	1.87	2.00
130	-0.05	3.45	1.87	2.00
131	-0.06	3.56	1.87	4.00
132	-0.06	3.59	1.88	4.00
133	-0.05	3.62	1.88	4.00
134	-0.05	3.67	1.89	2.00
135	-0.04	3.61	1.89	2.00
136	-0.01	3.74	1.89	2.00
137	0.02	3.70	1.88	2.00
138	0.01	3.64	1.88	2.00
139	0.04	3.62	1.88	2.00
140	0.05	3.58	1.87	2.00
141	0.05	3.54	1.87	2.00
142	0.04	3.51	1.87	2.00
143	0.03	3.45	1.87	2.00
144	0.03	3.37	1.88	2.00
145	0.02	3.30	1.89	2.00
146	0.02	3.24	1.90	2.00
147	0.01	3.19	1.91	1.00
148	0.01	3.18	1.91	1.00
149	0.01	3.16	1.91	1.00
150	0.01	3.14	1.91	1.00
151	0.01	3.12	1.91	1.00
152	0.01	3.11	1.91	1.00
153	0.01	3.09	1.91	1.00
154	-0.01	3.20	1.91	1.00
155	-0.02	3.27	1.91	1.00
156	-0.03	3.31	1.91	1.00
157	-0.03	3.32	1.91	1.00
158	-0.07	3.33	1.91	2.00
Target 13 (frames from 129 to 195)
Bounding Boxes (frame, x, y, width, height)
129	99	124	144	288
130	94	122	143	287
131	91	121	143	287
132	87	120	143	286
133	84	119	142	285
134	81	118	142	284
135	78	118	141	283
136	76	117	141	283
137	74	117	141	282
138	72	117	140	281
139	71	117	140	281
140	70	117	141	282
141	70	118	140	281
142	70	119	139	278
143	69	121	137	275
144	68	121	137	274
145	66	120	137	275
146	64	120	138	277
147	61	119	139	279
148	58	119	141	282
149	55	118	142	284
150	50	118	143	286
151	46	118	143	287
152	43	119	144	288
153	40	119	145	290
154	38	118	146	292
155	36	118	146	293
156	36	117	147	294
157	37	116	147	295
158	37	115	148	296
159	38	115	148	296
160	38	115	147	294
161	39	113	147	295
162	39	112	147	295
163	40	110	147	295
164	40	110	148	296
165	40	109	148	296
166	39	109	148	297
167	38	110	148	296
168	38	111	148	296
169	38	112	147	294
170	38	113	147	294
171	38	114	147	295
172	38	114	148	296
173	38	115	149	298
174	39	115	150	300
175	40	115	152	304
176	41	114	153	307
177	42	114	155	311
178	43	113	158	316
179	44	112	160	320
180	46	111	161	322
181	48	112	161	323
182	51	112	161	323
183	54	113	160	321
184	57	114	159	318
185	62	116	154	309
186	67	120	149	298
187	70	120	147	294
188	73	120	145	290
189	76	121	143	286
190	79	120	141	282
191	81	120	139	278
192	84	120	136	273
193	86	119	134	269
194	89	118	132	264
195	91	118	129	259
3D Trajetory (frame, x, z, height, pose)
129	-0.92	2.42	1.80	3.00
130	-0.91	2.37	1.76	3.00
131	-0.98	2.60	1.79	4.00
132	-1.10	2.73	1.82	4.00
133	-1.14	2.77	1.83	4.00
134	-1.12	2.67	1.86	2.00
135	-1.09	2.55	1.86	2.00
136	-1.14	2.61	1.87	2.00
137	-1.16	2.63	1.86	2.00
138	-1.15	2.64	1.87	2.00
139	-1.20	2.66	1.87	1.00
140	-1.23	2.66	1.87	1.00
141	-1.23	2.68	1.87	2.00
142	-1.24	2.69	1.87	2.00
143	-1.24	2.70	1.87	2.00
144	-1.25	2.70	1.86	2.00
145	-1.26	2.70	1.86	2.00
146	-1.27	2.70	1.86	2.00
147	-1.28	2.70	1.86	2.00
148	-1.30	2.67	1.85	2.00
149	-1.31	2.66	1.85	2.00
150	-1.32	2.64	1.84	2.00
151	-1.31	2.60	1.84	2.00
152	-1.30	2.56	1.84	2.00
153	-1.31	2.54	1.84	2.00
154	-1.31	2.52	1.84	2.00
155	-1.31	2.50	1.84	2.00
156	-1.34	2.52	1.84	2.00
157	-1.34	2.52	1.83	2.00
158	-1.34	2.51	1.83	2.00
159	-1.33	2.51	1.83	2.00
160	-1.32	2.50	1.84	2.00
161	-1.31	2.50	1.84	2.00
162	-1.30	2.50	1.84	2.00
163	-1.32	2.52	1.85	2.00
164	-1.31	2.52	1.85	2.00
165	-1.30	2.52	1.85	2.00
166	-1.32	2.53	1.85	2.00
167	-1.33	2.53	1.85	2.00
168	-1.32	2.52	1.85	2.00
169	-1.30	2.50	1.85	2.00
170	-1.31	2.51	1.85	2.00
171	-1.30	2.50	1.85	2.00
172	-1.30	2.50	1.85	1.00
173	-1.29	2.50	1.85	1.00
174	-1.29	2.50	1.85	1.00
175	-1.28	2.51	1.85	1.00
176	-1.28	2.50	1.85	1.00
177	-1.27	2.49	1.85	1.00
178	-1.22	2.43	1.85	1.00
179	-1.21	2.43	1.85	1.00
180	-1.19	2.43	1.85	1.00
181	-1.18	2.43	1.85	1.00
182	-1.17	2.43	1.85	1.00
183	-1.15	2.43	1.85	1.00
184	-1.14	2.43	1.85	1.00
185	-1.12	2.43	1.85	1.00
186	-1.12	2.45	1.85	1.00
187	-1.11	2.46	1.85	1.00
188	-1.10	2.47	1.85	1.00
189	-1.09	2.48	1.85	1.00
190	-1.08	2.48	1.85	1.00
191	-1.07	2.49	1.85	1.00
192	-1.06	2.50	1.85	1.00
193	-1.05	2.51	1.85	1.00
194	-1.04	2.50	1.85	1.00
195	-1.03	2.49	1.85	1.00
Target 14 (frames from 133 to 153)
Bounding Boxes (frame, x, y, width, height)
133	483	113	105	211
134	486	112	106	212
135	488	112	106	213
136	490	111	106	213
137	491	110	107	215
138	492	109	108	216
139	493	108	109	218
140	493	107	110	220
141	493	106	111	222
142	493	105	112	225
143	491	103	116	233
144	490	101	119	238
145	489	100	120	240
146	488	99	121	242
147	486	98	121	243
148	484	97	122	244
149	481	97	122	244
150	479	96	122	244
151	476	96	121	243
152	473	95	120	241
153	469	95	119	239
3D Trajetory (frame, x, z, height, pose)
133	1.93	3.50	2.16	2.00
134	2.48	4.46	2.29	2.00
135	2.34	4.41	2.26	2.00
136	2.49	4.47	2.27	2.00
137	2.43	4.35	2.25	2.00
138	2.37	4.23	2.22	2.00
139	2.31	4.10	2.20	2.00
140	2.25	3.98	2.17	2.00
141	2.19	3.86	2.15	2.00
142	2.12	3.73	2.12	2.00
143	2.06	3.61	2.10	2.00
144	2.00	3.49	2.07	2.00
145	2.00	3.49	2.07	2.00
146	1.96	3.42	2.04	2.00
147	1.83	3.28	2.04	2.00
148	1.82	3.27	2.05	2.00
149	1.81	3.27	2.06	2.00
150	1.80	3.26	2.06	2.00
151	1.76	3.24	2.08	2.00
152	1.84	3.45	2.09	2.00
153	1.89	3.57	2.09	2.00
Target 15 (frames from 141 to 199)
Bounding Boxes (frame, x, y, width, height)
141	171	127	117	235
142	171	126	117	235
143	170	124	117	234
144	169	123	117	234
145	168	121	117	234
146	167	120	116	233
147	166	119	116	233
148	165	118	116	233
149	163	118	116	233
150	162	117	116	233
151	160	117	116	232
152	158	117	116	232
153	155	118	116	232
154	153	118	116	232
155	151	118	116	232
156	149	118	116	233
157	147	118	117	234
158	145	118	118	236
159	144	117	119	238
160	142	117	119	239
161	141	117	120	241
162	141	118	120	241
163	141	120	119	239
164	142	122	118	237
165	143	124	117	234
166	145	126	115	231
167	148	128	114	228
168	150	128	113	227
169	151	128	113	226
170	153	128	112	225
171	154	128	112	224
172	156	127	112	224
173	157	126	111	223
174	158	125	111	223
175	159	125	111	222
176	159	124	111	222
177	159	123	111	222
178	159	121	112	225
179	158	120	113	227
180	158	120	114	228
181	158	121	114	228
182	159	121	114	228
183	159	122	114	228
184	159	122	114	229
185	160	121	115	231
186	160	121	116	232
187	161	121	116	233
188	162	122	117	234
189	164	122	117	235
190	166	123	118	236
191	167	123	118	236
192	168	124	118	236
193	169	125	117	235
194	170	126	117	235
195	172	127	117	234
196	173	128	116	233
197	174	130	116	232
198	176	131	115	231
199	177	133	114	229
3D Trajetory (frame, x, z, height, pose)
141	-0.72	3.23	1.84	2.00
142	-0.76	3.25	1.91	2.00
143	-0.75	3.18	1.88	2.00
144	-0.73	3.21	1.89	2.00
145	-0.72	3.22	1.89	2.00
146	-0.71	3.20	1.89	2.00
147	-0.73	3.07	1.88	2.00
148	-0.72	3.05	1.88	2.00
149	-0.72	3.11	1.88	2.00
150	-0.77	3.17	1.88	3.00
151	-0.82	3.21	1.88	3.00
152	-0.84	3.22	1.88	3.00
153	-0.86	3.23	1.88	3.00
154	-0.87	3.25	1.88	3.00
155	-0.89	3.28	1.89	3.00
156	-0.90	3.28	1.89	3.00
157	-0.91	3.29	1.89	3.00
158	-0.93	3.25	1.90	3.00
159	-0.95	3.25	1.90	3.00
160	-0.96	3.25	1.90	3.00
161	-0.97	3.26	1.91	3.00
162	-0.97	3.26	1.91	3.00
163	-0.98	3.26	1.91	3.00
164	-0.98	3.26	1.91	3.00
165	-0.99	3.26	1.91	3.00
166	-1.00	3.26	1.91	3.00
167	-0.98	3.24	1.91	3.00
168	-0.96	3.24	1.90	3.00
169	-0.94	3.24	1.89	3.00
170	-0.96	3.32	1.89	3.00
171	-0.95	3.31	1.88	3.00
172	-0.94	3.33	1.88	4.00
173	-0.93	3.34	1.89	4.00
174	-0.92	3.36	1.89	2.00
175	-0.92	3.38	1.90	2.00
176	-0.92	3.37	1.90	2.00
177	-0.91	3.38	1.90	2.00
178	-0.90	3.39	1.90	2.00
179	-0.90	3.39	1.89	2.00
180	-0.89	3.39	1.89	2.00
181	-0.88	3.39	1.89	2.00
182	-0.88	3.39	1.89	2.00
183	-0.87	3.39	1.88	2.00
184	-0.86	3.35	1.88	1.00
185	-0.85	3.31	1.89	1.00
186	-0.84	3.28	1.89	1.00
187	-0.84	3.33	1.89	1.00
188	-0.83	3.32	1.89	1.00
189	-0.82	3.31	1.89	1.00
190	-0.81	3.30	1.89	2.00
191	-0.79	3.28	1.89	2.00
192	-0.77	3.28	1.89	2.00
193	-0.76	3.28	1.89	2.00
194	-0.75	3.27	1.89	2.00
195	-0.75	3.26	1.89	2.00
196	-0.74	3.25	1.89	2.00
197	-0.73	3.25	1.89	2.00
198	-0.73	3.24	1.89	2.00
199	-0.76	3.27	1.89	2.00
Target 16 (frames from 166 to 213)
Bounding Boxes (frame, x, y, width, height)
166	229	53	152	304
167	229	53	152	305
168	230	53	152	305
169	230	54	152	305
170	231	56	152	304
171	232	58	150	301
172	233	61	149	298
173	235	65	147	294
174	236	69	145	290
175	238	74	142	284
176	241	81	137	275
177	244	89	133	266
178	247	97	128	257
179	250	105	123	246
180	253	112	118	237
181	255	118	115	230
182	257	122	112	224
183	258	125	111	222
184	259	126	110	221
185	259	126	111	222
186	259	126	111	223
187	261	125	110	221
188	263	124	110	220
189	265	124	108	217
190	267	122	107	215
191	268	120	107	215
192	269	118	108	216
193	269	115	108	217
194	269	112	109	219
195	268	110	110	221
196	267	106	112	224
197	265	103	114	228
198	262	99	117	234
199	259	94	121	242
200	256	89	125	250
201	252	85	129	259
202	248	81	133	267
203	246	79	136	272
204	245	77	137	275
205	243	75	139	278
206	241	72	141	282
207	240	70	142	285
208	239	68	143	287
209	238	66	144	288
210	238	65	144	289
211	237	63	144	289
212	237	62	144	289
213	238	61	144	288
3D Trajetory (frame, x, z, height, pose)
166	-0.11	3.18	2.41	1.00
167	-0.11	3.11	2.36	1.00
168	-0.10	3.11	2.36	1.00
169	-0.10	3.10	2.35	1.00
170	-0.10	3.09	2.35	1.00
171	-0.10	3.09	2.33	1.00
172	-0.09	3.10	2.31	1.00
173	-0.09	3.11	2.29	1.00
174	-0.08	3.12	2.28	1.00
175	-0.08	3.12	2.26	1.00
176	-0.07	3.13	2.24	1.00
177	-0.06	3.09	2.13	1.00
178	-0.06	3.07	2.12	1.00
179	-0.06	3.39	2.04	4.00
180	-0.06	3.52	1.99	4.00
181	-0.06	3.56	1.96	4.00
182	-0.06	3.55	1.94	4.00
183	-0.05	3.55	1.93	4.00
184	-0.05	3.54	1.91	4.00
185	-0.05	3.56	1.91	4.00
186	-0.04	3.60	1.92	4.00
187	-0.04	3.65	1.92	4.00
188	-0.03	3.57	1.94	1.00
189	-0.02	3.53	1.94	4.00
190	-0.01	3.49	1.93	1.00
191	-0.01	3.46	1.93	4.00
192	0.01	3.60	1.94	4.00
193	0.04	3.75	1.95	2.00
194	0.05	3.87	1.96	2.00
195	0.06	3.97	1.96	2.00
196	0.05	3.92	1.97	2.00
197	0.05	3.85	1.98	2.00
198	0.03	3.72	1.99	1.00
199	0.02	3.66	1.99	4.00
200	0.02	3.63	2.00	1.00
201	0.01	3.59	2.00	1.00
202	0.00	3.50	2.01	1.00
203	-0.01	3.43	2.02	1.00
204	-0.01	3.42	2.02	1.00
205	-0.01	3.40	2.02	1.00
206	-0.02	3.39	2.02	1.00
207	-0.02	3.38	2.02	1.00
208	-0.02	3.36	2.02	1.00
209	-0.03	3.35	2.02	1.00
210	-0.03	3.33	2.02	1.00
211	-0.03	3.32	2.02	1.00
212	-0.04	3.30	2.02	2.00
213	-0.06	3.14	2.03	2.00
Target 17 (frames from 184 to 365)
Bounding Boxes (frame, x, y, width, height)
184	77	121	116	232
185	78	119	118	236
186	78	118	119	239
187	79	116	120	241
188	79	115	121	243
189	80	114	122	244
190	80	114	122	245
191	80	113	122	245
192	81	113	122	245
193	81	113	122	244
194	82	114	121	243
195	82	115	120	240
196	83	116	118	237
197	83	118	117	234
198	84	119	115	230
199	83	121	114	228
200	83	121	113	226
201	82	122	112	224
202	80	121	112	224
203	78	121	112	225
204	76	120	112	225
205	75	119	113	226
206	74	118	113	227
207	72	117	115	230
208	70	114	117	234
209	69	113	118	236
210	68	112	119	238
211	66	112	120	240
212	65	112	120	241
213	64	112	120	241
214	63	113	121	242
215	62	113	121	243
216	61	114	122	244
217	60	115	122	244
218	58	115	122	245
219	56	116	123	247
220	53	116	124	248
221	52	116	124	249
222	51	117	124	249
223	51	117	124	248
224	50	117	123	247
225	50	117	124	248
226	50	117	123	247
227	50	117	123	246
228	51	117	122	245
229	52	117	122	244
230	53	117	121	243
231	53	118	121	242
232	54	118	120	240
233	55	118	119	238
234	56	119	118	237
235	57	119	117	235
236	58	120	117	234
237	58	120	116	233
238	59	121	116	232
239	60	121	116	232
240	62	121	116	232
241	64	122	115	231
242	66	122	116	232
243	68	122	116	232
244	70	123	116	232
245	72	123	116	233
246	73	124	116	233
247	75	123	117	234
248	77	123	117	235
249	78	123	118	237
250	79	122	119	239
251	80	122	119	239
252	80	121	119	239
253	80	120	119	239
254	81	120	119	238
255	81	120	119	238
256	81	121	118	237
257	82	122	118	236
258	82	123	118	236
259	83	124	117	234
260	84	126	115	231
261	84	128	113	227
262	85	130	112	224
263	86	131	111	222
264	87	132	110	220
265	87	133	109	218
266	88	133	108	217
267	88	132	108	217
268	88	131	109	218
269	88	129	109	218
270	87	127	109	219
271	86	126	109	219
272	86	124	110	220
273	86	123	110	221
274	86	123	110	221
275	86	122	111	222
276	85	122	111	223
277	85	122	112	224
278	84	123	111	223
279	83	124	112	224
280	82	124	113	226
281	82	123	114	228
282	81	123	115	231
283	81	122	117	234
284	80	120	119	238
285	80	119	121	243
286	79	117	123	247
287	78	116	125	251
288	77	115	127	254
289	77	114	128	256
290	75	113	129	258
291	74	112	130	260
292	73	111	130	261
293	71	111	131	263
294	71	110	131	263
295	70	111	131	262
296	70	111	131	262
297	70	111	131	263
298	71	112	130	261
299	72	112	130	260
300	73	113	128	257
301	75	114	127	254
302	77	115	125	251
303	78	116	123	247
304	79	118	121	242
305	81	119	119	239
306	81	120	118	237
307	81	120	118	237
308	80	120	118	237
309	79	120	118	237
310	78	119	119	239
311	76	118	121	242
312	75	117	122	245
313	73	117	124	248
314	71	116	126	252
315	70	115	127	255
316	69	114	129	258
317	68	112	131	263
318	68	111	133	266
319	68	110	134	268
320	68	110	134	269
321	69	110	133	267
322	70	110	132	265
323	70	110	133	266
324	70	109	133	267
325	70	108	134	268
326	71	108	133	267
327	71	108	133	267
328	71	107	133	267
329	71	108	133	266
330	72	109	132	264
331	73	110	130	260
332	74	111	129	258
333	75	112	129	258
334	75	111	129	258
335	76	111	129	259
336	77	110	129	259
337	78	109	129	258
338	78	109	128	257
339	79	109	127	255
340	79	109	127	255
341	79	108	128	256
342	79	108	128	257
343	79	108	128	256
344	79	108	128	256
345	79	108	127	255
346	79	109	127	255
347	79	110	127	255
348	79	111	126	253
349	80	113	125	250
350	80	115	123	247
351	81	115	123	247
352	81	115	123	247
353	81	115	124	248
354	81	115	124	248
355	82	115	123	246
356	82	116	121	243
357	82	117	120	241
358	83	118	119	239
359	83	119	118	237
360	84	119	117	235
361	84	120	116	233
362	85	121	115	231
363	86	122	114	229
364	86	123	113	226
365	87	124	111	223
3D Trajetory (frame, x, z, height, pose)
184	-1.44	3.15	1.87	1.00
185	-1.43	3.15	1.88	2.00
186	-1.43	3.15	1.88	2.00
187	-1.42	3.15	1.89	2.00
188	-1.42	3.15	1.89	2.00
189	-1.41	3.14	1.89	2.00
190	-1.41	3.14	1.90	2.00
191	-1.40	3.14	1.90	2.00
192	-1.40	3.14	1.91	2.00
193	-1.40	3.14	1.91	2.00
194	-1.39	3.14	1.92	2.00
195	-1.39	3.14	1.92	2.00
196	-1.38	3.14	1.93	2.00
197	-1.38	3.14	1.93	2.00
198	-1.37	3.14	1.94	2.00
199	-1.55	3.44	1.86	2.00
200	-1.57	3.47	1.89	2.00
201	-1.56	3.42	1.89	2.00
202	-1.56	3.41	1.88	2.00
203	-1.57	3.44	1.89	2.00
204	-1.56	3.41	1.90	2.00
205	-1.60	3.43	1.94	2.00
206	-1.61	3.39	1.95	2.00
207	-1.59	3.34	1.94	2.00
208	-1.58	3.29	1.94	2.00
209	-1.57	3.24	1.93	2.00
210	-1.55	3.21	1.93	2.00
211	-1.56	3.27	1.93	2.00
212	-1.57	3.28	1.93	2.00
213	-1.57	3.23	1.93	2.00
214	-1.58	3.21	1.93	2.00
215	-1.54	3.12	1.93	2.00
216	-1.56	3.15	1.93	2.00
217	-1.59	3.18	1.94	2.00
218	-1.58	3.15	1.94	2.00
219	-1.59	3.14	1.94	3.00
220	-1.59	3.14	1.94	3.00
221	-1.60	3.13	1.94	3.00
222	-1.60	3.12	1.94	3.00
223	-1.61	3.11	1.94	3.00
224	-1.61	3.10	1.94	3.00
225	-1.61	3.08	1.95	3.00
226	-1.62	3.07	1.95	3.00
227	-1.62	3.06	1.95	3.00
228	-1.61	3.10	1.95	3.00
229	-1.60	3.10	1.95	2.00
230	-1.62	3.13	1.95	2.00
231	-1.62	3.13	1.94	2.00
232	-1.62	3.14	1.94	2.00
233	-1.63	3.14	1.94	2.00
234	-1.64	3.16	1.94	2.00
235	-1.64	3.18	1.94	2.00
236	-1.65	3.19	1.94	2.00
237	-1.64	3.19	1.94	2.00
238	-1.64	3.21	1.94	2.00
239	-1.66	3.23	1.94	2.00
240	-1.65	3.25	1.94	2.00
241	-1.64	3.27	1.94	1.00
242	-1.63	3.28	1.94	1.00
243	-1.61	3.28	1.93	1.00
244	-1.60	3.29	1.93	1.00
245	-1.60	3.29	1.93	1.00
246	-1.58	3.30	1.93	1.00
247	-1.56	3.30	1.93	1.00
248	-1.55	3.30	1.93	1.00
249	-1.55	3.30	1.93	1.00
250	-1.54	3.31	1.93	1.00
251	-1.53	3.31	1.93	1.00
252	-1.53	3.31	1.93	1.00
253	-1.52	3.31	1.93	1.00
254	-1.51	3.31	1.93	1.00
255	-1.51	3.31	1.93	1.00
256	-1.50	3.31	1.93	1.00
257	-1.49	3.29	1.93	4.00
258	-1.49	3.30	1.93	4.00
259	-1.50	3.31	1.93	4.00
260	-1.49	3.31	1.93	4.00
261	-1.48	3.32	1.93	4.00
262	-1.46	3.32	1.93	4.00
263	-1.45	3.33	1.93	1.00
264	-1.45	3.34	1.92	2.00
265	-1.47	3.37	1.92	2.00
266	-1.48	3.40	1.92	2.00
267	-1.50	3.43	1.92	2.00
268	-1.52	3.47	1.92	2.00
269	-1.52	3.47	1.92	2.00
270	-1.51	3.47	1.92	2.00
271	-1.53	3.49	1.92	2.00
272	-1.54	3.50	1.93	2.00
273	-1.55	3.50	1.92	2.00
274	-1.54	3.49	1.93	4.00
275	-1.53	3.48	1.93	4.00
276	-1.53	3.48	1.92	4.00
277	-1.54	3.48	1.92	4.00
278	-1.55	3.48	1.92	4.00
279	-1.55	3.48	1.92	2.00
280	-1.56	3.48	1.92	2.00
281	-1.56	3.48	1.92	2.00
282	-1.55	3.45	1.92	2.00
283	-1.54	3.41	1.92	2.00
284	-1.53	3.37	1.92	2.00
285	-1.52	3.35	1.92	2.00
286	-1.49	3.30	1.92	2.00
287	-1.47	3.26	1.92	4.00
288	-1.44	3.22	1.92	4.00
289	-1.42	3.18	1.92	4.00
290	-1.40	3.14	1.92	4.00
291	-1.39	3.09	1.92	4.00
292	-1.39	3.06	1.92	4.00
293	-1.38	3.02	1.92	4.00
294	-1.38	2.99	1.92	4.00
295	-1.36	2.98	1.92	4.00
296	-1.35	2.94	1.92	4.00
297	-1.35	2.91	1.92	4.00
298	-1.34	2.88	1.92	4.00
299	-1.33	2.89	1.92	4.00
300	-1.32	2.89	1.92	4.00
301	-1.32	2.90	1.92	4.00
302	-1.31	2.91	1.92	4.00
303	-1.31	2.89	1.92	4.00
304	-1.31	2.90	1.92	4.00
305	-1.33	2.95	1.92	4.00
306	-1.35	3.00	1.92	2.00
307	-1.34	3.00	1.92	2.00
308	-1.36	3.03	1.92	2.00
309	-1.38	3.07	1.91	2.00
310	-1.38	3.08	1.91	2.00
311	-1.39	3.09	1.91	2.00
312	-1.39	3.08	1.91	4.00
313	-1.39	3.06	1.91	4.00
314	-1.39	3.03	1.91	4.00
315	-1.39	3.03	1.91	4.00
316	-1.39	3.03	1.91	4.00
317	-1.38	2.99	1.91	4.00
318	-1.37	2.95	1.91	4.00
319	-1.37	2.95	1.91	4.00
320	-1.37	2.95	1.91	4.00
321	-1.37	2.95	1.91	4.00
322	-1.35	2.91	1.91	4.00
323	-1.33	2.88	1.91	4.00
324	-1.30	2.85	1.91	4.00
325	-1.30	2.85	1.91	4.00
326	-1.31	2.86	1.91	4.00
327	-1.32	2.87	1.91	4.00
328	-1.32	2.89	1.91	4.00
329	-1.33	2.89	1.91	4.00
330	-1.31	2.87	1.91	4.00
331	-1.30	2.85	1.91	4.00
332	-1.29	2.87	1.92	4.00
333	-1.30	2.89	1.92	4.00
334	-1.31	2.91	1.92	4.00
335	-1.32	2.93	1.92	4.00
336	-1.32	2.95	1.92	4.00
337	-1.32	2.96	1.92	4.00
338	-1.31	2.97	1.92	4.00
339	-1.32	2.98	1.92	4.00
340	-1.32	2.99	1.92	4.00
341	-1.31	2.99	1.92	4.00
342	-1.31	2.99	1.92	4.00
343	-1.31	3.00	1.92	4.00
344	-1.31	3.00	1.92	4.00
345	-1.33	3.02	1.92	4.00
346	-1.33	3.04	1.92	4.00
347	-1.34	3.06	1.93	4.00
348	-1.35	3.07	1.93	4.00
349	-1.36	3.09	1.93	4.00
350	-1.36	3.10	1.93	4.00
351	-1.36	3.10	1.93	4.00
352	-1.37	3.11	1.93	4.00
353	-1.37	3.12	1.93	4.00
354	-1.39	3.14	1.93	2.00
355	-1.40	3.19	1.93	2.00
356	-1.42	3.24	1.93	2.00
357	-1.42	3.23	1.93	3.00
358	-1.41	3.22	1.93	3.00
359	-1.40	3.20	1.94	3.00
360	-1.43	3.24	1.94	3.00
361	-1.45	3.28	1.93	3.00
362	-1.47	3.31	1.93	2.00
363	-1.49	3.34	1.93	2.00
364	-1.48	3.34	1.93	2.00
365	-1.45	3.32	1.93	2.00
Target 18 (frames from 199 to 283)
Bounding Boxes (frame, x, y, width, height)
199	374	84	136	272
200	372	89	132	265
201	371	94	129	259
202	370	99	127	254
203	368	103	124	248
204	367	106	122	244
205	366	110	119	239
206	365	113	118	236
207	364	115	116	232
208	363	117	114	229
209	362	119	112	225
210	362	121	111	223
211	361	122	110	220
212	361	123	109	219
213	361	123	109	219
214	360	122	109	219
215	360	121	110	220
216	359	120	111	222
217	358	117	112	224
218	357	115	113	227
219	355	111	115	231
220	353	107	117	234
221	351	104	118	237
222	349	101	120	240
223	346	98	121	242
224	344	96	121	243
225	342	95	122	244
226	341	95	122	245
227	340	96	122	245
228	340	97	122	244
229	340	99	121	243
230	340	100	120	241
231	341	102	120	240
232	342	104	119	239
233	343	106	118	237
234	344	107	118	236
235	346	108	117	235
236	347	108	117	234
237	347	107	117	235
238	348	106	117	234
239	349	106	116	233
240	349	105	116	232
241	350	105	116	232
242	350	104	116	232
243	349	104	115	231
244	348	104	115	231
245	348	104	115	231
246	347	104	116	232
247	346	104	116	232
248	345	104	116	232
249	345	104	116	232
250	344	104	116	232
251	344	104	116	233
252	344	104	116	233
253	345	104	117	234
254	345	104	117	235
255	346	104	118	236
256	347	104	119	238
257	348	104	119	239
258	349	104	120	241
259	350	103	121	243
260	351	103	122	245
261	352	103	123	247
262	352	102	124	249
263	353	102	125	251
264	354	102	126	253
265	355	102	127	255
266	355	102	128	257
267	356	101	129	259
268	357	101	130	261
269	358	101	131	262
270	359	101	132	264
271	359	100	133	266
272	360	100	134	268
273	361	100	134	269
274	362	100	135	270
275	362	99	136	273
276	363	99	138	276
277	364	99	139	279
278	365	99	141	283
279	366	99	143	286
280	368	99	145	290
281	369	99	147	295
282	370	98	149	299
283	371	98	152	304
3D Trajetory (frame, x, z, height, pose)
199	0.95	3.31	2.15	2.00
200	0.97	3.18	2.16	2.00
201	0.97	3.31	2.18	2.00
202	0.94	3.27	2.12	2.00
203	0.94	3.27	2.11	2.00
204	0.94	3.39	2.10	2.00
205	0.92	3.39	2.08	2.00
206	0.90	3.39	2.05	2.00
207	0.89	3.40	2.03	2.00
208	0.87	3.40	2.01	2.00
209	0.85	3.40	1.98	2.00
210	0.83	3.40	1.96	2.00
211	0.82	3.41	1.94	2.00
212	0.82	3.42	1.92	2.00
213	0.81	3.44	1.91	2.00
214	0.84	3.52	1.91	2.00
215	0.86	3.46	1.92	2.00
216	0.88	3.47	1.93	2.00
217	0.87	3.55	1.95	2.00
218	0.87	3.61	1.95	2.00
219	0.82	3.52	1.98	2.00
220	0.82	3.59	2.03	2.00
221	0.82	3.66	2.09	2.00
222	0.82	3.73	2.14	2.00
223	0.83	3.80	2.20	2.00
224	0.83	3.87	2.25	2.00
225	0.83	3.94	2.30	2.00
226	0.83	4.01	2.36	2.00
227	0.84	4.08	2.41	2.00
228	0.78	3.78	2.23	2.00
229	0.70	3.43	2.10	2.00
230	0.69	3.39	2.08	2.00
231	0.69	3.41	2.07	2.00
232	0.69	3.42	2.07	2.00
233	0.71	3.45	2.07	2.00
234	0.73	3.45	2.08	2.00
235	0.75	3.49	2.08	2.00
236	0.76	3.51	2.08	2.00
237	0.77	3.53	2.08	2.00
238	0.78	3.54	2.08	2.00
239	0.78	3.56	2.08	2.00
240	0.79	3.58	2.08	2.00
241	0.78	3.58	2.08	2.00
242	0.78	3.59	2.08	2.00
243	0.78	3.59	2.08	2.00
244	0.77	3.60	2.08	2.00
245	0.77	3.61	2.08	2.00
246	0.77	3.61	2.08	2.00
247	0.76	3.62	2.08	2.00
248	0.76	3.63	2.08	2.00
249	0.76	3.63	2.08	3.00
250	0.74	3.62	2.08	3.00
251	0.74	3.60	2.08	3.00
252	0.74	3.59	2.08	3.00
253	0.75	3.58	2.08	4.00
254	0.75	3.57	2.08	2.00
255	0.75	3.53	2.08	2.00
256	0.76	3.50	2.08	2.00
257	0.77	3.46	2.07	2.00
258	0.77	3.43	2.07	2.00
259	0.78	3.39	2.07	2.00
260	0.78	3.36	2.07	2.00
261	0.79	3.33	2.07	2.00
262	0.79	3.29	2.07	2.00
263	0.80	3.26	2.07	2.00
264	0.80	3.22	2.07	2.00
265	0.81	3.19	2.07	2.00
266	0.82	3.16	2.07	2.00
267	0.82	3.12	2.07	2.00
268	0.83	3.09	2.07	2.00
269	0.83	3.05	2.07	2.00
270	0.84	3.02	2.07	2.00
271	0.84	2.98	2.07	2.00
272	0.85	2.95	2.07	2.00
273	0.85	2.92	2.07	2.00
274	0.86	2.88	2.07	2.00
275	0.87	2.85	2.06	2.00
276	0.87	2.81	2.06	2.00
277	0.88	2.78	2.06	2.00
278	0.88	2.75	2.06	2.00
279	0.89	2.71	2.06	2.00
280	0.89	2.68	2.06	2.00
281	0.90	2.64	2.06	2.00
282	0.87	2.63	2.05	2.00
283	0.86	2.60	2.04	2.00
Target 19 (frames from 200 to 247)
Bounding Boxes (frame, x, y, width, height)
200	127	129	134	269
201	131	124	135	271
202	135	120	136	273
203	139	117	137	275
204	143	114	138	276
205	148	111	139	278
206	152	109	139	279
207	157	107	140	280
208	163	105	140	281
209	168	104	141	282
210	175	104	141	282
211	182	104	141	282
212	189	104	141	282
213	196	105	141	283
214	202	105	141	283
215	207	106	141	283
216	212	106	141	283
217	216	105	142	284
218	218	104	143	286
219	221	103	143	287
220	223	102	145	290
221	225	102	144	289
222	227	103	143	286
223	230	104	141	283
224	233	105	140	281
225	236	105	140	280
226	240	105	139	279
227	243	106	139	279
228	248	107	139	278
229	250	108	139	278
230	252	108	139	279
231	255	107	140	281
232	257	106	141	283
233	260	105	142	284
234	262	103	144	289
235	264	100	147	295
236	267	99	147	295
237	272	99	147	294
238	277	100	146	292
239	282	100	145	291
240	287	100	145	290
241	292	101	143	287
242	298	102	142	284
243	305	103	140	280
244	312	104	138	276
245	319	106	135	271
246	327	108	132	265
247	335	111	129	258
3D Trajetory (frame, x, z, height, pose)
200	-0.84	2.68	1.80	4.00
201	-0.74	2.60	1.82	4.00
202	-0.75	2.67	1.81	4.00
203	-0.76	2.71	1.82	4.00
204	-0.76	2.74	1.83	1.00
205	-0.77	2.80	1.86	2.00
206	-0.70	2.75	1.89	2.00
207	-0.65	2.69	1.89	4.00
208	-0.62	2.63	1.88	4.00
209	-0.54	2.60	1.88	1.00
210	-0.52	2.66	1.88	1.00
211	-0.46	2.66	1.88	1.00
212	-0.41	2.66	1.88	1.00
213	-0.36	2.66	1.89	1.00
214	-0.32	2.65	1.89	1.00
215	-0.27	2.66	1.89	1.00
216	-0.24	2.67	1.89	1.00
217	-0.22	2.68	1.90	1.00
218	-0.20	2.70	1.90	1.00
219	-0.19	2.69	1.91	1.00
220	-0.14	2.68	1.91	1.00
221	-0.11	2.67	1.92	1.00
222	-0.10	2.71	1.92	1.00
223	-0.08	2.71	1.93	2.00
224	-0.06	2.71	1.92	2.00
225	-0.04	2.71	1.92	2.00
226	-0.03	2.73	1.92	2.00
227	-0.02	2.74	1.93	3.00
228	-0.01	2.75	1.93	3.00
229	0.01	2.82	1.93	4.00
230	0.04	2.80	1.93	4.00
231	0.07	2.77	1.93	1.00
232	0.09	2.75	1.93	1.00
233	0.11	2.74	1.93	1.00
234	0.13	2.74	1.93	1.00
235	0.14	2.73	1.93	1.00
236	0.15	2.73	1.93	1.00
237	0.15	2.70	1.93	4.00
238	0.19	2.71	1.94	4.00
239	0.22	2.72	1.94	4.00
240	0.24	2.69	1.94	4.00
241	0.27	2.69	1.94	4.00
242	0.32	2.64	1.94	4.00
243	0.36	2.74	1.94	4.00
244	0.41	2.82	1.94	1.00
245	0.45	2.81	1.94	1.00
246	0.48	2.80	1.94	1.00
247	0.51	2.80	1.94	1.00
Target 20 (frames from 205 to 333)
Bounding Boxes (frame, x, y, width, height)
205	481	95	100	201
206	477	95	104	209
207	472	95	108	216
208	468	95	111	222
209	465	95	113	227
210	462	95	116	232
211	459	96	117	235
212	457	96	119	238
213	455	96	120	240
214	454	96	121	242
215	454	98	118	237
216	454	99	117	234
217	455	99	115	231
218	455	99	114	229
219	456	99	113	227
220	456	99	113	227
221	456	98	112	225
222	456	98	113	226
223	455	97	114	229
224	453	95	116	232
225	452	93	117	235
226	450	92	119	239
227	448	91	121	243
228	447	90	123	246
229	445	89	125	250
230	444	89	127	254
231	443	88	128	257
232	442	88	130	260
233	441	88	131	262
234	441	87	132	264
235	441	87	133	266
236	442	87	132	265
237	442	88	132	264
238	443	89	130	260
239	444	90	128	256
240	445	91	126	252
241	446	91	125	250
242	447	92	124	249
243	448	92	124	248
244	450	93	123	247
245	452	94	122	245
246	453	95	121	242
247	455	97	119	238
248	457	98	117	234
249	459	99	115	231
250	460	99	114	228
251	462	100	113	227
252	464	101	112	225
253	465	101	111	223
254	467	102	111	222
255	468	102	110	220
256	469	103	109	219
257	470	104	109	218
258	472	104	108	216
259	474	105	107	215
260	475	105	108	216
261	477	104	108	216
262	477	104	108	217
263	477	104	108	217
264	476	103	109	219
265	475	103	110	221
266	474	101	112	224
267	472	100	114	228
268	470	100	116	232
269	469	100	117	235
270	468	100	118	237
271	467	100	119	238
272	467	100	120	240
273	467	99	120	241
274	467	99	121	243
275	468	99	121	243
276	470	99	121	242
277	471	98	120	241
278	471	97	120	241
279	472	96	120	240
280	472	95	120	240
281	471	95	120	241
282	471	94	121	242
283	470	94	121	242
284	469	94	121	242
285	469	95	120	241
286	469	96	119	238
287	468	97	119	238
288	467	98	119	238
289	466	98	120	240
290	465	99	121	243
291	464	98	122	245
292	464	98	123	247
293	464	98	123	247
294	464	98	123	246
295	464	98	122	244
296	466	99	119	238
297	468	100	115	231
298	469	100	112	225
299	470	100	110	221
300	471	100	109	219
301	472	99	109	218
302	472	99	108	217
303	474	101	108	216
304	475	101	108	216
305	475	100	109	219
306	475	99	111	222
307	475	98	112	225
308	475	97	113	227
309	475	96	114	229
310	474	95	115	231
311	473	94	116	233
312	472	94	117	234
313	471	94	117	234
314	471	94	116	232
315	468	93	117	234
316	465	93	119	239
317	461	92	122	245
318	457	91	126	253
319	453	91	130	260
320	449	91	133	266
321	447	91	134	269
322	444	91	136	272
323	442	90	136	273
324	441	90	136	273
325	441	90	136	272
326	441	90	135	270
327	442	90	134	268
328	444	90	132	264
329	446	90	129	259
330	449	91	126	253
331	453	91	123	246
332	457	92	119	238
333	462	92	114	229
3D Trajetory (frame, x, z, height, pose)
205	3.76	7.29	3.02	2.00
206	1.72	3.15	2.10	2.00
207	-0.23	-0.84	2.10	2.00
208	-2.18	-4.84	2.11	2.00
209	-4.14	-8.84	2.12	2.00
210	-6.09	-12.82	1.89	2.00
211	-8.05	-16.80	1.66	2.00
212	-10.15	-20.91	1.31	2.00
213	-12.19	-24.89	0.99	2.00
214	-14.09	-28.75	0.75	2.00
215	-15.92	-32.46	0.53	2.00
216	-11.51	-23.50	0.94	4.00
217	-7.11	-14.55	1.34	4.00
218	-2.71	-5.59	1.74	4.00
219	1.70	3.37	2.15	2.00
220	1.74	3.52	2.16	4.00
221	1.79	3.66	2.17	4.00
222	1.84	3.81	2.19	4.00
223	1.89	3.96	2.20	4.00
224	1.93	4.11	2.21	4.00
225	1.85	3.95	2.20	4.00
226	1.78	3.78	2.19	4.00
227	1.70	3.62	2.18	4.00
228	1.62	3.46	2.17	4.00
229	1.54	3.29	2.16	4.00
230	1.56	3.34	2.18	4.00
231	1.58	3.37	2.20	4.00
232	1.58	3.37	2.20	4.00
233	1.59	3.38	2.21	4.00
234	1.55	3.31	2.18	4.00
235	1.58	3.35	2.19	4.00
236	1.59	3.37	2.19	4.00
237	1.60	3.37	2.19	4.00
238	1.61	3.40	2.20	2.00
239	1.64	3.45	2.22	2.00
240	1.65	3.47	2.22	2.00
241	1.66	3.51	2.22	2.00
242	1.68	3.54	2.22	2.00
243	1.70	3.58	2.22	2.00
244	1.72	3.62	2.22	2.00
245	1.73	3.66	2.22	4.00
246	1.76	3.72	2.22	4.00
247	1.78	3.67	2.22	4.00
248	1.82	3.70	2.22	4.00
249	1.83	3.69	2.21	4.00
250	1.83	3.67	2.21	4.00
251	1.87	3.76	2.21	4.00
252	1.90	3.84	2.21	4.00
253	1.93	3.89	2.20	4.00
254	1.95	3.94	2.20	4.00
255	1.99	3.97	2.20	4.00
256	2.01	3.99	2.20	4.00
257	2.02	3.96	2.19	4.00
258	2.04	3.98	2.19	4.00
259	2.07	4.00	2.19	4.00
260	2.09	4.03	2.19	4.00
261	2.11	4.05	2.19	4.00
262	2.13	4.08	2.19	4.00
263	2.14	4.10	2.19	4.00
264	2.16	4.12	2.19	4.00
265	2.18	4.14	2.19	4.00
266	2.20	4.17	2.19	4.00
267	2.17	4.12	2.20	2.00
268	2.15	4.08	2.20	2.00
269	2.13	4.05	2.20	2.00
270	2.09	3.97	2.20	2.00
271	2.06	3.91	2.19	2.00
272	2.03	3.85	2.19	2.00
273	2.02	3.83	2.19	2.00
274	2.01	3.82	2.19	2.00
275	2.01	3.81	2.19	4.00
276	2.01	3.81	2.19	4.00
277	2.00	3.79	2.19	4.00
278	1.99	3.77	2.18	4.00
279	1.98	3.72	2.18	4.00
280	1.98	3.67	2.18	4.00
281	1.96	3.65	2.18	4.00
282	1.96	3.66	2.18	4.00
283	1.95	3.66	2.18	4.00
284	1.94	3.65	2.18	4.00
285	1.93	3.65	2.18	4.00
286	1.92	3.65	2.18	4.00
287	1.92	3.65	2.18	4.00
288	1.91	3.65	2.18	4.00
289	1.90	3.64	2.18	2.00
290	1.90	3.64	2.18	2.00
291	1.89	3.63	2.18	2.00
292	1.88	3.62	2.18	2.00
293	1.88	3.61	2.18	2.00
294	1.85	3.57	2.18	2.00
295	1.82	3.52	2.17	2.00
296	1.83	3.55	2.18	2.00
297	1.84	3.57	2.18	2.00
298	1.86	3.62	2.18	2.00
299	1.87	3.63	2.18	2.00
300	1.88	3.65	2.18	2.00
301	1.88	3.66	2.18	2.00
302	1.89	3.67	2.18	2.00
303	1.90	3.68	2.18	2.00
304	1.91	3.69	2.18	4.00
305	1.89	3.67	2.18	4.00
306	1.87	3.65	2.18	4.00
307	1.89	3.60	2.18	4.00
308	1.92	3.65	2.18	4.00
309	1.94	3.69	2.18	4.00
310	1.96	3.72	2.18	4.00
311	2.00	3.79	2.18	4.00
312	2.00	3.78	2.18	4.00
313	2.00	3.79	2.18	4.00
314	2.00	3.80	2.18	4.00
315	2.00	3.81	2.18	4.00
316	1.97	3.78	2.18	4.00
317	1.93	3.72	2.18	4.00
318	1.92	3.72	2.18	4.00
319	1.90	3.71	2.18	4.00
320	1.89	3.71	2.18	4.00
321	1.88	3.70	2.18	4.00
322	1.86	3.69	2.18	4.00
323	1.85	3.69	2.18	4.00
324	1.84	3.68	2.18	4.00
325	1.83	3.67	2.18	4.00
326	1.81	3.67	2.18	4.00
327	1.75	3.60	2.18	4.00
328	1.71	3.56	2.18	4.00
329	1.69	3.53	2.18	4.00
330	1.69	3.52	2.18	4.00
331	1.69	3.51	2.18	4.00
332	1.69	3.51	2.18	4.00
333	1.73	3.53	2.18	4.00
Target 21 (frames from 217 to 358)
Bounding Boxes (frame, x, y, width, height)
217	155	112	132	264
218	155	114	129	259
219	154	115	127	254
220	154	117	125	250
221	154	118	123	247
222	154	119	121	243
223	154	120	120	241
224	154	121	119	239
225	154	122	118	237
226	154	122	118	236
227	153	122	118	236
228	152	122	118	236
229	152	123	118	236
230	153	123	118	237
231	154	123	118	236
232	155	124	117	235
233	156	124	117	234
234	157	124	116	233
235	159	124	116	233
236	161	124	116	232
237	163	123	116	232
238	165	124	115	231
239	167	124	114	229
240	169	123	114	228
241	170	123	114	228
242	171	123	114	229
243	171	122	115	230
244	171	123	115	231
245	172	124	115	231
246	173	126	115	231
247	174	128	114	229
248	175	130	113	227
249	176	132	112	225
250	177	134	111	223
251	177	135	111	222
252	177	136	111	223
253	176	135	112	224
254	174	134	113	226
255	173	132	114	229
256	170	130	115	231
257	168	127	117	235
258	165	123	119	239
259	162	119	121	242
260	161	115	122	244
261	160	112	122	245
262	159	110	123	246
263	159	107	123	247
264	159	105	124	249
265	158	104	125	251
266	159	105	125	250
267	159	105	126	252
268	160	106	126	252
269	162	107	126	252
270	164	108	126	253
271	166	109	127	254
272	166	109	127	255
273	167	110	128	257
274	167	110	128	257
275	167	110	129	258
276	167	109	128	257
277	168	108	128	256
278	169	107	126	253
279	170	106	125	251
280	170	105	125	250
281	170	104	125	250
282	169	103	125	251
283	168	103	125	250
284	168	104	124	248
285	168	104	124	248
286	169	106	122	244
287	170	108	121	242
288	170	108	122	244
289	170	107	123	247
290	169	106	125	250
291	168	105	126	252
292	168	107	125	251
293	169	108	124	249
294	169	110	123	247
295	169	109	124	248
296	170	107	124	249
297	170	105	125	251
298	171	103	126	253
299	172	102	127	254
300	172	101	127	254
301	172	101	127	255
302	172	101	127	255
303	171	100	129	258
304	170	100	130	260
305	169	99	132	264
306	167	96	134	269
307	167	96	134	269
308	168	98	133	266
309	168	100	131	262
310	169	104	128	257
311	169	106	127	254
312	168	107	127	254
313	167	106	128	256
314	166	105	129	258
315	166	105	129	258
316	167	106	128	256
317	166	107	127	255
318	165	108	127	254
319	164	109	127	255
320	162	108	129	258
321	161	107	130	261
322	162	106	131	262
323	163	107	131	262
324	165	108	129	258
325	167	110	126	253
326	170	112	125	250
327	172	112	125	250
328	174	111	125	251
329	175	111	126	253
330	177	110	127	255
331	178	109	129	259
332	179	108	130	261
333	180	108	129	259
334	180	105	131	262
335	179	102	133	266
336	178	99	135	270
337	177	97	137	274
338	177	96	138	276
339	177	96	137	275
340	178	98	135	271
341	179	102	133	266
342	179	106	130	260
343	179	110	127	255
344	180	115	124	249
345	180	119	122	244
346	180	124	119	239
347	181	129	116	232
348	182	134	113	226
349	182	137	110	221
350	182	139	109	218
351	182	141	107	215
352	183	143	106	212
353	183	143	105	211
354	183	144	105	210
355	183	143	105	210
356	183	142	105	210
357	183	141	106	212
358	183	138	106	213
3D Trajetory (frame, x, z, height, pose)
217	-0.77	3.05	2.00	3.00
218	-0.78	3.07	1.98	3.00
219	-0.78	3.08	1.96	3.00
220	-0.79	3.09	1.95	3.00
221	-0.80	3.10	1.93	3.00
222	-0.81	3.12	1.92	3.00
223	-0.81	3.13	1.90	3.00
224	-0.82	3.14	1.89	3.00
225	-0.83	3.15	1.87	3.00
226	-0.84	3.16	1.85	3.00
227	-0.84	3.18	1.84	3.00
228	-0.85	3.19	1.82	3.00
229	-0.86	3.20	1.81	3.00
230	-0.92	3.40	1.93	3.00
231	-0.82	2.99	1.90	3.00
232	-0.82	2.97	1.90	3.00
233	-0.82	2.94	1.89	3.00
234	-0.78	3.04	1.88	2.00
235	-0.76	3.12	1.87	2.00
236	-0.75	3.17	1.87	2.00
237	-0.78	3.28	1.87	2.00
238	-0.81	3.37	1.88	2.00
239	-0.84	3.45	1.89	2.00
240	-0.81	3.45	1.89	2.00
241	-0.78	3.40	1.89	2.00
242	-0.75	3.36	1.88	2.00
243	-0.74	3.34	1.88	1.00
244	-0.74	3.33	1.89	1.00
245	-0.73	3.34	1.89	1.00
246	-0.73	3.34	1.88	1.00
247	-0.72	3.35	1.88	1.00
248	-0.71	3.35	1.88	1.00
249	-0.71	3.34	1.87	1.00
250	-0.71	3.32	1.87	1.00
251	-0.71	3.32	1.86	1.00
252	-0.71	3.32	1.85	1.00
253	-0.70	3.31	1.85	1.00
254	-0.70	3.29	1.84	1.00
255	-0.70	3.28	1.84	1.00
256	-0.70	3.27	1.84	1.00
257	-0.71	3.26	1.85	1.00
258	-0.72	3.23	1.85	1.00
259	-0.73	3.21	1.85	1.00
260	-0.74	3.19	1.85	3.00
261	-0.76	3.19	1.86	4.00
262	-0.77	3.19	1.87	3.00
263	-0.78	3.18	1.87	4.00
264	-0.78	3.19	1.88	4.00
265	-0.78	3.19	1.88	4.00
266	-0.77	3.20	1.89	4.00
267	-0.77	3.21	1.90	4.00
268	-0.76	3.22	1.90	4.00
269	-0.76	3.17	1.91	4.00
270	-0.75	3.13	1.91	4.00
271	-0.75	3.10	1.91	4.00
272	-0.75	3.07	1.92	4.00
273	-0.74	3.09	1.92	4.00
274	-0.73	3.12	1.92	4.00
275	-0.67	3.05	1.92	4.00
276	-0.67	3.09	1.92	4.00
277	-0.66	3.05	1.92	4.00
278	-0.66	3.03	1.92	4.00
279	-0.66	3.02	1.92	4.00
280	-0.67	3.01	1.93	4.00
281	-0.67	3.05	1.93	4.00
282	-0.68	3.07	1.93	4.00
283	-0.68	3.09	1.94	4.00
284	-0.68	3.10	1.94	4.00
285	-0.68	3.11	1.94	4.00
286	-0.68	3.13	1.94	4.00
287	-0.68	3.14	1.94	4.00
288	-0.68	3.11	1.94	4.00
289	-0.68	3.12	1.94	4.00
290	-0.68	3.13	1.95	4.00
291	-0.68	3.14	1.94	4.00
292	-0.69	3.14	1.94	4.00
293	-0.69	3.14	1.94	4.00
294	-0.69	3.15	1.94	4.00
295	-0.68	3.08	1.95	4.00
296	-0.66	3.05	1.95	4.00
297	-0.67	3.09	1.95	4.00
298	-0.68	3.12	1.95	4.00
299	-0.68	3.14	1.95	4.00
300	-0.68	3.18	1.95	4.00
301	-0.67	3.14	1.95	4.00
302	-0.65	3.11	1.95	4.00
303	-0.64	3.08	1.96	4.00
304	-0.63	3.09	1.96	4.00
305	-0.64	3.10	1.96	4.00
306	-0.65	3.11	1.96	4.00
307	-0.66	3.07	1.96	4.00
308	-0.66	3.04	1.96	4.00
309	-0.67	3.01	1.96	4.00
310	-0.65	2.98	1.96	4.00
311	-0.63	2.95	1.96	4.00
312	-0.64	3.01	1.96	4.00
313	-0.65	3.04	1.96	4.00
314	-0.66	3.07	1.96	4.00
315	-0.67	3.10	1.96	4.00
316	-0.67	3.07	1.96	4.00
317	-0.67	3.05	1.96	4.00
318	-0.68	3.02	1.96	4.00
319	-0.68	3.00	1.96	4.00
320	-0.68	2.98	1.96	4.00
321	-0.68	2.97	1.96	4.00
322	-0.69	3.01	1.96	4.00
323	-0.69	3.04	1.96	4.00
324	-0.70	3.01	1.96	4.00
325	-0.70	3.03	1.96	4.00
326	-0.69	3.02	1.96	4.00
327	-0.67	3.02	1.96	4.00
328	-0.65	3.03	1.96	4.00
329	-0.66	3.07	1.96	4.00
330	-0.64	3.08	1.96	4.00
331	-0.64	3.09	1.96	4.00
332	-0.63	3.10	1.96	4.00
333	-0.60	3.07	1.96	4.00
334	-0.58	3.05	1.96	4.00
335	-0.56	3.02	1.97	4.00
336	-0.55	3.03	1.97	4.00
337	-0.55	3.04	1.97	4.00
338	-0.55	3.04	1.97	4.00
339	-0.56	3.02	1.97	4.00
340	-0.56	3.02	1.97	4.00
341	-0.56	3.01	1.97	4.00
342	-0.53	2.92	1.97	4.00
343	-0.53	2.96	1.97	4.00
344	-0.53	2.99	1.97	4.00
345	-0.55	3.02	1.97	4.00
346	-0.56	3.04	1.97	2.00
347	-0.58	3.10	1.97	2.00
348	-0.61	3.14	1.97	2.00
349	-0.63	3.19	1.97	2.00
350	-0.65	3.22	1.97	2.00
351	-0.66	3.27	1.96	2.00
352	-0.68	3.31	1.96	2.00
353	-0.69	3.35	1.96	2.00
354	-0.70	3.39	1.96	2.00
355	-0.71	3.44	1.96	2.00
356	-0.72	3.46	1.96	2.00
357	-0.73	3.51	1.96	2.00
358	-0.74	3.55	1.96	2.00
Target 22 (frames from 247 to 312)
Bounding Boxes (frame, x, y, width, height)
247	263	129	92	184
248	262	129	94	189
249	262	129	97	194
250	262	129	99	198
251	262	129	100	201
252	262	129	102	204
253	263	129	103	206
254	263	130	104	208
255	263	130	104	209
256	264	131	105	210
257	265	132	103	207
258	267	133	102	205
259	268	134	101	202
260	269	134	100	200
261	270	134	100	200
262	270	134	100	200
263	270	134	100	201
264	269	134	101	202
265	268	133	102	205
266	266	133	104	209
267	264	133	106	213
268	264	133	107	215
269	264	135	108	216
270	264	136	107	215
271	264	138	107	215
272	263	139	108	216
273	264	140	108	217
274	265	140	108	217
275	267	140	108	217
276	269	140	108	217
277	271	140	108	216
278	272	139	108	217
279	274	137	109	218
280	276	136	109	219
281	277	135	110	220
282	279	133	110	220
283	280	132	110	221
284	281	132	110	221
285	282	131	110	221
286	283	131	110	221
287	283	132	110	220
288	283	133	109	219
289	283	134	109	218
290	283	135	109	219
291	282	135	110	220
292	282	135	110	220
293	282	136	109	219
294	282	137	108	217
295	281	138	108	216
296	281	138	108	217
297	280	138	109	218
298	280	137	109	219
299	280	135	110	221
300	279	134	111	223
301	279	132	112	225
302	279	131	113	226
303	280	129	114	228
304	280	128	114	228
305	280	128	114	228
306	280	128	113	227
307	281	128	113	227
308	281	128	113	226
309	282	129	112	225
310	283	129	111	223
311	283	130	110	221
312	284	131	109	219
3D Trajetory (frame, x, z, height, pose)
247	-0.11	4.38	1.96	2.00
248	-0.10	4.24	1.95	2.00
249	-0.09	4.10	1.93	2.00
250	-0.08	3.96	1.92	2.00
251	-0.07	3.82	1.90	2.00
252	-0.06	3.68	1.88	2.00
253	-0.05	3.54	1.87	2.00
254	-0.05	3.40	1.85	2.00
255	-0.04	3.25	1.84	2.00
256	-0.03	3.27	1.83	2.00
257	-0.03	3.34	1.84	2.00
258	0.02	3.83	1.85	2.00
259	0.04	4.01	1.83	2.00
260	-0.01	4.13	1.83	4.00
261	-0.02	3.85	1.85	4.00
262	-0.02	3.65	1.85	4.00
263	0.00	3.90	1.87	4.00
264	0.02	4.04	1.88	4.00
265	0.01	3.90	1.89	4.00
266	0.00	3.76	1.88	4.00
267	-0.01	3.65	1.88	2.00
268	-0.01	3.57	1.88	2.00
269	-0.01	3.50	1.87	2.00
270	-0.02	3.49	1.87	2.00
271	-0.02	3.48	1.87	2.00
272	-0.02	3.47	1.86	2.00
273	-0.01	3.45	1.86	2.00
274	0.00	3.43	1.86	2.00
275	0.02	3.41	1.86	2.00
276	0.03	3.38	1.86	2.00
277	0.04	3.36	1.86	2.00
278	0.05	3.34	1.86	2.00
279	0.06	3.32	1.86	4.00
280	0.09	3.26	1.86	4.00
281	0.11	3.23	1.86	4.00
282	0.11	3.30	1.86	4.00
283	0.12	3.31	1.85	4.00
284	0.12	3.31	1.85	4.00
285	0.13	3.28	1.85	2.00
286	0.14	3.26	1.85	2.00
287	0.15	3.26	1.85	2.00
288	0.15	3.26	1.85	2.00
289	0.16	3.26	1.85	2.00
290	0.16	3.27	1.84	2.00
291	0.16	3.27	1.84	2.00
292	0.16	3.28	1.84	2.00
293	0.16	3.29	1.84	2.00
294	0.16	3.28	1.84	2.00
295	0.16	3.27	1.84	2.00
296	0.16	3.27	1.84	2.00
297	0.16	3.26	1.84	2.00
298	0.16	3.25	1.84	2.00
299	0.17	3.24	1.84	2.00
300	0.17	3.24	1.84	2.00
301	0.17	3.23	1.84	2.00
302	0.17	3.22	1.84	2.00
303	0.16	3.21	1.84	2.00
304	0.16	3.20	1.84	2.00
305	0.16	3.21	1.85	4.00
306	0.16	3.22	1.85	4.00
307	0.16	3.22	1.85	4.00
308	0.15	3.22	1.85	4.00
309	0.15	3.21	1.85	4.00
310	0.15	3.21	1.84	4.00
311	0.15	3.22	1.84	4.00
312	0.14	3.23	1.84	4.00
Target 23 (frames from 258 to 312)
Bounding Boxes (frame, x, y, width, height)
258	377	119	109	219
259	377	118	110	221
260	376	117	111	222
261	376	116	111	223
262	376	116	112	225
263	376	115	113	226
264	376	114	114	228
265	376	113	115	230
266	375	112	115	231
267	375	110	116	233
268	375	109	117	235
269	376	108	118	237
270	376	106	120	240
271	376	105	121	242
272	376	103	122	244
273	376	102	123	246
274	376	101	124	248
275	376	99	125	251
276	376	98	126	252
277	375	98	127	254
278	375	97	127	255
279	374	97	128	256
280	374	98	128	257
281	375	98	128	257
282	377	100	127	255
283	379	102	126	253
284	381	104	125	251
285	382	105	125	251
286	383	106	126	252
287	384	107	127	255
288	384	107	129	259
289	383	106	132	265
290	382	106	136	272
291	380	105	139	279
292	379	104	143	287
293	376	102	147	294
294	374	101	150	301
295	371	100	153	307
296	368	100	156	312
297	366	100	158	316
298	365	100	159	318
299	365	101	159	318
300	366	101	158	316
301	366	102	157	314
302	366	102	157	314
303	366	101	157	315
304	367	101	157	314
305	367	100	156	312
306	367	100	155	310
307	368	99	153	307
308	368	98	152	304
309	369	97	150	301
310	370	96	149	298
311	371	95	147	294
312	371	93	144	289
3D Trajetory (frame, x, z, height, pose)
258	1.04	3.68	2.03	3.00
259	1.04	3.69	2.04	3.00
260	1.04	3.70	2.06	3.00
261	1.03	3.71	2.07	3.00
262	1.04	3.70	2.07	3.00
263	1.03	3.67	2.07	3.00
264	1.03	3.63	2.07	3.00
265	1.02	3.60	2.07	3.00
266	1.02	3.57	2.06	3.00
267	1.01	3.53	2.06	3.00
268	1.00	3.50	2.06	3.00
269	1.00	3.46	2.06	3.00
270	0.99	3.43	2.06	3.00
271	0.99	3.40	2.06	3.00
272	0.98	3.36	2.05	3.00
273	0.98	3.33	2.05	3.00
274	0.97	3.30	2.05	3.00
275	0.97	3.26	2.05	3.00
276	0.96	3.23	2.05	3.00
277	0.96	3.20	2.05	3.00
278	0.95	3.16	2.04	2.00
279	0.97	3.21	2.07	2.00
280	0.99	3.26	2.10	2.00
281	0.97	3.22	2.07	2.00
282	0.95	3.18	2.04	2.00
283	0.92	3.14	2.01	2.00
284	0.90	3.10	1.98	2.00
285	0.93	3.14	2.04	2.00
286	1.07	3.20	2.02	2.00
287	1.09	3.20	2.01	2.00
288	1.08	3.19	2.00	2.00
289	1.08	3.18	1.98	2.00
290	1.08	3.17	1.97	2.00
291	0.94	2.88	1.97	2.00
292	0.88	2.74	1.96	2.00
293	0.83	2.59	1.96	2.00
294	0.80	2.51	1.96	2.00
295	0.78	2.45	1.95	2.00
296	0.77	2.41	1.95	2.00
297	0.75	2.37	1.95	2.00
298	0.75	2.36	1.94	2.00
299	0.74	2.35	1.94	2.00
300	0.73	2.33	1.94	2.00
301	0.73	2.32	1.94	2.00
302	0.72	2.30	1.94	2.00
303	0.72	2.29	1.94	2.00
304	0.71	2.27	1.94	2.00
305	0.73	2.32	1.93	2.00
306	0.73	2.34	1.93	2.00
307	0.74	2.34	1.93	2.00
308	0.74	2.35	1.93	2.00
309	0.74	2.37	1.92	2.00
310	0.74	2.36	1.93	2.00
311	0.75	2.44	1.93	2.00
312	0.77	2.50	1.93	2.00
Target 24 (frames from 288 to 326)
Bounding Boxes (frame, x, y, width, height)
288	267	79	135	270
289	265	78	136	272
290	264	78	137	275
291	262	77	138	277
292	261	77	139	279
293	260	77	140	280
294	260	76	141	282
295	259	76	141	283
296	259	76	142	285
297	259	75	143	286
298	260	75	143	287
299	262	75	143	287
300	264	74	144	288
301	266	74	144	288
302	267	74	144	288
303	268	74	143	287
304	268	74	143	286
305	268	74	143	286
306	268	74	143	286
307	267	74	142	285
308	267	75	142	285
309	267	75	142	285
310	266	75	142	284
311	266	76	142	284
312	265	76	142	285
313	265	76	142	285
314	265	77	142	284
315	265	77	141	283
316	266	77	141	282
317	266	77	141	282
318	266	76	141	283
319	265	74	142	284
320	265	73	143	286
321	264	70	144	288
322	263	68	145	291
323	262	65	146	293
324	261	62	148	297
325	260	58	150	300
326	259	54	152	304
3D Trajetory (frame, x, z, height, pose)
288	0.15	3.33	2.27	4.00
289	0.14	3.23	2.21	4.00
290	0.14	3.24	2.21	4.00
291	0.10	3.23	2.22	4.00
292	0.05	3.22	2.23	4.00
293	0.01	3.21	2.24	4.00
294	-0.04	3.20	2.24	4.00
295	0.13	3.07	2.22	4.00
296	0.12	3.05	2.18	4.00
297	0.12	3.08	2.20	4.00
298	0.12	3.09	2.21	4.00
299	0.13	3.08	2.21	4.00
300	0.13	3.09	2.21	4.00
301	0.13	3.07	2.20	4.00
302	0.13	3.08	2.21	4.00
303	0.14	3.09	2.22	4.00
304	0.14	3.10	2.22	4.00
305	0.14	3.12	2.23	4.00
306	0.14	3.13	2.24	4.00
307	0.14	3.14	2.24	4.00
308	0.14	3.10	2.22	4.00
309	0.14	3.14	2.24	4.00
310	0.14	3.13	2.23	4.00
311	0.14	3.12	2.22	4.00
312	0.14	3.11	2.21	4.00
313	0.14	3.10	2.20	4.00
314	0.12	3.08	2.19	4.00
315	0.12	3.04	2.17	4.00
316	0.13	3.06	2.18	4.00
317	0.14	3.07	2.18	4.00
318	0.14	3.09	2.19	4.00
319	0.14	3.09	2.20	4.00
320	0.14	3.08	2.20	4.00
321	0.15	3.19	2.22	4.00
322	0.15	3.17	2.22	4.00
323	0.14	3.13	2.22	4.00
324	0.12	3.09	2.23	4.00
325	0.12	3.06	2.24	4.00
326	0.11	3.03	2.24	4.00
Target 25 (frames from 296 to 365)
Bounding Boxes (frame, x, y, width, height)
296	397	99	130	260
297	397	100	129	259
298	397	101	129	259
299	396	101	129	259
300	396	102	129	259
301	395	103	130	260
302	394	103	130	261
303	393	103	131	262
304	392	104	132	264
305	391	104	133	266
306	389	104	134	268
307	387	105	136	272
308	384	104	137	275
309	383	104	139	279
310	380	105	141	283
311	378	105	144	288
312	376	105	146	292
313	374	105	147	295
314	372	105	149	298
315	371	105	150	300
316	370	105	150	301
317	369	104	151	303
318	369	103	151	303
319	369	103	151	303
320	369	103	150	301
321	369	103	149	299
322	370	104	148	296
323	370	105	147	294
324	370	105	146	293
325	370	106	145	291
326	371	107	144	288
327	373	109	142	285
328	374	110	140	280
329	376	111	138	276
330	378	112	136	272
331	380	111	134	269
332	381	110	134	268
333	382	108	134	268
334	381	104	136	272
335	381	100	139	278
336	380	96	141	282
337	379	94	143	286
338	377	92	145	290
339	376	91	147	295
340	374	91	150	300
341	371	90	153	306
342	369	90	154	309
343	368	91	155	311
344	367	93	156	313
345	366	94	156	312
346	367	97	155	311
347	367	98	155	311
348	367	99	155	311
349	367	99	155	310
350	367	100	155	310
351	368	100	155	310
352	367	98	156	313
353	367	98	156	313
354	368	99	154	309
355	369	101	152	304
356	371	103	149	298
357	373	104	147	294
358	375	105	144	289
359	377	106	141	283
360	380	107	138	277
361	383	109	135	271
362	386	110	131	263
363	390	111	128	256
364	394	112	123	247
365	398	113	119	239
3D Trajetory (frame, x, z, height, pose)
296	1.05	3.02	1.95	2.00
297	1.09	3.07	1.99	2.00
298	1.12	3.12	2.02	2.00
299	1.15	3.16	2.06	2.00
300	1.08	3.08	2.03	2.00
301	1.05	3.02	2.00	2.00
302	1.06	3.05	2.00	2.00
303	1.07	3.07	2.01	2.00
304	1.04	3.01	2.00	2.00
305	1.01	2.95	1.99	2.00
306	0.99	2.89	1.97	2.00
307	0.96	2.83	1.96	2.00
308	0.93	2.77	1.95	2.00
309	0.91	2.72	1.94	2.00
310	0.88	2.66	1.93	2.00
311	0.85	2.60	1.92	2.00
312	0.82	2.54	1.91	2.00
313	0.80	2.48	1.90	2.00
314	0.76	2.42	1.89	2.00
315	0.76	2.43	1.85	2.00
316	0.78	2.46	1.84	2.00
317	0.78	2.47	1.84	2.00
318	0.77	2.45	1.86	2.00
319	0.79	2.51	1.87	2.00
320	0.80	2.55	1.88	2.00
321	0.81	2.57	1.88	2.00
322	0.81	2.58	1.89	2.00
323	0.81	2.60	1.89	2.00
324	0.81	2.60	1.89	2.00
325	0.81	2.61	1.89	2.00
326	0.82	2.63	1.89	2.00
327	0.82	2.64	1.88	2.00
328	0.82	2.65	1.88	2.00
329	0.83	2.67	1.88	2.00
330	0.84	2.68	1.89	2.00
331	0.84	2.70	1.90	2.00
332	0.89	2.81	1.90	2.00
333	0.89	2.81	1.90	2.00
334	0.90	2.82	1.90	2.00
335	0.90	2.83	1.91	2.00
336	0.91	2.83	1.91	2.00
337	0.90	2.80	1.91	2.00
338	0.90	2.80	1.91	2.00
339	0.90	2.80	1.91	2.00
340	0.90	2.79	1.91	2.00
341	0.90	2.79	1.92	2.00
342	0.89	2.79	1.92	2.00
343	0.88	2.75	1.92	4.00
344	0.87	2.72	1.92	4.00
345	0.85	2.67	1.92	4.00
346	0.83	2.63	1.93	4.00
347	0.82	2.60	1.93	4.00
348	0.82	2.60	1.93	2.00
349	0.82	2.59	1.93	2.00
350	0.82	2.58	1.93	2.00
351	0.82	2.58	1.93	2.00
352	0.82	2.57	1.93	2.00
353	0.82	2.56	1.94	2.00
354	0.82	2.56	1.94	2.00
355	0.82	2.56	1.95	2.00
356	0.83	2.60	1.95	2.00
357	0.83	2.61	1.95	2.00
358	0.83	2.62	1.95	2.00
359	0.83	2.63	1.95	2.00
360	0.83	2.63	1.95	2.00
361	0.86	2.71	1.95	2.00
362	0.89	2.77	1.95	2.00
363	0.90	2.77	1.95	2.00
364	0.92	2.77	1.95	2.00
365	0.93	2.78	1.95	2.00
Target 26 (frames from 325 to 359)
Bounding Boxes (frame, x, y, width, height)
325	274	113	125	250
326	275	113	124	248
327	276	114	123	247
328	277	114	123	246
329	278	115	122	245
330	279	115	122	244
331	279	116	121	243
332	280	117	121	242
333	280	117	120	241
334	281	118	120	240
335	282	119	119	238
336	282	120	118	236
337	282	120	118	236
338	281	119	118	237
339	281	119	119	238
340	280	119	119	238
341	280	119	119	238
342	280	119	118	237
343	280	120	118	237
344	280	120	118	237
345	280	120	118	237
346	280	119	118	237
347	280	119	119	238
348	280	118	120	240
349	279	117	120	241
350	279	116	121	242
351	279	116	121	243
352	279	117	121	243
353	279	117	121	242
354	279	118	121	242
355	280	119	120	241
356	280	120	120	240
357	280	121	119	239
358	281	123	118	237
359	281	124	117	235
3D Trajetory (frame, x, z, height, pose)
325	0.16	3.22	1.91	1.00
326	0.13	3.10	1.94	1.00
327	0.10	2.98	1.97	1.00
328	0.11	3.02	1.99	1.00
329	0.16	3.18	1.97	1.00
330	0.18	3.30	1.97	2.00
331	0.18	3.36	1.97	2.00
332	0.19	3.40	1.96	2.00
333	0.19	3.40	1.96	4.00
334	0.19	3.40	1.96	2.00
335	0.19	3.40	1.97	2.00
336	0.19	3.39	1.97	2.00
337	0.19	3.35	1.97	2.00
338	0.18	3.31	1.97	2.00
339	0.18	3.31	1.96	2.00
340	0.18	3.31	1.96	2.00
341	0.18	3.30	1.95	2.00
342	0.18	3.34	1.95	2.00
343	0.18	3.34	1.95	2.00
344	0.18	3.34	1.95	2.00
345	0.17	3.34	1.95	2.00
346	0.18	3.34	1.95	2.00
347	0.18	3.34	1.95	2.00
348	0.18	3.33	1.95	2.00
349	0.18	3.34	1.96	2.00
350	0.17	3.35	1.96	2.00
351	0.17	3.33	1.97	2.00
352	0.17	3.33	1.97	2.00
353	0.17	3.34	1.97	2.00
354	0.17	3.35	1.97	2.00
355	0.17	3.34	1.97	2.00
356	0.17	3.34	1.98	2.00
357	0.17	3.35	1.98	2.00
358	0.17	3.35	1.98	2.00
359	0.17	3.36	1.98	2.00
