Total frames 319
Number of Targets 7
Target 1 (frames from 1 to 33)
Bounding Boxes (frame, x, y, width, height)
1	274	253	124	249
2	279	254	122	245
3	283	256	121	242
4	287	257	119	239
5	290	259	118	237
6	293	260	117	235
7	295	262	116	233
8	297	263	116	232
9	298	265	116	232
10	298	267	116	232
11	299	269	116	232
12	298	271	117	234
13	297	274	118	236
14	295	276	119	238
15	292	278	120	240
16	288	280	121	243
17	284	281	123	247
18	280	282	125	250
19	275	281	127	254
20	270	279	128	257
21	265	277	129	259
22	259	275	130	261
23	253	272	131	263
24	246	271	132	265
25	239	269	134	268
26	233	268	135	270
27	226	267	136	273
28	219	266	137	275
29	212	265	138	277
30	204	264	140	280
31	196	264	141	282
32	188	263	142	284
33	180	262	143	286
3D Trajetory (frame, x, z, height, pose)
1	-2.05	3.21	1.63	1.00
2	-2.06	3.22	1.63	1.00
3	-2.07	3.23	1.63	1.00
4	-2.12	3.37	1.64	1.00
5	-2.16	3.51	1.65	3.00
6	-2.13	3.52	1.64	3.00
7	-2.09	3.53	1.63	3.00
8	-2.02	3.49	1.62	3.00
9	-1.95	3.44	1.60	4.00
10	-1.92	3.42	1.60	4.00
11	-1.90	3.40	1.59	4.00
12	-1.85	3.39	1.59	4.00
13	-1.81	3.38	1.59	4.00
14	-1.76	3.38	1.59	4.00
15	-1.71	3.38	1.59	2.00
16	-1.70	3.37	1.58	2.00
17	-1.69	3.36	1.58	4.00
18	-1.65	3.34	1.58	4.00
19	-1.62	3.32	1.58	4.00
20	-1.57	3.28	1.58	4.00
21	-1.51	3.24	1.59	1.00
22	-1.46	3.19	1.59	1.00
23	-1.42	3.15	1.59	1.00
24	-1.41	3.20	1.59	1.00
25	-1.40	3.25	1.59	1.00
26	-1.40	3.32	1.59	1.00
27	-1.41	3.38	1.59	3.00
28	-1.38	3.36	1.59	3.00
29	-1.36	3.34	1.60	4.00
30	-1.32	3.31	1.60	4.00
31	-1.28	3.29	1.60	4.00
32	-1.23	3.27	1.60	4.00
33	-1.17	3.24	1.60	1.00
Target 2 (frames from 1 to 283)
Bounding Boxes (frame, x, y, width, height)
1	420	219	180	360
2	423	217	184	369
3	426	215	188	377
4	430	213	192	385
5	435	211	196	393
6	441	210	200	400
7	448	209	203	406
8	456	209	206	412
9	464	208	209	418
10	473	208	211	423
11	484	209	214	429
12	495	209	217	435
13	508	211	219	439
14	521	212	221	442
15	535	214	222	444
16	549	216	222	445
17	563	218	222	445
18	577	218	222	445
19	590	218	223	447
20	602	216	224	449
21	613	214	225	451
22	623	212	227	454
23	631	210	229	458
24	638	209	231	462
25	645	207	232	464
26	652	206	232	465
27	659	206	233	467
28	666	205	234	469
29	674	204	236	472
30	682	203	238	477
31	691	202	240	480
32	701	201	241	482
33	711	201	242	484
34	720	201	242	485
35	730	199	242	485
36	739	198	242	484
37	747	196	241	482
38	755	194	240	480
39	762	194	238	476
40	768	195	236	472
41	773	197	233	467
42	778	199	230	461
43	782	202	227	455
44	785	205	225	450
45	786	208	222	445
46	787	211	221	443
47	787	213	220	441
48	787	214	220	440
49	787	216	219	438
50	786	217	218	437
51	784	218	218	437
52	782	218	219	438
53	781	219	218	437
54	780	220	218	436
55	780	219	217	434
56	780	219	215	431
57	781	219	214	428
58	783	219	212	425
59	785	218	210	420
60	786	218	207	415
61	786	217	204	409
62	786	217	201	402
63	784	216	198	396
64	783	216	195	390
65	781	216	192	384
66	779	216	189	378
67	777	217	187	374
68	774	218	185	370
69	771	219	183	366
70	769	221	181	362
71	768	223	178	357
72	767	224	176	352
73	767	225	173	347
74	767	225	171	342
75	767	225	168	336
76	768	225	165	331
77	768	225	163	327
78	767	224	161	322
79	766	223	159	318
80	765	223	157	314
81	764	223	155	310
82	762	223	152	305
83	761	223	150	301
84	759	224	148	296
85	757	225	146	292
86	754	226	144	288
87	752	228	141	283
88	751	230	139	279
89	749	232	136	273
90	748	235	134	268
91	746	238	131	263
92	744	240	129	258
93	743	243	127	254
94	741	245	125	250
95	739	248	124	248
96	738	250	122	245
97	736	253	121	243
98	735	256	121	242
99	734	259	120	241
100	733	262	120	240
101	733	265	119	239
102	732	267	119	239
103	731	269	119	238
104	731	271	119	238
105	730	273	118	237
106	730	275	117	235
107	730	277	116	232
108	730	278	114	229
109	730	279	112	225
110	730	280	110	221
111	730	281	108	217
112	729	282	106	213
113	729	282	104	209
114	728	283	103	206
115	727	283	101	203
116	726	284	100	200
117	725	285	98	197
118	723	285	97	195
119	722	286	96	193
120	720	286	95	191
121	719	287	94	189
122	717	287	94	188
123	716	288	93	187
124	716	288	93	186
125	715	289	93	186
126	716	289	92	185
127	716	290	92	185
128	716	290	92	184
129	717	291	92	184
130	718	291	91	183
131	719	292	91	183
132	720	292	91	182
133	721	293	90	181
134	723	293	90	180
135	725	294	89	179
136	727	294	89	178
137	729	295	88	177
138	731	296	87	175
139	732	297	87	174
140	734	297	86	173
141	734	298	85	171
142	735	299	85	170
143	734	300	84	168
144	733	301	83	167
145	732	302	82	165
146	730	303	82	164
147	727	304	81	162
148	725	305	80	161
149	723	305	79	159
150	721	306	79	158
151	720	307	78	157
152	719	307	78	156
153	719	307	77	155
154	719	308	77	154
155	719	308	76	153
156	719	308	76	152
157	719	309	75	151
158	720	309	75	150
159	721	310	74	149
160	722	310	74	148
161	723	311	73	146
162	724	312	72	145
163	725	312	72	144
164	726	313	71	143
165	727	314	70	141
166	729	315	70	140
167	730	315	69	139
168	732	316	69	138
169	733	317	68	137
170	734	317	68	136
171	735	318	67	135
172	736	318	67	134
173	737	319	66	133
174	737	319	66	132
175	737	320	65	130
176	737	321	64	129
177	737	322	64	129
178	736	322	64	128
179	736	323	63	127
180	735	324	63	126
181	735	325	62	125
182	734	326	62	125
183	734	327	62	124
184	734	327	62	124
185	734	328	62	124
186	734	328	61	123
187	733	328	61	123
188	733	329	61	123
189	733	329	61	123
190	733	330	61	123
191	733	330	61	122
192	733	331	61	122
193	732	331	61	122
194	732	332	60	121
195	731	333	60	121
196	731	333	60	120
197	730	334	60	120
198	729	335	60	120
199	729	336	59	119
200	729	337	59	119
201	728	338	59	118
202	728	339	59	118
203	729	340	59	118
204	729	341	58	117
205	730	341	58	117
206	731	342	58	117
207	733	342	58	117
208	734	342	58	116
209	735	341	58	116
210	737	341	57	115
211	738	341	57	115
212	738	340	57	114
213	739	340	57	114
214	739	339	56	113
215	740	338	56	113
216	740	338	56	112
217	740	338	55	111
218	740	337	55	111
219	740	338	55	110
220	741	338	55	110
221	741	338	54	109
222	742	338	54	109
223	743	338	54	108
224	743	337	54	108
225	744	336	53	107
226	744	335	53	107
227	745	334	53	107
228	745	332	53	106
229	746	331	53	106
230	747	330	53	106
231	747	329	52	105
232	748	328	52	105
233	749	328	52	104
234	750	327	52	104
235	751	328	52	104
236	752	328	51	103
237	754	329	51	103
238	755	330	51	103
239	756	331	51	102
240	757	331	51	102
241	758	332	51	102
242	759	332	50	101
243	759	332	50	101
244	759	332	50	101
245	760	332	50	100
246	760	332	50	100
247	760	332	50	100
248	760	332	50	100
249	761	332	50	100
250	761	333	49	99
251	762	333	49	99
252	763	333	49	99
253	764	333	49	99
254	764	333	49	99
255	765	333	49	99
256	766	334	49	99
257	768	334	49	99
258	769	335	49	98
259	770	336	49	98
260	771	337	49	98
261	771	337	49	98
262	771	338	48	97
263	772	338	48	97
264	772	338	48	97
265	772	339	48	96
266	772	338	48	96
267	772	338	47	95
268	772	337	47	95
269	772	336	47	94
270	771	335	46	93
271	770	334	46	93
272	769	332	46	92
273	768	331	46	92
274	768	330	45	91
275	767	330	45	91
276	767	329	45	90
277	767	329	45	90
278	766	329	45	90
279	766	329	45	90
280	766	330	44	89
281	766	330	44	89
282	766	331	44	89
283	766	331	44	89
3D Trajetory (frame, x, z, height, pose)
1	-0.67	2.31	1.78	4.00
2	-0.66	2.35	1.78	4.00
3	-0.65	2.38	1.78	1.00
4	-0.61	2.37	1.79	1.00
5	-0.56	2.36	1.80	1.00
6	-0.51	2.33	1.81	1.00
7	-0.45	2.30	1.81	1.00
8	-0.37	2.22	1.82	1.00
9	-0.30	2.14	1.83	1.00
10	-0.24	2.12	1.82	1.00
11	-0.19	2.09	1.82	1.00
12	-0.12	2.04	1.81	1.00
13	-0.05	2.00	1.80	1.00
14	0.03	2.03	1.80	1.00
15	0.11	2.07	1.81	1.00
16	0.20	2.06	1.81	1.00
17	0.29	2.05	1.81	1.00
18	0.37	2.02	1.81	1.00
19	0.45	1.99	1.81	1.00
20	0.52	1.97	1.81	1.00
21	0.59	1.94	1.81	1.00
22	0.65	1.91	1.81	1.00
23	0.72	1.88	1.80	1.00
24	0.76	1.85	1.80	1.00
25	0.81	1.82	1.80	1.00
26	0.85	1.78	1.79	1.00
27	0.89	1.74	1.79	1.00
28	0.93	1.72	1.79	1.00
29	0.98	1.69	1.79	1.00
30	1.06	1.67	1.79	1.00
31	1.14	1.65	1.79	1.00
32	1.19	1.62	1.79	1.00
33	1.25	1.58	1.79	1.00
34	1.28	1.52	1.79	1.00
35	1.32	1.46	1.79	1.00
36	1.35	1.43	1.79	1.00
37	1.39	1.39	1.79	1.00
38	1.49	1.41	1.79	1.00
39	1.59	1.42	1.78	1.00
40	1.61	1.40	1.78	1.00
41	1.62	1.38	1.79	1.00
42	1.69	1.36	1.78	1.00
43	1.76	1.35	1.78	1.00
44	1.81	1.32	1.78	1.00
45	1.86	1.30	1.78	1.00
46	1.88	1.27	1.78	1.00
47	1.90	1.23	1.79	1.00
48	1.93	1.21	1.79	1.00
49	1.96	1.18	1.79	1.00
50	1.95	1.20	1.79	1.00
51	1.95	1.21	1.79	1.00
52	1.98	1.17	1.79	1.00
53	2.00	1.13	1.79	1.00
54	2.02	1.10	1.78	1.00
55	2.03	1.07	1.78	1.00
56	2.03	1.04	1.78	1.00
57	2.03	1.01	1.78	1.00
58	2.08	1.01	1.78	1.00
59	2.12	1.02	1.79	1.00
60	2.17	1.04	1.79	1.00
61	2.23	1.05	1.79	1.00
62	2.26	1.06	1.79	1.00
63	2.29	1.07	1.79	1.00
64	2.33	1.07	1.79	1.00
65	2.37	1.08	1.78	1.00
66	2.39	1.07	1.78	1.00
67	2.40	1.07	1.78	1.00
68	2.41	1.07	1.78	1.00
69	2.42	1.07	1.78	1.00
70	2.44	1.08	1.78	1.00
71	2.46	1.09	1.78	1.00
72	2.51	1.09	1.78	1.00
73	2.56	1.10	1.78	1.00
74	2.60	1.09	1.78	1.00
75	2.64	1.09	1.78	1.00
76	2.73	1.07	1.78	1.00
77	2.81	1.06	1.78	1.00
78	2.86	1.03	1.78	1.00
79	2.90	1.01	1.78	1.00
80	2.93	0.99	1.78	1.00
81	2.95	0.97	1.79	1.00
82	2.96	0.96	1.79	1.00
83	2.98	0.95	1.79	1.00
84	3.01	0.95	1.79	1.00
85	3.05	0.95	1.79	1.00
86	3.17	0.96	1.78	1.00
87	3.29	0.96	1.78	4.00
88	3.33	0.94	1.78	4.00
89	3.38	0.92	1.78	4.00
90	3.41	0.90	1.78	4.00
91	3.45	0.87	1.78	4.00
92	3.48	0.85	1.78	4.00
93	3.50	0.83	1.78	1.00
94	3.60	0.81	1.78	1.00
95	3.69	0.80	1.78	1.00
96	3.77	0.78	1.78	1.00
97	3.84	0.77	1.78	1.00
98	3.85	0.72	1.78	1.00
99	3.85	0.68	1.78	1.00
100	3.84	0.64	1.78	1.00
101	3.83	0.60	1.78	1.00
102	3.80	0.55	1.78	1.00
103	3.78	0.50	1.78	1.00
104	3.81	0.48	1.78	1.00
105	3.84	0.46	1.78	1.00
106	3.91	0.43	1.78	1.00
107	3.97	0.41	1.78	1.00
108	4.05	0.38	1.78	1.00
109	4.13	0.36	1.78	4.00
110	4.17	0.33	1.78	4.00
111	4.21	0.30	1.78	4.00
112	4.32	0.28	1.78	4.00
113	4.42	0.26	1.77	4.00
114	4.48	0.23	1.77	4.00
115	4.53	0.21	1.77	4.00
116	4.58	0.19	1.77	4.00
117	4.62	0.18	1.77	4.00
118	4.68	0.16	1.77	4.00
119	4.75	0.14	1.77	4.00
120	4.77	0.11	1.77	4.00
121	4.80	0.08	1.77	1.00
122	4.84	0.06	1.77	1.00
123	4.87	0.03	1.77	1.00
124	4.89	-0.01	1.77	1.00
125	4.91	-0.04	1.77	4.00
126	4.93	-0.08	1.77	4.00
127	4.96	-0.12	1.77	4.00
128	4.94	-0.17	1.77	4.00
129	4.92	-0.21	1.77	4.00
130	4.94	-0.25	1.77	4.00
131	4.96	-0.29	1.77	4.00
132	5.01	-0.32	1.77	4.00
133	5.05	-0.36	1.77	4.00
134	5.06	-0.39	1.77	4.00
135	5.07	-0.43	1.77	4.00
136	5.10	-0.46	1.77	4.00
137	5.12	-0.49	1.77	4.00
138	5.19	-0.53	1.77	4.00
139	5.25	-0.56	1.77	2.00
140	5.30	-0.60	1.77	2.00
141	5.34	-0.64	1.77	2.00
142	5.38	-0.65	1.77	2.00
143	5.42	-0.67	1.77	4.00
144	5.46	-0.69	1.78	4.00
145	5.50	-0.71	1.78	4.00
146	5.54	-0.73	1.78	4.00
147	5.58	-0.75	1.77	4.00
148	5.63	-0.78	1.77	4.00
149	5.69	-0.80	1.77	4.00
150	5.73	-0.83	1.78	4.00
151	5.76	-0.87	1.78	4.00
152	5.78	-0.90	1.78	4.00
153	5.80	-0.93	1.78	4.00
154	5.85	-0.97	1.78	4.00
155	5.89	-1.01	1.78	4.00
156	5.93	-1.05	1.78	4.00
157	5.96	-1.08	1.78	4.00
158	5.96	-1.11	1.78	4.00
159	5.97	-1.14	1.78	4.00
160	6.01	-1.18	1.77	4.00
161	6.05	-1.22	1.77	4.00
162	6.12	-1.26	1.77	4.00
163	6.18	-1.30	1.77	4.00
164	6.25	-1.34	1.77	4.00
165	6.32	-1.39	1.77	4.00
166	6.36	-1.43	1.77	4.00
167	6.40	-1.47	1.77	4.00
168	6.44	-1.51	1.77	4.00
169	6.47	-1.55	1.77	4.00
170	6.53	-1.58	1.77	4.00
171	6.58	-1.62	1.77	4.00
172	6.63	-1.65	1.77	4.00
173	6.67	-1.68	1.77	4.00
174	6.71	-1.71	1.77	4.00
175	6.76	-1.74	1.77	4.00
176	6.81	-1.78	1.77	4.00
177	6.86	-1.82	1.77	4.00
178	6.92	-1.86	1.77	4.00
179	6.98	-1.91	1.77	4.00
180	6.99	-1.94	1.77	4.00
181	7.00	-1.96	1.77	4.00
182	7.01	-1.99	1.77	4.00
183	7.02	-2.02	1.77	4.00
184	7.04	-2.05	1.77	4.00
185	7.06	-2.08	1.77	4.00
186	7.07	-2.11	1.77	4.00
187	7.09	-2.14	1.77	4.00
188	7.11	-2.16	1.77	4.00
189	7.14	-2.18	1.77	4.00
190	7.11	-2.19	1.77	4.00
191	7.09	-2.20	1.77	4.00
192	7.09	-2.22	1.77	4.00
193	7.09	-2.23	1.77	1.00
194	7.12	-2.27	1.77	1.00
195	7.14	-2.31	1.77	4.00
196	7.17	-2.33	1.77	4.00
197	7.19	-2.36	1.77	4.00
198	7.22	-2.38	1.77	4.00
199	7.25	-2.41	1.77	4.00
200	7.27	-2.44	1.77	4.00
201	7.28	-2.47	1.77	4.00
202	7.29	-2.50	1.77	4.00
203	7.29	-2.52	1.77	4.00
204	7.30	-2.54	1.77	4.00
205	7.30	-2.56	1.77	4.00
206	7.31	-2.59	1.77	4.00
207	7.32	-2.61	1.77	4.00
208	7.35	-2.66	1.77	4.00
209	7.37	-2.70	1.77	4.00
210	7.40	-2.74	1.77	4.00
211	7.42	-2.79	1.77	4.00
212	7.44	-2.82	1.77	4.00
213	7.47	-2.86	1.77	1.00
214	7.50	-2.89	1.77	1.00
215	7.54	-2.92	1.77	1.00
216	7.58	-2.95	1.77	1.00
217	7.62	-2.99	1.77	4.00
218	7.65	-3.02	1.77	4.00
219	7.67	-3.05	1.77	4.00
220	7.71	-3.09	1.77	4.00
221	7.75	-3.14	1.76	4.00
222	7.76	-3.17	1.76	4.00
223	7.76	-3.21	1.76	4.00
224	7.78	-3.24	1.76	4.00
225	7.80	-3.27	1.76	4.00
226	7.81	-3.31	1.76	4.00
227	7.82	-3.34	1.76	4.00
228	7.85	-3.37	1.76	4.00
229	7.87	-3.41	1.76	4.00
230	7.89	-3.45	1.76	4.00
231	7.91	-3.48	1.77	4.00
232	7.94	-3.53	1.77	4.00
233	7.97	-3.58	1.77	1.00
234	7.99	-3.61	1.76	1.00
235	8.00	-3.65	1.76	1.00
236	8.02	-3.69	1.76	1.00
237	8.05	-3.72	1.76	1.00
238	8.05	-3.74	1.76	1.00
239	8.06	-3.76	1.76	1.00
240	8.08	-3.80	1.76	1.00
241	8.10	-3.83	1.76	4.00
242	8.13	-3.87	1.76	4.00
243	8.15	-3.92	1.76	4.00
244	8.18	-3.95	1.76	4.00
245	8.21	-3.98	1.76	4.00
246	8.21	-4.01	1.76	4.00
247	8.20	-4.04	1.76	4.00
248	8.21	-4.05	1.76	4.00
249	8.21	-4.07	1.76	4.00
250	8.23	-4.10	1.76	4.00
251	8.25	-4.13	1.76	4.00
252	8.22	-4.14	1.76	4.00
253	8.20	-4.15	1.76	4.00
254	8.22	-4.18	1.76	4.00
255	8.24	-4.21	1.76	4.00
256	8.26	-4.25	1.76	4.00
257	8.27	-4.28	1.76	4.00
258	8.28	-4.31	1.76	4.00
259	8.28	-4.34	1.76	4.00
260	8.28	-4.36	1.76	4.00
261	8.28	-4.38	1.76	1.00
262	8.30	-4.42	1.76	1.00
263	8.32	-4.46	1.76	1.00
264	8.35	-4.49	1.76	1.00
265	8.37	-4.52	1.76	4.00
266	8.41	-4.54	1.76	4.00
267	8.45	-4.56	1.76	4.00
268	8.51	-4.60	1.76	4.00
269	8.58	-4.63	1.76	4.00
270	8.62	-4.69	1.76	4.00
271	8.67	-4.76	1.76	4.00
272	8.71	-4.80	1.76	4.00
273	8.76	-4.83	1.76	4.00
274	8.78	-4.87	1.76	4.00
275	8.81	-4.91	1.76	4.00
276	8.84	-4.91	1.76	4.00
277	8.87	-4.92	1.76	4.00
278	8.88	-4.95	1.76	4.00
279	8.89	-4.98	1.76	4.00
280	8.89	-5.00	1.76	4.00
281	8.88	-5.03	1.76	4.00
282	8.89	-5.05	1.76	4.00
283	8.90	-5.08	1.76	4.00
Target 3 (frames from 3 to 311)
Bounding Boxes (frame, x, y, width, height)
3	68	242	137	275
4	71	244	137	275
5	74	247	138	276
6	77	249	139	278
7	79	251	139	279
8	81	253	140	281
9	83	255	141	283
10	85	257	143	286
11	86	258	144	289
12	87	259	146	292
13	88	260	147	295
14	89	261	149	299
15	89	263	151	303
16	89	264	153	307
17	89	264	156	312
18	88	263	159	318
19	86	261	162	325
20	84	258	166	332
21	83	255	169	339
22	82	251	173	346
23	81	248	177	354
24	79	246	181	362
25	76	244	185	371
26	75	241	190	380
27	72	239	193	387
28	70	237	196	392
29	69	236	197	395
30	68	235	198	397
31	68	235	199	399
32	68	234	200	401
33	69	234	201	402
34	70	233	201	403
35	72	231	202	404
36	74	229	203	406
37	76	226	204	408
38	78	222	205	411
39	80	221	207	415
40	83	220	209	419
41	85	220	212	424
42	87	221	215	430
43	90	222	218	437
44	93	223	221	442
45	95	225	222	445
46	98	227	224	449
47	101	229	226	452
48	104	230	227	454
49	106	231	228	457
50	108	232	230	460
51	109	232	231	462
52	111	233	232	464
53	113	233	232	465
54	118	234	232	465
55	124	233	232	464
56	131	232	231	463
57	141	232	230	461
58	151	231	230	460
59	162	230	230	461
60	173	228	231	462
61	187	227	231	462
62	200	225	230	461
63	213	223	229	459
64	227	222	228	457
65	241	221	227	455
66	254	220	225	451
67	266	220	223	447
68	278	220	221	442
69	290	221	218	437
70	301	223	215	431
71	312	225	212	425
72	323	226	210	420
73	334	226	207	415
74	344	227	205	411
75	354	226	204	408
76	364	226	203	407
77	372	225	203	407
78	382	225	203	406
79	392	224	202	404
80	402	223	201	402
81	412	223	199	398
82	422	223	197	395
83	432	223	195	390
84	441	224	193	386
85	451	225	190	380
86	458	226	187	375
87	465	227	184	369
88	470	229	182	364
89	474	232	179	359
90	478	234	177	354
91	480	236	174	349
92	482	239	172	345
93	484	241	170	340
94	486	243	168	336
95	489	246	166	332
96	493	249	164	328
97	496	252	161	323
98	500	255	159	319
99	505	259	157	314
100	510	262	154	309
101	516	266	152	304
102	522	269	149	299
103	528	272	146	293
104	535	275	144	288
105	541	277	141	282
106	547	279	138	277
107	553	281	136	272
108	557	283	134	268
109	561	284	132	264
110	564	284	130	261
111	567	285	129	258
112	569	285	128	256
113	571	285	127	254
114	573	285	126	252
115	575	285	125	250
116	577	285	124	249
117	579	286	123	246
118	581	286	122	244
119	583	287	121	242
120	585	287	119	239
121	587	288	118	237
122	589	288	117	234
123	590	289	116	232
124	592	290	114	229
125	593	291	113	227
126	594	291	112	224
127	595	292	111	222
128	596	293	110	220
129	597	294	109	218
130	599	294	108	216
131	600	295	107	215
132	602	295	106	213
133	604	296	106	212
134	607	296	105	211
135	610	297	104	209
136	614	297	104	208
137	619	298	103	206
138	623	299	102	205
139	626	299	101	203
140	630	300	100	201
141	633	301	99	198
142	635	302	98	196
143	637	303	96	193
144	638	304	95	190
145	638	305	93	187
146	638	306	92	184
147	638	307	90	181
148	638	308	89	178
149	637	309	88	176
150	637	310	87	174
151	637	310	86	172
152	637	311	85	171
153	638	311	85	170
154	638	311	84	169
155	639	311	84	169
156	640	312	85	170
157	641	312	85	170
158	642	312	85	170
159	643	313	84	169
160	644	313	84	169
161	646	314	84	169
162	647	314	84	168
163	649	315	84	168
164	651	315	83	167
165	653	316	83	166
166	656	317	83	166
167	658	317	82	165
168	661	318	82	164
169	663	318	81	163
170	666	319	81	162
171	668	319	80	161
172	670	320	80	160
173	671	320	79	159
174	673	321	79	158
175	673	321	78	157
176	673	322	78	156
177	673	323	77	154
178	673	324	76	153
179	672	324	76	152
180	672	325	75	150
181	671	326	74	149
182	671	327	74	148
183	670	328	73	146
184	670	329	72	145
185	670	330	71	143
186	671	330	70	141
187	671	331	70	140
188	672	331	69	138
189	673	332	68	136
190	673	333	67	134
191	674	333	66	133
192	675	334	66	132
193	675	335	65	131
194	675	335	65	131
195	675	336	65	130
196	674	337	64	129
197	674	337	64	128
198	674	338	63	127
199	674	339	63	126
200	674	340	62	125
201	675	341	62	124
202	675	342	61	123
203	676	343	61	122
204	677	344	60	121
205	678	344	60	120
206	680	345	59	119
207	681	345	59	118
208	683	345	58	117
209	685	345	58	116
210	686	345	58	116
211	687	344	57	115
212	688	344	57	115
213	689	343	57	114
214	690	343	57	114
215	690	342	57	114
216	691	341	56	113
217	691	341	56	113
218	692	340	56	113
219	693	341	56	113
220	694	341	56	113
221	695	341	56	113
222	696	341	56	113
223	697	341	56	113
224	699	340	56	113
225	700	339	56	113
226	701	337	57	114
227	701	336	57	114
228	703	335	57	114
229	704	333	57	114
230	705	332	57	114
231	706	331	57	114
232	708	330	56	113
233	710	330	56	113
234	711	330	56	113
235	713	330	56	112
236	716	330	56	112
237	718	331	55	111
238	720	332	55	111
239	722	333	55	110
240	724	333	54	109
241	725	334	54	109
242	726	334	54	108
243	727	334	54	108
244	728	334	54	108
245	728	334	53	107
246	729	334	53	107
247	730	334	53	106
248	731	334	53	106
249	732	334	53	106
250	733	335	52	105
251	734	335	52	105
252	736	335	52	105
253	737	335	52	105
254	739	335	52	104
255	740	335	52	104
256	742	336	52	104
257	743	336	51	103
258	745	337	51	103
259	746	338	51	103
260	747	339	51	102
261	748	339	51	102
262	749	340	51	102
263	750	340	51	102
264	750	340	51	102
265	751	340	51	102
266	752	340	51	102
267	752	339	51	103
268	753	338	51	103
269	754	337	51	103
270	754	336	52	104
271	753	334	52	105
272	753	333	52	105
273	752	331	53	106
274	752	330	53	106
275	751	329	53	106
276	750	328	53	106
277	749	328	53	106
278	749	329	53	106
279	749	329	53	106
280	749	329	52	105
281	750	330	52	105
282	750	331	52	104
283	752	331	51	103
284	753	332	51	102
285	755	332	50	101
286	757	332	50	100
287	759	332	49	99
288	760	332	49	98
289	762	332	49	98
290	763	332	48	97
291	764	332	48	96
292	765	332	47	95
293	765	332	47	95
294	766	332	47	94
295	766	332	47	94
296	766	333	47	94
297	766	333	46	93
298	766	333	46	93
299	766	333	46	93
300	766	333	46	92
301	766	333	46	92
302	767	334	46	92
303	767	334	45	91
304	768	334	45	91
305	769	335	45	91
306	770	335	45	90
307	771	336	45	90
308	772	336	44	89
309	774	337	44	89
310	775	338	44	88
311	777	338	44	88
3D Trajetory (frame, x, z, height, pose)
3	-3.15	2.94	1.70	1.00
4	-3.14	2.97	1.69	1.00
5	-3.14	3.01	1.68	3.00
6	-3.05	2.98	1.67	3.00
7	-2.96	2.95	1.66	3.00
8	-2.87	2.91	1.66	3.00
9	-2.79	2.87	1.65	2.00
10	-2.75	2.88	1.65	2.00
11	-2.71	2.89	1.64	2.00
12	-2.64	2.85	1.64	2.00
13	-2.56	2.81	1.64	1.00
14	-2.50	2.81	1.64	1.00
15	-2.44	2.81	1.65	1.00
16	-2.40	2.83	1.66	1.00
17	-2.36	2.85	1.67	2.00
18	-2.29	2.85	1.67	2.00
19	-2.22	2.84	1.67	2.00
20	-2.12	2.79	1.68	2.00
21	-2.02	2.73	1.68	2.00
22	-1.93	2.69	1.68	2.00
23	-1.84	2.65	1.68	1.00
24	-1.78	2.63	1.68	1.00
25	-1.71	2.62	1.69	1.00
26	-1.64	2.59	1.69	1.00
27	-1.57	2.56	1.69	1.00
28	-1.50	2.55	1.69	1.00
29	-1.43	2.53	1.69	1.00
30	-1.37	2.53	1.69	1.00
31	-1.30	2.53	1.68	1.00
32	-1.26	2.52	1.69	1.00
33	-1.22	2.51	1.70	1.00
34	-1.26	2.63	1.70	1.00
35	-1.31	2.75	1.69	1.00
36	-1.21	2.70	1.70	1.00
37	-1.10	2.65	1.70	1.00
38	-1.02	2.62	1.70	1.00
39	-0.93	2.58	1.71	2.00
40	-0.88	2.57	1.71	2.00
41	-0.83	2.55	1.71	2.00
42	-0.76	2.52	1.70	2.00
43	-0.70	2.48	1.70	1.00
44	-0.65	2.47	1.70	1.00
45	-0.60	2.45	1.70	1.00
46	-0.54	2.44	1.70	1.00
47	-0.48	2.43	1.70	1.00
48	-0.42	2.42	1.70	1.00
49	-0.37	2.41	1.71	1.00
50	-0.32	2.39	1.71	1.00
51	-0.28	2.36	1.71	1.00
52	-0.25	2.36	1.71	1.00
53	-0.21	2.35	1.70	2.00
54	-0.18	2.34	1.71	2.00
55	-0.14	2.33	1.71	2.00
56	-0.10	2.33	1.71	2.00
57	-0.06	2.34	1.71	1.00
58	0.01	2.33	1.71	1.00
59	0.07	2.31	1.71	1.00
60	0.13	2.29	1.71	1.00
61	0.19	2.26	1.71	1.00
62	0.24	2.22	1.71	1.00
63	0.29	2.18	1.71	1.00
64	0.34	2.12	1.71	1.00
65	0.38	2.06	1.71	1.00
66	0.42	2.04	1.71	1.00
67	0.46	2.02	1.71	1.00
68	0.55	2.09	1.72	1.00
69	0.64	2.16	1.73	1.00
70	0.69	2.15	1.73	1.00
71	0.74	2.14	1.73	1.00
72	0.80	2.11	1.72	1.00
73	0.85	2.07	1.72	1.00
74	0.90	2.05	1.72	1.00
75	0.95	2.04	1.72	1.00
76	0.98	1.99	1.72	1.00
77	1.01	1.95	1.71	1.00
78	1.06	1.91	1.71	1.00
79	1.12	1.88	1.71	1.00
80	1.20	1.84	1.71	1.00
81	1.28	1.80	1.71	1.00
82	1.35	1.77	1.71	1.00
83	1.43	1.75	1.71	1.00
84	1.48	1.72	1.71	1.00
85	1.54	1.70	1.71	1.00
86	1.59	1.69	1.71	1.00
87	1.63	1.68	1.71	1.00
88	1.68	1.67	1.71	1.00
89	1.74	1.67	1.71	1.00
90	1.79	1.65	1.71	1.00
91	1.84	1.63	1.71	1.00
92	1.90	1.63	1.71	1.00
93	1.97	1.63	1.71	1.00
94	2.02	1.61	1.71	1.00
95	2.08	1.60	1.71	4.00
96	2.11	1.58	1.71	4.00
97	2.14	1.56	1.71	4.00
98	2.19	1.53	1.71	4.00
99	2.25	1.50	1.71	1.00
100	2.31	1.48	1.71	1.00
101	2.38	1.46	1.71	1.00
102	2.46	1.43	1.70	1.00
103	2.54	1.40	1.70	1.00
104	2.63	1.37	1.70	1.00
105	2.71	1.35	1.70	1.00
106	2.79	1.32	1.70	1.00
107	2.87	1.30	1.70	1.00
108	2.92	1.27	1.70	1.00
109	2.97	1.24	1.70	4.00
110	3.01	1.21	1.70	4.00
111	3.05	1.18	1.70	4.00
112	3.10	1.15	1.70	4.00
113	3.14	1.13	1.70	4.00
114	3.18	1.11	1.70	4.00
115	3.22	1.09	1.70	4.00
116	3.25	1.05	1.70	4.00
117	3.28	1.01	1.70	4.00
118	3.32	0.98	1.70	4.00
119	3.37	0.95	1.70	4.00
120	3.42	0.92	1.70	4.00
121	3.46	0.89	1.70	4.00
122	3.51	0.86	1.70	4.00
123	3.56	0.83	1.70	4.00
124	3.62	0.80	1.70	4.00
125	3.68	0.77	1.70	1.00
126	3.72	0.74	1.70	1.00
127	3.77	0.71	1.70	1.00
128	3.79	0.71	1.70	1.00
129	3.82	0.71	1.70	3.00
130	3.86	0.67	1.70	3.00
131	3.90	0.63	1.70	4.00
132	3.93	0.60	1.70	4.00
133	3.96	0.56	1.70	4.00
134	4.00	0.54	1.70	4.00
135	4.04	0.51	1.70	4.00
136	4.08	0.47	1.70	4.00
137	4.11	0.43	1.70	4.00
138	4.14	0.39	1.70	4.00
139	4.18	0.34	1.70	4.00
140	4.24	0.31	1.70	4.00
141	4.30	0.28	1.70	4.00
142	4.35	0.26	1.70	4.00
143	4.41	0.23	1.70	2.00
144	4.45	0.21	1.70	2.00
145	4.49	0.19	1.70	4.00
146	4.62	0.16	1.70	4.00
147	4.75	0.14	1.71	4.00
148	4.83	0.11	1.71	4.00
149	4.91	0.09	1.71	4.00
150	4.95	0.06	1.71	4.00
151	4.99	0.03	1.71	4.00
152	5.01	-0.01	1.71	4.00
153	5.02	-0.05	1.71	2.00
154	5.03	-0.08	1.70	2.00
155	5.04	-0.12	1.70	4.00
156	5.02	-0.15	1.70	4.00
157	4.99	-0.17	1.70	4.00
158	5.01	-0.21	1.70	4.00
159	5.02	-0.24	1.70	4.00
160	5.03	-0.28	1.70	4.00
161	5.03	-0.31	1.70	4.00
162	5.04	-0.34	1.70	4.00
163	5.04	-0.37	1.70	4.00
164	5.09	-0.40	1.70	4.00
165	5.14	-0.44	1.70	2.00
166	5.16	-0.48	1.70	2.00
167	5.17	-0.51	1.70	4.00
168	5.20	-0.55	1.70	4.00
169	5.22	-0.59	1.70	1.00
170	5.21	-0.63	1.70	1.00
171	5.20	-0.66	1.70	1.00
172	5.27	-0.69	1.70	1.00
173	5.33	-0.72	1.70	1.00
174	5.40	-0.76	1.70	1.00
175	5.47	-0.79	1.70	1.00
176	5.52	-0.82	1.70	1.00
177	5.57	-0.85	1.70	1.00
178	5.58	-0.86	1.70	1.00
179	5.58	-0.88	1.70	1.00
180	5.61	-0.90	1.70	1.00
181	5.64	-0.93	1.70	4.00
182	5.65	-0.94	1.70	4.00
183	5.67	-0.95	1.70	4.00
184	5.82	-1.00	1.70	4.00
185	5.98	-1.06	1.70	4.00
186	6.04	-1.08	1.70	4.00
187	6.10	-1.11	1.70	4.00
188	6.12	-1.14	1.70	4.00
189	6.13	-1.16	1.70	4.00
190	6.22	-1.19	1.70	4.00
191	6.30	-1.23	1.70	4.00
192	6.36	-1.27	1.70	4.00
193	6.43	-1.31	1.70	4.00
194	6.46	-1.33	1.70	4.00
195	6.50	-1.36	1.70	4.00
196	6.53	-1.39	1.70	4.00
197	6.56	-1.42	1.70	4.00
198	6.56	-1.44	1.70	4.00
199	6.57	-1.46	1.70	4.00
200	6.59	-1.49	1.70	4.00
201	6.61	-1.51	1.70	4.00
202	6.77	-1.58	1.71	4.00
203	6.92	-1.64	1.71	4.00
204	6.95	-1.68	1.71	4.00
205	6.98	-1.71	1.71	4.00
206	7.01	-1.74	1.71	4.00
207	7.04	-1.77	1.71	4.00
208	7.09	-1.82	1.71	4.00
209	7.14	-1.86	1.71	4.00
210	7.17	-1.90	1.71	4.00
211	7.21	-1.93	1.71	4.00
212	7.23	-1.97	1.71	4.00
213	7.25	-2.00	1.71	4.00
214	7.27	-2.03	1.71	4.00
215	7.30	-2.06	1.71	4.00
216	7.33	-2.10	1.71	4.00
217	7.36	-2.13	1.71	4.00
218	7.34	-2.16	1.71	4.00
219	7.31	-2.19	1.71	4.00
220	7.31	-2.21	1.71	4.00
221	7.31	-2.24	1.71	2.00
222	7.31	-2.28	1.71	2.00
223	7.30	-2.31	1.71	2.00
224	7.28	-2.34	1.71	2.00
225	7.27	-2.37	1.71	4.00
226	7.22	-2.40	1.71	4.00
227	7.17	-2.43	1.71	4.00
228	7.17	-2.45	1.71	4.00
229	7.17	-2.48	1.71	4.00
230	7.16	-2.51	1.70	4.00
231	7.14	-2.53	1.70	1.00
232	7.10	-2.55	1.70	1.00
233	7.06	-2.57	1.70	1.00
234	7.20	-2.67	1.70	1.00
235	7.34	-2.76	1.71	1.00
236	7.34	-2.80	1.71	1.00
237	7.35	-2.84	1.71	1.00
238	7.35	-2.88	1.70	1.00
239	7.36	-2.92	1.70	1.00
240	7.38	-2.96	1.70	1.00
241	7.39	-3.00	1.70	1.00
242	7.40	-3.03	1.70	1.00
243	7.42	-3.07	1.70	1.00
244	7.47	-3.10	1.70	1.00
245	7.52	-3.13	1.70	1.00
246	7.55	-3.17	1.70	1.00
247	7.58	-3.22	1.70	4.00
248	7.60	-3.26	1.70	4.00
249	7.62	-3.30	1.70	4.00
250	7.61	-3.34	1.70	4.00
251	7.61	-3.37	1.71	4.00
252	7.62	-3.40	1.71	4.00
253	7.64	-3.43	1.71	4.00
254	7.62	-3.46	1.71	4.00
255	7.61	-3.49	1.71	4.00
256	7.65	-3.53	1.71	4.00
257	7.68	-3.57	1.71	4.00
258	7.72	-3.61	1.71	4.00
259	7.77	-3.66	1.70	1.00
260	7.78	-3.70	1.70	1.00
261	7.80	-3.74	1.70	1.00
262	7.81	-3.77	1.70	1.00
263	7.81	-3.80	1.70	1.00
264	7.79	-3.81	1.71	1.00
265	7.77	-3.82	1.71	1.00
266	7.73	-3.83	1.71	1.00
267	7.68	-3.84	1.71	1.00
268	7.65	-3.86	1.72	1.00
269	7.61	-3.87	1.72	1.00
270	7.62	-3.90	1.72	1.00
271	7.63	-3.92	1.72	1.00
272	7.58	-3.92	1.72	1.00
273	7.54	-3.92	1.72	1.00
274	7.48	-3.92	1.72	1.00
275	7.42	-3.92	1.72	1.00
276	7.35	-3.89	1.73	1.00
277	7.27	-3.87	1.73	1.00
278	7.38	-3.91	1.73	1.00
279	7.49	-3.96	1.73	1.00
280	7.53	-3.99	1.73	1.00
281	7.57	-4.02	1.73	1.00
282	7.58	-4.05	1.73	1.00
283	7.60	-4.08	1.73	1.00
284	7.66	-4.14	1.73	1.00
285	7.71	-4.20	1.72	1.00
286	7.81	-4.27	1.72	1.00
287	7.90	-4.34	1.72	1.00
288	7.96	-4.39	1.72	1.00
289	8.01	-4.44	1.72	2.00
290	8.09	-4.49	1.72	2.00
291	8.16	-4.55	1.72	2.00
292	8.22	-4.60	1.72	2.00
293	8.28	-4.64	1.72	2.00
294	8.30	-4.68	1.72	2.00
295	8.32	-4.71	1.72	2.00
296	8.33	-4.72	1.72	2.00
297	8.33	-4.72	1.73	2.00
298	8.37	-4.75	1.73	2.00
299	8.40	-4.78	1.73	1.00
300	8.42	-4.80	1.73	1.00
301	8.44	-4.83	1.73	4.00
302	8.51	-4.90	1.73	4.00
303	8.57	-4.96	1.73	4.00
304	8.60	-5.00	1.73	4.00
305	8.63	-5.03	1.73	4.00
306	8.65	-5.05	1.73	4.00
307	8.66	-5.08	1.74	4.00
308	8.72	-5.14	1.73	4.00
309	8.79	-5.19	1.73	4.00
310	8.82	-5.23	1.73	4.00
311	8.85	-5.26	1.73	4.00
Target 4 (frames from 33 to 139)
Bounding Boxes (frame, x, y, width, height)
33	686	225	136	273
34	681	223	135	270
35	676	221	134	268
36	671	220	133	266
37	666	219	132	264
38	661	218	131	263
39	655	218	131	263
40	650	218	131	263
41	645	218	132	264
42	639	218	132	265
43	634	220	133	267
44	628	221	134	269
45	622	223	136	272
46	616	225	137	275
47	610	226	139	279
48	605	227	141	282
49	598	227	142	285
50	591	227	144	288
51	584	228	145	290
52	577	228	146	293
53	570	228	147	294
54	563	228	147	295
55	558	227	147	295
56	553	227	147	295
57	549	226	147	294
58	545	226	146	293
59	541	225	146	293
60	538	223	146	292
61	535	222	146	292
62	533	221	146	292
63	530	219	146	292
64	528	218	146	293
65	526	217	146	293
66	524	216	147	294
67	522	215	147	295
68	521	215	148	296
69	519	216	148	296
70	518	217	148	297
71	517	218	148	297
72	516	219	148	296
73	516	219	147	295
74	515	219	146	292
75	516	219	144	289
76	516	218	143	286
77	517	218	141	282
78	518	218	139	278
79	519	218	136	273
80	520	217	134	269
81	522	217	132	265
82	523	218	130	261
83	524	218	128	257
84	525	219	127	254
85	525	220	125	250
86	525	221	123	246
87	524	223	121	243
88	523	224	120	241
89	522	226	119	239
90	522	228	118	237
91	520	230	118	236
92	519	232	117	235
93	519	234	117	235
94	518	236	117	235
95	518	238	117	235
96	518	240	118	236
97	518	242	119	238
98	519	245	119	239
99	519	247	120	241
100	520	249	121	242
101	521	252	122	245
102	521	254	123	247
103	520	256	123	247
104	521	258	122	245
105	521	260	121	243
106	523	262	120	241
107	524	264	119	239
108	526	265	118	237
109	528	266	117	234
110	530	267	115	231
111	532	268	114	228
112	535	269	112	224
113	537	270	110	221
114	539	270	109	218
115	542	271	107	214
116	544	271	105	211
117	547	272	104	209
118	549	273	103	206
119	551	273	102	204
120	552	274	101	202
121	553	275	98	197
122	554	276	96	193
123	556	277	95	191
124	557	278	94	189
125	558	279	93	187
126	559	280	92	185
127	560	281	91	183
128	561	281	91	182
129	562	282	90	181
130	563	283	90	180
131	565	284	89	178
132	567	284	88	177
133	568	285	88	176
134	571	286	87	175
135	573	286	86	173
136	575	287	86	172
137	577	288	85	171
138	580	288	85	170
139	583	289	84	169
3D Trajetory (frame, x, z, height, pose)
33	1.77	3.09	1.89	4.00
34	1.79	3.09	1.89	4.00
35	1.81	3.09	1.89	3.00
36	1.82	3.09	1.89	3.00
37	1.83	3.10	1.89	1.00
38	1.86	3.09	1.89	1.00
39	1.89	3.08	1.89	1.00
40	1.90	3.09	1.89	1.00
41	1.92	3.10	1.89	1.00
42	1.91	3.06	1.89	1.00
43	1.90	3.01	1.89	3.00
44	1.93	2.98	1.89	3.00
45	1.96	2.96	1.89	3.00
46	1.92	2.88	1.89	3.00
47	1.89	2.80	1.89	1.00
48	1.87	2.74	1.89	1.00
49	1.86	2.68	1.89	1.00
50	1.84	2.68	1.89	1.00
51	1.83	2.67	1.89	3.00
52	1.83	2.67	1.89	3.00
53	1.83	2.66	1.89	2.00
54	1.83	2.66	1.89	2.00
55	1.84	2.65	1.89	2.00
56	1.83	2.64	1.89	2.00
57	1.82	2.62	1.89	3.00
58	1.82	2.63	1.89	3.00
59	1.82	2.64	1.89	1.00
60	1.84	2.65	1.89	1.00
61	1.86	2.67	1.89	1.00
62	1.88	2.69	1.89	1.00
63	1.89	2.70	1.89	1.00
64	1.88	2.68	1.89	1.00
65	1.87	2.65	1.89	1.00
66	1.89	2.62	1.89	1.00
67	1.91	2.59	1.89	1.00
68	1.90	2.56	1.89	1.00
69	1.90	2.53	1.89	1.00
70	1.91	2.53	1.89	1.00
71	1.93	2.53	1.89	1.00
72	1.96	2.53	1.89	1.00
73	1.99	2.53	1.89	3.00
74	2.03	2.55	1.89	3.00
75	2.07	2.57	1.89	4.00
76	2.11	2.54	1.89	4.00
77	2.15	2.52	1.89	4.00
78	2.24	2.57	1.89	4.00
79	2.33	2.61	1.89	3.00
80	2.41	2.60	1.89	3.00
81	2.48	2.58	1.89	1.00
82	2.56	2.60	1.89	1.00
83	2.64	2.62	1.89	1.00
84	2.69	2.61	1.89	1.00
85	2.75	2.60	1.89	1.00
86	2.80	2.61	1.89	1.00
87	2.86	2.61	1.89	1.00
88	2.91	2.61	1.89	1.00
89	2.97	2.62	1.89	1.00
90	3.02	2.62	1.89	1.00
91	3.08	2.63	1.89	1.00
92	3.13	2.63	1.89	1.00
93	3.19	2.64	1.89	1.00
94	3.20	2.51	1.89	1.00
95	3.21	2.39	1.89	1.00
96	3.21	2.33	1.89	1.00
97	3.22	2.27	1.89	1.00
98	3.26	2.25	1.89	1.00
99	3.31	2.23	1.89	1.00
100	3.29	2.17	1.89	1.00
101	3.28	2.10	1.89	1.00
102	3.28	2.05	1.89	1.00
103	3.28	2.00	1.89	1.00
104	3.31	1.96	1.89	1.00
105	3.35	1.92	1.89	1.00
106	3.38	1.88	1.89	1.00
107	3.41	1.85	1.89	1.00
108	3.44	1.82	1.89	1.00
109	3.47	1.80	1.89	4.00
110	3.79	1.93	1.88	4.00
111	4.10	2.07	1.88	3.00
112	3.95	1.90	1.88	3.00
113	3.81	1.73	1.89	1.00
114	3.88	1.70	1.89	1.00
115	3.96	1.68	1.89	1.00
116	4.07	1.67	1.89	1.00
117	4.18	1.66	1.89	1.00
118	4.27	1.65	1.89	1.00
119	4.37	1.65	1.88	1.00
120	4.43	1.62	1.88	1.00
121	4.50	1.58	1.88	4.00
122	4.60	1.57	1.88	4.00
123	4.71	1.56	1.88	2.00
124	4.80	1.54	1.88	2.00
125	4.89	1.52	1.88	1.00
126	4.89	1.47	1.88	1.00
127	4.90	1.42	1.88	1.00
128	4.94	1.38	1.88	1.00
129	4.98	1.34	1.88	1.00
130	5.06	1.32	1.88	1.00
131	5.13	1.30	1.88	1.00
132	5.16	1.27	1.89	1.00
133	5.19	1.25	1.89	1.00
134	5.23	1.21	1.89	1.00
135	5.27	1.17	1.88	1.00
136	5.33	1.13	1.88	1.00
137	5.38	1.09	1.88	1.00
138	5.45	1.05	1.88	1.00
139	5.52	1.01	1.88	4.00
Target 5 (frames from 53 to 303)
Bounding Boxes (frame, x, y, width, height)
53	98	266	132	264
54	95	265	134	269
55	92	264	137	274
56	91	263	139	279
57	90	263	141	283
58	90	262	144	288
59	90	261	145	291
60	92	261	147	295
61	94	260	149	298
62	96	260	150	301
63	100	259	152	304
64	105	258	153	307
65	111	257	154	309
66	118	256	155	310
67	124	256	155	310
68	132	256	155	310
69	139	257	155	310
70	146	258	155	311
71	153	259	155	311
72	160	259	155	311
73	166	259	156	312
74	172	259	155	311
75	178	258	155	311
76	184	257	154	309
77	190	256	154	308
78	195	255	153	306
79	200	254	152	305
80	204	253	151	303
81	209	252	151	302
82	215	252	150	300
83	220	252	149	298
84	226	252	148	296
85	232	252	146	293
86	238	253	145	291
87	244	254	144	288
88	250	255	143	286
89	255	257	142	285
90	261	259	142	284
91	265	260	141	282
92	270	262	140	281
93	276	264	139	278
94	282	266	137	275
95	288	269	135	271
96	295	271	133	266
97	301	274	131	262
98	308	277	128	257
99	314	280	126	252
100	320	283	123	247
101	326	286	121	243
102	332	289	119	238
103	338	292	117	234
104	343	294	114	229
105	349	296	112	225
106	355	298	111	222
107	360	299	109	219
108	365	300	108	216
109	370	301	106	213
110	375	301	105	211
111	380	301	104	209
112	386	301	103	207
113	391	301	103	206
114	396	301	102	205
115	400	301	102	204
116	404	301	102	204
117	408	301	102	204
118	411	302	102	204
119	414	302	102	204
120	417	302	102	204
121	419	302	102	204
122	422	303	101	203
123	425	303	101	203
124	428	304	101	202
125	431	304	100	200
126	435	305	99	199
127	439	305	98	197
128	442	306	97	195
129	446	306	96	193
130	450	307	96	192
131	454	308	95	190
132	457	308	94	188
133	461	309	93	186
134	465	309	92	185
135	470	310	91	183
136	474	310	90	181
137	479	311	89	179
138	483	311	88	177
139	487	312	88	176
140	491	313	87	174
141	494	313	86	173
142	497	314	86	172
143	500	315	85	171
144	502	316	85	170
145	504	317	84	169
146	505	317	83	167
147	506	318	83	166
148	507	319	82	165
149	508	320	82	164
150	509	320	81	162
151	511	321	80	161
152	513	321	80	160
153	516	321	79	158
154	518	321	78	157
155	521	322	78	156
156	524	322	77	154
157	527	322	76	153
158	530	323	76	152
159	533	323	75	151
160	535	324	75	150
161	538	324	74	148
162	540	325	73	147
163	543	325	73	146
164	545	326	72	145
165	547	326	71	143
166	549	327	71	142
167	552	328	70	141
168	554	328	70	141
169	557	329	70	140
170	560	329	69	139
171	562	329	69	139
172	564	330	69	138
173	567	330	69	138
174	569	330	68	137
175	571	331	68	137
176	572	332	68	136
177	574	333	68	136
178	575	333	68	136
179	575	334	67	135
180	576	334	67	135
181	576	335	67	135
182	577	336	67	134
183	578	337	67	134
184	579	338	66	133
185	580	338	66	132
186	582	339	65	131
187	583	339	65	131
188	585	339	65	130
189	587	340	64	129
190	588	340	64	128
191	590	341	63	127
192	591	341	63	126
193	592	342	62	125
194	593	343	62	124
195	593	343	61	123
196	593	344	61	123
197	594	345	61	122
198	594	345	61	122
199	594	347	60	121
200	595	348	60	120
201	596	349	60	120
202	597	350	59	119
203	598	350	59	118
204	599	351	59	118
205	601	352	58	117
206	602	352	58	116
207	604	352	58	116
208	606	352	57	115
209	607	352	57	115
210	609	351	57	114
211	610	351	57	114
212	611	350	57	114
213	611	350	56	113
214	612	349	56	113
215	613	348	56	112
216	613	348	56	112
217	614	347	55	111
218	615	347	55	110
219	616	347	55	110
220	617	347	54	109
221	619	348	54	108
222	620	348	53	107
223	621	347	53	107
224	622	347	53	106
225	623	346	52	105
226	624	344	52	104
227	625	343	52	104
228	625	342	51	103
229	626	340	51	102
230	626	339	51	102
231	627	338	50	101
232	628	337	50	101
233	629	337	50	100
234	629	336	50	100
235	631	337	49	99
236	632	337	49	99
237	634	338	49	98
238	635	339	49	98
239	637	339	48	97
240	639	340	48	97
241	640	340	48	97
242	641	341	48	96
243	642	341	48	96
244	643	341	47	95
245	644	341	47	95
246	644	340	47	94
247	645	341	47	94
248	646	341	47	94
249	647	341	46	93
250	648	341	46	93
251	650	341	46	92
252	651	342	46	92
253	653	342	45	91
254	654	342	45	91
255	656	342	45	90
256	658	342	45	90
257	659	343	44	89
258	661	344	44	89
259	662	345	44	89
260	663	345	44	89
261	664	346	44	88
262	664	347	44	88
263	665	347	44	88
264	666	347	44	88
265	666	347	44	88
266	666	347	43	87
267	666	346	43	87
268	667	346	43	87
269	667	345	43	87
270	666	343	43	87
271	666	342	43	86
272	666	341	43	86
273	665	339	43	86
274	665	338	43	86
275	665	337	42	85
276	665	337	42	85
277	665	337	42	85
278	666	337	42	85
279	666	337	42	85
280	668	338	42	84
281	669	338	42	84
282	671	339	42	84
283	673	339	42	84
284	675	340	42	84
285	677	340	42	84
286	679	340	42	84
287	681	340	42	84
288	682	340	42	85
289	684	340	42	85
290	686	339	42	85
291	687	339	42	85
292	688	339	42	85
293	689	339	42	85
294	690	339	42	85
295	691	339	42	85
296	692	339	42	85
297	693	339	42	85
298	694	340	42	85
299	694	340	42	85
300	695	340	42	85
301	695	340	42	85
302	695	341	42	85
303	696	341	42	85
3D Trajetory (frame, x, z, height, pose)
53	-0.65	4.18	1.65	1.00
54	-0.62	4.16	1.65	1.00
55	-0.59	4.14	1.65	1.00
56	-0.55	4.11	1.64	1.00
57	-0.50	4.07	1.64	3.00
58	-0.45	3.93	1.63	3.00
59	-0.39	3.78	1.62	3.00
60	-0.36	3.70	1.62	3.00
61	-0.32	3.62	1.61	1.00
62	-0.29	3.61	1.61	1.00
63	-0.25	3.59	1.61	3.00
64	-0.18	3.58	1.61	3.00
65	-0.11	3.56	1.61	3.00
66	-0.05	3.51	1.61	3.00
67	0.01	3.46	1.61	3.00
68	0.05	3.40	1.61	3.00
69	0.10	3.34	1.61	3.00
70	0.15	3.32	1.60	3.00
71	0.21	3.29	1.60	1.00
72	0.27	3.29	1.61	1.00
73	0.33	3.28	1.61	1.00
74	0.38	3.27	1.61	1.00
75	0.44	3.25	1.61	1.00
76	0.49	3.23	1.61	1.00
77	0.54	3.21	1.61	1.00
78	0.60	3.18	1.61	1.00
79	0.65	3.15	1.61	1.00
80	0.73	3.15	1.61	1.00
81	0.80	3.15	1.61	1.00
82	0.87	3.15	1.61	1.00
83	0.94	3.15	1.61	1.00
84	1.00	3.15	1.61	1.00
85	1.05	3.15	1.61	1.00
86	1.11	3.13	1.61	1.00
87	1.16	3.11	1.61	1.00
88	1.22	3.07	1.61	1.00
89	1.29	3.03	1.61	1.00
90	1.36	3.02	1.61	1.00
91	1.43	3.01	1.61	1.00
92	1.50	2.99	1.61	1.00
93	1.57	2.96	1.61	1.00
94	1.64	2.94	1.61	1.00
95	1.71	2.92	1.61	1.00
96	1.77	2.90	1.61	1.00
97	1.83	2.88	1.61	4.00
98	1.96	2.92	1.61	4.00
99	2.09	2.96	1.60	2.00
100	2.18	2.96	1.60	2.00
101	2.27	2.96	1.60	2.00
102	2.36	2.95	1.60	2.00
103	2.44	2.94	1.60	2.00
104	2.51	2.94	1.60	2.00
105	2.58	2.94	1.60	2.00
106	2.65	2.92	1.60	2.00
107	2.71	2.90	1.60	4.00
108	2.80	2.88	1.60	4.00
109	2.89	2.86	1.60	1.00
110	2.98	2.85	1.60	1.00
111	3.07	2.84	1.60	1.00
112	3.14	2.79	1.61	1.00
113	3.20	2.74	1.61	1.00
114	3.25	2.69	1.61	1.00
115	3.29	2.64	1.61	2.00
116	3.32	2.58	1.61	2.00
117	3.34	2.52	1.61	2.00
118	3.34	2.46	1.60	2.00
119	3.34	2.39	1.60	1.00
120	3.38	2.34	1.60	1.00
121	3.42	2.29	1.60	1.00
122	3.47	2.26	1.60	1.00
123	3.51	2.23	1.60	4.00
124	3.58	2.20	1.60	4.00
125	3.64	2.16	1.60	2.00
126	3.67	2.11	1.60	2.00
127	3.69	2.06	1.60	1.00
128	3.75	2.03	1.60	1.00
129	3.80	2.00	1.61	1.00
130	3.86	1.96	1.61	1.00
131	3.92	1.93	1.61	1.00
132	3.99	1.90	1.60	1.00
133	4.06	1.88	1.60	1.00
134	4.10	1.84	1.60	1.00
135	4.15	1.81	1.60	1.00
136	4.19	1.79	1.60	1.00
137	4.23	1.76	1.60	1.00
138	4.29	1.73	1.60	1.00
139	4.34	1.71	1.60	1.00
140	4.39	1.67	1.61	1.00
141	4.44	1.64	1.61	4.00
142	4.49	1.60	1.61	4.00
143	4.54	1.57	1.61	4.00
144	4.56	1.54	1.61	4.00
145	4.58	1.50	1.61	4.00
146	4.62	1.46	1.60	4.00
147	4.65	1.43	1.60	1.00
148	4.70	1.41	1.60	1.00
149	4.74	1.38	1.60	1.00
150	4.83	1.34	1.60	1.00
151	4.91	1.30	1.60	1.00
152	4.97	1.26	1.60	1.00
153	5.03	1.22	1.60	1.00
154	5.06	1.18	1.60	1.00
155	5.08	1.13	1.60	2.00
156	5.10	1.08	1.60	2.00
157	5.13	1.03	1.60	2.00
158	5.19	0.99	1.60	2.00
159	5.25	0.95	1.60	2.00
160	5.30	0.92	1.60	2.00
161	5.34	0.89	1.60	4.00
162	5.41	0.85	1.60	4.00
163	5.47	0.82	1.60	4.00
164	5.52	0.79	1.60	4.00
165	5.58	0.76	1.60	4.00
166	5.61	0.73	1.60	4.00
167	5.65	0.70	1.60	4.00
168	5.67	0.68	1.60	4.00
169	5.69	0.65	1.60	2.00
170	5.73	0.61	1.60	2.00
171	5.76	0.57	1.60	1.00
172	5.78	0.52	1.60	1.00
173	5.80	0.48	1.60	2.00
174	5.82	0.44	1.60	2.00
175	5.83	0.41	1.60	4.00
176	5.85	0.37	1.60	4.00
177	5.87	0.33	1.60	4.00
178	5.90	0.30	1.60	4.00
179	5.94	0.26	1.60	2.00
180	5.96	0.23	1.60	2.00
181	5.99	0.19	1.60	2.00
182	5.97	0.16	1.60	2.00
183	5.94	0.12	1.60	2.00
184	5.98	0.09	1.60	2.00
185	6.03	0.06	1.60	2.00
186	6.05	0.03	1.60	2.00
187	6.08	0.01	1.60	2.00
188	6.17	-0.03	1.60	2.00
189	6.25	-0.07	1.60	2.00
190	6.31	-0.11	1.61	2.00
191	6.37	-0.15	1.61	1.00
192	6.41	-0.18	1.61	1.00
193	6.45	-0.22	1.61	1.00
194	6.45	-0.25	1.61	1.00
195	6.44	-0.27	1.61	1.00
196	6.48	-0.30	1.61	1.00
197	6.51	-0.32	1.60	1.00
198	6.55	-0.35	1.60	1.00
199	6.60	-0.38	1.60	2.00
200	6.64	-0.40	1.60	2.00
201	6.69	-0.43	1.60	4.00
202	6.72	-0.47	1.60	4.00
203	6.74	-0.52	1.60	4.00
204	6.77	-0.55	1.60	4.00
205	6.79	-0.58	1.60	4.00
206	6.83	-0.61	1.60	4.00
207	6.87	-0.64	1.60	1.00
208	6.91	-0.67	1.60	1.00
209	6.94	-0.70	1.60	1.00
210	6.95	-0.72	1.60	1.00
211	6.96	-0.75	1.60	1.00
212	6.99	-0.78	1.60	1.00
213	7.01	-0.80	1.60	4.00
214	7.05	-0.83	1.60	4.00
215	7.09	-0.87	1.60	4.00
216	7.08	-0.89	1.60	4.00
217	7.07	-0.92	1.61	4.00
218	7.16	-0.96	1.61	4.00
219	7.25	-0.99	1.61	4.00
220	7.30	-1.03	1.61	4.00
221	7.35	-1.07	1.61	4.00
222	7.38	-1.11	1.61	4.00
223	7.40	-1.15	1.61	2.00
224	7.46	-1.19	1.60	2.00
225	7.51	-1.23	1.60	4.00
226	7.56	-1.26	1.60	4.00
227	7.61	-1.29	1.60	4.00
228	7.65	-1.32	1.60	4.00
229	7.70	-1.35	1.61	2.00
230	7.75	-1.38	1.61	2.00
231	7.79	-1.40	1.61	4.00
232	7.84	-1.43	1.61	4.00
233	7.88	-1.46	1.61	4.00
234	7.89	-1.49	1.61	4.00
235	7.89	-1.53	1.61	4.00
236	7.92	-1.56	1.61	4.00
237	7.96	-1.59	1.61	4.00
238	7.99	-1.63	1.61	4.00
239	8.03	-1.67	1.61	4.00
240	8.09	-1.71	1.61	4.00
241	8.14	-1.75	1.61	4.00
242	8.18	-1.79	1.61	4.00
243	8.23	-1.84	1.61	4.00
244	8.23	-1.87	1.61	4.00
245	8.23	-1.90	1.61	4.00
246	8.24	-1.92	1.61	4.00
247	8.26	-1.95	1.61	4.00
248	8.30	-1.98	1.61	4.00
249	8.34	-2.02	1.61	4.00
250	8.39	-2.06	1.61	4.00
251	8.44	-2.10	1.61	4.00
252	8.50	-2.15	1.61	4.00
253	8.56	-2.20	1.61	4.00
254	8.58	-2.24	1.61	4.00
255	8.61	-2.28	1.61	4.00
256	8.63	-2.32	1.61	4.00
257	8.66	-2.35	1.61	4.00
258	8.68	-2.39	1.61	4.00
259	8.70	-2.43	1.61	4.00
260	8.71	-2.46	1.60	4.00
261	8.71	-2.49	1.60	1.00
262	8.72	-2.51	1.60	1.00
263	8.73	-2.53	1.60	4.00
264	8.74	-2.56	1.60	4.00
265	8.76	-2.58	1.60	4.00
266	8.78	-2.60	1.60	4.00
267	8.79	-2.62	1.60	4.00
268	8.82	-2.65	1.60	4.00
269	8.84	-2.69	1.60	4.00
270	8.85	-2.70	1.60	4.00
271	8.86	-2.72	1.60	4.00
272	8.89	-2.75	1.60	4.00
273	8.92	-2.79	1.60	4.00
274	8.95	-2.81	1.60	4.00
275	8.97	-2.84	1.60	4.00
276	8.98	-2.88	1.60	4.00
277	8.99	-2.92	1.60	4.00
278	9.00	-2.95	1.60	4.00
279	9.01	-2.99	1.60	1.00
280	9.01	-3.01	1.60	1.00
281	9.00	-3.04	1.60	4.00
282	9.00	-3.07	1.60	4.00
283	9.00	-3.11	1.60	4.00
284	9.00	-3.14	1.60	4.00
285	8.99	-3.16	1.60	4.00
286	8.98	-3.20	1.60	4.00
287	8.98	-3.23	1.60	4.00
288	8.95	-3.25	1.60	4.00
289	8.92	-3.27	1.60	2.00
290	8.88	-3.29	1.60	2.00
291	8.84	-3.30	1.60	4.00
292	8.83	-3.32	1.60	4.00
293	8.82	-3.35	1.60	1.00
294	8.80	-3.37	1.60	1.00
295	8.78	-3.39	1.60	1.00
296	8.77	-3.41	1.60	1.00
297	8.76	-3.42	1.60	1.00
298	8.74	-3.43	1.60	1.00
299	8.72	-3.44	1.60	1.00
300	8.72	-3.48	1.60	1.00
301	8.72	-3.52	1.59	1.00
302	8.73	-3.54	1.59	1.00
303	8.74	-3.57	1.59	4.00
Target 6 (frames from 127 to 225)
Bounding Boxes (frame, x, y, width, height)
127	574	293	64	128
128	574	294	64	129
129	574	296	64	129
130	574	297	65	130
131	575	298	65	131
132	575	299	66	132
133	576	300	66	132
134	577	301	66	133
135	578	301	67	134
136	579	302	67	135
137	581	303	67	135
138	583	303	68	136
139	585	303	68	137
140	586	304	69	139
141	588	304	70	140
142	589	304	70	141
143	589	305	71	142
144	589	305	71	143
145	588	306	72	144
146	588	306	72	145
147	587	306	72	145
148	587	307	72	145
149	586	307	72	144
150	586	308	72	144
151	586	308	71	143
152	587	308	70	141
153	588	308	70	140
154	589	309	69	139
155	589	309	69	138
156	590	309	68	137
157	591	309	68	136
158	592	309	68	136
159	593	310	68	136
160	594	310	68	137
161	594	310	68	137
162	595	311	69	138
163	596	311	69	138
164	597	312	69	138
165	598	312	69	139
166	600	313	69	139
167	602	313	69	139
168	603	314	70	140
169	605	314	70	141
170	606	314	70	141
171	607	314	71	142
172	608	315	71	142
173	609	315	71	143
174	609	315	72	144
175	610	316	72	144
176	610	317	72	144
177	610	317	72	144
178	611	318	72	144
179	611	319	71	143
180	611	319	71	143
181	611	320	71	142
182	612	322	70	141
183	612	323	69	139
184	613	324	69	138
185	614	324	68	137
186	615	325	68	137
187	616	325	68	136
188	617	326	68	136
189	618	326	67	135
190	619	327	67	135
191	620	327	67	135
192	620	328	67	134
193	620	328	66	133
194	620	329	66	132
195	620	330	65	131
196	620	330	65	130
197	620	331	64	129
198	620	332	64	128
199	620	334	63	127
200	620	335	63	126
201	620	336	62	124
202	621	337	62	124
203	622	338	61	123
204	623	338	61	122
205	624	339	61	122
206	625	340	61	122
207	626	340	60	121
208	628	340	60	121
209	629	340	60	120
210	631	339	59	119
211	632	339	59	118
212	633	339	58	117
213	635	338	58	116
214	636	338	57	114
215	637	337	56	113
216	638	337	56	112
217	639	336	55	111
218	640	336	55	110
219	641	336	55	110
220	642	336	54	109
221	643	336	54	109
222	644	336	54	108
223	644	336	54	108
224	645	337	54	108
225	646	337	54	108
3D Trajetory (frame, x, z, height, pose)
127	7.08	1.99	1.88	2.00
128	6.94	1.92	1.85	2.00
129	6.80	1.86	1.83	4.00
130	6.73	1.81	1.82	4.00
131	6.66	1.75	1.80	4.00
132	6.54	1.67	1.78	4.00
133	6.42	1.59	1.76	1.00
134	6.42	1.54	1.76	1.00
135	6.41	1.49	1.77	4.00
136	6.36	1.42	1.76	4.00
137	6.31	1.35	1.75	4.00
138	6.28	1.31	1.75	4.00
139	6.25	1.27	1.75	4.00
140	6.23	1.22	1.75	4.00
141	6.22	1.17	1.76	4.00
142	6.19	1.13	1.76	4.00
143	6.15	1.09	1.77	4.00
144	6.09	1.04	1.77	4.00
145	6.02	0.98	1.77	4.00
146	5.98	0.93	1.78	4.00
147	5.93	0.88	1.78	4.00
148	6.02	0.85	1.78	4.00
149	6.10	0.83	1.78	4.00
150	6.12	0.79	1.78	4.00
151	6.14	0.75	1.78	4.00
152	6.33	0.72	1.79	4.00
153	6.51	0.68	1.80	4.00
154	6.53	0.64	1.80	4.00
155	6.55	0.60	1.80	4.00
156	6.56	0.56	1.80	4.00
157	6.58	0.52	1.80	4.00
158	6.59	0.49	1.80	4.00
159	6.60	0.46	1.80	4.00
160	6.59	0.42	1.80	4.00
161	6.59	0.39	1.80	4.00
162	6.55	0.36	1.80	4.00
163	6.52	0.32	1.80	4.00
164	6.47	0.27	1.80	4.00
165	6.43	0.23	1.80	4.00
166	6.41	0.19	1.80	4.00
167	6.39	0.15	1.80	1.00
168	6.43	0.13	1.80	1.00
169	6.47	0.11	1.80	4.00
170	6.43	0.07	1.80	4.00
171	6.39	0.04	1.80	4.00
172	6.34	0.01	1.80	4.00
173	6.28	-0.01	1.80	4.00
174	6.25	-0.04	1.80	4.00
175	6.21	-0.07	1.80	4.00
176	6.20	-0.11	1.80	4.00
177	6.18	-0.14	1.80	4.00
178	6.21	-0.16	1.80	4.00
179	6.24	-0.18	1.80	4.00
180	6.27	-0.21	1.80	4.00
181	6.31	-0.24	1.80	1.00
182	6.39	-0.28	1.80	1.00
183	6.48	-0.33	1.80	4.00
184	6.50	-0.36	1.80	4.00
185	6.52	-0.39	1.79	4.00
186	6.55	-0.43	1.79	4.00
187	6.58	-0.46	1.80	4.00
188	6.59	-0.49	1.80	4.00
189	6.61	-0.52	1.79	4.00
190	6.62	-0.54	1.79	4.00
191	6.63	-0.57	1.79	4.00
192	6.64	-0.60	1.79	4.00
193	6.65	-0.62	1.80	1.00
194	6.67	-0.65	1.79	1.00
195	6.69	-0.68	1.79	1.00
196	6.79	-0.70	1.79	1.00
197	6.89	-0.71	1.79	1.00
198	6.99	-0.75	1.79	1.00
199	7.09	-0.79	1.80	1.00
200	7.13	-0.82	1.79	1.00
201	7.17	-0.85	1.79	4.00
202	7.20	-0.89	1.79	4.00
203	7.23	-0.92	1.79	4.00
204	7.25	-0.95	1.79	4.00
205	7.28	-0.98	1.80	4.00
206	7.30	-1.01	1.79	4.00
207	7.31	-1.03	1.79	4.00
208	7.31	-1.05	1.79	4.00
209	7.31	-1.08	1.79	4.00
210	7.40	-1.12	1.79	4.00
211	7.49	-1.15	1.79	4.00
212	7.54	-1.18	1.79	4.00
213	7.59	-1.21	1.79	4.00
214	7.73	-1.29	1.79	4.00
215	7.88	-1.37	1.79	4.00
216	7.93	-1.41	1.79	4.00
217	7.97	-1.45	1.79	4.00
218	8.01	-1.49	1.79	4.00
219	8.04	-1.52	1.79	4.00
220	8.07	-1.56	1.79	4.00
221	8.11	-1.59	1.79	4.00
222	8.12	-1.62	1.79	4.00
223	8.13	-1.64	1.79	4.00
224	8.08	-1.67	1.79	4.00
225	8.03	-1.70	1.79	4.00
Target 7 (frames from 173 to 289)
Bounding Boxes (frame, x, y, width, height)
173	629	321	48	96
174	627	322	47	95
175	626	323	47	95
176	624	324	47	94
177	623	325	47	94
178	622	325	47	94
179	621	326	47	94
180	621	327	47	94
181	620	328	47	94
182	620	329	47	94
183	619	329	47	94
184	619	330	47	95
185	619	331	47	95
186	619	331	48	96
187	620	331	48	97
188	620	332	49	98
189	621	332	49	98
190	622	332	49	99
191	624	333	50	100
192	625	333	50	101
193	626	334	51	102
194	627	335	51	102
195	627	335	51	102
196	628	336	51	103
197	629	336	51	103
198	629	337	51	103
199	630	338	51	103
200	631	339	52	104
201	632	340	52	104
202	632	341	52	104
203	633	342	52	105
204	634	342	52	105
205	635	343	52	105
206	636	343	53	106
207	637	343	53	106
208	638	343	53	107
209	640	342	53	107
210	641	342	53	107
211	642	341	54	108
212	642	340	54	108
213	643	340	54	108
214	644	339	54	109
215	644	338	54	109
216	645	338	54	109
217	645	337	54	108
218	645	337	54	108
219	645	338	54	108
220	646	338	53	107
221	646	339	53	107
222	647	339	53	107
223	647	339	53	106
224	647	338	52	105
225	648	337	52	105
226	648	336	52	105
227	648	335	52	104
228	649	334	52	104
229	650	333	51	103
230	651	332	51	103
231	652	331	51	103
232	653	330	51	102
233	655	329	51	102
234	656	329	51	102
235	657	329	50	101
236	659	330	50	101
237	660	331	50	100
238	661	331	50	100
239	663	332	49	99
240	664	333	49	98
241	665	334	49	98
242	666	334	48	97
243	666	334	48	96
244	667	334	48	96
245	667	334	47	95
246	668	334	47	95
247	669	334	47	94
248	670	334	47	94
249	671	335	46	93
250	672	335	46	93
251	673	335	46	92
252	675	335	46	92
253	676	335	46	92
254	677	336	45	91
255	679	336	45	91
256	680	336	45	90
257	681	337	45	90
258	682	338	44	89
259	683	338	44	89
260	684	339	44	89
261	685	340	44	89
262	686	340	44	88
263	687	341	44	88
264	687	341	44	88
265	688	341	44	88
266	689	341	43	87
267	690	340	43	87
268	690	340	43	87
269	691	339	43	87
270	691	337	43	87
271	690	336	43	87
272	690	334	43	87
273	690	333	43	86
274	689	332	43	86
275	689	331	43	86
276	688	331	43	86
277	688	331	43	86
278	688	331	43	86
279	688	331	43	86
280	689	332	43	86
281	689	332	43	86
282	690	332	43	86
283	692	332	43	86
284	693	333	43	86
285	695	333	43	86
286	697	333	43	86
287	699	334	43	86
288	701	334	43	86
289	704	335	43	87
3D Trajetory (frame, x, z, height, pose)
173	9.62	-0.10	1.83	4.00
174	9.65	-0.13	1.83	4.00
175	9.68	-0.16	1.83	1.00
176	9.65	-0.20	1.83	1.00
177	9.62	-0.24	1.84	2.00
178	9.61	-0.26	1.83	2.00
179	9.61	-0.29	1.82	4.00
180	9.60	-0.31	1.82	4.00
181	9.59	-0.33	1.82	4.00
182	9.58	-0.36	1.81	4.00
183	9.57	-0.38	1.81	4.00
184	9.57	-0.42	1.81	4.00
185	9.57	-0.45	1.80	4.00
186	9.43	-0.48	1.80	4.00
187	9.28	-0.51	1.80	4.00
188	9.16	-0.57	1.80	4.00
189	9.03	-0.63	1.80	4.00
190	8.89	-0.65	1.80	4.00
191	8.75	-0.67	1.79	4.00
192	8.77	-0.71	1.79	4.00
193	8.79	-0.75	1.79	4.00
194	8.70	-0.81	1.78	4.00
195	8.61	-0.88	1.78	4.00
196	8.59	-0.92	1.78	4.00
197	8.58	-0.96	1.78	4.00
198	8.54	-1.00	1.78	4.00
199	8.51	-1.03	1.78	4.00
200	8.47	-1.06	1.78	4.00
201	8.42	-1.09	1.77	4.00
202	8.38	-1.14	1.77	4.00
203	8.34	-1.18	1.77	4.00
204	8.32	-1.21	1.77	4.00
205	8.31	-1.23	1.77	4.00
206	8.29	-1.26	1.78	4.00
207	8.26	-1.28	1.78	4.00
208	8.23	-1.30	1.78	4.00
209	8.21	-1.32	1.78	4.00
210	8.18	-1.35	1.78	4.00
211	8.15	-1.38	1.79	4.00
212	8.12	-1.40	1.79	4.00
213	8.09	-1.43	1.79	4.00
214	8.06	-1.46	1.79	4.00
215	8.03	-1.48	1.78	4.00
216	8.02	-1.51	1.78	4.00
217	8.01	-1.54	1.78	4.00
218	8.03	-1.57	1.77	4.00
219	8.05	-1.59	1.77	4.00
220	8.08	-1.62	1.77	4.00
221	8.10	-1.65	1.77	4.00
222	8.11	-1.66	1.76	4.00
223	8.12	-1.68	1.75	4.00
224	8.11	-1.70	1.75	4.00
225	8.10	-1.72	1.75	4.00
226	8.14	-1.75	1.75	4.00
227	8.17	-1.79	1.75	4.00
228	8.22	-1.82	1.75	4.00
229	8.26	-1.86	1.74	4.00
230	8.26	-1.89	1.74	4.00
231	8.26	-1.92	1.74	4.00
232	8.27	-1.96	1.74	4.00
233	8.27	-1.99	1.74	4.00
234	8.28	-2.04	1.74	4.00
235	8.30	-2.09	1.74	4.00
236	8.32	-2.12	1.74	4.00
237	8.35	-2.15	1.73	4.00
238	8.41	-2.19	1.73	4.00
239	8.48	-2.23	1.74	4.00
240	8.52	-2.26	1.74	4.00
241	8.57	-2.29	1.74	4.00
242	8.67	-2.32	1.73	4.00
243	8.76	-2.36	1.73	4.00
244	8.78	-2.41	1.73	4.00
245	8.81	-2.45	1.73	4.00
246	8.83	-2.49	1.73	4.00
247	8.84	-2.53	1.73	4.00
248	8.87	-2.58	1.73	4.00
249	8.90	-2.62	1.73	4.00
250	8.93	-2.66	1.73	4.00
251	8.97	-2.69	1.73	4.00
252	9.01	-2.73	1.73	4.00
253	9.05	-2.77	1.73	4.00
254	9.10	-2.82	1.73	4.00
255	9.15	-2.87	1.73	4.00
256	9.18	-2.91	1.73	4.00
257	9.21	-2.95	1.73	4.00
258	9.25	-2.98	1.73	4.00
259	9.29	-3.02	1.73	4.00
260	9.32	-3.05	1.73	4.00
261	9.34	-3.09	1.73	4.00
262	9.35	-3.11	1.73	4.00
263	9.36	-3.14	1.73	4.00
264	9.36	-3.18	1.73	4.00
265	9.36	-3.22	1.73	4.00
266	9.38	-3.25	1.73	4.00
267	9.40	-3.29	1.73	1.00
268	9.42	-3.33	1.73	1.00
269	9.44	-3.36	1.73	4.00
270	9.44	-3.39	1.73	4.00
271	9.44	-3.41	1.73	4.00
272	9.43	-3.43	1.73	4.00
273	9.42	-3.46	1.73	4.00
274	9.44	-3.48	1.73	4.00
275	9.46	-3.51	1.73	4.00
276	9.49	-3.54	1.73	4.00
277	9.52	-3.56	1.73	4.00
278	9.52	-3.58	1.73	4.00
279	9.51	-3.60	1.73	4.00
280	9.52	-3.63	1.73	4.00
281	9.54	-3.67	1.73	4.00
282	9.48	-3.66	1.73	4.00
283	9.42	-3.66	1.73	4.00
284	9.40	-3.69	1.73	4.00
285	9.38	-3.71	1.73	4.00
286	9.40	-3.74	1.73	4.00
287	9.41	-3.78	1.73	4.00
288	9.40	-3.80	1.73	4.00
289	9.38	-3.83	1.73	4.00
