Total frames 373
Number of Targets 11
Target 1 (frames from 1 to 129)
Bounding Boxes (frame, x, y, width, height)
1	607	365	46	93
2	607	365	46	93
3	606	365	47	94
4	605	364	47	95
5	605	364	47	95
6	604	365	48	96
7	603	365	48	96
8	602	365	48	97
9	602	365	48	97
10	601	365	49	98
11	600	365	49	98
12	599	365	49	98
13	598	366	49	99
14	597	366	49	99
15	596	366	49	99
16	594	367	50	100
17	593	367	50	100
18	592	367	50	100
19	590	367	50	101
20	589	367	51	102
21	588	367	51	103
22	586	366	52	104
23	585	365	52	105
24	583	365	53	106
25	581	364	53	107
26	579	363	54	108
27	577	362	55	110
28	575	361	55	111
29	572	361	56	112
30	569	360	57	114
31	567	360	57	115
32	564	359	58	117
33	561	359	59	118
34	558	359	60	120
35	555	359	60	121
36	553	359	61	122
37	550	359	61	123
38	548	359	62	124
39	546	359	62	125
40	544	359	63	126
41	542	359	63	127
42	539	358	64	128
43	537	358	64	128
44	535	357	64	129
45	533	357	65	130
46	532	357	65	131
47	530	356	65	131
48	528	356	66	132
49	527	355	66	133
50	526	355	66	133
51	524	354	67	134
52	523	353	67	135
53	521	352	67	135
54	520	351	68	136
55	517	350	68	137
56	515	348	68	137
57	513	347	68	137
58	510	346	69	138
59	507	345	69	138
60	505	345	69	139
61	502	344	69	139
62	499	343	70	140
63	496	342	70	141
64	494	342	70	141
65	492	341	71	142
66	490	340	71	143
67	488	340	71	143
68	486	339	72	144
69	484	339	72	145
70	482	338	73	146
71	480	338	73	147
72	478	337	74	148
73	476	336	74	149
74	474	335	74	149
75	472	335	75	150
76	469	334	75	151
77	467	333	76	152
78	464	332	77	154
79	462	331	77	155
80	459	330	78	157
81	457	329	79	158
82	454	328	80	160
83	452	327	81	162
84	449	326	82	164
85	447	325	82	165
86	445	325	83	167
87	443	324	84	169
88	441	323	85	170
89	440	323	85	171
90	439	322	86	172
91	438	321	86	173
92	436	321	87	175
93	435	321	88	176
94	433	321	88	177
95	431	320	89	178
96	430	320	89	179
97	428	319	90	181
98	426	319	91	182
99	424	319	91	183
100	421	320	92	184
101	419	320	92	185
102	416	320	93	186
103	413	321	93	187
104	410	321	93	187
105	408	321	94	188
106	405	321	94	189
107	402	321	94	189
108	399	321	95	190
109	395	321	95	191
110	392	320	96	192
111	389	319	97	194
112	386	318	98	196
113	383	316	99	199
114	380	314	101	202
115	376	313	103	206
116	373	311	105	210
117	369	309	107	215
118	364	307	110	220
119	359	305	112	225
120	354	303	115	230
121	348	300	117	235
122	342	298	120	240
123	336	296	122	244
124	329	294	124	249
125	322	291	127	254
126	314	288	130	260
127	306	286	132	265
128	298	283	135	270
129	290	280	137	275
3D Trajetory (frame, x, z, height, pose)
1	-0.16	8.89	1.65	4.00
2	-0.21	8.83	1.65	4.00
3	-0.26	8.77	1.66	2.00
4	-0.28	8.74	1.66	2.00
5	-0.30	8.72	1.67	3.00
6	-0.33	8.70	1.68	3.00
7	-0.35	8.68	1.68	3.00
8	-0.37	8.63	1.69	3.00
9	-0.38	8.58	1.69	3.00
10	-0.41	8.56	1.69	3.00
11	-0.44	8.53	1.69	4.00
12	-0.46	8.50	1.69	4.00
13	-0.48	8.46	1.68	4.00
14	-0.51	8.44	1.68	4.00
15	-0.53	8.42	1.68	3.00
16	-0.57	8.43	1.68	3.00
17	-0.60	8.44	1.69	3.00
18	-0.65	8.37	1.69	3.00
19	-0.70	8.30	1.69	3.00
20	-0.73	8.22	1.69	3.00
21	-0.75	8.13	1.69	4.00
22	-0.78	8.04	1.68	4.00
23	-0.81	7.95	1.68	4.00
24	-0.84	7.86	1.68	4.00
25	-0.86	7.77	1.68	4.00
26	-0.90	7.69	1.68	4.00
27	-0.94	7.61	1.68	3.00
28	-0.98	7.51	1.68	3.00
29	-1.01	7.41	1.68	3.00
30	-1.06	7.31	1.68	3.00
31	-1.10	7.22	1.69	3.00
32	-1.14	7.13	1.69	3.00
33	-1.18	7.03	1.69	2.00
34	-1.21	6.95	1.69	2.00
35	-1.24	6.87	1.69	2.00
36	-1.27	6.81	1.69	2.00
37	-1.30	6.74	1.69	3.00
38	-1.33	6.69	1.69	3.00
39	-1.36	6.65	1.69	3.00
40	-1.39	6.62	1.69	3.00
41	-1.43	6.59	1.69	3.00
42	-1.45	6.52	1.69	3.00
43	-1.48	6.45	1.69	3.00
44	-1.51	6.41	1.69	3.00
45	-1.54	6.37	1.70	2.00
46	-1.58	6.33	1.70	2.00
47	-1.62	6.29	1.70	3.00
48	-1.66	6.27	1.70	3.00
49	-1.70	6.25	1.70	3.00
50	-1.73	6.21	1.70	3.00
51	-1.76	6.17	1.70	3.00
52	-1.80	6.15	1.70	3.00
53	-1.84	6.12	1.70	3.00
54	-1.87	6.07	1.70	3.00
55	-1.90	6.02	1.70	3.00
56	-1.93	5.98	1.70	3.00
57	-1.97	5.94	1.70	3.00
58	-2.03	5.91	1.70	3.00
59	-2.08	5.88	1.70	3.00
60	-2.14	5.85	1.70	3.00
61	-2.19	5.83	1.70	3.00
62	-2.24	5.81	1.70	3.00
63	-2.29	5.79	1.70	3.00
64	-2.33	5.74	1.70	3.00
65	-2.37	5.68	1.70	1.00
66	-2.40	5.61	1.70	1.00
67	-2.42	5.54	1.71	2.00
68	-2.46	5.50	1.70	2.00
69	-2.49	5.47	1.70	2.00
70	-2.52	5.43	1.70	2.00
71	-2.55	5.39	1.70	3.00
72	-2.59	5.33	1.70	3.00
73	-2.62	5.28	1.70	3.00
74	-2.65	5.24	1.70	3.00
75	-2.69	5.19	1.70	3.00
76	-2.71	5.14	1.70	3.00
77	-2.74	5.10	1.71	3.00
78	-2.78	5.04	1.71	3.00
79	-2.82	4.98	1.71	3.00
80	-2.83	4.90	1.71	3.00
81	-2.85	4.81	1.71	3.00
82	-2.87	4.75	1.71	3.00
83	-2.89	4.69	1.71	3.00
84	-2.91	4.61	1.71	3.00
85	-2.93	4.53	1.71	3.00
86	-2.95	4.44	1.71	3.00
87	-2.97	4.35	1.71	3.00
88	-3.02	4.30	1.71	3.00
89	-3.07	4.25	1.71	1.00
90	-3.11	4.19	1.71	1.00
91	-3.15	4.12	1.71	1.00
92	-3.16	4.05	1.71	1.00
93	-3.18	3.98	1.71	1.00
94	-3.21	3.92	1.71	1.00
95	-3.24	3.86	1.71	3.00
96	-3.30	3.79	1.71	3.00
97	-3.36	3.72	1.71	3.00
98	-3.38	3.64	1.71	3.00
99	-3.41	3.56	1.71	2.00
100	-3.42	3.48	1.71	2.00
101	-3.43	3.40	1.71	2.00
102	-3.48	3.35	1.71	2.00
103	-3.53	3.30	1.71	2.00
104	-3.58	3.25	1.71	2.00
105	-3.63	3.19	1.71	1.00
106	-3.68	3.13	1.71	1.00
107	-3.74	3.07	1.71	2.00
108	-3.77	3.00	1.71	2.00
109	-3.81	2.93	1.71	2.00
110	-3.82	2.84	1.71	2.00
111	-3.84	2.76	1.71	2.00
112	-3.84	2.70	1.71	2.00
113	-3.85	2.64	1.71	2.00
114	-3.84	2.56	1.71	2.00
115	-3.83	2.48	1.71	2.00
116	-3.77	2.37	1.71	2.00
117	-3.71	2.25	1.71	2.00
118	-3.67	2.15	1.71	2.00
119	-3.62	2.04	1.71	2.00
120	-3.58	1.92	1.71	2.00
121	-3.53	1.79	1.71	2.00
122	-3.52	1.71	1.71	2.00
123	-3.50	1.62	1.71	2.00
124	-3.49	1.53	1.71	2.00
125	-3.48	1.45	1.71	3.00
126	-3.48	1.36	1.71	3.00
127	-3.47	1.28	1.71	3.00
128	-3.43	1.19	1.71	3.00
129	-3.39	1.09	1.71	3.00
Target 2 (frames from 1 to 373)
Bounding Boxes (frame, x, y, width, height)
1	748	360	47	94
2	750	360	48	96
3	751	359	48	97
4	753	358	49	99
5	754	358	50	100
6	755	357	50	101
7	756	357	51	103
8	757	357	52	104
9	758	357	52	105
10	758	357	53	106
11	758	357	53	107
12	758	357	54	108
13	758	357	54	109
14	758	358	55	110
15	757	358	55	111
16	756	358	56	112
17	755	358	56	113
18	754	359	57	114
19	753	358	58	116
20	751	358	58	117
21	750	357	59	119
22	748	357	60	120
23	746	356	61	122
24	744	355	62	124
25	742	354	63	126
26	740	353	64	128
27	738	352	65	130
28	736	351	65	131
29	734	350	66	133
30	732	349	67	134
31	730	349	67	135
32	728	349	68	136
33	726	349	68	137
34	724	349	69	138
35	722	349	69	139
36	719	349	69	139
37	716	348	70	141
38	714	348	71	142
39	711	348	71	143
40	708	347	72	144
41	705	347	73	146
42	703	347	73	147
43	700	346	74	148
44	698	346	74	149
45	696	346	75	150
46	694	345	75	151
47	692	345	76	152
48	690	344	76	153
49	689	344	77	154
50	687	343	77	154
51	686	343	77	155
52	684	342	77	155
53	682	341	78	156
54	681	340	78	156
55	679	339	78	157
56	677	337	79	158
57	676	336	79	158
58	674	335	79	159
59	672	334	80	160
60	670	333	80	161
61	668	332	81	163
62	666	331	82	165
63	664	330	83	167
64	662	329	84	169
65	661	328	85	171
66	659	327	87	174
67	657	326	88	176
68	656	325	89	179
69	654	324	91	182
70	652	323	92	184
71	650	322	93	187
72	648	321	94	189
73	646	320	96	192
74	644	319	97	194
75	641	318	98	196
76	639	317	98	197
77	636	317	99	198
78	634	316	99	198
79	631	315	99	198
80	629	315	98	197
81	627	314	98	197
82	625	313	98	196
83	624	313	98	196
84	623	312	98	196
85	622	311	98	196
86	620	310	98	197
87	619	309	99	198
88	619	309	99	199
89	618	308	100	200
90	618	307	101	202
91	618	306	102	204
92	618	306	103	206
93	618	305	104	208
94	617	305	105	210
95	617	304	106	212
96	616	303	107	215
97	616	303	109	218
98	615	303	110	221
99	613	302	112	224
100	612	302	114	228
101	610	302	115	231
102	607	301	117	235
103	604	301	120	240
104	601	301	122	244
105	596	300	124	249
106	591	299	127	254
107	586	299	130	260
108	580	298	132	265
109	574	296	135	271
110	568	295	138	277
111	562	293	141	282
112	556	291	143	286
113	550	290	145	290
114	543	288	147	294
115	537	286	149	298
116	531	284	150	301
117	525	282	152	305
118	518	280	154	309
119	512	278	156	313
120	505	276	158	317
121	498	273	160	321
122	491	270	162	325
123	483	268	165	330
124	475	265	167	334
125	465	263	169	338
126	456	262	171	342
127	447	260	172	345
128	438	259	173	347
129	429	259	174	349
130	421	259	175	350
131	412	259	175	350
132	403	259	175	350
133	395	259	175	350
134	386	259	175	350
135	378	259	175	350
136	369	260	175	350
137	361	260	174	349
138	353	261	173	347
139	344	261	173	346
140	336	262	172	344
141	327	262	171	343
142	318	262	171	342
143	310	262	171	342
144	303	261	170	341
145	297	260	170	340
146	292	259	169	339
147	288	257	169	338
148	284	256	168	337
149	280	254	168	336
150	277	253	167	335
151	274	253	167	334
152	270	253	166	333
153	266	255	165	331
154	262	257	165	330
155	258	260	164	328
156	252	263	163	327
157	244	266	163	326
158	234	268	162	325
159	223	271	162	324
160	211	272	162	324
161	200	274	161	323
162	188	275	161	322
163	177	277	160	321
164	167	278	160	320
165	157	280	159	319
166	147	282	159	318
167	140	284	158	316
168	136	285	156	313
169	134	286	155	310
170	134	287	153	306
171	136	287	150	301
172	139	287	147	295
173	143	285	144	289
174	147	282	142	284
175	151	279	139	279
176	156	275	137	274
177	161	271	135	270
178	165	266	133	267
179	171	263	131	263
180	176	261	130	261
181	182	259	129	259
182	186	258	129	259
183	190	258	130	260
184	194	259	130	261
185	199	260	131	263
186	204	262	132	265
187	209	264	134	268
188	213	267	135	270
189	216	270	135	271
190	219	272	136	272
191	222	275	136	273
192	225	277	136	273
193	227	280	136	273
194	230	282	136	272
195	231	284	135	270
196	233	286	134	268
197	234	288	133	266
198	235	290	131	263
199	236	291	130	261
200	236	293	129	259
201	237	294	128	256
202	238	295	127	254
203	238	295	126	252
204	239	296	125	250
205	239	297	124	248
206	240	298	123	246
207	241	299	122	244
208	242	300	120	241
209	244	301	119	238
210	246	302	117	235
211	248	302	116	232
212	250	302	114	228
213	252	302	112	225
214	255	301	111	222
215	258	300	109	219
216	261	299	108	216
217	264	298	106	213
218	268	297	105	210
219	272	296	104	208
220	275	296	103	206
221	279	295	102	205
222	282	296	102	204
223	285	296	102	204
224	289	297	101	203
225	292	297	101	203
226	296	298	101	202
227	300	299	101	202
228	304	301	100	201
229	308	302	100	201
230	313	303	100	200
231	317	303	99	198
232	322	304	98	197
233	327	304	97	195
234	332	304	97	194
235	337	304	96	192
236	342	304	95	191
237	348	304	95	190
238	354	303	94	189
239	359	303	94	188
240	365	303	93	187
241	371	303	93	186
242	376	302	92	184
243	382	302	91	183
244	387	302	90	181
245	392	303	90	180
246	396	304	89	179
247	401	304	88	177
248	405	305	87	175
249	409	306	86	173
250	413	307	86	172
251	417	308	85	170
252	420	308	84	169
253	424	309	84	168
254	428	309	83	166
255	431	310	82	165
256	435	310	82	164
257	439	311	81	163
258	443	311	81	162
259	447	311	80	161
260	452	311	80	160
261	456	311	79	158
262	460	310	78	157
263	464	310	78	156
264	467	310	77	155
265	471	309	76	153
266	474	309	76	152
267	477	309	75	151
268	479	310	75	150
269	482	310	75	150
270	484	311	74	149
271	485	311	74	148
272	487	312	74	148
273	489	314	73	147
274	490	315	73	146
275	492	317	73	146
276	494	318	72	145
277	495	319	72	145
278	497	320	72	144
279	498	321	71	143
280	499	321	71	143
281	500	322	71	142
282	500	322	70	140
283	501	322	69	139
284	501	322	69	138
285	502	322	68	137
286	502	322	67	135
287	502	322	67	134
288	503	322	66	133
289	503	322	65	131
290	504	322	65	130
291	505	322	64	129
292	506	322	63	127
293	507	322	63	126
294	508	322	62	124
295	509	321	61	123
296	510	321	61	122
297	511	321	60	121
298	511	321	60	120
299	512	321	59	119
300	513	321	59	118
301	514	321	58	117
302	516	321	58	117
303	517	322	58	116
304	518	322	58	116
305	519	323	57	115
306	520	324	57	115
307	521	325	57	114
308	522	326	57	114
309	524	326	57	114
310	525	327	56	113
311	527	328	56	113
312	529	329	56	113
313	530	329	56	113
314	531	330	56	113
315	533	331	56	112
316	534	332	56	112
317	535	332	56	112
318	536	333	55	111
319	537	333	55	111
320	537	333	55	110
321	538	334	54	109
322	538	334	54	109
323	537	335	54	108
324	537	336	53	107
325	536	337	53	107
326	535	338	53	106
327	535	340	52	105
328	534	341	52	104
329	534	342	51	103
330	533	342	51	102
331	532	343	51	102
332	532	343	50	101
333	531	343	50	100
334	531	343	49	99
335	531	343	49	98
336	531	343	48	97
337	531	342	48	97
338	531	342	48	97
339	531	341	48	97
340	531	341	48	97
341	531	341	48	97
342	530	341	48	97
343	530	342	48	97
344	530	342	49	98
345	529	342	49	98
346	529	343	49	99
347	529	343	49	99
348	528	343	49	99
349	528	344	50	100
350	528	344	50	100
351	528	345	49	99
352	527	345	49	99
353	527	346	49	99
354	527	346	49	99
355	527	347	49	99
356	527	348	49	99
357	527	348	49	98
358	527	349	49	98
359	527	350	48	97
360	527	351	48	97
361	527	352	48	97
362	527	353	48	97
363	527	354	48	97
364	527	355	48	96
365	527	355	48	96
366	527	356	48	96
367	527	356	47	95
368	527	356	47	95
369	526	357	47	94
370	526	357	46	93
371	526	357	46	93
372	526	357	46	92
373	526	356	45	91
3D Trajetory (frame, x, z, height, pose)
1	2.37	9.10	1.73	3.00
2	2.39	9.08	1.75	3.00
3	2.41	9.06	1.76	3.00
4	2.39	9.01	1.77	3.00
5	2.37	8.95	1.79	3.00
6	2.35	8.87	1.80	3.00
7	2.33	8.79	1.81	3.00
8	2.33	8.72	1.82	3.00
9	2.33	8.66	1.83	2.00
10	2.32	8.58	1.83	2.00
11	2.32	8.49	1.84	2.00
12	2.29	8.42	1.83	2.00
13	2.25	8.36	1.83	2.00
14	2.19	8.29	1.82	2.00
15	2.13	8.22	1.81	2.00
16	2.09	8.11	1.80	2.00
17	2.05	7.99	1.80	3.00
18	2.00	7.94	1.81	3.00
19	1.94	7.89	1.81	3.00
20	1.90	7.79	1.81	3.00
21	1.85	7.69	1.82	4.00
22	1.78	7.58	1.81	4.00
23	1.71	7.47	1.81	4.00
24	1.64	7.36	1.81	4.00
25	1.57	7.25	1.81	4.00
26	1.51	7.16	1.81	4.00
27	1.44	7.08	1.81	4.00
28	1.38	6.95	1.81	4.00
29	1.32	6.82	1.81	4.00
30	1.28	6.78	1.81	4.00
31	1.24	6.73	1.82	4.00
32	1.20	6.74	1.82	4.00
33	1.16	6.75	1.82	2.00
34	1.12	6.71	1.82	2.00
35	1.07	6.67	1.82	2.00
36	1.02	6.61	1.82	2.00
37	0.97	6.55	1.82	2.00
38	0.92	6.51	1.82	2.00
39	0.86	6.48	1.82	2.00
40	0.81	6.40	1.82	2.00
41	0.75	6.33	1.82	2.00
42	0.70	6.24	1.82	2.00
43	0.65	6.16	1.82	2.00
44	0.61	6.10	1.82	2.00
45	0.57	6.04	1.82	4.00
46	0.53	6.07	1.82	4.00
47	0.50	6.10	1.81	3.00
48	0.45	6.05	1.81	3.00
49	0.41	6.01	1.82	3.00
50	0.35	5.96	1.82	3.00
51	0.30	5.91	1.82	3.00
52	0.25	5.87	1.82	3.00
53	0.21	5.83	1.82	4.00
54	0.17	5.85	1.82	4.00
55	0.13	5.86	1.82	4.00
56	0.10	5.82	1.82	4.00
57	0.06	5.78	1.82	2.00
58	0.02	5.78	1.82	2.00
59	-0.02	5.78	1.82	2.00
60	-0.06	5.74	1.82	2.00
61	-0.10	5.69	1.82	2.00
62	-0.14	5.59	1.82	2.00
63	-0.18	5.49	1.82	4.00
64	-0.22	5.41	1.82	4.00
65	-0.26	5.34	1.82	4.00
66	-0.29	5.24	1.82	4.00
67	-0.32	5.15	1.82	2.00
68	-0.35	5.11	1.82	2.00
69	-0.38	5.06	1.82	4.00
70	-0.41	4.99	1.82	4.00
71	-0.43	4.91	1.82	4.00
72	-0.46	4.83	1.82	4.00
73	-0.49	4.75	1.82	2.00
74	-0.53	4.69	1.82	2.00
75	-0.57	4.63	1.82	2.00
76	-0.61	4.57	1.82	2.00
77	-0.65	4.51	1.82	2.00
78	-0.69	4.51	1.82	2.00
79	-0.72	4.51	1.82	4.00
80	-0.77	4.53	1.82	4.00
81	-0.82	4.55	1.82	4.00
82	-0.88	4.57	1.82	4.00
83	-0.94	4.60	1.82	4.00
84	-1.00	4.60	1.82	4.00
85	-1.05	4.61	1.82	4.00
86	-1.08	4.55	1.82	4.00
87	-1.11	4.50	1.83	4.00
88	-1.13	4.41	1.83	4.00
89	-1.15	4.33	1.83	4.00
90	-1.20	4.31	1.83	4.00
91	-1.25	4.29	1.83	4.00
92	-1.28	4.23	1.83	4.00
93	-1.32	4.17	1.83	4.00
94	-1.37	4.16	1.83	4.00
95	-1.42	4.15	1.83	4.00
96	-1.44	4.07	1.83	4.00
97	-1.45	3.98	1.83	3.00
98	-1.45	3.86	1.82	3.00
99	-1.45	3.74	1.82	4.00
100	-1.48	3.67	1.82	4.00
101	-1.51	3.61	1.82	2.00
102	-1.54	3.53	1.82	2.00
103	-1.57	3.45	1.82	3.00
104	-1.61	3.37	1.82	3.00
105	-1.64	3.30	1.82	3.00
106	-1.67	3.22	1.82	3.00
107	-1.70	3.14	1.82	3.00
108	-1.71	3.02	1.82	3.00
109	-1.71	2.89	1.82	3.00
110	-1.73	2.79	1.82	3.00
111	-1.74	2.69	1.82	3.00
112	-1.76	2.60	1.82	3.00
113	-1.78	2.50	1.82	3.00
114	-1.81	2.46	1.82	3.00
115	-1.84	2.42	1.82	3.00
116	-1.89	2.38	1.82	3.00
117	-1.94	2.34	1.82	3.00
118	-1.98	2.28	1.82	3.00
119	-2.03	2.22	1.82	3.00
120	-2.03	2.12	1.82	3.00
121	-2.03	2.02	1.82	3.00
122	-2.02	1.93	1.82	3.00
123	-2.01	1.84	1.82	3.00
124	-2.05	1.78	1.82	3.00
125	-2.08	1.73	1.82	3.00
126	-2.12	1.67	1.82	3.00
127	-2.16	1.61	1.82	3.00
128	-2.23	1.55	1.82	3.00
129	-2.29	1.49	1.82	3.00
130	-2.32	1.41	1.82	3.00
131	-2.35	1.32	1.82	3.00
132	-2.38	1.25	1.82	3.00
133	-2.41	1.18	1.82	3.00
134	-2.47	1.14	1.82	3.00
135	-2.53	1.09	1.82	3.00
136	-2.57	1.03	1.82	3.00
137	-2.62	0.97	1.82	3.00
138	-2.68	0.90	1.82	3.00
139	-2.74	0.83	1.82	3.00
140	-2.78	0.77	1.82	3.00
141	-2.81	0.70	1.82	3.00
142	-2.86	0.65	1.82	3.00
143	-2.91	0.59	1.82	3.00
144	-2.95	0.53	1.82	3.00
145	-2.99	0.47	1.82	3.00
146	-3.01	0.40	1.82	3.00
147	-3.03	0.33	1.82	3.00
148	-3.04	0.27	1.82	3.00
149	-3.05	0.21	1.82	3.00
150	-3.10	0.15	1.82	3.00
151	-3.15	0.09	1.82	3.00
152	-3.16	0.02	1.82	3.00
153	-3.18	-0.05	1.82	3.00
154	-3.20	-0.11	1.82	3.00
155	-3.22	-0.18	1.82	3.00
156	-3.25	-0.24	1.82	3.00
157	-3.29	-0.30	1.82	3.00
158	-3.32	-0.37	1.82	3.00
159	-3.34	-0.44	1.82	3.00
160	-3.38	-0.51	1.82	3.00
161	-3.43	-0.59	1.82	3.00
162	-3.45	-0.67	1.82	3.00
163	-3.47	-0.75	1.82	3.00
164	-3.52	-0.86	1.82	3.00
165	-3.58	-0.96	1.81	3.00
166	-3.58	-1.01	1.81	3.00
167	-3.59	-1.06	1.82	3.00
168	-3.64	-1.11	1.81	3.00
169	-3.69	-1.16	1.81	3.00
170	-3.71	-1.19	1.81	3.00
171	-3.73	-1.23	1.81	2.00
172	-3.78	-1.29	1.81	2.00
173	-3.83	-1.34	1.81	3.00
174	-3.92	-1.40	1.82	3.00
175	-4.01	-1.46	1.82	3.00
176	-4.05	-1.51	1.82	3.00
177	-4.09	-1.56	1.82	1.00
178	-4.16	-1.70	1.82	1.00
179	-4.22	-1.83	1.82	1.00
180	-4.11	-1.81	1.82	1.00
181	-3.99	-1.78	1.82	1.00
182	-3.97	-1.83	1.82	1.00
183	-3.95	-1.88	1.82	3.00
184	-3.92	-1.93	1.82	3.00
185	-3.90	-1.98	1.82	3.00
186	-3.85	-1.99	1.82	3.00
187	-3.81	-2.00	1.82	3.00
188	-3.71	-1.96	1.82	3.00
189	-3.61	-1.92	1.82	4.00
190	-3.55	-1.90	1.82	4.00
191	-3.50	-1.89	1.82	4.00
192	-3.52	-1.91	1.82	4.00
193	-3.54	-1.93	1.82	4.00
194	-3.54	-1.96	1.82	4.00
195	-3.54	-1.99	1.82	4.00
196	-3.58	-2.05	1.82	4.00
197	-3.61	-2.10	1.82	4.00
198	-3.62	-2.16	1.82	4.00
199	-3.63	-2.21	1.82	4.00
200	-3.62	-2.26	1.82	4.00
201	-3.60	-2.31	1.82	4.00
202	-3.59	-2.36	1.82	4.00
203	-3.58	-2.42	1.82	4.00
204	-3.60	-2.49	1.82	4.00
205	-3.62	-2.55	1.82	4.00
206	-3.63	-2.62	1.82	4.00
207	-3.65	-2.68	1.82	3.00
208	-3.65	-2.74	1.82	3.00
209	-3.66	-2.81	1.82	3.00
210	-3.67	-2.87	1.82	3.00
211	-3.68	-2.94	1.82	4.00
212	-3.69	-2.98	1.82	4.00
213	-3.70	-3.03	1.82	4.00
214	-3.75	-3.11	1.82	4.00
215	-3.80	-3.20	1.81	4.00
216	-3.83	-3.26	1.81	4.00
217	-3.86	-3.33	1.82	4.00
218	-3.88	-3.38	1.81	4.00
219	-3.90	-3.43	1.81	4.00
220	-3.89	-3.47	1.81	4.00
221	-3.88	-3.50	1.81	4.00
222	-3.84	-3.52	1.81	4.00
223	-3.81	-3.54	1.81	2.00
224	-3.78	-3.55	1.81	2.00
225	-3.76	-3.56	1.81	4.00
226	-3.72	-3.55	1.81	4.00
227	-3.68	-3.53	1.81	4.00
228	-3.68	-3.58	1.81	4.00
229	-3.69	-3.63	1.81	4.00
230	-3.68	-3.66	1.81	4.00
231	-3.68	-3.68	1.81	4.00
232	-3.68	-3.70	1.81	4.00
233	-3.68	-3.72	1.81	4.00
234	-3.66	-3.74	1.81	4.00
235	-3.65	-3.75	1.81	4.00
236	-3.67	-3.79	1.81	4.00
237	-3.69	-3.83	1.81	4.00
238	-3.70	-3.85	1.81	4.00
239	-3.71	-3.88	1.81	4.00
240	-3.69	-3.87	1.81	4.00
241	-3.67	-3.85	1.81	4.00
242	-3.65	-3.85	1.81	4.00
243	-3.62	-3.84	1.80	4.00
244	-3.65	-3.89	1.80	4.00
245	-3.67	-3.94	1.80	4.00
246	-3.69	-3.99	1.80	4.00
247	-3.70	-4.03	1.80	4.00
248	-3.74	-4.08	1.80	4.00
249	-3.77	-4.12	1.80	4.00
250	-3.78	-4.15	1.80	4.00
251	-3.79	-4.18	1.80	4.00
252	-3.80	-4.21	1.80	4.00
253	-3.81	-4.24	1.80	4.00
254	-3.82	-4.26	1.80	4.00
255	-3.83	-4.28	1.80	4.00
256	-3.83	-4.30	1.80	4.00
257	-3.82	-4.32	1.80	4.00
258	-3.83	-4.34	1.80	4.00
259	-3.84	-4.37	1.80	2.00
260	-3.88	-4.45	1.80	2.00
261	-3.93	-4.52	1.80	4.00
262	-3.94	-4.53	1.81	4.00
263	-3.95	-4.53	1.81	4.00
264	-3.95	-4.55	1.81	4.00
265	-3.95	-4.56	1.80	4.00
266	-3.96	-4.59	1.81	4.00
267	-3.98	-4.61	1.81	4.00
268	-3.99	-4.68	1.81	4.00
269	-4.01	-4.76	1.81	4.00
270	-4.02	-4.81	1.81	4.00
271	-4.02	-4.86	1.81	4.00
272	-4.01	-4.87	1.81	4.00
273	-3.99	-4.87	1.80	4.00
274	-3.98	-4.88	1.80	4.00
275	-3.96	-4.88	1.80	4.00
276	-3.97	-4.91	1.80	4.00
277	-3.97	-4.94	1.80	4.00
278	-3.98	-4.99	1.80	4.00
279	-3.98	-5.03	1.80	4.00
280	-3.98	-5.08	1.80	4.00
281	-3.98	-5.13	1.80	4.00
282	-4.00	-5.19	1.80	4.00
283	-4.01	-5.25	1.80	4.00
284	-4.01	-5.32	1.80	4.00
285	-4.01	-5.39	1.80	4.00
286	-4.02	-5.47	1.80	4.00
287	-4.03	-5.55	1.80	4.00
288	-4.05	-5.61	1.80	4.00
289	-4.06	-5.68	1.80	4.00
290	-4.08	-5.75	1.80	4.00
291	-4.11	-5.81	1.80	4.00
292	-4.13	-5.88	1.80	4.00
293	-4.14	-5.95	1.80	4.00
294	-4.17	-6.04	1.80	4.00
295	-4.19	-6.13	1.80	4.00
296	-4.22	-6.21	1.80	4.00
297	-4.25	-6.29	1.80	4.00
298	-4.26	-6.36	1.80	4.00
299	-4.27	-6.43	1.80	4.00
300	-4.25	-6.45	1.80	4.00
301	-4.24	-6.47	1.80	4.00
302	-4.24	-6.52	1.80	4.00
303	-4.23	-6.58	1.79	4.00
304	-4.22	-6.61	1.79	4.00
305	-4.20	-6.64	1.79	4.00
306	-4.22	-6.70	1.79	4.00
307	-4.24	-6.75	1.79	4.00
308	-4.24	-6.80	1.79	4.00
309	-4.25	-6.85	1.79	4.00
310	-4.22	-6.84	1.79	4.00
311	-4.19	-6.84	1.79	4.00
312	-4.15	-6.84	1.79	4.00
313	-4.10	-6.83	1.79	4.00
314	-4.09	-6.86	1.79	4.00
315	-4.08	-6.89	1.79	4.00
316	-4.07	-6.94	1.79	4.00
317	-4.06	-7.00	1.79	3.00
318	-4.05	-7.04	1.79	3.00
319	-4.03	-7.09	1.79	4.00
320	-4.02	-7.16	1.79	4.00
321	-4.01	-7.24	1.79	4.00
322	-4.00	-7.32	1.79	4.00
323	-4.00	-7.40	1.79	4.00
324	-3.97	-7.44	1.79	4.00
325	-3.94	-7.49	1.79	4.00
326	-3.93	-7.56	1.79	4.00
327	-3.91	-7.62	1.79	3.00
328	-3.93	-7.72	1.79	3.00
329	-3.94	-7.81	1.79	3.00
330	-3.92	-7.93	1.79	3.00
331	-3.91	-8.04	1.79	4.00
332	-3.89	-8.13	1.79	4.00
333	-3.87	-8.22	1.79	4.00
334	-3.86	-8.28	1.79	4.00
335	-3.84	-8.34	1.79	4.00
336	-3.83	-8.46	1.79	4.00
337	-3.81	-8.58	1.79	4.00
338	-3.77	-8.62	1.79	4.00
339	-3.72	-8.67	1.79	3.00
340	-3.69	-8.70	1.79	3.00
341	-3.65	-8.72	1.79	3.00
342	-3.58	-8.64	1.80	3.00
343	-3.50	-8.56	1.80	3.00
344	-3.45	-8.56	1.80	3.00
345	-3.39	-8.55	1.80	3.00
346	-3.35	-8.60	1.80	3.00
347	-3.31	-8.65	1.80	3.00
348	-3.25	-8.65	1.80	3.00
349	-3.19	-8.65	1.80	4.00
350	-3.12	-8.63	1.81	4.00
351	-3.05	-8.61	1.81	2.00
352	-3.01	-8.65	1.81	2.00
353	-2.97	-8.69	1.81	2.00
354	-2.94	-8.74	1.81	2.00
355	-2.91	-8.79	1.80	2.00
356	-2.88	-8.84	1.80	2.00
357	-2.86	-8.90	1.80	2.00
358	-2.82	-8.93	1.81	2.00
359	-2.77	-8.96	1.81	2.00
360	-2.74	-9.01	1.81	2.00
361	-2.70	-9.06	1.81	2.00
362	-2.67	-9.08	1.80	2.00
363	-2.63	-9.11	1.80	2.00
364	-2.60	-9.13	1.81	2.00
365	-2.56	-9.16	1.81	2.00
366	-2.52	-9.19	1.81	2.00
367	-2.49	-9.21	1.81	3.00
368	-2.46	-9.28	1.81	3.00
369	-2.44	-9.35	1.80	3.00
370	-2.40	-9.48	1.80	3.00
371	-2.37	-9.60	1.80	3.00
372	-2.32	-9.66	1.80	3.00
373	-2.27	-9.73	1.80	3.00
Target 3 (frames from 1 to 155)
Bounding Boxes (frame, x, y, width, height)
1	696	353	61	122
2	695	353	61	122
3	694	353	60	121
4	693	353	60	121
5	691	353	60	121
6	690	353	60	121
7	689	353	60	121
8	687	354	60	121
9	686	354	60	121
10	684	354	60	121
11	682	354	60	120
12	680	354	60	120
13	679	355	60	121
14	677	355	60	121
15	675	355	60	121
16	673	356	61	122
17	671	356	61	123
18	670	357	62	124
19	668	357	62	125
20	666	356	63	126
21	664	356	63	127
22	662	355	64	128
23	659	355	64	129
24	657	354	65	130
25	655	353	65	131
26	652	352	66	132
27	650	351	66	133
28	648	350	67	134
29	645	350	67	134
30	643	349	67	135
31	640	349	67	135
32	638	349	68	136
33	635	349	68	136
34	632	349	68	137
35	630	349	68	137
36	627	349	69	138
37	624	349	69	139
38	620	349	70	140
39	617	348	70	141
40	613	348	71	142
41	610	347	72	144
42	606	347	73	146
43	603	346	73	147
44	600	346	74	149
45	597	345	75	151
46	595	345	76	152
47	592	344	77	154
48	590	344	77	155
49	589	343	78	157
50	587	342	79	158
51	586	342	79	159
52	585	341	80	160
53	585	340	80	161
54	584	339	81	162
55	583	338	81	163
56	581	336	81	163
57	580	335	82	164
58	579	334	82	164
59	577	333	82	165
60	575	332	82	165
61	573	332	83	166
62	571	331	83	167
63	568	330	84	168
64	566	329	85	170
65	564	328	85	171
66	562	328	86	173
67	559	327	87	174
68	557	326	88	176
69	554	326	89	179
70	551	325	90	181
71	548	324	91	183
72	545	323	92	185
73	542	322	94	188
74	538	321	95	190
75	535	320	96	192
76	531	319	97	194
77	527	318	98	196
78	523	317	99	199
79	519	316	100	201
80	515	315	101	203
81	512	314	102	205
82	509	313	103	207
83	507	312	104	209
84	504	311	106	212
85	501	310	107	214
86	498	309	108	217
87	496	308	109	219
88	493	307	110	221
89	490	306	111	222
90	488	305	111	223
91	485	305	112	224
92	483	305	112	225
93	480	304	112	225
94	478	304	113	226
95	476	304	113	226
96	474	304	113	226
97	472	303	113	227
98	470	303	114	228
99	468	303	115	230
100	466	303	116	232
101	463	303	117	235
102	460	303	119	238
103	456	303	120	241
104	452	303	122	244
105	447	303	123	247
106	441	302	125	250
107	435	302	126	253
108	429	301	128	256
109	422	301	129	259
110	415	300	130	261
111	408	299	131	263
112	402	298	132	265
113	396	296	133	266
114	390	295	133	266
115	384	294	133	266
116	379	293	132	265
117	374	292	132	264
118	368	290	131	263
119	362	289	131	263
120	356	288	131	262
121	351	286	131	262
122	345	284	131	262
123	338	282	131	262
124	332	280	131	263
125	325	278	132	265
126	319	277	133	267
127	312	276	135	271
128	305	275	137	275
129	298	274	139	279
130	291	273	141	283
131	283	272	143	287
132	276	271	146	292
133	269	271	148	296
134	262	270	150	300
135	255	270	152	304
136	247	270	153	307
137	240	270	154	309
138	233	270	155	310
139	226	270	155	310
140	219	270	154	309
141	213	270	154	308
142	207	271	153	306
143	202	271	152	305
144	199	270	151	302
145	196	269	150	300
146	193	268	148	297
147	191	268	147	295
148	188	267	147	294
149	187	267	146	292
150	186	266	145	290
151	185	266	144	288
152	185	265	143	286
153	185	265	142	284
154	186	264	141	282
155	187	263	140	281
3D Trajetory (frame, x, z, height, pose)
1	1.23	7.43	1.80	3.00
2	1.22	7.39	1.80	3.00
3	1.21	7.35	1.80	3.00
4	1.18	7.41	1.80	3.00
5	1.14	7.46	1.80	3.00
6	1.11	7.46	1.81	3.00
7	1.08	7.46	1.82	3.00
8	1.05	7.48	1.82	3.00
9	1.01	7.49	1.82	3.00
10	0.98	7.55	1.83	3.00
11	0.94	7.61	1.84	3.00
12	0.91	7.62	1.84	3.00
13	0.88	7.64	1.84	3.00
14	0.83	7.61	1.83	3.00
15	0.79	7.57	1.83	3.00
16	0.75	7.53	1.83	3.00
17	0.72	7.48	1.83	3.00
18	0.67	7.34	1.82	3.00
19	0.62	7.20	1.81	3.00
20	0.57	7.15	1.81	3.00
21	0.52	7.09	1.81	3.00
22	0.46	7.02	1.81	3.00
23	0.41	6.96	1.81	3.00
24	0.36	6.92	1.81	3.00
25	0.32	6.88	1.81	2.00
26	0.27	6.86	1.81	2.00
27	0.22	6.84	1.81	3.00
28	0.18	6.82	1.81	3.00
29	0.13	6.79	1.82	3.00
30	0.08	6.73	1.82	3.00
31	0.04	6.67	1.82	4.00
32	-0.01	6.65	1.82	4.00
33	-0.05	6.63	1.82	2.00
34	-0.10	6.60	1.82	2.00
35	-0.14	6.58	1.82	2.00
36	-0.19	6.57	1.82	2.00
37	-0.24	6.55	1.82	3.00
38	-0.29	6.51	1.82	3.00
39	-0.34	6.46	1.82	3.00
40	-0.38	6.40	1.82	3.00
41	-0.43	6.34	1.82	3.00
42	-0.47	6.24	1.82	3.00
43	-0.52	6.15	1.82	2.00
44	-0.58	6.05	1.83	2.00
45	-0.63	5.95	1.83	2.00
46	-0.66	5.90	1.83	2.00
47	-0.69	5.84	1.82	2.00
48	-0.72	5.82	1.82	2.00
49	-0.76	5.80	1.82	3.00
50	-0.79	5.74	1.82	3.00
51	-0.82	5.68	1.82	3.00
52	-0.85	5.62	1.82	3.00
53	-0.87	5.56	1.82	2.00
54	-0.90	5.52	1.82	2.00
55	-0.92	5.48	1.82	2.00
56	-0.94	5.45	1.82	2.00
57	-0.96	5.41	1.81	2.00
58	-1.00	5.39	1.81	2.00
59	-1.04	5.36	1.81	3.00
60	-1.08	5.38	1.81	3.00
61	-1.11	5.40	1.82	3.00
62	-1.15	5.35	1.81	3.00
63	-1.19	5.31	1.81	3.00
64	-1.24	5.24	1.81	3.00
65	-1.28	5.16	1.81	4.00
66	-1.30	5.07	1.81	4.00
67	-1.33	4.99	1.81	2.00
68	-1.34	4.90	1.81	2.00
69	-1.35	4.82	1.81	3.00
70	-1.40	4.81	1.81	3.00
71	-1.44	4.81	1.81	3.00
72	-1.46	4.71	1.81	3.00
73	-1.49	4.62	1.81	3.00
74	-1.52	4.53	1.81	3.00
75	-1.55	4.44	1.81	2.00
76	-1.59	4.38	1.81	2.00
77	-1.63	4.32	1.81	2.00
78	-1.66	4.26	1.81	2.00
79	-1.70	4.19	1.81	3.00
80	-1.72	4.13	1.81	3.00
81	-1.74	4.07	1.81	3.00
82	-1.79	4.04	1.81	3.00
83	-1.84	4.01	1.81	3.00
84	-1.86	3.95	1.81	3.00
85	-1.89	3.90	1.81	3.00
86	-1.90	3.81	1.81	3.00
87	-1.91	3.73	1.81	3.00
88	-1.93	3.64	1.81	3.00
89	-1.95	3.55	1.81	3.00
90	-2.00	3.50	1.80	3.00
91	-2.05	3.45	1.80	3.00
92	-2.13	3.44	1.80	3.00
93	-2.21	3.44	1.80	3.00
94	-2.29	3.44	1.81	3.00
95	-2.38	3.44	1.81	3.00
96	-2.40	3.38	1.80	3.00
97	-2.42	3.32	1.80	3.00
98	-2.43	3.24	1.80	3.00
99	-2.44	3.16	1.80	3.00
100	-2.45	3.09	1.80	3.00
101	-2.46	3.02	1.80	3.00
102	-2.49	2.96	1.80	3.00
103	-2.52	2.91	1.80	3.00
104	-2.55	2.83	1.80	3.00
105	-2.59	2.75	1.80	3.00
106	-2.61	2.67	1.80	3.00
107	-2.64	2.60	1.80	3.00
108	-2.67	2.52	1.80	3.00
109	-2.71	2.44	1.80	3.00
110	-2.74	2.36	1.80	3.00
111	-2.77	2.29	1.80	3.00
112	-2.79	2.21	1.80	3.00
113	-2.82	2.14	1.80	3.00
114	-2.89	2.11	1.80	3.00
115	-2.96	2.08	1.80	3.00
116	-3.02	2.03	1.80	3.00
117	-3.08	1.99	1.80	3.00
118	-3.15	1.94	1.80	3.00
119	-3.22	1.89	1.80	3.00
120	-3.27	1.83	1.80	3.00
121	-3.33	1.76	1.80	3.00
122	-3.38	1.70	1.80	3.00
123	-3.43	1.64	1.80	3.00
124	-3.45	1.56	1.80	3.00
125	-3.47	1.48	1.80	3.00
126	-3.49	1.41	1.80	3.00
127	-3.51	1.33	1.80	3.00
128	-3.52	1.26	1.80	3.00
129	-3.54	1.19	1.80	3.00
130	-3.50	1.09	1.80	3.00
131	-3.47	0.99	1.80	3.00
132	-3.43	0.89	1.80	3.00
133	-3.40	0.79	1.80	3.00
134	-3.40	0.71	1.80	3.00
135	-3.41	0.64	1.80	3.00
136	-3.44	0.57	1.80	3.00
137	-3.47	0.49	1.80	3.00
138	-3.45	0.42	1.80	3.00
139	-3.44	0.36	1.80	3.00
140	-3.49	0.29	1.80	3.00
141	-3.54	0.23	1.80	3.00
142	-3.60	0.17	1.80	3.00
143	-3.66	0.11	1.80	3.00
144	-3.72	0.04	1.80	3.00
145	-3.78	-0.04	1.80	3.00
146	-3.81	-0.10	1.80	3.00
147	-3.83	-0.16	1.80	3.00
148	-3.85	-0.22	1.80	3.00
149	-3.87	-0.27	1.80	3.00
150	-3.90	-0.34	1.80	3.00
151	-3.93	-0.42	1.80	3.00
152	-3.94	-0.50	1.80	3.00
153	-3.96	-0.59	1.80	3.00
154	-3.95	-0.64	1.80	3.00
155	-3.94	-0.70	1.80	3.00
Target 4 (frames from 21 to 51)
Bounding Boxes (frame, x, y, width, height)
21	688	354	54	109
22	687	353	55	110
23	686	351	55	111
24	685	350	56	112
25	684	349	56	113
26	682	348	57	114
27	681	348	57	115
28	680	347	57	115
29	679	346	58	116
30	678	346	58	116
31	677	346	58	116
32	676	346	58	116
33	675	347	58	116
34	675	347	58	116
35	674	347	58	116
36	673	347	58	116
37	672	347	58	116
38	671	347	58	116
39	671	348	58	116
40	670	347	58	116
41	670	347	58	116
42	669	347	58	116
43	669	347	58	116
44	669	347	58	116
45	669	346	58	116
46	669	346	58	116
47	669	346	58	116
48	669	345	58	117
49	670	345	58	117
50	670	345	58	117
51	671	344	59	118
3D Trajetory (frame, x, z, height, pose)
21	1.03	9.30	1.93	3.00
22	0.97	8.94	1.94	3.00
23	0.91	8.57	1.95	3.00
24	0.85	8.48	1.95	3.00
25	0.79	8.38	1.95	3.00
26	0.75	8.41	1.95	3.00
27	0.71	8.44	1.95	2.00
28	0.68	8.45	1.95	2.00
29	0.66	8.46	1.94	2.00
30	0.63	8.47	1.94	2.00
31	0.60	8.48	1.95	2.00
32	0.56	8.41	1.94	2.00
33	0.52	8.35	1.93	3.00
34	0.48	8.32	1.93	3.00
35	0.45	8.30	1.92	3.00
36	0.42	8.31	1.92	3.00
37	0.40	8.31	1.92	2.00
38	0.37	8.31	1.92	2.00
39	0.34	8.31	1.93	2.00
40	0.33	8.31	1.92	2.00
41	0.31	8.31	1.92	2.00
42	0.28	8.35	1.93	2.00
43	0.26	8.39	1.93	4.00
44	0.23	8.41	1.93	4.00
45	0.20	8.42	1.93	4.00
46	0.17	8.36	1.92	4.00
47	0.14	8.30	1.92	2.00
48	0.11	8.22	1.92	2.00
49	0.07	8.14	1.92	2.00
50	0.07	8.18	1.92	2.00
51	0.06	8.21	1.92	2.00
Target 5 (frames from 25 to 373)
Bounding Boxes (frame, x, y, width, height)
25	771	354	52	105
26	772	354	52	105
27	772	354	52	105
28	772	354	52	105
29	773	354	52	105
30	773	354	52	105
31	773	353	52	105
32	774	353	52	105
33	774	353	53	106
34	774	353	53	106
35	774	353	53	106
36	774	353	53	107
37	773	353	53	107
38	773	353	53	107
39	773	353	54	108
40	773	353	54	108
41	773	353	54	109
42	774	352	54	109
43	774	352	55	110
44	775	352	55	110
45	776	351	55	111
46	777	351	55	111
47	778	350	56	112
48	780	350	56	113
49	781	349	56	113
50	782	349	57	114
51	784	348	57	115
52	785	347	58	116
53	786	346	58	116
54	787	345	58	117
55	788	344	59	118
56	788	343	59	118
57	788	341	59	119
58	788	340	60	120
59	788	339	60	121
60	788	338	60	121
61	788	338	61	122
62	789	337	61	122
63	789	336	61	123
64	790	335	62	124
65	791	335	62	125
66	792	334	62	125
67	793	333	63	126
68	794	333	63	127
69	796	332	64	128
70	797	331	64	129
71	799	331	64	129
72	800	330	65	130
73	802	329	65	131
74	803	328	66	132
75	805	328	66	133
76	806	327	67	134
77	807	326	67	135
78	809	325	68	136
79	810	325	68	136
80	812	324	68	137
81	814	323	69	138
82	815	322	69	139
83	817	321	69	139
84	818	320	70	140
85	820	320	70	141
86	822	319	71	142
87	825	318	71	143
88	827	317	72	144
89	830	317	73	146
90	834	316	74	148
91	837	315	75	150
92	841	315	76	152
93	845	314	76	153
94	849	314	77	155
95	854	313	78	157
96	858	313	79	158
97	862	312	79	159
98	866	312	80	160
99	870	312	80	161
100	874	312	81	162
101	877	312	81	163
102	881	312	82	164
103	884	312	82	165
104	887	312	83	166
105	891	312	83	167
106	894	312	84	169
107	897	312	85	170
108	900	312	86	172
109	902	311	86	173
110	905	310	87	175
111	907	309	88	176
112	910	308	89	178
113	912	306	89	179
114	915	305	90	181
115	917	303	91	183
116	920	302	92	185
117	922	300	93	187
118	925	298	95	190
119	927	296	96	192
120	929	294	97	195
121	930	292	99	198
122	932	289	100	201
123	933	287	102	205
124	933	284	104	208
125	934	282	106	212
126	935	281	108	216
127	936	279	110	220
128	937	278	112	224
129	938	277	113	227
130	940	276	115	231
131	942	276	117	234
132	945	275	118	236
133	948	275	119	239
134	952	274	120	241
135	955	274	121	242
136	957	275	121	243
137	959	275	122	244
138	961	275	122	244
139	963	275	122	245
140	965	275	122	245
141	966	275	123	246
142	968	275	123	247
143	971	274	124	249
144	974	273	125	251
145	979	272	126	253
146	983	270	127	255
147	989	267	128	257
148	995	265	129	259
149	1001	264	130	261
150	1007	262	131	263
151	1013	261	132	264
152	1018	262	132	265
153	1023	263	133	266
154	1026	265	133	266
155	1028	268	133	266
156	1029	270	132	265
157	1029	273	132	264
158	1027	276	132	264
159	1025	279	131	263
160	1022	281	130	261
161	1018	282	130	260
162	1014	283	129	259
163	1009	285	129	258
164	1004	286	129	258
165	998	288	129	258
166	992	289	129	259
167	985	290	129	259
168	980	291	129	259
169	974	291	130	260
170	969	291	130	261
171	966	290	131	263
172	964	288	132	264
173	962	285	133	266
174	961	281	134	268
175	962	276	135	270
176	964	271	136	272
177	966	266	136	273
178	970	261	137	275
179	974	257	138	276
180	978	254	139	278
181	981	252	140	281
182	983	251	141	283
183	985	250	142	285
184	985	251	144	288
185	985	252	145	290
186	983	254	145	291
187	980	256	146	292
188	977	259	146	293
189	974	262	146	293
190	970	265	146	292
191	965	267	146	292
192	960	270	145	291
193	956	273	144	289
194	952	275	144	288
195	947	277	143	286
196	943	279	142	285
197	939	281	141	283
198	935	283	141	282
199	930	285	140	280
200	925	286	139	278
201	919	287	138	276
202	914	288	137	275
203	908	289	136	273
204	902	289	136	272
205	896	290	135	270
206	889	291	134	268
207	883	292	133	266
208	875	293	132	264
209	868	293	131	263
210	861	293	131	262
211	855	293	130	261
212	849	293	131	262
213	844	291	131	262
214	839	290	131	262
215	833	288	131	263
216	828	286	132	264
217	822	284	132	265
218	817	283	132	265
219	811	282	132	264
220	806	281	131	263
221	800	281	130	261
222	794	281	129	259
223	789	282	128	256
224	783	283	126	253
225	777	285	125	250
226	771	286	123	246
227	766	288	121	243
228	761	290	120	240
229	756	291	119	238
230	752	292	118	236
231	747	293	117	234
232	743	294	116	232
233	738	294	116	232
234	733	294	115	231
235	728	294	115	231
236	723	294	115	230
237	719	293	114	229
238	715	293	114	229
239	713	292	114	229
240	710	292	114	229
241	709	292	114	229
242	709	292	114	228
243	709	291	113	227
244	709	292	113	226
245	709	292	112	225
246	710	293	112	224
247	711	293	111	223
248	711	294	111	223
249	711	294	111	222
250	711	295	111	222
251	711	296	110	221
252	711	297	110	220
253	711	297	109	219
254	710	298	109	218
255	710	298	108	216
256	710	299	106	213
257	710	300	105	210
258	710	300	103	207
259	710	301	102	204
260	711	301	100	200
261	711	302	98	196
262	711	302	96	193
263	712	302	95	191
264	712	302	94	189
265	712	301	93	187
266	711	301	93	186
267	711	301	93	186
268	710	302	93	186
269	710	302	92	185
270	709	303	92	185
271	709	303	92	185
272	708	304	92	185
273	708	306	92	184
274	707	307	92	184
275	707	309	91	183
276	707	310	91	183
277	707	311	91	182
278	706	312	90	181
279	706	313	90	180
280	705	314	89	179
281	705	314	88	177
282	705	315	88	176
283	704	315	87	174
284	704	315	86	172
285	704	315	85	170
286	703	315	84	168
287	703	315	83	167
288	703	315	82	165
289	703	315	81	163
290	703	315	81	162
291	703	315	80	161
292	703	315	79	159
293	703	315	79	158
294	704	314	79	158
295	704	314	78	157
296	704	313	78	156
297	704	313	77	155
298	704	313	77	154
299	704	313	76	153
300	705	313	76	153
301	705	313	76	152
302	705	314	75	151
303	706	314	75	151
304	706	315	75	150
305	706	315	74	149
306	707	316	74	148
307	707	317	74	148
308	707	318	73	147
309	708	319	73	146
310	708	320	72	145
311	709	321	72	144
312	710	322	71	143
313	711	323	71	142
314	712	323	70	141
315	713	324	70	140
316	714	325	69	139
317	715	326	69	138
318	717	326	68	137
319	718	327	68	136
320	719	327	68	136
321	720	328	67	135
322	720	328	67	134
323	720	329	66	133
324	719	330	66	133
325	719	331	66	132
326	718	332	66	132
327	717	334	65	131
328	716	335	65	130
329	715	336	65	130
330	714	336	64	129
331	713	337	64	129
332	713	337	64	128
333	712	337	64	128
334	712	337	64	128
335	712	337	63	127
336	712	336	63	127
337	712	336	63	127
338	712	335	63	126
339	711	335	63	126
340	711	335	62	125
341	710	335	62	125
342	710	335	62	124
343	709	336	61	123
344	708	337	61	122
345	708	337	60	121
346	708	338	60	121
347	708	339	60	120
348	708	339	59	119
349	708	340	59	118
350	708	340	59	118
351	709	341	58	117
352	709	342	58	116
353	709	342	58	116
354	710	343	58	116
355	710	343	57	115
356	710	344	57	115
357	710	345	57	115
358	709	345	57	115
359	709	346	57	115
360	709	347	57	114
361	709	348	57	114
362	709	349	57	114
363	709	350	57	114
364	709	351	57	114
365	709	352	56	113
366	709	352	56	113
367	709	353	56	112
368	709	353	55	111
369	709	353	55	111
370	709	353	55	110
371	709	353	54	109
372	709	353	54	108
373	710	353	53	107
3D Trajetory (frame, x, z, height, pose)
25	2.31	8.91	1.84	1.00
26	2.31	8.91	1.84	1.00
27	2.30	8.91	1.85	3.00
28	2.28	8.89	1.85	3.00
29	2.27	8.88	1.84	2.00
30	2.26	8.85	1.84	2.00
31	2.26	8.83	1.84	4.00
32	2.24	8.83	1.84	4.00
33	2.22	8.83	1.84	3.00
34	2.19	8.83	1.84	3.00
35	2.16	8.82	1.84	3.00
36	2.12	8.79	1.84	3.00
37	2.09	8.76	1.84	3.00
38	2.08	8.75	1.84	3.00
39	2.06	8.73	1.84	3.00
40	2.04	8.67	1.85	3.00
41	2.02	8.60	1.85	2.00
42	2.00	8.59	1.85	2.00
43	1.98	8.57	1.84	4.00
44	1.97	8.54	1.84	4.00
45	1.95	8.50	1.84	4.00
46	1.93	8.47	1.84	4.00
47	1.91	8.44	1.85	2.00
48	1.89	8.41	1.85	2.00
49	1.87	8.39	1.85	2.00
50	1.85	8.34	1.85	2.00
51	1.83	8.29	1.85	2.00
52	1.80	8.25	1.85	2.00
53	1.77	8.20	1.85	2.00
54	1.75	8.14	1.85	2.00
55	1.72	8.09	1.85	3.00
56	1.69	8.07	1.85	3.00
57	1.66	8.05	1.85	3.00
58	1.62	8.02	1.85	3.00
59	1.58	8.00	1.85	3.00
60	1.54	7.96	1.85	3.00
61	1.50	7.92	1.85	4.00
62	1.45	7.83	1.85	4.00
63	1.41	7.74	1.85	2.00
64	1.38	7.72	1.85	2.00
65	1.35	7.69	1.85	2.00
66	1.34	7.72	1.85	2.00
67	1.33	7.76	1.85	2.00
68	1.31	7.70	1.85	2.00
69	1.29	7.64	1.85	2.00
70	1.26	7.57	1.85	2.00
71	1.23	7.51	1.85	2.00
72	1.21	7.48	1.85	2.00
73	1.18	7.45	1.85	2.00
74	1.16	7.40	1.85	2.00
75	1.14	7.36	1.85	2.00
76	1.12	7.29	1.85	2.00
77	1.10	7.23	1.85	4.00
78	1.08	7.22	1.85	4.00
79	1.07	7.20	1.85	4.00
80	1.04	7.21	1.85	4.00
81	1.02	7.21	1.85	4.00
82	0.98	7.18	1.85	4.00
83	0.94	7.15	1.85	4.00
84	0.91	7.10	1.84	4.00
85	0.88	7.04	1.84	4.00
86	0.85	7.00	1.84	4.00
87	0.82	6.96	1.84	4.00
88	0.78	6.94	1.84	4.00
89	0.73	6.93	1.84	4.00
90	0.69	6.86	1.84	4.00
91	0.65	6.79	1.84	4.00
92	0.61	6.71	1.84	4.00
93	0.57	6.64	1.84	4.00
94	0.54	6.58	1.84	4.00
95	0.51	6.52	1.84	4.00
96	0.50	6.48	1.84	4.00
97	0.48	6.43	1.84	4.00
98	0.45	6.39	1.84	4.00
99	0.42	6.36	1.84	4.00
100	0.38	6.47	1.85	4.00
101	0.34	6.59	1.85	3.00
102	0.30	6.57	1.85	3.00
103	0.26	6.54	1.86	4.00
104	0.22	6.48	1.85	4.00
105	0.17	6.42	1.85	4.00
106	0.15	6.36	1.85	4.00
107	0.12	6.30	1.85	4.00
108	0.09	6.28	1.85	4.00
109	0.06	6.25	1.85	4.00
110	0.03	6.17	1.85	4.00
111	0.00	6.08	1.85	4.00
112	-0.05	6.13	1.85	4.00
113	-0.10	6.18	1.85	4.00
114	-0.13	6.12	1.85	4.00
115	-0.16	6.06	1.85	4.00
116	-0.20	5.98	1.85	4.00
117	-0.23	5.90	1.85	4.00
118	-0.26	5.83	1.85	4.00
119	-0.29	5.76	1.85	1.00
120	-0.33	5.68	1.85	1.00
121	-0.36	5.60	1.85	1.00
122	-0.40	5.53	1.85	1.00
123	-0.44	5.45	1.85	1.00
124	-0.48	5.39	1.85	1.00
125	-0.53	5.32	1.85	4.00
126	-0.57	5.23	1.85	4.00
127	-0.62	5.13	1.85	4.00
128	-0.65	5.03	1.85	4.00
129	-0.68	4.93	1.85	4.00
130	-0.71	4.85	1.85	4.00
131	-0.73	4.78	1.85	4.00
132	-0.77	4.72	1.85	4.00
133	-0.81	4.66	1.85	2.00
134	-0.86	4.71	1.85	2.00
135	-0.91	4.75	1.85	4.00
136	-0.95	4.71	1.85	4.00
137	-0.98	4.68	1.85	1.00
138	-1.02	4.67	1.85	1.00
139	-1.05	4.65	1.85	1.00
140	-1.09	4.63	1.85	1.00
141	-1.13	4.61	1.85	1.00
142	-1.16	4.60	1.85	1.00
143	-1.19	4.59	1.85	3.00
144	-1.22	4.57	1.85	3.00
145	-1.25	4.55	1.85	3.00
146	-1.27	4.53	1.85	3.00
147	-1.29	4.50	1.85	3.00
148	-1.31	4.47	1.85	3.00
149	-1.33	4.45	1.85	4.00
150	-1.37	4.43	1.85	4.00
151	-1.40	4.40	1.85	1.00
152	-1.46	4.41	1.85	1.00
153	-1.51	4.41	1.85	3.00
154	-1.56	4.42	1.85	3.00
155	-1.60	4.42	1.85	3.00
156	-1.66	4.44	1.85	3.00
157	-1.71	4.46	1.84	3.00
158	-1.74	4.42	1.84	3.00
159	-1.77	4.37	1.84	3.00
160	-1.81	4.36	1.84	3.00
161	-1.85	4.34	1.84	1.00
162	-1.88	4.32	1.84	1.00
163	-1.91	4.29	1.84	1.00
164	-1.95	4.26	1.84	1.00
165	-1.99	4.22	1.84	1.00
166	-2.06	4.21	1.84	1.00
167	-2.13	4.20	1.84	1.00
168	-2.15	4.11	1.84	1.00
169	-2.17	4.02	1.85	1.00
170	-2.20	3.93	1.85	1.00
171	-2.22	3.83	1.85	4.00
172	-2.22	3.76	1.85	4.00
173	-2.21	3.68	1.85	3.00
174	-2.29	3.68	1.85	3.00
175	-2.38	3.68	1.85	3.00
176	-2.40	3.65	1.85	3.00
177	-2.42	3.61	1.85	3.00
178	-2.44	3.56	1.85	3.00
179	-2.47	3.52	1.85	3.00
180	-2.52	3.47	1.85	3.00
181	-2.56	3.43	1.85	2.00
182	-2.59	3.36	1.85	2.00
183	-2.62	3.30	1.85	1.00
184	-2.64	3.24	1.85	1.00
185	-2.67	3.18	1.85	3.00
186	-2.71	3.11	1.85	3.00
187	-2.74	3.05	1.85	3.00
188	-2.78	2.99	1.85	3.00
189	-2.81	2.94	1.85	1.00
190	-2.84	2.89	1.85	1.00
191	-2.86	2.85	1.85	3.00
192	-2.88	2.79	1.85	3.00
193	-2.90	2.74	1.85	2.00
194	-2.98	2.75	1.85	2.00
195	-3.06	2.76	1.84	1.00
196	-3.08	2.70	1.84	1.00
197	-3.11	2.64	1.84	3.00
198	-3.13	2.56	1.84	3.00
199	-3.14	2.48	1.85	3.00
200	-3.22	2.46	1.84	3.00
201	-3.31	2.44	1.84	1.00
202	-3.34	2.35	1.84	1.00
203	-3.38	2.26	1.84	1.00
204	-3.41	2.19	1.85	1.00
205	-3.45	2.12	1.85	1.00
206	-3.51	2.06	1.84	1.00
207	-3.57	2.01	1.84	3.00
208	-3.60	1.93	1.85	3.00
209	-3.62	1.85	1.85	3.00
210	-3.66	1.77	1.85	3.00
211	-3.70	1.69	1.85	3.00
212	-3.73	1.60	1.85	3.00
213	-3.77	1.52	1.85	3.00
214	-3.76	1.43	1.85	3.00
215	-3.74	1.34	1.86	3.00
216	-3.74	1.29	1.86	3.00
217	-3.73	1.25	1.85	1.00
218	-3.68	1.19	1.85	1.00
219	-3.63	1.13	1.85	2.00
220	-3.72	1.03	1.85	2.00
221	-3.82	0.93	1.85	2.00
222	-3.79	0.84	1.86	2.00
223	-3.77	0.74	1.86	1.00
224	-3.90	0.67	1.85	1.00
225	-4.04	0.59	1.85	3.00
226	-4.06	0.52	1.85	3.00
227	-4.07	0.45	1.85	3.00
228	-4.08	0.38	1.85	3.00
229	-4.10	0.31	1.85	2.00
230	-4.13	0.24	1.85	2.00
231	-4.16	0.17	1.85	4.00
232	-4.17	0.08	1.85	4.00
233	-4.18	-0.01	1.85	3.00
234	-4.17	-0.11	1.85	3.00
235	-4.16	-0.22	1.84	3.00
236	-4.15	-0.28	1.84	3.00
237	-4.14	-0.35	1.84	3.00
238	-4.14	-0.42	1.84	3.00
239	-4.14	-0.50	1.84	3.00
240	-4.13	-0.55	1.84	3.00
241	-4.12	-0.61	1.84	3.00
242	-4.10	-0.65	1.84	3.00
243	-4.08	-0.70	1.84	2.00
244	-4.09	-0.75	1.84	2.00
245	-4.10	-0.79	1.84	2.00
246	-4.14	-0.84	1.84	2.00
247	-4.17	-0.88	1.84	2.00
248	-4.20	-0.93	1.83	2.00
249	-4.23	-0.97	1.83	3.00
250	-4.21	-0.99	1.83	3.00
251	-4.19	-1.01	1.83	3.00
252	-4.14	-1.04	1.84	3.00
253	-4.10	-1.07	1.84	3.00
254	-4.13	-1.13	1.84	3.00
255	-4.17	-1.20	1.84	3.00
256	-4.19	-1.25	1.84	3.00
257	-4.22	-1.31	1.84	2.00
258	-4.35	-1.39	1.83	2.00
259	-4.49	-1.47	1.83	2.00
260	-4.52	-1.52	1.83	2.00
261	-4.56	-1.58	1.83	3.00
262	-4.61	-1.66	1.83	3.00
263	-4.66	-1.73	1.83	3.00
264	-4.68	-1.78	1.83	3.00
265	-4.69	-1.83	1.83	3.00
266	-4.67	-1.87	1.83	3.00
267	-4.66	-1.91	1.83	3.00
268	-4.65	-1.95	1.83	3.00
269	-4.63	-1.99	1.83	2.00
270	-4.64	-2.03	1.83	2.00
271	-4.64	-2.07	1.83	2.00
272	-4.62	-2.11	1.83	2.00
273	-4.61	-2.14	1.83	4.00
274	-4.60	-2.17	1.82	4.00
275	-4.59	-2.21	1.82	4.00
276	-4.58	-2.25	1.82	4.00
277	-4.58	-2.28	1.82	2.00
278	-4.59	-2.33	1.82	2.00
279	-4.60	-2.37	1.82	2.00
280	-4.61	-2.41	1.82	2.00
281	-4.62	-2.45	1.82	3.00
282	-4.65	-2.51	1.82	3.00
283	-4.68	-2.56	1.82	3.00
284	-4.71	-2.63	1.82	3.00
285	-4.75	-2.70	1.82	3.00
286	-4.79	-2.77	1.82	3.00
287	-4.84	-2.84	1.82	3.00
288	-4.86	-2.89	1.82	3.00
289	-4.89	-2.93	1.82	3.00
290	-4.90	-2.97	1.82	3.00
291	-4.92	-3.01	1.82	4.00
292	-4.95	-3.07	1.82	4.00
293	-4.98	-3.13	1.82	4.00
294	-4.99	-3.16	1.82	4.00
295	-4.99	-3.18	1.82	4.00
296	-5.00	-3.23	1.82	4.00
297	-5.01	-3.27	1.82	4.00
298	-5.02	-3.32	1.82	4.00
299	-5.04	-3.37	1.82	4.00
300	-5.05	-3.42	1.82	4.00
301	-5.07	-3.47	1.82	3.00
302	-5.06	-3.50	1.82	3.00
303	-5.06	-3.53	1.82	3.00
304	-5.08	-3.58	1.82	3.00
305	-5.09	-3.62	1.82	3.00
306	-5.08	-3.64	1.82	3.00
307	-5.07	-3.67	1.82	3.00
308	-5.11	-3.73	1.82	3.00
309	-5.14	-3.80	1.83	3.00
310	-5.14	-3.84	1.82	3.00
311	-5.14	-3.89	1.82	3.00
312	-5.16	-3.96	1.82	3.00
313	-5.18	-4.02	1.82	3.00
314	-5.21	-4.08	1.82	3.00
315	-5.24	-4.13	1.82	4.00
316	-5.25	-4.18	1.82	4.00
317	-5.27	-4.23	1.82	4.00
318	-5.28	-4.29	1.82	4.00
319	-5.30	-4.35	1.82	4.00
320	-5.31	-4.39	1.82	4.00
321	-5.32	-4.44	1.82	4.00
322	-5.34	-4.48	1.82	4.00
323	-5.36	-4.52	1.82	3.00
324	-5.35	-4.56	1.82	3.00
325	-5.34	-4.60	1.82	3.00
326	-5.34	-4.66	1.82	3.00
327	-5.34	-4.73	1.82	3.00
328	-5.32	-4.78	1.82	3.00
329	-5.30	-4.82	1.82	3.00
330	-5.30	-4.87	1.82	3.00
331	-5.30	-4.92	1.82	3.00
332	-5.28	-4.96	1.82	3.00
333	-5.26	-5.00	1.82	3.00
334	-5.27	-5.05	1.82	3.00
335	-5.29	-5.11	1.82	2.00
336	-5.25	-5.14	1.82	2.00
337	-5.21	-5.17	1.82	4.00
338	-5.18	-5.20	1.82	4.00
339	-5.15	-5.23	1.82	4.00
340	-5.14	-5.27	1.82	4.00
341	-5.13	-5.31	1.82	4.00
342	-5.14	-5.42	1.82	4.00
343	-5.15	-5.52	1.82	3.00
344	-5.16	-5.60	1.82	3.00
345	-5.17	-5.68	1.82	3.00
346	-5.16	-5.72	1.82	3.00
347	-5.15	-5.77	1.82	3.00
348	-5.14	-5.82	1.82	3.00
349	-5.13	-5.86	1.82	3.00
350	-5.14	-5.94	1.82	3.00
351	-5.14	-6.01	1.82	3.00
352	-5.14	-6.07	1.82	3.00
353	-5.13	-6.12	1.82	3.00
354	-5.11	-6.16	1.82	3.00
355	-5.09	-6.20	1.82	3.00
356	-5.08	-6.25	1.82	3.00
357	-5.07	-6.31	1.82	3.00
358	-5.04	-6.34	1.82	3.00
359	-5.01	-6.36	1.82	4.00
360	-4.98	-6.38	1.82	4.00
361	-4.95	-6.39	1.82	4.00
362	-4.92	-6.42	1.82	4.00
363	-4.90	-6.44	1.82	4.00
364	-4.87	-6.49	1.82	4.00
365	-4.85	-6.54	1.82	3.00
366	-4.85	-6.59	1.82	3.00
367	-4.85	-6.64	1.82	3.00
368	-4.85	-6.72	1.82	3.00
369	-4.86	-6.79	1.82	3.00
370	-4.88	-6.89	1.82	3.00
371	-4.90	-6.98	1.82	3.00
372	-4.89	-7.06	1.82	3.00
373	-4.88	-7.14	1.82	3.00
Target 6 (frames from 53 to 373)
Bounding Boxes (frame, x, y, width, height)
53	725	356	62	124
54	725	354	62	125
55	724	353	63	127
56	724	352	64	128
57	723	350	64	129
58	723	349	65	130
59	723	348	65	131
60	723	347	66	132
61	723	346	66	132
62	723	345	66	133
63	724	345	66	133
64	724	344	66	133
65	725	344	66	132
66	725	344	66	132
67	726	344	66	132
68	726	343	66	132
69	727	343	66	132
70	727	342	66	133
71	728	342	67	134
72	728	341	67	135
73	728	340	68	137
74	729	340	69	139
75	729	339	70	140
76	729	338	71	142
77	729	337	72	144
78	729	336	73	146
79	729	336	73	147
80	728	335	74	149
81	728	334	75	150
82	727	333	75	151
83	727	332	76	152
84	727	331	76	153
85	727	331	76	153
86	727	330	77	154
87	728	329	77	155
88	729	329	78	156
89	730	328	79	158
90	732	328	80	160
91	734	327	81	162
92	736	327	82	165
93	738	326	83	167
94	740	326	85	170
95	742	326	86	172
96	744	325	87	175
97	746	325	88	177
98	747	325	89	179
99	749	325	91	182
100	750	326	92	184
101	750	326	93	186
102	751	326	94	188
103	751	326	95	190
104	751	327	96	193
105	751	327	97	195
106	751	327	98	197
107	751	327	99	199
108	750	327	100	200
109	750	327	101	202
110	749	326	101	203
111	749	325	102	205
112	749	324	103	207
113	748	322	104	209
114	748	321	105	211
115	748	320	106	213
116	747	318	107	215
117	746	317	108	217
118	745	315	110	220
119	743	313	112	224
120	742	312	114	228
121	739	309	116	232
122	737	307	118	236
123	734	305	119	238
124	732	303	120	241
125	729	302	121	243
126	727	300	123	246
127	725	300	124	248
128	724	299	125	250
129	725	298	125	251
130	726	298	125	251
131	728	298	125	251
132	731	298	125	250
133	734	298	124	249
134	737	298	124	249
135	739	299	124	249
136	740	299	125	250
137	740	300	125	251
138	739	300	126	253
139	736	300	127	255
140	733	299	128	256
141	729	299	129	258
142	724	299	130	260
143	720	299	131	263
144	716	298	132	265
145	713	296	133	267
146	711	294	134	269
147	711	293	135	270
148	711	291	135	271
149	712	290	135	271
150	713	288	136	272
151	715	288	136	273
152	715	288	137	274
153	715	289	137	275
154	713	291	137	275
155	710	294	138	276
156	706	296	138	276
157	701	299	138	276
158	694	302	138	276
159	687	304	137	275
160	680	306	137	275
161	672	307	137	275
162	664	308	137	275
163	656	310	137	274
164	649	311	136	273
165	641	313	135	271
166	633	314	134	269
167	626	316	133	267
168	620	317	132	265
169	613	318	131	262
170	607	318	130	260
171	602	318	128	257
172	598	316	127	255
173	594	314	126	253
174	591	310	126	252
175	589	306	125	251
176	589	302	125	250
177	590	297	125	251
178	591	292	126	252
179	594	288	127	255
180	597	285	128	257
181	601	283	129	258
182	606	282	130	260
183	610	282	130	261
184	613	283	130	261
185	616	285	130	261
186	619	287	130	261
187	620	290	130	261
188	620	293	130	260
189	619	296	130	260
190	618	298	129	259
191	615	301	129	259
192	613	304	129	258
193	610	306	129	259
194	608	308	129	259
195	605	310	130	260
196	601	311	130	260
197	598	313	130	260
198	594	315	130	260
199	591	316	130	260
200	587	317	129	259
201	583	318	128	257
202	580	319	127	254
203	576	319	125	250
204	572	320	123	247
205	567	321	121	243
206	562	322	119	239
207	558	323	118	236
208	553	323	116	233
209	549	324	115	230
210	546	324	114	229
211	543	324	114	228
212	540	323	114	228
213	537	322	113	227
214	534	321	113	227
215	531	320	113	227
216	529	318	114	228
217	527	316	114	229
218	526	315	115	230
219	526	313	115	230
220	525	312	114	229
221	525	312	114	229
222	525	312	114	228
223	524	312	113	227
224	524	313	113	226
225	524	313	112	225
226	524	314	111	223
227	524	316	110	221
228	525	317	109	218
229	526	318	108	216
230	527	319	106	213
231	529	320	105	210
232	530	321	103	207
233	532	321	102	204
234	534	321	101	202
235	536	321	100	200
236	538	321	99	198
237	540	321	98	196
238	542	320	97	194
239	544	320	96	193
240	546	320	95	191
241	548	319	94	189
242	550	319	93	187
243	551	319	92	185
244	553	319	91	183
245	555	319	90	181
246	557	320	89	179
247	559	320	88	176
248	561	321	87	174
249	562	321	86	173
250	564	322	85	171
251	565	323	85	170
252	566	324	84	168
253	567	324	83	167
254	568	324	83	166
255	569	325	82	165
256	571	325	82	164
257	573	325	81	163
258	575	326	80	161
259	578	326	80	160
260	580	325	79	159
261	582	325	79	158
262	585	325	78	157
263	587	324	77	155
264	590	324	77	155
265	592	323	77	154
266	594	323	76	153
267	596	323	76	152
268	597	323	76	152
269	599	324	75	151
270	600	324	75	150
271	602	325	74	149
272	603	326	74	148
273	604	327	73	147
274	605	328	72	145
275	606	330	72	144
276	607	331	71	143
277	607	333	71	142
278	608	334	70	140
279	609	334	69	139
280	609	335	68	137
281	610	335	68	136
282	610	335	67	135
283	610	335	67	134
284	610	335	66	133
285	611	335	66	132
286	611	335	65	131
287	611	335	65	130
288	611	335	64	129
289	611	334	64	129
290	611	334	64	128
291	611	334	64	128
292	612	333	63	127
293	612	333	63	127
294	613	333	63	126
295	613	332	63	126
296	614	332	62	125
297	615	331	62	124
298	616	331	62	124
299	616	331	61	123
300	617	331	61	123
301	618	331	61	122
302	618	331	60	121
303	618	332	60	121
304	619	332	60	120
305	619	333	60	120
306	619	334	59	119
307	618	334	59	119
308	618	335	59	119
309	618	336	59	118
310	619	337	59	118
311	619	337	58	117
312	620	338	58	116
313	621	339	57	115
314	622	340	57	115
315	623	340	57	114
316	624	341	56	113
317	625	342	56	112
318	626	342	56	112
319	626	342	55	111
320	626	343	55	111
321	626	343	55	110
322	626	344	55	110
323	625	344	54	109
324	625	345	54	109
325	624	346	54	108
326	623	348	53	107
327	622	349	53	107
328	622	350	53	106
329	621	351	53	106
330	621	351	52	105
331	621	352	52	105
332	620	352	52	104
333	620	352	51	103
334	621	352	51	103
335	621	351	51	102
336	621	351	50	101
337	621	351	50	101
338	622	350	50	100
339	621	350	49	99
340	621	350	49	99
341	621	350	49	98
342	621	350	49	98
343	621	350	48	97
344	622	351	48	96
345	622	351	48	96
346	622	352	47	95
347	623	352	47	95
348	623	353	47	95
349	624	353	47	94
350	624	354	47	94
351	625	354	46	93
352	626	355	46	93
353	626	355	46	92
354	626	356	46	92
355	626	357	46	92
356	626	357	45	91
357	626	358	45	91
358	625	359	45	90
359	625	359	45	90
360	624	360	45	90
361	623	361	44	89
362	623	362	44	89
363	622	363	44	89
364	621	364	44	89
365	621	364	44	88
366	620	365	44	88
367	620	365	44	88
368	620	365	44	88
369	619	365	44	88
370	619	365	44	88
371	618	365	44	88
372	618	365	44	88
373	618	364	44	88
3D Trajetory (frame, x, z, height, pose)
53	0.72	6.87	1.65	3.00
54	0.68	6.81	1.66	3.00
55	0.63	6.74	1.68	4.00
56	0.61	6.71	1.68	4.00
57	0.59	6.67	1.68	4.00
58	0.56	6.58	1.69	4.00
59	0.52	6.50	1.70	2.00
60	0.50	6.46	1.69	2.00
61	0.47	6.43	1.68	2.00
62	0.45	6.43	1.68	2.00
63	0.42	6.43	1.68	4.00
64	0.40	6.46	1.67	4.00
65	0.38	6.49	1.67	3.00
66	0.36	6.51	1.67	3.00
67	0.33	6.54	1.67	4.00
68	0.30	6.50	1.67	4.00
69	0.27	6.47	1.67	4.00
70	0.24	6.44	1.67	4.00
71	0.21	6.42	1.67	4.00
72	0.19	6.36	1.67	4.00
73	0.17	6.30	1.66	4.00
74	0.14	6.19	1.66	4.00
75	0.12	6.09	1.66	4.00
76	0.10	6.00	1.66	4.00
77	0.09	5.91	1.66	4.00
78	0.06	5.84	1.67	4.00
79	0.04	5.77	1.67	2.00
80	-0.01	5.75	1.67	2.00
81	-0.05	5.72	1.66	1.00
82	-0.09	5.65	1.66	1.00
83	-0.13	5.59	1.66	3.00
84	-0.17	5.60	1.66	3.00
85	-0.22	5.61	1.67	3.00
86	-0.26	5.54	1.67	3.00
87	-0.29	5.47	1.66	3.00
88	-0.33	5.47	1.67	3.00
89	-0.37	5.48	1.67	3.00
90	-0.39	5.41	1.66	3.00
91	-0.42	5.34	1.66	1.00
92	-0.44	5.25	1.66	1.00
93	-0.47	5.16	1.66	3.00
94	-0.50	5.04	1.66	3.00
95	-0.53	4.91	1.66	3.00
96	-0.55	4.83	1.65	3.00
97	-0.57	4.75	1.65	4.00
98	-0.60	4.74	1.65	4.00
99	-0.64	4.73	1.65	1.00
100	-0.66	4.68	1.65	1.00
101	-0.69	4.62	1.65	3.00
102	-0.72	4.55	1.65	3.00
103	-0.76	4.48	1.65	3.00
104	-0.80	4.43	1.65	3.00
105	-0.84	4.37	1.64	4.00
106	-0.87	4.29	1.64	4.00
107	-0.90	4.21	1.64	4.00
108	-0.94	4.17	1.64	4.00
109	-0.97	4.13	1.64	3.00
110	-0.99	4.07	1.64	3.00
111	-1.02	4.00	1.64	3.00
112	-1.07	4.04	1.64	3.00
113	-1.13	4.09	1.64	3.00
114	-1.14	4.01	1.64	3.00
115	-1.15	3.93	1.64	4.00
116	-1.17	3.84	1.64	4.00
117	-1.19	3.74	1.64	2.00
118	-1.22	3.68	1.64	2.00
119	-1.24	3.62	1.64	3.00
120	-1.27	3.56	1.64	3.00
121	-1.31	3.50	1.64	3.00
122	-1.34	3.43	1.64	3.00
123	-1.36	3.35	1.64	1.00
124	-1.38	3.27	1.64	1.00
125	-1.40	3.18	1.64	1.00
126	-1.42	3.13	1.64	1.00
127	-1.45	3.08	1.64	1.00
128	-1.51	3.08	1.64	1.00
129	-1.57	3.08	1.64	1.00
130	-1.59	3.05	1.64	1.00
131	-1.61	3.01	1.64	3.00
132	-1.62	2.96	1.64	3.00
133	-1.62	2.91	1.64	2.00
134	-1.68	2.98	1.64	2.00
135	-1.73	3.06	1.64	1.00
136	-1.77	3.06	1.64	1.00
137	-1.80	3.07	1.64	1.00
138	-1.82	2.99	1.64	1.00
139	-1.84	2.91	1.64	1.00
140	-1.85	2.81	1.64	1.00
141	-1.85	2.70	1.64	1.00
142	-1.88	2.64	1.64	1.00
143	-1.91	2.57	1.65	1.00
144	-1.95	2.52	1.64	1.00
145	-1.98	2.46	1.64	1.00
146	-2.02	2.45	1.64	1.00
147	-2.06	2.44	1.64	1.00
148	-2.08	2.40	1.64	1.00
149	-2.11	2.37	1.64	3.00
150	-2.12	2.34	1.64	3.00
151	-2.13	2.30	1.64	3.00
152	-2.16	2.25	1.64	3.00
153	-2.18	2.20	1.64	1.00
154	-2.21	2.17	1.64	1.00
155	-2.24	2.13	1.64	3.00
156	-2.26	2.09	1.64	3.00
157	-2.29	2.04	1.64	3.00
158	-2.33	1.98	1.64	3.00
159	-2.37	1.93	1.64	3.00
160	-2.42	1.88	1.64	3.00
161	-2.46	1.83	1.64	1.00
162	-2.50	1.78	1.64	1.00
163	-2.54	1.73	1.64	3.00
164	-2.56	1.68	1.64	3.00
165	-2.59	1.63	1.64	3.00
166	-2.60	1.58	1.64	3.00
167	-2.61	1.53	1.64	3.00
168	-2.66	1.48	1.64	3.00
169	-2.70	1.42	1.64	3.00
170	-2.85	1.41	1.64	3.00
171	-2.99	1.40	1.64	3.00
172	-3.01	1.34	1.64	3.00
173	-3.04	1.29	1.64	3.00
174	-3.05	1.22	1.64	3.00
175	-3.06	1.15	1.64	3.00
176	-3.06	1.11	1.64	3.00
177	-3.07	1.08	1.64	3.00
178	-3.06	1.03	1.64	3.00
179	-3.05	0.98	1.63	3.00
180	-3.05	0.96	1.63	3.00
181	-3.04	0.93	1.63	3.00
182	-3.04	0.89	1.64	3.00
183	-3.04	0.86	1.64	4.00
184	-3.03	0.83	1.64	4.00
185	-3.03	0.80	1.64	1.00
186	-3.03	0.77	1.64	1.00
187	-3.03	0.75	1.64	3.00
188	-3.04	0.72	1.64	3.00
189	-3.05	0.70	1.63	3.00
190	-3.13	0.66	1.64	3.00
191	-3.21	0.62	1.64	3.00
192	-3.18	0.58	1.64	3.00
193	-3.16	0.54	1.64	1.00
194	-3.14	0.48	1.63	1.00
195	-3.12	0.42	1.63	1.00
196	-3.12	0.38	1.63	1.00
197	-3.12	0.34	1.63	1.00
198	-3.11	0.30	1.63	1.00
199	-3.11	0.26	1.63	1.00
200	-3.10	0.22	1.63	1.00
201	-3.08	0.18	1.63	2.00
202	-3.21	0.07	1.63	2.00
203	-3.34	-0.05	1.63	2.00
204	-3.36	-0.11	1.63	2.00
205	-3.38	-0.17	1.63	3.00
206	-3.40	-0.23	1.63	3.00
207	-3.42	-0.30	1.63	3.00
208	-3.51	-0.38	1.64	3.00
209	-3.60	-0.46	1.64	3.00
210	-3.59	-0.53	1.64	3.00
211	-3.59	-0.60	1.64	1.00
212	-3.56	-0.65	1.64	1.00
213	-3.53	-0.71	1.64	1.00
214	-3.51	-0.74	1.63	1.00
215	-3.50	-0.78	1.63	3.00
216	-3.49	-0.84	1.63	3.00
217	-3.48	-0.90	1.63	3.00
218	-3.48	-0.94	1.63	3.00
219	-3.48	-0.99	1.64	3.00
220	-3.47	-1.02	1.64	3.00
221	-3.46	-1.06	1.64	4.00
222	-3.43	-1.09	1.64	4.00
223	-3.41	-1.11	1.64	4.00
224	-3.42	-1.16	1.64	4.00
225	-3.44	-1.21	1.64	3.00
226	-3.48	-1.27	1.63	3.00
227	-3.52	-1.34	1.63	3.00
228	-3.53	-1.39	1.63	3.00
229	-3.54	-1.44	1.63	3.00
230	-3.56	-1.50	1.63	3.00
231	-3.57	-1.56	1.63	1.00
232	-3.63	-1.60	1.63	1.00
233	-3.68	-1.64	1.63	4.00
234	-3.71	-1.67	1.63	4.00
235	-3.74	-1.71	1.63	4.00
236	-3.76	-1.76	1.63	4.00
237	-3.79	-1.81	1.63	1.00
238	-3.80	-1.86	1.63	1.00
239	-3.81	-1.90	1.63	4.00
240	-3.80	-1.96	1.63	4.00
241	-3.80	-2.01	1.63	2.00
242	-3.82	-2.06	1.63	2.00
243	-3.84	-2.11	1.63	3.00
244	-3.88	-2.17	1.63	3.00
245	-3.92	-2.22	1.63	3.00
246	-3.98	-2.28	1.63	3.00
247	-4.03	-2.33	1.63	3.00
248	-4.07	-2.39	1.63	3.00
249	-4.10	-2.46	1.63	2.00
250	-4.09	-2.50	1.63	2.00
251	-4.09	-2.54	1.63	2.00
252	-4.09	-2.57	1.63	2.00
253	-4.10	-2.60	1.63	2.00
254	-4.10	-2.64	1.63	2.00
255	-4.10	-2.68	1.63	2.00
256	-4.12	-2.73	1.63	2.00
257	-4.15	-2.79	1.63	2.00
258	-4.19	-2.84	1.63	2.00
259	-4.23	-2.89	1.63	4.00
260	-4.25	-2.93	1.63	4.00
261	-4.27	-2.97	1.63	4.00
262	-4.27	-2.99	1.63	4.00
263	-4.27	-3.00	1.63	2.00
264	-4.27	-3.04	1.63	2.00
265	-4.27	-3.07	1.63	2.00
266	-4.29	-3.11	1.63	2.00
267	-4.31	-3.15	1.63	2.00
268	-4.34	-3.19	1.63	2.00
269	-4.36	-3.24	1.63	2.00
270	-4.36	-3.26	1.63	2.00
271	-4.36	-3.29	1.63	2.00
272	-4.37	-3.33	1.63	2.00
273	-4.38	-3.38	1.63	4.00
274	-4.40	-3.43	1.63	4.00
275	-4.42	-3.48	1.63	4.00
276	-4.44	-3.53	1.63	4.00
277	-4.47	-3.59	1.63	4.00
278	-4.50	-3.65	1.63	4.00
279	-4.52	-3.71	1.63	4.00
280	-4.56	-3.77	1.62	4.00
281	-4.59	-3.83	1.62	4.00
282	-4.60	-3.89	1.62	4.00
283	-4.61	-3.95	1.62	2.00
284	-4.63	-4.00	1.62	2.00
285	-4.64	-4.05	1.62	4.00
286	-4.64	-4.09	1.63	4.00
287	-4.64	-4.13	1.63	4.00
288	-4.64	-4.18	1.63	4.00
289	-4.65	-4.23	1.63	4.00
290	-4.66	-4.28	1.63	4.00
291	-4.68	-4.32	1.63	2.00
292	-4.67	-4.35	1.63	2.00
293	-4.66	-4.38	1.63	3.00
294	-4.65	-4.41	1.63	3.00
295	-4.65	-4.44	1.63	4.00
296	-4.65	-4.48	1.63	4.00
297	-4.65	-4.52	1.63	4.00
298	-4.67	-4.56	1.63	4.00
299	-4.68	-4.61	1.63	4.00
300	-4.70	-4.65	1.63	4.00
301	-4.72	-4.69	1.62	2.00
302	-4.73	-4.75	1.62	2.00
303	-4.74	-4.82	1.62	4.00
304	-4.71	-4.84	1.62	4.00
305	-4.68	-4.87	1.62	4.00
306	-4.67	-4.92	1.62	4.00
307	-4.67	-4.97	1.62	4.00
308	-4.64	-5.00	1.63	4.00
309	-4.62	-5.02	1.63	4.00
310	-4.62	-5.07	1.63	4.00
311	-4.62	-5.11	1.63	2.00
312	-4.63	-5.19	1.63	2.00
313	-4.64	-5.27	1.63	2.00
314	-4.66	-5.34	1.63	2.00
315	-4.69	-5.42	1.63	2.00
316	-4.69	-5.48	1.63	2.00
317	-4.69	-5.53	1.63	2.00
318	-4.68	-5.57	1.63	2.00
319	-4.66	-5.61	1.63	2.00
320	-4.66	-5.66	1.63	2.00
321	-4.65	-5.71	1.63	3.00
322	-4.64	-5.77	1.63	3.00
323	-4.64	-5.82	1.63	3.00
324	-4.62	-5.87	1.63	3.00
325	-4.60	-5.92	1.62	3.00
326	-4.58	-5.98	1.62	3.00
327	-4.57	-6.04	1.62	4.00
328	-4.55	-6.08	1.62	4.00
329	-4.54	-6.12	1.62	2.00
330	-4.56	-6.19	1.62	2.00
331	-4.57	-6.26	1.62	2.00
332	-4.56	-6.32	1.62	2.00
333	-4.56	-6.38	1.62	2.00
334	-4.54	-6.43	1.62	2.00
335	-4.52	-6.48	1.62	4.00
336	-4.52	-6.55	1.62	4.00
337	-4.52	-6.62	1.62	3.00
338	-4.53	-6.71	1.62	3.00
339	-4.54	-6.79	1.62	3.00
340	-4.53	-6.86	1.62	3.00
341	-4.52	-6.93	1.62	3.00
342	-4.50	-6.98	1.62	3.00
343	-4.47	-7.04	1.62	3.00
344	-4.47	-7.11	1.62	3.00
345	-4.46	-7.19	1.63	3.00
346	-4.45	-7.23	1.62	3.00
347	-4.44	-7.27	1.62	3.00
348	-4.43	-7.31	1.62	3.00
349	-4.43	-7.35	1.63	3.00
350	-4.42	-7.42	1.63	3.00
351	-4.41	-7.49	1.63	3.00
352	-4.38	-7.54	1.62	3.00
353	-4.35	-7.58	1.62	3.00
354	-4.35	-7.66	1.62	3.00
355	-4.34	-7.73	1.62	4.00
356	-4.32	-7.78	1.63	4.00
357	-4.30	-7.83	1.63	2.00
358	-4.26	-7.89	1.63	2.00
359	-4.23	-7.95	1.63	3.00
360	-4.19	-7.99	1.63	3.00
361	-4.16	-8.04	1.63	3.00
362	-4.13	-8.10	1.63	3.00
363	-4.11	-8.17	1.63	3.00
364	-4.07	-8.22	1.63	3.00
365	-4.04	-8.27	1.63	1.00
366	-4.00	-8.31	1.63	1.00
367	-3.97	-8.36	1.63	2.00
368	-3.93	-8.40	1.63	2.00
369	-3.89	-8.44	1.63	3.00
370	-3.84	-8.45	1.63	3.00
371	-3.80	-8.46	1.64	3.00
372	-3.75	-8.47	1.64	3.00
373	-3.69	-8.47	1.64	3.00
Target 7 (frames from 79 to 111)
Bounding Boxes (frame, x, y, width, height)
79	685	327	75	150
80	684	324	77	154
81	683	322	79	158
82	683	321	80	161
83	683	319	82	164
84	683	317	83	167
85	683	316	84	169
86	684	315	85	171
87	685	314	86	173
88	686	313	87	175
89	688	313	88	176
90	691	313	88	177
91	694	313	88	177
92	696	313	88	177
93	699	313	88	176
94	702	313	87	175
95	705	313	87	174
96	707	313	86	173
97	710	312	86	173
98	713	312	86	172
99	715	312	86	172
100	718	312	86	172
101	720	312	86	173
102	722	312	87	174
103	723	312	88	176
104	725	312	88	177
105	726	311	89	179
106	728	311	91	182
107	729	311	92	184
108	730	311	93	187
109	730	311	95	191
110	731	311	97	194
111	732	310	99	199
3D Trajetory (frame, x, z, height, pose)
79	-0.46	5.89	1.76	4.00
80	-0.49	5.85	1.78	4.00
81	-0.52	5.81	1.80	3.00
82	-0.55	5.70	1.81	3.00
83	-0.57	5.60	1.83	4.00
84	-0.60	5.52	1.83	4.00
85	-0.64	5.43	1.83	4.00
86	-0.65	5.34	1.83	4.00
87	-0.67	5.25	1.83	4.00
88	-0.69	5.20	1.82	4.00
89	-0.70	5.14	1.82	3.00
90	-0.74	5.20	1.81	3.00
91	-0.78	5.25	1.81	3.00
92	-0.82	5.26	1.81	3.00
93	-0.86	5.27	1.81	3.00
94	-0.85	5.04	1.79	3.00
95	-0.84	4.82	1.77	3.00
96	-0.93	5.11	1.79	3.00
97	-1.02	5.40	1.82	2.00
98	-1.07	5.42	1.82	2.00
99	-1.12	5.45	1.82	3.00
100	-1.13	5.37	1.82	3.00
101	-1.15	5.29	1.83	3.00
102	-1.18	5.29	1.83	3.00
103	-1.22	5.28	1.83	3.00
104	-1.23	5.17	1.82	3.00
105	-1.25	5.07	1.82	3.00
106	-1.26	4.98	1.82	3.00
107	-1.27	4.90	1.82	3.00
108	-1.28	4.77	1.82	3.00
109	-1.30	4.64	1.82	3.00
110	-1.35	4.69	1.82	3.00
111	-1.40	4.73	1.83	3.00
Target 8 (frames from 139 to 239)
Bounding Boxes (frame, x, y, width, height)
139	775	292	92	184
140	778	290	93	186
141	781	288	94	188
142	784	287	94	189
143	788	285	95	191
144	791	284	96	192
145	794	283	97	194
146	798	282	97	195
147	801	281	98	196
148	805	280	99	198
149	811	278	99	199
150	816	277	100	200
151	821	276	100	201
152	825	276	101	202
153	828	277	101	203
154	830	278	102	204
155	832	280	102	205
156	832	283	103	206
157	830	285	103	207
158	828	287	104	209
159	825	289	104	209
160	822	291	105	210
161	818	292	105	210
162	814	293	105	211
163	810	294	106	212
164	806	295	106	213
165	802	297	106	213
166	798	298	107	214
167	794	299	107	214
168	790	300	107	215
169	785	300	108	217
170	780	300	109	218
171	777	299	110	220
172	773	297	110	221
173	770	294	111	223
174	768	290	112	224
175	768	286	113	226
176	769	281	113	227
177	771	275	113	227
178	775	270	114	228
179	779	266	114	228
180	785	263	114	228
181	792	261	113	227
182	798	261	113	226
183	805	261	112	224
184	811	262	111	222
185	817	264	110	220
186	822	266	109	218
187	826	269	108	216
188	828	273	107	214
189	830	276	106	212
190	831	279	105	211
191	830	281	105	210
192	828	284	104	209
193	825	286	104	209
194	822	288	104	209
195	818	290	104	209
196	814	292	105	210
197	810	293	105	210
198	806	295	105	210
199	801	296	105	210
200	797	297	104	209
201	793	298	104	208
202	790	299	103	207
203	786	300	103	206
204	783	301	102	204
205	780	302	101	202
206	777	303	100	201
207	774	304	99	199
208	770	304	98	197
209	766	305	98	196
210	763	305	97	194
211	759	305	96	193
212	756	305	96	192
213	752	304	95	191
214	749	303	95	190
215	746	302	94	189
216	743	301	94	189
217	739	299	94	189
218	736	297	94	188
219	733	296	94	188
220	730	295	94	188
221	728	295	93	187
222	725	295	93	186
223	722	296	93	186
224	720	296	92	185
225	717	297	91	183
226	715	298	91	182
227	713	300	90	181
228	711	301	89	179
229	710	302	89	178
230	708	303	88	176
231	707	304	87	175
232	707	304	87	174
233	706	304	86	173
234	706	305	86	172
235	705	305	85	171
236	705	305	85	170
237	706	305	84	169
238	706	304	84	168
239	707	304	83	167
3D Trajetory (frame, x, z, height, pose)
139	-2.66	4.59	1.83	3.00
140	-2.68	4.55	1.83	3.00
141	-2.70	4.51	1.84	4.00
142	-2.67	4.40	1.83	4.00
143	-2.65	4.30	1.82	2.00
144	-2.67	4.28	1.81	2.00
145	-2.68	4.26	1.81	1.00
146	-2.69	4.23	1.81	1.00
147	-2.70	4.21	1.81	1.00
148	-2.73	4.20	1.82	1.00
149	-2.76	4.18	1.82	1.00
150	-2.82	4.16	1.82	1.00
151	-2.87	4.15	1.83	2.00
152	-2.87	4.11	1.83	2.00
153	-2.87	4.08	1.83	4.00
154	-2.88	4.05	1.83	4.00
155	-2.90	4.01	1.83	1.00
156	-2.94	3.99	1.83	1.00
157	-2.97	3.97	1.84	1.00
158	-3.00	3.85	1.84	1.00
159	-3.02	3.72	1.84	1.00
160	-3.08	3.72	1.84	1.00
161	-3.14	3.72	1.84	1.00
162	-3.13	3.65	1.84	1.00
163	-3.11	3.59	1.84	1.00
164	-3.12	3.51	1.84	1.00
165	-3.13	3.44	1.84	1.00
166	-3.17	3.43	1.84	1.00
167	-3.22	3.41	1.84	1.00
168	-3.22	3.31	1.84	1.00
169	-3.21	3.21	1.83	1.00
170	-3.25	3.14	1.84	1.00
171	-3.30	3.08	1.84	1.00
172	-3.31	3.00	1.84	1.00
173	-3.32	2.92	1.84	1.00
174	-3.32	2.83	1.84	1.00
175	-3.33	2.75	1.84	3.00
176	-3.34	2.70	1.84	3.00
177	-3.35	2.65	1.84	3.00
178	-3.40	2.64	1.84	3.00
179	-3.45	2.62	1.85	3.00
180	-3.51	2.63	1.85	3.00
181	-3.58	2.64	1.85	1.00
182	-3.64	2.65	1.86	1.00
183	-3.69	2.67	1.86	1.00
184	-3.75	2.67	1.86	1.00
185	-3.81	2.67	1.86	1.00
186	-3.88	2.66	1.86	1.00
187	-3.95	2.65	1.86	1.00
188	-4.04	2.68	1.86	1.00
189	-4.13	2.71	1.86	3.00
190	-4.15	2.69	1.86	3.00
191	-4.17	2.68	1.86	3.00
192	-4.23	2.63	1.86	3.00
193	-4.28	2.58	1.86	1.00
194	-4.27	2.50	1.86	1.00
195	-4.25	2.42	1.86	1.00
196	-4.27	2.33	1.86	1.00
197	-4.30	2.24	1.86	2.00
198	-4.29	2.14	1.86	2.00
199	-4.28	2.05	1.86	2.00
200	-4.35	2.00	1.86	2.00
201	-4.43	1.94	1.86	2.00
202	-4.49	1.87	1.86	2.00
203	-4.55	1.81	1.86	3.00
204	-4.60	1.75	1.86	3.00
205	-4.64	1.68	1.86	1.00
206	-4.69	1.58	1.86	1.00
207	-4.73	1.48	1.86	1.00
208	-4.78	1.42	1.86	1.00
209	-4.83	1.36	1.86	3.00
210	-4.88	1.29	1.86	3.00
211	-4.93	1.21	1.86	3.00
212	-4.97	1.14	1.86	3.00
213	-5.01	1.07	1.86	2.00
214	-5.04	0.97	1.86	2.00
215	-5.07	0.87	1.86	2.00
216	-5.09	0.82	1.86	2.00
217	-5.12	0.76	1.86	4.00
218	-5.10	0.67	1.86	4.00
219	-5.09	0.57	1.85	4.00
220	-5.07	0.49	1.85	4.00
221	-5.06	0.41	1.85	2.00
222	-5.08	0.33	1.85	2.00
223	-5.11	0.26	1.85	2.00
224	-5.16	0.18	1.85	2.00
225	-5.21	0.10	1.85	2.00
226	-5.24	0.01	1.85	2.00
227	-5.28	-0.07	1.85	1.00
228	-5.32	-0.15	1.85	1.00
229	-5.36	-0.23	1.85	3.00
230	-5.39	-0.30	1.85	3.00
231	-5.42	-0.37	1.85	3.00
232	-5.43	-0.44	1.85	3.00
233	-5.45	-0.50	1.85	2.00
234	-5.47	-0.57	1.85	2.00
235	-5.50	-0.64	1.85	2.00
236	-5.53	-0.70	1.85	2.00
237	-5.56	-0.76	1.85	2.00
238	-5.59	-0.82	1.85	2.00
239	-5.62	-0.88	1.85	2.00
Target 9 (frames from 191 to 221)
Bounding Boxes (frame, x, y, width, height)
191	441	290	87	175
192	441	293	88	177
193	440	296	89	178
194	440	298	89	179
195	440	300	90	180
196	440	302	90	181
197	440	304	91	182
198	441	306	91	183
199	442	307	91	183
200	444	308	91	183
201	445	309	91	182
202	447	310	91	182
203	450	310	91	182
204	453	311	91	182
205	456	311	91	182
206	458	312	91	182
207	461	313	91	182
208	464	313	90	181
209	466	314	90	181
210	468	314	90	181
211	470	314	91	182
212	472	313	91	182
213	474	312	91	182
214	476	311	91	182
215	479	310	91	182
216	481	308	91	182
217	483	307	91	182
218	486	305	91	182
219	488	302	91	182
220	491	300	91	183
221	493	297	91	183
3D Trajetory (frame, x, z, height, pose)
191	-5.59	-1.10	1.81	2.00
192	-5.36	-1.05	1.84	2.00
193	-5.13	-1.00	1.86	1.00
194	-5.11	-1.05	1.83	1.00
195	-5.09	-1.10	1.79	2.00
196	-5.05	-1.14	1.79	2.00
197	-5.01	-1.19	1.79	2.00
198	-4.99	-1.23	1.79	2.00
199	-4.97	-1.28	1.79	2.00
200	-4.95	-1.31	1.79	2.00
201	-4.93	-1.33	1.79	2.00
202	-4.92	-1.36	1.79	2.00
203	-4.90	-1.39	1.79	3.00
204	-4.90	-1.43	1.79	3.00
205	-4.89	-1.46	1.79	3.00
206	-4.89	-1.50	1.79	3.00
207	-4.90	-1.54	1.79	3.00
208	-4.86	-1.54	1.79	3.00
209	-4.82	-1.55	1.79	3.00
210	-4.81	-1.58	1.79	3.00
211	-4.79	-1.61	1.79	3.00
212	-4.78	-1.65	1.79	3.00
213	-4.77	-1.68	1.79	3.00
214	-4.75	-1.70	1.79	3.00
215	-4.72	-1.72	1.79	3.00
216	-4.70	-1.75	1.79	3.00
217	-4.69	-1.77	1.79	3.00
218	-4.65	-1.78	1.79	3.00
219	-4.62	-1.79	1.79	4.00
220	-4.66	-1.82	1.79	4.00
221	-4.69	-1.85	1.79	4.00
Target 10 (frames from 221 to 265)
Bounding Boxes (frame, x, y, width, height)
221	359	318	67	134
222	362	319	67	134
223	365	320	67	135
224	368	321	67	135
225	371	322	68	136
226	375	322	68	136
227	378	323	68	137
228	381	323	69	138
229	385	323	69	139
230	388	323	70	141
231	391	323	71	143
232	394	323	72	145
233	397	322	73	146
234	401	321	74	148
235	404	320	75	150
236	409	319	75	151
237	413	319	76	152
238	417	318	76	153
239	422	317	76	153
240	427	317	76	153
241	432	316	76	152
242	437	316	75	151
243	442	316	75	151
244	446	315	75	150
245	450	316	75	150
246	453	316	74	149
247	456	317	74	149
248	459	317	74	149
249	462	318	74	149
250	465	319	74	149
251	467	319	74	149
252	470	320	74	149
253	472	320	74	149
254	474	320	74	148
255	477	321	74	148
256	479	321	74	148
257	482	321	73	147
258	484	321	73	147
259	487	321	73	147
260	489	321	73	146
261	492	321	73	146
262	494	321	72	145
263	497	320	72	145
264	500	320	72	144
265	502	320	72	144
3D Trajetory (frame, x, z, height, pose)
221	-5.42	-4.07	1.65	4.00
222	-5.39	-4.07	1.63	4.00
223	-5.36	-4.07	1.61	4.00
224	-5.28	-4.05	1.62	4.00
225	-5.21	-4.02	1.64	4.00
226	-5.19	-4.05	1.64	4.00
227	-5.17	-4.07	1.64	4.00
228	-5.11	-4.07	1.65	4.00
229	-5.06	-4.07	1.65	4.00
230	-5.04	-4.10	1.65	4.00
231	-5.02	-4.13	1.65	4.00
232	-4.87	-4.06	1.66	4.00
233	-4.72	-3.99	1.68	4.00
234	-4.61	-3.91	1.69	4.00
235	-4.49	-3.83	1.69	4.00
236	-4.50	-3.84	1.70	4.00
237	-4.51	-3.85	1.70	4.00
238	-4.49	-3.86	1.70	4.00
239	-4.47	-3.86	1.70	3.00
240	-4.46	-3.88	1.70	3.00
241	-4.45	-3.89	1.70	3.00
242	-4.43	-3.91	1.70	3.00
243	-4.41	-3.92	1.70	4.00
244	-4.42	-3.95	1.70	4.00
245	-4.43	-3.99	1.70	4.00
246	-4.41	-3.99	1.70	4.00
247	-4.39	-3.99	1.70	4.00
248	-4.37	-4.00	1.70	4.00
249	-4.35	-4.01	1.70	4.00
250	-4.32	-4.01	1.70	4.00
251	-4.29	-4.02	1.70	3.00
252	-4.29	-4.05	1.70	3.00
253	-4.28	-4.08	1.70	3.00
254	-4.25	-4.08	1.70	3.00
255	-4.21	-4.08	1.70	4.00
256	-4.23	-4.11	1.70	4.00
257	-4.24	-4.13	1.69	4.00
258	-4.22	-4.16	1.69	4.00
259	-4.21	-4.18	1.69	4.00
260	-4.20	-4.21	1.69	4.00
261	-4.20	-4.24	1.69	3.00
262	-4.18	-4.25	1.69	3.00
263	-4.17	-4.27	1.70	3.00
264	-4.16	-4.30	1.69	3.00
265	-4.15	-4.32	1.69	3.00
Target 11 (frames from 247 to 273)
Bounding Boxes (frame, x, y, width, height)
247	612	327	63	127
248	615	328	63	127
249	618	328	63	127
250	621	328	63	127
251	624	328	63	127
252	627	328	63	127
253	630	329	63	127
254	633	329	63	127
255	636	329	63	127
256	639	329	63	127
257	643	329	63	126
258	646	330	63	126
259	650	330	63	126
260	653	329	63	126
261	657	329	63	126
262	660	328	63	126
263	663	328	63	126
264	666	327	63	126
265	669	327	62	125
266	671	327	62	124
267	674	327	62	124
268	676	327	61	123
269	679	328	60	121
270	681	328	60	120
271	683	328	59	119
272	685	328	59	118
273	687	329	58	116
3D Trajetory (frame, x, z, height, pose)
247	-5.65	-2.73	1.56	4.00
248	-5.61	-2.72	1.58	4.00
249	-5.57	-2.71	1.61	3.00
250	-5.59	-2.73	1.62	3.00
251	-5.61	-2.76	1.62	4.00
252	-5.68	-2.80	1.62	4.00
253	-5.75	-2.85	1.61	4.00
254	-5.73	-2.85	1.61	4.00
255	-5.71	-2.86	1.61	2.00
256	-5.69	-2.87	1.61	2.00
257	-5.67	-2.88	1.61	4.00
258	-5.68	-2.89	1.61	4.00
259	-5.69	-2.91	1.61	4.00
260	-5.71	-2.93	1.61	4.00
261	-5.72	-2.96	1.61	4.00
262	-5.72	-2.96	1.61	4.00
263	-5.71	-2.97	1.61	4.00
264	-5.71	-2.97	1.61	4.00
265	-5.70	-2.98	1.61	4.00
266	-5.72	-3.02	1.61	4.00
267	-5.74	-3.07	1.61	4.00
268	-5.78	-3.11	1.61	4.00
269	-5.82	-3.15	1.61	4.00
270	-5.93	-3.23	1.61	4.00
271	-6.04	-3.32	1.61	4.00
272	-6.08	-3.36	1.61	4.00
273	-6.12	-3.41	1.61	4.00
