Total frames 218
Number of Targets 17
Target 1 (frames from 1 to 38)
Bounding Boxes (frame, x, y, width, height)
1	488	116	122	245
2	486	117	121	243
3	485	118	121	242
4	483	120	120	240
5	482	121	119	239
6	480	121	119	238
7	479	122	118	237
8	478	123	118	237
9	477	124	118	236
10	475	124	118	236
11	475	125	117	234
12	474	127	116	233
13	473	127	116	233
14	472	127	116	233
15	471	127	116	233
16	469	126	117	235
17	467	125	119	239
18	465	123	123	246
19	462	122	126	252
20	461	121	128	257
21	459	120	131	262
22	458	119	132	265
23	458	118	133	266
24	457	118	133	266
25	457	117	132	264
26	457	117	131	263
27	458	117	130	261
28	460	118	129	259
29	461	119	128	256
30	462	120	126	253
31	463	121	125	251
32	465	122	124	249
33	466	124	123	246
34	468	126	121	243
35	470	128	120	240
36	471	130	118	237
37	473	133	117	234
38	475	135	115	231
3D Trajetory (frame, x, z, height, pose)
1	1.86	3.30	2.05	2.00
2	1.92	3.42	2.05	2.00
3	2.02	3.55	2.08	2.00
4	2.02	3.55	2.07	2.00
5	2.03	3.55	2.07	2.00
6	1.93	3.44	2.06	2.00
7	1.77	3.23	2.04	2.00
8	1.69	3.13	2.03	2.00
9	1.74	3.29	2.04	2.00
10	1.80	3.41	2.04	2.00
11	1.70	3.22	2.05	2.00
12	1.77	3.36	2.05	2.00
13	1.82	3.46	2.05	2.00
14	1.86	3.55	2.05	4.00
15	1.89	3.61	2.05	4.00
16	1.84	3.53	2.05	4.00
17	1.87	3.58	2.05	4.00
18	1.82	3.49	2.05	3.00
19	1.75	3.40	2.04	3.00
20	1.69	3.32	2.04	3.00
21	1.64	3.26	2.04	3.00
22	1.60	3.20	2.03	3.00
23	1.57	3.12	2.03	3.00
24	1.54	3.05	2.02	3.00
25	1.52	3.00	2.02	3.00
26	1.54	3.03	2.02	3.00
27	1.55	3.06	2.03	2.00
28	1.58	3.11	2.03	4.00
29	1.59	3.15	2.03	2.00
30	1.59	3.14	2.03	4.00
31	1.58	3.13	2.04	4.00
32	1.57	3.13	2.04	4.00
33	1.59	3.14	2.04	4.00
34	1.61	3.15	2.04	1.00
35	1.63	3.16	2.04	1.00
36	1.66	3.20	2.04	1.00
37	1.68	3.24	2.03	1.00
38	1.71	3.25	2.03	1.00
Target 2 (frames from 1 to 14)
Bounding Boxes (frame, x, y, width, height)
1	388	142	108	216
2	384	142	106	213
3	380	142	105	211
4	377	142	104	209
5	374	142	104	208
6	371	142	103	207
7	369	142	103	207
8	366	141	105	210
9	365	141	105	210
10	363	142	105	211
11	362	143	106	212
12	362	144	107	214
13	361	146	108	216
14	362	148	108	217
3D Trajetory (frame, x, z, height, pose)
1	1.05	3.46	1.89	2.00
2	1.08	3.52	1.89	2.00
3	0.96	3.43	1.88	2.00
4	1.00	3.71	1.86	2.00
5	0.91	3.52	1.87	2.00
6	0.95	3.67	1.87	2.00
7	0.94	3.71	1.88	2.00
8	0.94	3.74	1.89	2.00
9	0.88	3.65	1.89	2.00
10	0.86	3.55	1.88	2.00
11	0.85	3.51	1.88	2.00
12	0.83	3.48	1.88	2.00
13	0.82	3.50	1.88	3.00
14	0.81	3.51	1.88	3.00
Target 3 (frames from 1 to 134)
Bounding Boxes (frame, x, y, width, height)
1	62	125	115	231
2	61	125	115	230
3	59	125	114	229
4	58	125	114	228
5	57	125	113	227
6	55	125	113	227
7	54	125	113	226
8	52	125	113	226
9	50	125	113	226
10	48	126	113	226
11	47	127	112	224
12	44	127	112	225
13	42	128	112	225
14	39	128	113	227
15	37	128	113	227
16	35	128	114	228
17	34	128	114	228
18	33	129	114	228
19	31	129	114	229
20	30	128	115	230
21	30	127	115	231
22	32	127	115	230
23	34	126	114	229
24	35	126	113	227
25	38	126	113	227
26	40	126	113	226
27	42	126	113	226
28	44	125	113	227
29	46	125	113	227
30	48	125	114	228
31	50	125	114	229
32	51	125	115	230
33	53	125	115	231
34	54	126	115	231
35	55	127	115	231
36	55	127	115	230
37	56	128	115	231
38	57	128	115	231
39	59	127	116	232
40	61	127	115	231
41	63	127	115	230
42	66	128	114	229
43	69	128	114	229
44	72	128	114	228
45	74	128	114	228
46	76	128	113	227
47	78	128	113	226
48	79	128	113	226
49	79	129	113	226
50	79	129	113	226
51	77	129	112	225
52	75	130	112	225
53	73	130	112	224
54	71	131	112	224
55	68	130	112	224
56	65	130	112	225
57	63	128	113	226
58	61	127	114	228
59	58	125	114	229
60	57	124	115	230
61	55	124	115	231
62	54	123	115	230
63	53	124	115	230
64	52	124	115	230
65	51	125	115	230
66	50	126	115	230
67	50	127	114	229
68	49	128	114	229
69	48	130	114	228
70	48	131	114	228
71	47	132	113	227
72	47	132	114	228
73	45	131	114	229
74	43	130	115	231
75	42	129	116	233
76	40	128	117	234
77	39	128	117	234
78	39	128	116	233
79	39	129	116	232
80	40	129	115	231
81	41	129	115	231
82	42	129	115	230
83	43	129	114	228
84	45	129	113	227
85	47	130	113	226
86	49	130	113	226
87	51	130	113	226
88	53	130	113	226
89	54	129	113	227
90	55	128	114	228
91	54	128	114	229
92	54	127	114	229
93	54	128	114	229
94	54	128	114	229
95	55	128	114	228
96	57	127	114	228
97	59	127	115	230
98	60	126	115	231
99	62	125	116	233
100	64	124	117	235
101	65	123	119	238
102	67	122	120	241
103	68	120	122	245
104	69	119	124	248
105	70	118	126	252
106	71	116	127	255
107	72	115	129	259
108	73	114	130	261
109	73	114	131	263
110	73	113	132	265
111	74	113	133	266
112	75	112	133	267
113	76	112	134	269
114	77	111	135	271
115	78	110	136	272
116	78	110	137	274
117	79	109	138	276
118	80	108	139	278
119	81	108	140	280
120	82	107	140	281
121	83	106	141	283
122	83	106	142	285
123	84	105	143	287
124	85	104	144	288
125	86	103	145	290
126	87	103	146	292
127	87	102	147	294
128	88	101	148	296
129	89	101	148	297
130	90	100	149	299
131	91	99	150	301
132	92	99	151	303
133	92	98	152	304
134	93	97	153	306
3D Trajetory (frame, x, z, height, pose)
1	-1.72	3.55	1.94	3.00
2	-1.81	3.50	2.06	3.00
3	-1.79	3.49	2.05	3.00
4	-1.77	3.45	2.04	3.00
5	-1.83	3.61	2.04	3.00
6	-1.86	3.59	2.04	3.00
7	-1.88	3.58	2.05	3.00
8	-1.89	3.58	2.05	3.00
9	-1.86	3.53	2.05	3.00
10	-1.93	3.59	2.05	3.00
11	-1.97	3.69	2.05	3.00
12	-2.00	3.76	2.05	3.00
13	-2.03	3.73	2.05	3.00
14	-2.05	3.70	2.05	3.00
15	-2.06	3.67	2.05	3.00
16	-2.07	3.64	2.05	3.00
17	-2.08	3.63	2.05	3.00
18	-2.08	3.61	2.05	3.00
19	-2.08	3.60	2.05	3.00
20	-2.08	3.59	2.04	3.00
21	-2.07	3.56	2.04	3.00
22	-2.07	3.56	2.04	3.00
23	-2.08	3.57	2.04	3.00
24	-2.08	3.58	2.03	3.00
25	-2.08	3.59	2.03	3.00
26	-2.08	3.58	2.03	2.00
27	-2.06	3.58	2.04	2.00
28	-2.02	3.57	2.04	2.00
29	-2.01	3.60	2.04	2.00
30	-2.00	3.62	2.04	2.00
31	-2.00	3.64	2.04	2.00
32	-1.96	3.62	2.04	1.00
33	-1.94	3.62	2.04	1.00
34	-1.92	3.62	2.04	1.00
35	-1.91	3.62	2.04	1.00
36	-1.89	3.61	2.04	1.00
37	-1.88	3.61	2.04	1.00
38	-1.86	3.61	2.05	1.00
39	-1.85	3.60	2.05	1.00
40	-1.84	3.61	2.05	1.00
41	-1.82	3.62	2.05	1.00
42	-1.80	3.63	2.05	1.00
43	-1.78	3.63	2.05	1.00
44	-1.77	3.65	2.05	2.00
45	-1.74	3.64	2.05	2.00
46	-1.72	3.65	2.05	2.00
47	-1.69	3.64	2.05	2.00
48	-1.68	3.64	2.05	2.00
49	-1.67	3.65	2.06	2.00
50	-1.67	3.67	2.06	2.00
51	-1.66	3.67	2.06	2.00
52	-1.68	3.68	2.06	2.00
53	-1.68	3.67	2.06	2.00
54	-1.69	3.68	2.06	2.00
55	-1.69	3.67	2.06	2.00
56	-1.72	3.66	2.06	4.00
57	-1.74	3.65	2.06	4.00
58	-1.76	3.64	2.06	4.00
59	-1.78	3.63	2.06	4.00
60	-1.81	3.65	2.06	4.00
61	-1.82	3.64	2.06	3.00
62	-1.83	3.62	2.06	3.00
63	-1.84	3.61	2.06	3.00
64	-1.85	3.59	2.06	3.00
65	-1.85	3.58	2.06	3.00
66	-1.87	3.59	2.06	3.00
67	-1.90	3.59	2.06	3.00
68	-1.92	3.60	2.06	3.00
69	-1.92	3.59	2.06	3.00
70	-1.93	3.57	2.06	3.00
71	-1.94	3.57	2.06	3.00
72	-1.94	3.56	2.06	3.00
73	-1.95	3.56	2.06	3.00
74	-1.95	3.55	2.06	3.00
75	-1.95	3.55	2.06	3.00
76	-1.95	3.54	2.06	3.00
77	-1.96	3.53	2.06	3.00
78	-1.97	3.52	2.06	3.00
79	-1.98	3.51	2.06	3.00
80	-1.99	3.49	2.06	3.00
81	-1.99	3.48	2.05	3.00
82	-1.98	3.50	2.05	3.00
83	-1.98	3.51	2.05	2.00
84	-1.96	3.53	2.05	2.00
85	-1.96	3.55	2.05	2.00
86	-1.94	3.56	2.05	2.00
87	-1.93	3.56	2.05	2.00
88	-1.93	3.58	2.05	2.00
89	-1.91	3.58	2.05	1.00
90	-1.91	3.59	2.05	1.00
91	-1.90	3.59	2.05	1.00
92	-1.89	3.58	2.05	1.00
93	-1.87	3.58	2.05	1.00
94	-1.86	3.58	2.05	1.00
95	-1.85	3.58	2.05	1.00
96	-1.85	3.58	2.05	1.00
97	-1.84	3.58	2.05	1.00
98	-1.83	3.58	2.05	1.00
99	-1.83	3.58	2.05	1.00
100	-1.79	3.58	2.05	1.00
101	-1.77	3.58	2.05	1.00
102	-1.73	3.54	2.05	1.00
103	-1.69	3.52	2.05	2.00
104	-1.66	3.49	2.05	2.00
105	-1.63	3.46	2.05	2.00
106	-1.62	3.44	2.05	2.00
107	-1.60	3.43	2.05	2.00
108	-1.59	3.41	2.05	2.00
109	-1.57	3.40	2.05	2.00
110	-1.56	3.38	2.05	2.00
111	-1.54	3.37	2.05	2.00
112	-1.52	3.35	2.05	2.00
113	-1.51	3.34	2.05	2.00
114	-1.49	3.32	2.05	2.00
115	-1.48	3.31	2.05	2.00
116	-1.46	3.29	2.05	2.00
117	-1.44	3.28	2.05	2.00
118	-1.43	3.26	2.05	2.00
119	-1.41	3.25	2.05	2.00
120	-1.40	3.23	2.05	2.00
121	-1.38	3.22	2.05	2.00
122	-1.37	3.20	2.05	2.00
123	-1.35	3.19	2.05	2.00
124	-1.33	3.17	2.05	2.00
125	-1.32	3.16	2.05	2.00
126	-1.30	3.14	2.05	2.00
127	-1.29	3.13	2.05	2.00
128	-1.27	3.11	2.05	2.00
129	-1.26	3.10	2.05	2.00
130	-1.24	3.08	2.05	2.00
131	-1.22	3.07	2.05	2.00
132	-1.21	3.05	2.05	2.00
133	-1.19	3.04	2.05	2.00
134	-1.18	3.02	2.05	2.00
Target 4 (frames from 5 to 45)
Bounding Boxes (frame, x, y, width, height)
5	180	94	177	354
6	186	92	179	358
7	191	91	181	363
8	197	89	183	367
9	203	89	185	370
10	209	88	186	373
11	215	87	187	375
12	221	87	188	377
13	227	87	189	378
14	233	87	189	379
15	240	86	190	380
16	248	86	190	381
17	255	87	189	379
18	261	89	188	377
19	267	92	186	373
20	271	94	185	371
21	275	95	185	371
22	281	96	185	370
23	286	97	185	370
24	291	97	185	371
25	295	96	186	372
26	300	95	186	373
27	305	93	187	375
28	311	90	188	377
29	316	88	189	379
30	323	87	190	380
31	329	86	190	381
32	336	86	190	381
33	344	87	190	381
34	350	88	190	380
35	356	90	189	378
36	362	92	188	377
37	369	93	187	375
38	376	94	187	374
39	383	96	186	372
40	391	97	185	370
41	398	99	184	369
42	406	101	183	367
43	413	103	182	364
44	421	105	181	362
45	429	107	180	360
3D Trajetory (frame, x, z, height, pose)
5	-0.28	2.25	2.07	2.00
6	-0.23	2.25	2.04	2.00
7	-0.18	2.25	2.01	2.00
8	-0.18	2.25	2.01	2.00
9	-0.17	2.24	1.99	2.00
10	-0.14	2.13	1.98	1.00
11	-0.07	2.07	2.00	1.00
12	-0.03	2.13	2.00	1.00
13	0.02	2.09	2.01	1.00
14	0.05	2.07	2.01	1.00
15	0.08	2.06	2.01	1.00
16	0.10	2.09	2.01	1.00
17	0.15	2.10	2.02	1.00
18	0.20	2.09	2.02	1.00
19	0.24	2.10	2.01	1.00
20	0.27	2.10	2.01	2.00
21	0.29	2.10	2.00	4.00
22	0.32	2.10	2.00	2.00
23	0.33	2.11	1.99	4.00
24	0.33	2.12	1.99	4.00
25	0.34	2.12	1.99	4.00
26	0.38	2.12	1.99	4.00
27	0.42	2.11	1.99	4.00
28	0.45	2.10	1.99	4.00
29	0.51	2.09	1.99	4.00
30	0.53	2.10	1.99	4.00
31	0.55	2.12	1.99	1.00
32	0.59	2.10	2.00	1.00
33	0.63	2.11	2.00	1.00
34	0.66	2.12	2.00	1.00
35	0.68	2.12	2.00	1.00
36	0.70	2.12	2.00	1.00
37	0.75	2.11	2.00	1.00
38	0.79	2.11	2.00	1.00
39	0.82	2.12	2.00	2.00
40	0.86	2.12	2.00	1.00
41	0.90	2.13	2.00	1.00
42	0.93	2.14	2.00	1.00
43	0.97	2.14	2.00	1.00
44	1.00	2.15	2.00	1.00
45	1.04	2.16	2.00	2.00
Target 5 (frames from 23 to 64)
Bounding Boxes (frame, x, y, width, height)
23	146	149	103	206
24	147	148	102	205
25	148	147	101	203
26	149	147	101	202
27	149	146	100	201
28	150	145	100	201
29	151	144	100	200
30	152	144	99	199
31	153	143	99	199
32	154	142	99	199
33	154	141	100	200
34	155	140	100	200
35	155	139	100	201
36	156	139	101	203
37	157	139	101	203
38	159	140	101	203
39	161	142	101	202
40	163	144	100	200
41	165	147	99	198
42	168	150	97	194
43	171	153	95	191
44	173	156	94	188
45	173	157	94	188
46	174	158	95	190
47	174	157	95	191
48	173	157	95	191
49	173	156	95	190
50	172	154	94	189
51	170	152	94	189
52	168	150	95	190
53	166	147	97	194
54	164	144	99	198
55	162	142	99	199
56	161	141	100	200
57	160	140	100	200
58	159	140	99	199
59	159	140	99	198
60	158	140	98	197
61	158	140	97	195
62	158	141	96	193
63	159	142	95	190
64	159	143	93	187
3D Trajetory (frame, x, z, height, pose)
23	-1.09	3.56	1.86	3.00
24	-1.09	3.56	1.86	3.00
25	-1.09	3.56	1.86	3.00
26	-1.09	3.62	1.84	2.00
27	-1.12	3.85	1.85	2.00
28	-1.11	3.77	1.86	2.00
29	-1.12	3.81	1.87	2.00
30	-1.12	3.77	1.88	2.00
31	-1.11	3.74	1.88	2.00
32	-1.17	4.00	1.89	2.00
33	-1.19	4.10	1.91	2.00
34	-1.20	4.18	1.92	2.00
35	-1.15	4.05	1.93	2.00
36	-1.09	3.91	1.93	2.00
37	-1.11	3.96	1.95	2.00
38	-1.07	3.85	1.95	2.00
39	-1.10	3.98	1.95	4.00
40	-1.08	3.97	1.95	1.00
41	-1.06	3.97	1.95	4.00
42	-1.03	3.95	1.95	1.00
43	-1.00	3.93	1.94	1.00
44	-0.99	3.90	1.94	1.00
45	-1.02	4.07	1.94	2.00
46	-1.01	4.06	1.94	2.00
47	-0.99	4.05	1.94	2.00
48	-0.98	4.04	1.94	2.00
49	-0.97	4.01	1.94	2.00
50	-0.96	3.99	1.94	2.00
51	-0.96	3.92	1.94	2.00
52	-0.98	3.95	1.94	2.00
53	-1.00	3.98	1.94	2.00
54	-1.02	4.13	1.95	4.00
55	-1.06	4.18	1.95	4.00
56	-1.09	4.22	1.95	4.00
57	-1.08	4.15	1.95	2.00
58	-1.07	4.08	1.95	2.00
59	-1.08	4.09	1.95	2.00
60	-1.09	4.11	1.95	2.00
61	-1.11	4.12	1.95	2.00
62	-1.13	4.14	1.96	2.00
63	-1.15	4.18	1.96	3.00
64	-1.16	4.20	1.96	4.00
Target 6 (frames from 26 to 83)
Bounding Boxes (frame, x, y, width, height)
26	265	144	89	179
27	264	146	92	184
28	263	147	94	189
29	263	148	96	192
30	263	149	98	196
31	263	150	99	198
32	263	151	100	200
33	263	152	100	201
34	264	153	101	202
35	265	153	101	202
36	267	153	100	201
37	268	154	99	199
38	270	153	98	196
39	272	153	96	192
40	274	153	94	189
41	276	152	94	188
42	278	151	94	189
43	279	151	94	189
44	281	151	94	189
45	281	151	94	189
46	282	150	95	190
47	282	149	95	191
48	282	148	96	193
49	282	146	97	195
50	281	144	98	197
51	281	143	99	198
52	280	141	99	199
53	280	139	99	199
54	280	137	99	199
55	279	135	99	198
56	278	133	99	199
57	276	133	99	199
58	275	133	99	199
59	273	133	100	201
60	271	134	102	204
61	269	136	102	205
62	268	138	103	207
63	266	140	104	209
64	264	143	105	210
65	263	145	106	212
66	261	147	106	213
67	260	150	107	214
68	259	152	107	215
69	259	153	108	216
70	258	155	108	216
71	257	155	108	217
72	257	157	109	218
73	256	159	109	218
74	255	161	109	218
75	255	161	108	216
76	255	161	107	214
77	256	162	105	211
78	256	162	104	208
79	257	161	102	204
80	258	161	99	199
81	259	160	97	194
82	260	159	94	188
83	261	158	91	182
3D Trajetory (frame, x, z, height, pose)
26	-0.09	4.20	1.96	4.00
27	-0.10	4.28	1.96	2.00
28	-0.11	4.36	1.95	2.00
29	-0.13	4.44	1.95	4.00
30	-0.02	3.40	1.89	2.00
31	0.00	3.21	1.90	2.00
32	0.00	3.18	1.84	2.00
33	-0.03	3.40	1.80	1.00
34	-0.06	3.60	1.80	1.00
35	-0.06	3.68	1.81	1.00
36	-0.05	3.68	1.83	1.00
37	-0.02	3.75	1.83	4.00
38	0.00	3.80	1.84	4.00
39	-0.00	3.76	1.84	4.00
40	0.02	3.89	1.84	4.00
41	0.03	3.99	1.85	4.00
42	0.04	4.08	1.85	4.00
43	0.05	4.14	1.86	4.00
44	0.06	4.19	1.86	4.00
45	0.07	4.20	1.86	4.00
46	0.08	4.22	1.86	4.00
47	0.09	4.23	1.86	4.00
48	0.10	4.24	1.86	4.00
49	0.12	4.11	1.86	4.00
50	0.13	4.03	1.86	4.00
51	0.12	4.10	1.87	4.00
52	0.12	4.10	1.88	4.00
53	0.13	4.11	1.88	4.00
54	0.12	4.11	1.88	4.00
55	0.12	4.11	1.88	4.00
56	0.12	4.12	1.88	4.00
57	0.11	4.12	1.88	4.00
58	0.11	4.12	1.88	4.00
59	0.11	4.12	1.88	4.00
60	0.10	4.13	1.88	4.00
61	0.10	4.13	1.88	2.00
62	0.04	4.03	1.88	3.00
63	0.02	3.92	1.88	3.00
64	0.01	3.80	1.88	3.00
65	-0.02	3.80	1.87	3.00
66	-0.02	3.73	1.87	3.00
67	-0.02	3.73	1.87	3.00
68	-0.03	3.73	1.87	3.00
69	-0.04	3.73	1.87	3.00
70	-0.04	3.73	1.87	3.00
71	-0.05	3.74	1.87	3.00
72	-0.06	3.74	1.87	3.00
73	-0.06	3.74	1.87	3.00
74	-0.07	3.74	1.87	3.00
75	-0.08	3.74	1.87	3.00
76	-0.08	3.74	1.87	3.00
77	-0.09	3.74	1.87	3.00
78	-0.10	3.75	1.87	3.00
79	-0.10	3.75	1.87	3.00
80	-0.11	3.76	1.87	3.00
81	-0.11	3.76	1.87	3.00
82	-0.12	3.77	1.87	2.00
83	-0.12	3.84	1.87	4.00
Target 7 (frames from 38 to 197)
Bounding Boxes (frame, x, y, width, height)
38	370	120	133	266
39	371	124	129	259
40	372	127	126	253
41	373	129	123	247
42	373	132	120	241
43	374	134	118	236
44	375	136	116	232
45	375	138	114	228
46	376	140	112	225
47	377	141	111	222
48	378	141	110	220
49	378	141	109	218
50	379	141	108	216
51	379	142	107	215
52	379	143	107	214
53	380	144	106	213
54	380	146	106	212
55	380	147	105	211
56	380	147	106	212
57	379	146	107	214
58	377	145	108	216
59	377	144	109	219
60	376	144	110	220
61	377	145	108	217
62	377	145	108	217
63	376	145	108	217
64	375	145	108	217
65	374	145	108	217
66	373	144	108	217
67	372	144	108	217
68	371	144	108	217
69	370	144	108	217
70	369	144	108	217
71	368	145	107	215
72	368	146	106	213
73	367	147	105	211
74	366	147	105	210
75	366	147	104	209
76	365	147	104	209
77	364	147	104	209
78	364	147	104	208
79	363	147	103	206
80	362	148	102	205
81	361	148	102	205
82	361	148	102	205
83	360	148	102	205
84	361	149	101	203
85	362	150	100	201
86	362	150	102	204
87	362	150	102	205
88	363	149	103	207
89	364	149	103	207
90	364	149	103	207
91	365	149	103	206
92	366	148	103	207
93	367	147	104	209
94	367	146	105	211
95	368	145	106	213
96	368	145	107	214
97	369	145	107	214
98	369	145	107	214
99	370	145	107	214
100	370	146	107	215
101	371	147	108	216
102	372	149	107	214
103	374	150	106	212
104	374	151	105	210
105	375	153	102	204
106	376	154	99	198
107	376	155	96	193
108	376	155	94	189
109	375	154	94	188
110	374	151	95	190
111	373	149	96	193
112	371	147	98	197
113	370	145	100	201
114	369	144	102	204
115	369	144	103	207
116	368	144	104	209
117	368	144	106	213
118	367	145	109	218
119	367	145	110	221
120	367	146	110	221
121	368	147	110	220
122	368	147	109	218
123	369	147	108	217
124	368	147	109	218
125	368	146	109	219
126	367	144	110	221
127	366	142	111	223
128	365	140	113	226
129	364	138	114	229
130	363	137	116	232
131	363	136	116	233
132	363	136	116	233
133	363	136	116	233
134	363	137	116	232
135	363	138	115	231
136	362	138	115	230
137	362	139	114	228
138	361	139	113	227
139	361	140	112	225
140	360	141	111	223
141	360	141	111	222
142	359	142	110	220
143	359	143	109	218
144	358	143	108	217
145	358	143	108	217
146	359	143	109	218
147	359	143	109	219
148	360	142	110	220
149	361	142	110	220
150	362	142	110	221
151	363	142	111	222
152	363	141	111	222
153	364	141	111	223
154	364	141	111	223
155	363	141	112	224
156	363	141	112	224
157	362	141	112	224
158	361	141	112	225
159	360	142	112	224
160	359	142	112	224
161	358	143	112	224
162	357	143	112	224
163	357	143	112	225
164	356	143	112	225
165	356	143	112	225
166	356	143	113	226
167	356	143	112	225
168	356	142	112	225
169	357	142	112	225
170	357	142	112	225
171	357	142	112	224
172	357	143	112	224
173	358	143	111	223
174	358	143	111	223
175	358	143	111	223
176	357	143	112	224
177	357	142	112	225
178	357	142	113	226
179	356	141	113	227
180	355	140	114	229
181	354	139	116	232
182	353	137	117	234
183	352	136	118	237
184	350	134	120	240
185	349	133	121	243
186	348	131	123	246
187	346	129	124	249
188	345	128	126	252
189	344	126	127	255
190	343	124	129	258
191	341	123	130	261
192	340	121	132	264
193	339	120	133	267
194	338	118	135	270
195	336	116	136	273
196	335	115	138	276
197	334	113	139	279
3D Trajetory (frame, x, z, height, pose)
38	0.95	3.10	2.16	1.00
39	0.94	3.20	2.06	1.00
40	0.93	3.29	1.97	1.00
41	0.93	3.31	1.96	1.00
42	0.93	3.31	1.96	1.00
43	0.93	3.31	1.96	1.00
44	0.94	3.35	1.96	1.00
45	0.93	3.32	1.97	1.00
46	0.91	3.28	1.98	1.00
47	0.89	3.25	1.99	1.00
48	0.96	3.45	1.98	2.00
49	1.01	3.54	1.97	2.00
50	1.05	3.61	1.96	2.00
51	1.11	3.87	1.96	2.00
52	1.08	3.78	1.97	2.00
53	1.07	3.76	1.96	2.00
54	1.07	3.76	1.96	2.00
55	1.06	3.75	1.96	2.00
56	1.06	3.73	1.96	2.00
57	1.04	3.69	1.96	2.00
58	1.03	3.66	1.95	2.00
59	1.04	3.67	1.95	2.00
60	1.04	3.68	1.95	2.00
61	1.04	3.70	1.94	2.00
62	1.05	3.71	1.94	2.00
63	1.03	3.70	1.94	2.00
64	1.02	3.68	1.94	2.00
65	1.02	3.67	1.94	2.00
66	1.00	3.59	1.94	2.00
67	0.99	3.62	1.94	2.00
68	0.98	3.64	1.94	2.00
69	0.97	3.63	1.94	2.00
70	0.97	3.63	1.94	2.00
71	0.97	3.64	1.94	2.00
72	0.97	3.65	1.94	2.00
73	0.97	3.66	1.93	2.00
74	0.96	3.66	1.93	2.00
75	0.96	3.67	1.93	2.00
76	0.96	3.68	1.93	2.00
77	0.96	3.69	1.93	2.00
78	0.96	3.69	1.93	2.00
79	0.96	3.70	1.93	2.00
80	0.96	3.71	1.93	2.00
81	0.96	3.72	1.93	2.00
82	0.96	3.72	1.93	2.00
83	0.96	3.73	1.93	2.00
84	0.96	3.74	1.93	2.00
85	0.96	3.75	1.93	2.00
86	0.95	3.76	1.93	2.00
87	0.95	3.76	1.93	2.00
88	0.91	3.73	1.93	2.00
89	0.92	3.70	1.93	1.00
90	0.91	3.73	1.93	1.00
91	0.92	3.74	1.92	1.00
92	0.93	3.75	1.92	1.00
93	0.90	3.65	1.92	1.00
94	0.86	3.56	1.92	1.00
95	0.89	3.70	1.92	1.00
96	0.90	3.68	1.92	1.00
97	0.90	3.66	1.92	1.00
98	0.91	3.66	1.91	1.00
99	0.91	3.58	1.91	1.00
100	0.91	3.51	1.91	1.00
101	0.92	3.52	1.91	1.00
102	0.92	3.52	1.91	1.00
103	0.93	3.54	1.91	1.00
104	0.95	3.56	1.91	1.00
105	0.94	3.57	1.90	1.00
106	0.95	3.59	1.90	1.00
107	0.96	3.57	1.90	1.00
108	0.96	3.58	1.90	4.00
109	0.97	3.69	1.90	4.00
110	0.99	3.78	1.90	4.00
111	1.00	3.87	1.90	4.00
112	1.00	3.87	1.90	4.00
113	1.00	3.87	1.90	4.00
114	0.99	3.83	1.90	4.00
115	0.97	3.79	1.90	4.00
116	0.96	3.75	1.90	4.00
117	0.95	3.71	1.90	4.00
118	0.94	3.68	1.90	4.00
119	0.93	3.62	1.90	4.00
120	0.92	3.61	1.90	4.00
121	0.93	3.60	1.90	4.00
122	0.94	3.60	1.89	4.00
123	0.93	3.59	1.89	4.00
124	0.92	3.54	1.89	4.00
125	0.90	3.50	1.89	4.00
126	0.89	3.46	1.89	4.00
127	0.88	3.43	1.89	4.00
128	0.87	3.41	1.89	4.00
129	0.86	3.37	1.88	4.00
130	0.85	3.33	1.88	4.00
131	0.85	3.31	1.88	4.00
132	0.84	3.28	1.88	4.00
133	0.83	3.26	1.88	4.00
134	0.82	3.24	1.88	4.00
135	0.82	3.23	1.88	4.00
136	0.82	3.21	1.88	4.00
137	0.82	3.21	1.88	4.00
138	0.80	3.22	1.88	4.00
139	0.80	3.22	1.88	4.00
140	0.79	3.22	1.88	4.00
141	0.79	3.24	1.88	4.00
142	0.78	3.25	1.88	4.00
143	0.78	3.26	1.88	4.00
144	0.77	3.27	1.88	4.00
145	0.77	3.28	1.88	4.00
146	0.77	3.29	1.88	4.00
147	0.77	3.30	1.88	4.00
148	0.77	3.30	1.87	4.00
149	0.77	3.30	1.87	4.00
150	0.78	3.31	1.87	4.00
151	0.79	3.30	1.87	4.00
152	0.79	3.30	1.87	4.00
153	0.80	3.29	1.87	4.00
154	0.81	3.29	1.87	4.00
155	0.81	3.30	1.87	4.00
156	0.81	3.30	1.87	4.00
157	0.81	3.32	1.87	4.00
158	0.82	3.31	1.87	4.00
159	0.81	3.31	1.87	4.00
160	0.80	3.30	1.87	4.00
161	0.80	3.30	1.87	4.00
162	0.79	3.30	1.87	4.00
163	0.79	3.30	1.87	4.00
164	0.78	3.30	1.87	4.00
165	0.78	3.31	1.87	4.00
166	0.78	3.31	1.87	4.00
167	0.78	3.31	1.87	4.00
168	0.77	3.31	1.87	4.00
169	0.77	3.31	1.87	4.00
170	0.77	3.31	1.87	4.00
171	0.77	3.31	1.87	4.00
172	0.77	3.31	1.87	4.00
173	0.77	3.31	1.87	4.00
174	0.77	3.32	1.87	4.00
175	0.77	3.32	1.87	4.00
176	0.78	3.33	1.87	4.00
177	0.78	3.33	1.87	4.00
178	0.78	3.33	1.87	4.00
179	0.76	3.30	1.87	4.00
180	0.75	3.28	1.87	4.00
181	0.74	3.25	1.87	4.00
182	0.73	3.23	1.87	4.00
183	0.72	3.21	1.87	4.00
184	0.71	3.18	1.87	4.00
185	0.69	3.16	1.87	4.00
186	0.68	3.13	1.87	4.00
187	0.67	3.11	1.87	4.00
188	0.66	3.08	1.87	4.00
189	0.65	3.06	1.87	4.00
190	0.63	3.03	1.87	4.00
191	0.62	3.01	1.87	4.00
192	0.61	2.99	1.87	4.00
193	0.60	2.96	1.87	4.00
194	0.59	2.94	1.87	4.00
195	0.57	2.91	1.87	4.00
196	0.56	2.89	1.87	4.00
197	0.55	2.86	1.87	4.00
Target 8 (frames from 46 to 60)
Bounding Boxes (frame, x, y, width, height)
46	453	91	184	368
47	454	97	182	365
48	454	103	181	363
49	455	107	181	362
50	456	110	180	361
51	456	112	180	360
52	456	113	180	360
53	456	113	180	361
54	456	112	181	362
55	456	109	182	364
56	456	106	183	367
57	455	102	185	370
58	454	97	186	373
59	454	90	188	377
60	453	83	191	382
3D Trajetory (frame, x, z, height, pose)
46	1.21	2.12	2.03	2.00
47	1.25	2.23	2.02	2.00
48	1.30	2.34	2.00	2.00
49	1.20	2.11	1.96	2.00
50	1.20	2.11	1.96	2.00
51	1.19	2.08	1.94	2.00
52	1.18	2.07	1.92	2.00
53	1.19	2.07	1.92	2.00
54	1.19	2.07	1.93	2.00
55	1.21	2.12	1.94	2.00
56	1.21	2.14	1.94	2.00
57	1.21	2.12	1.95	1.00
58	1.20	2.11	1.95	2.00
59	1.20	2.10	1.96	1.00
60	1.20	2.09	1.96	4.00
Target 9 (frames from 70 to 164)
Bounding Boxes (frame, x, y, width, height)
70	385	75	198	396
71	378	78	196	392
72	372	81	194	388
73	365	83	192	384
74	359	85	191	382
75	351	86	189	379
76	344	87	188	377
77	336	88	188	376
78	328	88	187	375
79	319	88	187	375
80	308	87	188	377
81	298	87	188	377
82	289	86	189	378
83	280	85	189	379
84	272	83	190	381
85	263	81	191	383
86	254	80	191	382
87	246	80	191	382
88	237	79	191	382
89	228	79	191	382
90	219	80	191	382
91	210	82	190	381
92	202	84	189	378
93	194	88	187	375
94	187	89	187	374
95	179	89	187	375
96	171	87	188	377
97	164	84	190	380
98	158	82	190	381
99	153	80	190	381
100	148	79	189	379
101	142	78	189	378
102	135	77	189	379
103	129	78	188	377
104	124	80	186	373
105	118	81	186	372
106	110	81	186	373
107	102	82	187	374
108	94	83	188	376
109	86	83	189	378
110	79	82	190	380
111	71	81	192	384
112	65	77	194	388
113	60	73	196	392
114	57	70	197	395
115	54	68	198	396
116	54	68	197	394
117	53	69	195	391
118	52	70	195	390
119	51	71	195	390
120	49	72	195	390
121	48	74	195	391
122	45	76	196	392
123	42	77	197	394
124	38	77	198	396
125	33	77	199	399
126	29	77	201	402
127	25	75	202	405
128	22	74	204	408
129	20	73	205	410
130	20	72	205	410
131	21	73	204	408
132	23	75	202	404
133	27	78	199	399
134	31	81	197	394
135	35	82	195	391
136	39	84	193	387
137	43	85	192	385
138	47	85	191	382
139	50	84	190	381
140	54	84	190	380
141	57	84	189	378
142	61	84	188	376
143	65	83	187	375
144	70	83	187	374
145	75	85	185	370
146	82	88	183	367
147	88	91	181	363
148	95	94	179	358
149	101	98	177	354
150	107	101	175	350
151	112	102	173	347
152	117	103	173	346
153	121	103	173	346
154	126	104	172	345
155	130	103	172	344
156	135	104	172	344
157	139	104	172	344
158	144	104	172	344
159	148	105	172	344
160	152	105	172	345
161	156	105	173	346
162	160	105	173	347
163	163	105	174	348
164	167	104	175	350
3D Trajetory (frame, x, z, height, pose)
70	0.73	2.02	2.01	3.00
71	0.87	2.19	2.03	1.00
72	0.81	2.08	2.03	1.00
73	0.79	2.10	2.05	1.00
74	0.78	2.09	2.05	1.00
75	0.68	2.07	2.04	1.00
76	0.63	2.07	2.04	3.00
77	0.57	2.09	2.04	3.00
78	0.52	2.10	2.03	3.00
79	0.47	2.12	2.03	3.00
80	0.43	2.15	2.02	3.00
81	0.39	2.17	2.02	3.00
82	0.35	2.18	2.02	3.00
83	0.31	2.20	2.02	1.00
84	0.27	2.17	2.02	4.00
85	0.21	2.13	2.04	4.00
86	0.17	2.11	2.05	4.00
87	0.11	2.11	2.05	2.00
88	0.07	2.11	2.05	3.00
89	0.03	2.11	2.05	3.00
90	-0.02	2.15	2.05	3.00
91	-0.08	2.15	2.05	3.00
92	-0.13	2.15	2.05	3.00
93	-0.17	2.18	2.05	3.00
94	-0.21	2.21	2.04	3.00
95	-0.25	2.17	2.04	3.00
96	-0.31	2.16	2.04	3.00
97	-0.34	2.15	2.04	3.00
98	-0.37	2.15	2.04	3.00
99	-0.41	2.15	2.04	1.00
100	-0.45	2.15	2.04	1.00
101	-0.48	2.15	2.04	1.00
102	-0.50	2.16	2.05	1.00
103	-0.54	2.18	2.05	2.00
104	-0.57	2.20	2.05	1.00
105	-0.60	2.21	2.05	1.00
106	-0.65	2.25	2.05	1.00
107	-0.70	2.24	2.06	1.00
108	-0.74	2.22	2.06	1.00
109	-0.76	2.21	2.06	2.00
110	-0.78	2.19	2.05	2.00
111	-0.82	2.20	2.06	2.00
112	-0.87	2.18	2.06	2.00
113	-0.90	2.16	2.06	2.00
114	-0.92	2.15	2.06	2.00
115	-0.94	2.15	2.06	2.00
116	-0.95	2.14	2.06	2.00
117	-0.95	2.14	2.06	2.00
118	-0.95	2.13	2.06	2.00
119	-0.95	2.13	2.06	2.00
120	-0.95	2.13	2.06	2.00
121	-0.96	2.13	2.06	2.00
122	-0.97	2.13	2.06	2.00
123	-0.97	2.13	2.06	2.00
124	-0.98	2.12	2.06	2.00
125	-0.99	2.09	2.06	1.00
126	-1.00	2.06	2.06	1.00
127	-1.00	2.04	2.05	1.00
128	-1.00	2.03	2.05	1.00
129	-1.00	2.00	2.05	1.00
130	-0.99	1.99	2.05	1.00
131	-1.01	2.00	2.05	1.00
132	-1.00	1.99	2.05	1.00
133	-0.99	1.99	2.05	1.00
134	-0.99	2.00	2.05	1.00
135	-0.98	2.02	2.05	1.00
136	-0.96	2.04	2.05	1.00
137	-0.95	2.06	2.04	1.00
138	-0.95	2.08	2.04	1.00
139	-0.96	2.11	2.04	1.00
140	-0.93	2.11	2.04	1.00
141	-0.91	2.12	2.04	1.00
142	-0.89	2.12	2.04	1.00
143	-0.88	2.13	2.04	1.00
144	-0.86	2.17	2.04	4.00
145	-0.85	2.16	2.04	4.00
146	-0.84	2.19	2.04	4.00
147	-0.81	2.19	2.04	4.00
148	-0.78	2.22	2.04	4.00
149	-0.76	2.23	2.04	4.00
150	-0.74	2.25	2.04	4.00
151	-0.72	2.26	2.04	4.00
152	-0.70	2.27	2.04	4.00
153	-0.68	2.29	2.04	4.00
154	-0.66	2.30	2.04	4.00
155	-0.63	2.32	2.04	4.00
156	-0.61	2.34	2.04	4.00
157	-0.59	2.35	2.03	4.00
158	-0.56	2.35	2.03	4.00
159	-0.52	2.35	2.03	4.00
160	-0.49	2.36	2.03	4.00
161	-0.46	2.36	2.03	4.00
162	-0.43	2.36	2.03	4.00
163	-0.40	2.36	2.03	4.00
164	-0.36	2.32	2.03	4.00
Target 10 (frames from 74 to 218)
Bounding Boxes (frame, x, y, width, height)
74	456	133	120	240
75	454	131	121	242
76	451	129	121	243
77	450	127	122	244
78	448	126	122	245
79	447	125	122	245
80	446	124	122	244
81	446	123	121	243
82	446	123	121	242
83	447	123	120	240
84	449	124	117	235
85	453	125	114	229
86	456	126	112	224
87	459	127	110	220
88	461	127	109	219
89	461	126	110	221
90	460	126	111	223
91	459	125	113	227
92	459	125	114	229
93	460	125	115	231
94	461	126	115	231
95	463	127	115	230
96	464	128	115	230
97	465	128	115	230
98	466	128	115	231
99	467	128	117	234
100	467	129	118	237
101	468	130	118	237
102	470	132	116	232
103	472	133	114	228
104	473	133	113	226
105	474	132	112	224
106	475	131	111	222
107	475	131	109	219
108	475	130	109	218
109	476	130	108	216
110	477	129	107	214
111	477	129	106	213
112	478	128	106	213
113	478	128	107	214
114	478	128	107	215
115	478	128	109	218
116	477	128	110	221
117	476	128	111	223
118	476	129	112	224
119	476	129	112	224
120	475	129	113	226
121	475	129	113	227
122	475	129	114	229
123	474	128	116	232
124	473	127	117	235
125	471	127	118	237
126	470	126	119	239
127	469	126	120	241
128	469	127	120	241
129	468	127	121	242
130	468	128	120	241
131	468	129	120	240
132	467	129	120	240
133	467	130	119	239
134	466	130	118	237
135	465	131	117	235
136	465	130	117	235
137	464	129	118	236
138	463	128	119	238
139	462	127	120	240
140	460	125	121	243
141	458	123	123	247
142	457	122	124	249
143	457	121	125	250
144	456	120	125	251
145	456	119	126	252
146	457	119	125	251
147	458	119	124	249
148	460	119	123	246
149	461	119	122	244
150	463	118	120	241
151	464	118	119	238
152	466	117	117	234
153	468	117	114	229
154	470	117	112	224
155	471	117	109	218
156	472	117	106	212
157	473	117	103	207
158	474	118	102	204
159	474	118	100	201
160	475	119	98	196
161	475	121	95	191
162	475	122	93	187
163	474	123	92	184
164	474	123	91	182
165	474	123	91	182
166	474	123	91	183
167	474	122	92	185
168	474	120	94	189
169	474	119	96	193
170	475	118	99	199
171	475	117	101	203
172	476	116	103	207
173	477	115	105	210
174	478	115	106	212
175	479	116	106	213
176	480	117	106	213
177	480	118	106	212
178	481	119	105	210
179	481	121	103	207
180	481	122	102	205
181	481	123	101	203
182	481	124	100	201
183	481	125	100	200
184	481	125	99	199
185	481	125	99	199
186	480	126	99	199
187	480	126	100	200
188	480	126	100	200
189	480	126	99	199
190	480	127	99	198
191	481	128	98	197
192	481	129	97	195
193	481	130	97	194
194	481	131	96	193
195	480	132	96	192
196	480	132	96	192
197	480	133	95	191
198	480	133	95	190
199	480	134	94	189
200	480	135	94	188
201	480	135	93	187
202	480	136	93	186
203	480	137	92	184
204	480	138	92	184
205	480	139	91	182
206	479	139	91	182
207	478	139	90	181
208	478	139	90	181
209	476	138	91	182
210	474	138	92	185
211	472	137	94	188
212	469	136	96	192
213	467	135	98	197
214	463	133	101	202
215	460	132	104	209
216	456	130	108	216
217	452	128	111	223
218	447	126	116	232
3D Trajetory (frame, x, z, height, pose)
74	1.55	3.10	1.86	3.00
75	1.65	3.31	1.98	1.00
76	1.73	3.47	2.00	4.00
77	1.64	3.45	1.99	4.00
78	1.37	2.96	1.98	4.00
79	1.34	3.03	1.99	4.00
80	1.32	3.03	2.00	4.00
81	1.35	3.00	1.99	2.00
82	1.47	3.19	1.99	2.00
83	1.53	3.25	1.98	2.00
84	1.63	3.45	1.99	4.00
85	1.66	3.51	1.99	4.00
86	1.69	3.56	2.00	4.00
87	1.72	3.61	2.01	4.00
88	1.73	3.59	2.01	4.00
89	1.74	3.56	2.01	4.00
90	1.77	3.62	2.02	4.00
91	1.84	3.78	2.02	1.00
92	1.91	3.90	2.02	3.00
93	1.87	3.79	2.03	1.00
94	1.82	3.68	2.03	1.00
95	1.81	3.64	2.03	1.00
96	1.81	3.63	2.03	4.00
97	1.80	3.60	2.02	4.00
98	1.83	3.60	2.02	4.00
99	1.85	3.61	2.02	4.00
100	1.87	3.62	2.02	4.00
101	1.88	3.61	2.02	4.00
102	1.88	3.59	2.01	4.00
103	1.88	3.58	2.02	4.00
104	1.88	3.56	2.02	4.00
105	1.87	3.55	2.01	4.00
106	1.88	3.55	2.02	4.00
107	1.88	3.54	2.02	4.00
108	1.93	3.63	2.03	4.00
109	1.96	3.70	2.03	4.00
110	2.00	3.76	2.03	4.00
111	2.04	3.82	2.04	4.00
112	2.03	3.83	2.04	4.00
113	2.04	3.84	2.04	4.00
114	2.04	3.83	2.04	4.00
115	2.04	3.82	2.04	4.00
116	2.03	3.78	2.03	4.00
117	2.02	3.76	2.03	4.00
118	2.02	3.75	2.03	4.00
119	2.01	3.75	2.03	4.00
120	2.00	3.73	2.03	4.00
121	2.00	3.73	2.03	4.00
122	1.99	3.73	2.03	4.00
123	1.99	3.72	2.03	4.00
124	1.98	3.72	2.03	4.00
125	1.97	3.71	2.03	4.00
126	1.93	3.62	2.02	4.00
127	1.89	3.53	2.02	4.00
128	1.85	3.45	2.02	4.00
129	1.81	3.41	2.01	4.00
130	1.79	3.39	2.01	4.00
131	1.77	3.38	2.01	4.00
132	1.76	3.37	2.01	4.00
133	1.75	3.37	2.01	4.00
134	1.75	3.37	2.00	4.00
135	1.75	3.37	2.00	4.00
136	1.74	3.36	2.00	4.00
137	1.72	3.35	2.00	4.00
138	1.71	3.34	2.00	4.00
139	1.67	3.30	2.00	4.00
140	1.66	3.29	2.00	4.00
141	1.65	3.28	2.00	4.00
142	1.64	3.26	2.00	4.00
143	1.63	3.25	2.00	4.00
144	1.62	3.24	2.00	4.00
145	1.61	3.24	2.00	4.00
146	1.60	3.23	2.00	4.00
147	1.59	3.20	2.00	4.00
148	1.56	3.15	2.00	4.00
149	1.58	3.15	2.00	4.00
150	1.61	3.21	2.00	4.00
151	1.61	3.21	2.00	4.00
152	1.61	3.20	2.00	4.00
153	1.65	3.26	2.00	4.00
154	1.68	3.32	2.00	4.00
155	1.71	3.37	2.01	4.00
156	1.74	3.41	2.01	4.00
157	1.77	3.46	2.01	4.00
158	1.80	3.51	2.01	4.00
159	1.82	3.59	2.01	4.00
160	1.83	3.61	2.01	4.00
161	1.84	3.63	2.01	4.00
162	1.86	3.65	2.01	4.00
163	1.87	3.67	2.01	4.00
164	1.88	3.69	2.01	4.00
165	1.89	3.71	2.01	4.00
166	1.90	3.73	2.01	4.00
167	1.92	3.75	2.01	4.00
168	1.93	3.77	2.01	4.00
169	1.94	3.79	2.01	4.00
170	1.98	3.84	2.01	4.00
171	2.01	3.89	2.02	4.00
172	2.03	3.93	2.02	4.00
173	2.05	3.95	2.02	4.00
174	2.07	3.97	2.02	4.00
175	2.08	4.00	2.02	4.00
176	2.10	4.02	2.02	4.00
177	2.12	4.05	2.02	4.00
178	2.14	4.08	2.02	4.00
179	2.16	4.10	2.02	4.00
180	2.18	4.12	2.02	4.00
181	2.19	4.14	2.02	4.00
182	2.20	4.15	2.02	4.00
183	2.21	4.16	2.02	4.00
184	2.20	4.15	2.02	4.00
185	2.22	4.17	2.03	4.00
186	2.22	4.17	2.03	4.00
187	2.22	4.18	2.03	4.00
188	2.23	4.19	2.03	4.00
189	2.23	4.21	2.03	4.00
190	2.23	4.22	2.03	4.00
191	2.24	4.24	2.03	4.00
192	2.24	4.25	2.03	4.00
193	2.24	4.27	2.03	4.00
194	2.25	4.29	2.03	4.00
195	2.25	4.30	2.03	4.00
196	2.25	4.32	2.03	4.00
197	2.25	4.34	2.03	4.00
198	2.26	4.35	2.03	4.00
199	2.26	4.37	2.03	4.00
200	2.26	4.38	2.03	4.00
201	2.26	4.40	2.03	4.00
202	2.27	4.42	2.03	4.00
203	2.27	4.43	2.03	4.00
204	2.27	4.45	2.03	4.00
205	2.28	4.46	2.03	4.00
206	2.28	4.48	2.03	4.00
207	2.28	4.50	2.03	4.00
208	2.28	4.51	2.03	4.00
209	2.29	4.53	2.03	4.00
210	2.29	4.54	2.03	4.00
211	2.25	4.54	2.03	4.00
212	2.23	4.51	2.03	4.00
213	2.21	4.50	2.03	2.00
214	2.14	4.37	2.03	2.00
215	2.14	4.37	2.03	2.00
216	2.05	4.23	2.03	2.00
217	1.97	4.11	2.03	4.00
218	1.91	4.01	2.03	4.00
Target 11 (frames from 81 to 136)
Bounding Boxes (frame, x, y, width, height)
81	149	151	102	204
82	150	150	101	203
83	151	149	101	202
84	151	148	100	201
85	152	147	100	200
86	153	146	99	198
87	155	146	98	197
88	156	146	97	195
89	157	145	96	193
90	158	146	95	191
91	159	146	94	188
92	161	147	92	184
93	162	148	90	180
94	164	149	88	176
95	165	151	87	174
96	166	152	86	172
97	166	153	85	170
98	166	154	85	170
99	166	154	84	169
100	166	154	85	171
101	166	154	86	172
102	166	154	86	173
103	166	154	86	173
104	166	154	87	174
105	165	154	87	174
106	165	154	87	175
107	165	154	87	175
108	165	154	87	175
109	165	154	88	176
110	165	154	88	176
111	165	154	88	177
112	165	154	88	177
113	165	154	89	178
114	165	154	89	178
115	165	154	89	178
116	165	155	89	179
117	165	155	89	179
118	165	155	90	180
119	165	155	90	180
120	165	155	90	180
121	165	155	90	181
122	165	155	90	181
123	165	155	91	182
124	165	155	91	182
125	165	155	91	183
126	165	155	91	183
127	165	155	91	183
128	165	155	92	184
129	165	155	92	184
130	165	155	92	185
131	165	155	92	185
132	165	155	93	186
133	165	155	93	186
134	165	155	93	186
135	165	155	93	187
136	165	155	93	187
3D Trajetory (frame, x, z, height, pose)
81	-1.06	3.50	1.83	2.00
82	-1.11	3.79	1.85	2.00
83	-1.10	3.81	1.85	2.00
84	-1.08	3.68	1.85	2.00
85	-1.06	3.56	1.85	2.00
86	-1.06	3.54	1.85	2.00
87	-1.11	3.78	1.88	2.00
88	-1.11	3.73	1.89	2.00
89	-1.14	3.88	1.91	2.00
90	-1.08	3.82	1.92	2.00
91	-1.12	3.98	1.92	2.00
92	-1.15	4.10	1.92	2.00
93	-1.18	4.21	1.92	2.00
94	-1.19	4.28	1.92	2.00
95	-1.20	4.34	1.92	2.00
96	-1.19	4.28	1.92	2.00
97	-1.18	4.22	1.92	2.00
98	-1.16	4.16	1.92	2.00
99	-1.15	4.09	1.92	2.00
100	-1.14	4.03	1.92	2.00
101	-1.12	3.97	1.92	2.00
102	-1.11	3.91	1.92	2.00
103	-1.10	3.85	1.92	2.00
104	-1.08	3.79	1.92	2.00
105	-1.07	3.73	1.92	2.00
106	-1.06	3.67	1.92	2.00
107	-1.04	3.61	1.92	2.00
108	-1.03	3.54	1.92	2.00
109	-1.02	3.48	1.92	2.00
110	-1.00	3.42	1.92	2.00
111	-0.99	3.36	1.92	2.00
112	-0.98	3.30	1.92	2.00
113	-0.96	3.24	1.92	2.00
114	-0.95	3.18	1.92	2.00
115	-0.94	3.12	1.92	2.00
116	-0.92	3.06	1.92	2.00
117	-0.91	2.99	1.92	2.00
118	-0.90	2.93	1.92	2.00
119	-0.88	2.87	1.92	2.00
120	-0.87	2.81	1.92	2.00
121	-0.85	2.75	1.92	2.00
122	-0.84	2.69	1.92	2.00
123	-0.83	2.63	1.92	2.00
124	-0.81	2.57	1.92	2.00
125	-0.80	2.51	1.92	2.00
126	-0.79	2.44	1.92	2.00
127	-0.77	2.38	1.92	2.00
128	-0.76	2.32	1.92	2.00
129	-0.75	2.26	1.93	2.00
130	-0.73	2.20	1.93	2.00
131	-0.72	2.14	1.93	2.00
132	-0.71	2.08	1.93	2.00
133	-0.69	2.02	1.93	2.00
134	-0.68	1.95	1.93	2.00
135	-0.67	1.89	1.93	2.00
136	-0.65	1.83	1.93	2.00
Target 12 (frames from 100 to 150)
Bounding Boxes (frame, x, y, width, height)
100	276	145	95	190
101	276	147	97	195
102	277	148	100	200
103	277	149	102	204
104	278	150	104	209
105	277	150	106	212
106	277	150	108	216
107	276	150	109	219
108	276	149	111	223
109	274	149	113	226
110	273	149	113	226
111	272	148	114	228
112	270	145	116	233
113	268	143	117	235
114	267	141	117	235
115	263	138	118	237
116	260	135	119	239
117	256	132	121	243
118	253	128	123	246
119	250	124	124	249
120	248	119	125	251
121	248	115	126	253
122	247	110	129	258
123	248	106	130	261
124	248	104	130	261
125	250	103	130	260
126	250	102	130	261
127	252	104	129	258
128	253	106	127	254
129	255	109	125	250
130	257	112	123	247
131	258	115	122	244
132	258	116	121	243
133	258	117	122	244
134	257	117	122	245
135	257	116	124	249
136	256	113	126	252
137	255	110	127	255
138	254	106	129	259
139	252	102	132	264
140	250	96	135	270
141	249	94	136	273
142	249	95	136	273
143	250	96	136	272
144	250	98	135	270
145	252	102	133	267
146	253	106	131	263
147	255	112	128	257
148	257	118	125	251
149	259	125	121	243
150	262	134	117	235
3D Trajetory (frame, x, z, height, pose)
100	0.05	4.11	1.81	4.00
101	0.09	3.70	1.91	4.00
102	0.13	3.28	2.01	4.00
103	0.11	3.77	1.99	4.00
104	0.09	4.16	1.99	4.00
105	-0.01	3.62	1.99	4.00
106	0.08	3.48	1.97	4.00
107	0.03	3.49	1.97	2.00
108	0.07	3.43	1.96	2.00
109	0.10	3.33	1.94	4.00
110	0.12	3.27	1.93	4.00
111	0.13	3.26	1.91	4.00
112	0.13	3.24	1.92	4.00
113	0.09	3.25	1.92	4.00
114	0.06	3.21	1.91	4.00
115	0.04	3.18	1.91	2.00
116	0.03	3.14	1.91	2.00
117	0.01	3.11	1.91	2.00
118	-0.01	3.09	1.91	2.00
119	-0.02	3.08	1.91	2.00
120	-0.02	3.07	1.92	2.00
121	-0.02	3.05	1.92	2.00
122	-0.03	3.04	1.92	2.00
123	-0.03	3.03	1.93	2.00
124	-0.03	3.02	1.94	2.00
125	-0.03	3.01	1.95	2.00
126	-0.03	3.10	1.97	2.00
127	-0.04	3.09	1.98	2.00
128	-0.04	3.07	1.98	2.00
129	-0.04	3.05	1.99	2.00
130	-0.04	3.03	1.99	2.00
131	-0.04	3.09	1.98	2.00
132	-0.04	3.12	1.98	2.00
133	-0.04	3.13	1.99	2.00
134	-0.03	3.12	1.99	2.00
135	-0.02	3.22	1.98	2.00
136	-0.02	3.20	1.99	2.00
137	-0.02	3.19	2.00	2.00
138	-0.02	3.17	2.01	4.00
139	-0.02	3.16	2.01	4.00
140	-0.02	3.13	2.02	4.00
141	-0.02	3.12	2.02	4.00
142	-0.02	3.11	2.02	4.00
143	-0.02	3.09	2.03	4.00
144	-0.02	3.09	2.03	4.00
145	-0.02	3.10	2.03	2.00
146	-0.02	3.10	2.04	2.00
147	-0.02	3.11	2.04	2.00
148	0.00	3.09	2.03	2.00
149	0.01	3.12	2.03	4.00
150	0.00	3.13	2.02	4.00
Target 13 (frames from 147 to 218)
Bounding Boxes (frame, x, y, width, height)
147	54	118	125	251
148	55	117	126	252
149	55	116	126	252
150	56	115	126	253
151	56	115	126	253
152	56	114	126	253
153	56	114	126	253
154	56	114	126	253
155	56	114	126	253
156	55	114	126	253
157	55	115	125	251
158	54	116	126	252
159	53	117	126	252
160	53	118	125	251
161	52	118	125	251
162	52	119	125	251
163	51	120	125	250
164	50	120	124	249
165	50	121	124	249
166	50	121	124	249
167	50	120	124	249
168	50	120	124	249
169	51	119	125	250
170	52	118	125	251
171	53	117	126	253
172	54	115	127	255
173	54	114	128	256
174	55	114	127	254
175	55	114	127	254
176	56	114	126	253
177	57	114	126	252
178	58	114	125	251
179	59	115	125	251
180	60	116	125	250
181	61	116	125	251
182	62	117	125	251
183	64	119	125	251
184	64	120	126	252
185	65	120	126	253
186	66	121	127	254
187	67	122	127	254
188	67	123	126	253
189	68	123	126	253
190	69	124	125	251
191	69	125	124	249
192	70	126	122	245
193	70	126	122	244
194	71	126	120	241
195	72	126	119	239
196	73	126	119	238
197	74	126	118	236
198	74	127	118	236
199	75	127	118	236
200	75	128	117	235
201	74	129	117	234
202	74	130	116	233
203	75	131	116	232
204	76	132	115	230
205	78	133	114	228
206	79	134	113	226
207	80	135	112	224
208	81	136	110	221
209	83	136	109	219
210	84	136	109	219
211	85	135	109	219
212	86	135	110	220
213	87	133	111	222
214	87	132	112	224
215	88	130	113	226
216	89	128	115	230
217	89	126	116	233
218	90	124	118	237
3D Trajetory (frame, x, z, height, pose)
147	-1.73	3.37	2.04	4.00
148	-1.31	2.65	1.78	4.00
149	-1.42	2.86	1.90	4.00
150	-1.54	3.08	1.93	4.00
151	-1.57	3.16	1.96	4.00
152	-1.58	3.20	1.98	4.00
153	-1.65	3.28	1.99	4.00
154	-1.69	3.32	1.99	4.00
155	-1.67	3.30	2.00	4.00
156	-1.66	3.29	2.00	4.00
157	-1.65	3.29	2.01	4.00
158	-1.67	3.30	2.00	4.00
159	-1.64	3.25	2.00	4.00
160	-1.63	3.22	2.00	4.00
161	-1.65	3.24	2.01	4.00
162	-1.67	3.26	2.01	4.00
163	-1.68	3.27	2.01	4.00
164	-1.69	3.28	2.01	4.00
165	-1.70	3.29	2.01	4.00
166	-1.71	3.30	2.01	4.00
167	-1.71	3.30	2.02	4.00
168	-1.72	3.31	2.02	4.00
169	-1.72	3.31	2.02	4.00
170	-1.72	3.31	2.02	4.00
171	-1.71	3.30	2.02	4.00
172	-1.69	3.29	2.02	4.00
173	-1.68	3.29	2.02	4.00
174	-1.67	3.29	2.03	4.00
175	-1.66	3.29	2.03	4.00
176	-1.66	3.29	2.03	4.00
177	-1.65	3.29	2.03	4.00
178	-1.65	3.30	2.04	4.00
179	-1.64	3.29	2.04	4.00
180	-1.65	3.30	2.04	4.00
181	-1.66	3.31	2.04	4.00
182	-1.66	3.32	2.03	4.00
183	-1.61	3.28	2.03	2.00
184	-1.58	3.28	2.03	2.00
185	-1.57	3.28	2.03	2.00
186	-1.55	3.25	2.03	4.00
187	-1.53	3.23	2.02	4.00
188	-1.51	3.21	2.02	4.00
189	-1.50	3.19	2.02	4.00
190	-1.52	3.23	2.02	4.00
191	-1.51	3.21	2.02	4.00
192	-1.50	3.17	2.01	4.00
193	-1.50	3.19	2.01	4.00
194	-1.50	3.20	2.01	4.00
195	-1.49	3.21	2.01	2.00
196	-1.49	3.23	2.00	2.00
197	-1.50	3.24	2.00	2.00
198	-1.50	3.26	2.00	4.00
199	-1.50	3.27	2.00	4.00
200	-1.51	3.28	2.00	4.00
201	-1.51	3.30	2.00	4.00
202	-1.54	3.33	2.00	4.00
203	-1.52	3.32	2.00	3.00
204	-1.54	3.35	2.00	3.00
205	-1.56	3.37	2.00	3.00
206	-1.57	3.39	2.00	3.00
207	-1.58	3.43	2.00	3.00
208	-1.59	3.46	2.00	3.00
209	-1.58	3.48	2.00	4.00
210	-1.58	3.51	2.00	4.00
211	-1.58	3.55	2.00	4.00
212	-1.59	3.58	2.00	4.00
213	-1.60	3.60	2.00	4.00
214	-1.61	3.61	2.00	4.00
215	-1.62	3.65	2.00	4.00
216	-1.61	3.66	2.00	2.00
217	-1.57	3.63	2.00	2.00
218	-1.56	3.62	2.01	2.00
Target 14 (frames from 149 to 174)
Bounding Boxes (frame, x, y, width, height)
149	117	98	189	378
150	120	95	189	378
151	123	92	188	377
152	126	90	188	376
153	129	88	187	374
154	133	87	186	373
155	137	86	186	372
156	142	86	185	370
157	147	86	184	368
158	152	87	183	366
159	158	90	180	361
160	163	93	178	357
161	170	97	177	354
162	177	100	175	351
163	185	102	175	350
164	192	103	175	351
165	199	103	176	353
166	206	103	176	353
167	214	102	176	353
168	223	102	177	354
169	231	100	177	355
170	240	98	178	356
171	249	96	179	358
172	259	93	180	361
173	268	89	182	364
174	278	85	183	367
3D Trajetory (frame, x, z, height, pose)
149	-0.54	2.06	1.92	1.00
150	-0.54	2.07	1.94	1.00
151	-0.54	2.10	1.95	1.00
152	-0.54	2.11	1.95	1.00
153	-0.51	2.09	1.96	1.00
154	-0.47	2.07	1.97	1.00
155	-0.44	2.06	1.98	1.00
156	-0.43	2.08	2.00	1.00
157	-0.43	2.12	2.00	1.00
158	-0.42	2.16	2.00	1.00
159	-0.39	2.18	2.00	1.00
160	-0.36	2.19	1.99	1.00
161	-0.34	2.22	1.99	1.00
162	-0.30	2.21	1.98	1.00
163	-0.26	2.21	1.98	1.00
164	-0.22	2.20	1.98	1.00
165	-0.18	2.19	1.98	1.00
166	-0.14	2.18	1.98	1.00
167	-0.13	2.18	1.98	1.00
168	0.05	2.16	1.99	1.00
169	0.09	2.17	2.01	1.00
170	0.09	2.16	2.01	1.00
171	0.13	2.21	2.01	1.00
172	0.13	2.17	2.00	1.00
173	0.18	2.26	2.00	1.00
174	0.28	2.28	2.00	1.00
Target 15 (frames from 159 to 209)
Bounding Boxes (frame, x, y, width, height)
159	463	123	125	250
160	462	123	125	250
161	460	122	125	251
162	459	122	126	252
163	458	122	126	253
164	457	121	127	255
165	456	121	128	256
166	455	120	128	257
167	455	120	129	259
168	454	119	130	261
169	453	116	134	268
170	452	115	136	272
171	451	114	138	276
172	450	113	139	278
173	450	113	139	278
174	451	114	138	277
175	451	115	137	275
176	453	117	135	271
177	454	119	133	267
178	455	120	131	263
179	457	122	129	259
180	458	124	127	254
181	460	126	125	250
182	461	128	122	245
183	462	129	121	243
184	464	131	120	240
185	465	132	119	238
186	466	132	118	236
187	467	133	117	235
188	468	134	117	234
189	468	134	117	234
190	469	134	117	234
191	468	133	117	235
192	468	133	118	236
193	467	132	118	237
194	466	131	119	238
195	465	130	119	239
196	464	129	120	240
197	462	128	120	241
198	461	127	121	242
199	461	127	120	241
200	460	127	120	240
201	460	127	120	240
202	459	127	120	240
203	459	127	120	241
204	458	127	120	241
205	458	127	121	242
206	457	127	121	243
207	457	127	121	243
208	457	128	122	244
209	457	128	122	245
3D Trajetory (frame, x, z, height, pose)
159	1.45	2.72	2.01	1.00
160	1.58	3.12	1.95	4.00
161	1.64	3.28	1.97	4.00
162	1.68	3.34	1.98	4.00
163	1.68	3.36	1.98	4.00
164	1.69	3.36	1.98	4.00
165	1.68	3.35	1.99	4.00
166	1.67	3.34	1.99	4.00
167	1.61	3.22	1.99	4.00
168	1.55	3.09	1.99	4.00
169	1.53	3.07	1.99	4.00
170	1.52	3.04	1.99	4.00
171	1.51	3.01	1.99	4.00
172	1.49	2.99	1.99	4.00
173	1.48	2.96	1.99	4.00
174	1.48	2.95	2.00	4.00
175	1.48	2.95	2.00	4.00
176	1.48	2.94	2.01	4.00
177	1.48	2.95	2.01	4.00
178	1.49	2.96	2.01	4.00
179	1.49	2.96	2.01	4.00
180	1.50	2.97	2.01	4.00
181	1.51	2.98	2.01	4.00
182	1.51	2.98	2.01	4.00
183	1.52	2.99	2.01	4.00
184	1.52	3.00	2.01	4.00
185	1.53	3.01	2.01	4.00
186	1.54	3.01	2.01	4.00
187	1.54	3.02	2.01	4.00
188	1.55	3.03	2.00	4.00
189	1.56	3.03	2.00	4.00
190	1.61	3.12	2.00	4.00
191	1.62	3.14	1.99	4.00
192	1.62	3.13	1.97	4.00
193	1.63	3.15	1.97	4.00
194	1.64	3.16	1.96	4.00
195	1.64	3.15	1.95	4.00
196	1.63	3.17	1.95	4.00
197	1.63	3.19	1.95	4.00
198	1.63	3.20	1.95	4.00
199	1.62	3.21	1.95	4.00
200	1.62	3.22	1.95	4.00
201	1.62	3.23	1.95	4.00
202	1.63	3.25	1.95	4.00
203	1.63	3.26	1.96	4.00
204	1.63	3.27	1.96	4.00
205	1.64	3.28	1.96	4.00
206	1.65	3.31	1.96	4.00
207	1.67	3.33	1.97	4.00
208	1.64	3.30	1.96	4.00
209	1.61	3.27	1.96	3.00
Target 16 (frames from 168 to 201)
Bounding Boxes (frame, x, y, width, height)
168	160	135	121	243
169	159	135	121	243
170	157	134	121	243
171	156	134	121	243
172	155	133	122	244
173	154	132	122	244
174	153	131	122	245
175	152	131	123	246
176	151	130	123	247
177	149	129	124	248
178	148	128	125	250
179	146	126	126	253
180	144	124	128	257
181	142	122	129	259
182	141	121	130	260
183	142	121	130	261
184	143	121	130	261
185	144	122	129	259
186	145	124	128	257
187	146	126	127	254
188	146	128	125	251
189	146	130	124	249
190	146	132	123	247
191	145	133	123	246
192	143	134	123	246
193	142	134	122	245
194	141	134	122	245
195	140	134	123	246
196	138	134	123	247
197	136	133	124	248
198	134	132	125	250
199	132	130	125	251
200	130	129	127	254
201	128	127	128	257
3D Trajetory (frame, x, z, height, pose)
168	-0.79	3.13	1.92	4.00
169	-0.77	3.05	1.93	4.00
170	-0.77	3.05	1.93	4.00
171	-0.84	3.27	1.92	4.00
172	-0.82	3.19	1.93	4.00
173	-0.80	3.15	1.92	4.00
174	-0.80	3.14	1.92	4.00
175	-0.84	3.25	1.93	4.00
176	-0.88	3.32	1.93	4.00
177	-0.86	3.28	1.92	4.00
178	-0.84	3.24	1.92	4.00
179	-0.85	3.12	1.92	4.00
180	-0.85	3.05	1.93	4.00
181	-0.85	3.00	1.93	4.00
182	-0.86	2.97	1.93	4.00
183	-0.85	2.95	1.93	4.00
184	-0.85	2.92	1.93	4.00
185	-0.83	2.97	1.93	4.00
186	-0.82	2.99	1.92	4.00
187	-0.83	2.97	1.93	4.00
188	-0.83	2.95	1.93	4.00
189	-0.85	3.02	1.93	4.00
190	-0.84	3.04	1.93	4.00
191	-0.82	3.03	1.92	4.00
192	-0.84	3.00	1.91	4.00
193	-0.87	2.99	1.91	4.00
194	-0.89	2.98	1.91	4.00
195	-0.89	2.97	1.90	4.00
196	-0.90	2.98	1.90	4.00
197	-0.91	2.99	1.90	4.00
198	-0.91	2.98	1.90	4.00
199	-0.91	2.98	1.90	4.00
200	-0.91	2.98	1.90	4.00
201	-0.92	2.98	1.90	4.00
Target 17 (frames from 183 to 218)
Bounding Boxes (frame, x, y, width, height)
183	259	144	118	237
184	261	146	117	235
185	262	147	116	233
186	263	148	115	231
187	264	149	114	229
188	265	150	113	227
189	266	151	113	226
190	266	151	112	225
191	267	151	111	223
192	267	152	111	223
193	266	152	110	221
194	265	152	110	221
195	264	151	110	221
196	262	150	110	221
197	260	149	111	222
198	259	149	111	222
199	259	149	112	225
200	259	149	112	225
201	260	150	112	224
202	261	151	110	221
203	263	154	109	218
204	266	156	106	213
205	268	158	104	209
206	271	159	102	204
207	274	160	100	200
208	276	161	98	196
209	278	160	96	193
210	280	160	96	192
211	281	160	95	191
212	282	159	95	191
213	282	157	96	192
214	282	156	96	193
215	282	154	97	195
216	282	152	98	197
217	281	149	100	200
218	280	146	102	204
3D Trajetory (frame, x, z, height, pose)
183	-0.01	3.08	1.77	4.00
184	-0.01	3.06	1.79	4.00
185	-0.02	3.04	1.82	4.00
186	-0.01	2.98	1.80	4.00
187	0.03	3.04	1.80	4.00
188	0.07	3.09	1.80	4.00
189	0.11	3.15	1.79	2.00
190	0.05	3.28	1.80	2.00
191	0.04	3.25	1.78	4.00
192	0.02	3.22	1.75	4.00
193	0.01	3.14	1.74	4.00
194	0.00	3.14	1.74	4.00
195	-0.00	3.09	1.73	4.00
196	-0.00	3.11	1.74	4.00
197	-0.01	3.13	1.74	4.00
198	-0.01	3.16	1.74	4.00
199	-0.02	3.18	1.74	4.00
200	-0.02	3.20	1.74	4.00
201	-0.02	3.22	1.74	4.00
202	-0.03	3.24	1.74	4.00
203	-0.03	3.24	1.74	4.00
204	-0.02	3.24	1.74	4.00
205	-0.02	3.23	1.74	4.00
206	0.00	3.28	1.75	4.00
207	0.02	3.33	1.75	4.00
208	0.03	3.45	1.75	4.00
209	0.04	3.44	1.74	4.00
210	0.05	3.55	1.74	4.00
211	0.06	3.65	1.75	4.00
212	0.06	3.68	1.75	1.00
213	0.07	3.70	1.75	1.00
214	0.08	3.72	1.76	1.00
215	0.09	3.72	1.76	1.00
216	0.10	3.74	1.77	1.00
217	0.10	3.75	1.77	2.00
218	0.11	3.76	1.78	2.00
