Total frames 599
Number of Targets 18
Target 1 (frames from 1 to 41)
Bounding Boxes (frame, x, y, width, height)
1	438	238	55	110
2	438	237	55	110
3	438	236	55	111
4	438	236	55	111
5	439	235	55	111
6	439	234	56	112
7	440	234	56	112
8	441	233	56	113
9	442	233	56	113
10	444	233	56	113
11	445	233	57	114
12	447	233	57	114
13	449	233	57	114
14	451	233	57	114
15	453	233	57	115
16	455	233	57	115
17	457	232	57	115
18	458	231	58	116
19	460	231	58	116
20	461	230	58	117
21	462	229	58	117
22	463	228	58	117
23	464	228	58	117
24	466	228	58	116
25	467	229	57	115
26	469	229	57	115
27	470	230	57	114
28	472	231	56	112
29	473	232	55	111
30	475	234	55	110
31	476	235	54	108
32	477	236	53	107
33	479	237	53	106
34	480	238	52	105
35	481	238	52	104
36	482	239	51	103
37	483	240	51	102
38	483	240	50	101
39	484	241	50	100
40	485	241	49	99
41	485	241	49	98
3D Trajetory (frame, x, z, height, pose)
1	1.52	7.13	1.59	2.00
2	1.57	7.32	1.62	2.00
3	1.63	7.51	1.65	4.00
4	1.64	7.46	1.65	4.00
5	1.65	7.40	1.66	4.00
6	1.66	7.39	1.66	4.00
7	1.67	7.38	1.67	4.00
8	1.69	7.35	1.68	4.00
9	1.72	7.32	1.70	1.00
10	1.72	7.32	1.69	1.00
11	1.73	7.32	1.68	1.00
12	1.76	7.34	1.67	1.00
13	1.80	7.36	1.67	1.00
14	1.82	7.34	1.67	1.00
15	1.83	7.31	1.68	2.00
16	1.84	7.29	1.68	2.00
17	1.84	7.28	1.68	2.00
18	1.86	7.27	1.69	2.00
19	1.88	7.26	1.69	2.00
20	1.89	7.25	1.71	2.00
21	1.90	7.24	1.72	2.00
22	1.92	7.25	1.72	2.00
23	1.94	7.25	1.71	1.00
24	1.95	7.26	1.71	1.00
25	1.96	7.27	1.70	1.00
26	1.98	7.29	1.68	1.00
27	1.99	7.30	1.66	1.00
28	2.01	7.31	1.64	1.00
29	2.03	7.31	1.61	1.00
30	2.06	7.32	1.59	1.00
31	2.08	7.34	1.58	1.00
32	2.09	7.34	1.58	1.00
33	2.11	7.35	1.58	1.00
34	2.14	7.40	1.57	1.00
35	2.18	7.45	1.56	1.00
36	2.20	7.47	1.54	1.00
37	2.22	7.50	1.52	1.00
38	2.25	7.53	1.52	1.00
39	2.27	7.57	1.52	1.00
40	2.30	7.58	1.52	1.00
41	2.32	7.59	1.52	1.00
Target 2 (frames from 1 to 39)
Bounding Boxes (frame, x, y, width, height)
1	565	228	39	78
2	563	229	38	77
3	562	229	38	77
4	561	229	38	77
5	560	229	38	77
6	559	229	38	77
7	558	229	38	77
8	557	229	38	77
9	557	229	38	77
10	557	230	38	77
11	557	230	38	77
12	558	230	38	77
13	559	230	38	77
14	559	230	38	77
15	560	230	39	78
16	560	230	39	78
17	561	230	39	78
18	561	230	39	78
19	561	229	39	78
20	561	229	39	78
21	562	229	39	78
22	562	228	39	78
23	562	228	39	78
24	562	227	39	78
25	563	227	39	78
26	563	227	39	78
27	564	227	39	78
28	564	227	39	78
29	564	227	39	79
30	564	226	39	79
31	564	226	39	79
32	563	226	39	79
33	562	226	39	79
34	562	226	40	80
35	561	226	40	80
36	559	226	40	80
37	558	227	40	80
38	557	227	40	80
39	555	227	40	80
3D Trajetory (frame, x, z, height, pose)
1	5.51	12.22	1.92	2.00
2	5.51	12.21	1.91	2.00
3	5.51	12.20	1.90	2.00
4	5.47	12.20	1.90	2.00
5	5.43	12.20	1.89	2.00
6	5.42	12.15	1.89	2.00
7	5.40	12.10	1.88	2.00
8	5.40	12.09	1.88	2.00
9	5.40	12.09	1.87	2.00
10	5.39	12.09	1.88	2.00
11	5.39	12.10	1.88	2.00
12	5.37	12.06	1.88	2.00
13	5.35	12.02	1.87	2.00
14	5.33	11.99	1.87	2.00
15	5.32	11.96	1.87	2.00
16	5.30	11.92	1.87	2.00
17	5.27	11.88	1.87	2.00
18	5.25	11.86	1.87	2.00
19	5.23	11.83	1.86	2.00
20	5.24	11.85	1.86	2.00
21	5.24	11.87	1.85	2.00
22	5.24	11.88	1.85	2.00
23	5.23	11.88	1.84	2.00
24	5.23	11.86	1.84	2.00
25	5.22	11.84	1.85	2.00
26	5.21	11.79	1.85	2.00
27	5.21	11.74	1.84	2.00
28	5.20	11.72	1.85	2.00
29	5.19	11.70	1.85	2.00
30	5.18	11.68	1.85	2.00
31	5.16	11.65	1.85	2.00
32	5.14	11.62	1.86	2.00
33	5.12	11.58	1.86	2.00
34	5.10	11.59	1.86	2.00
35	5.09	11.59	1.87	3.00
36	5.08	11.60	1.86	3.00
37	5.06	11.61	1.86	3.00
38	5.05	11.59	1.85	3.00
39	5.04	11.58	1.85	3.00
Target 3 (frames from 1 to 193)
Bounding Boxes (frame, x, y, width, height)
1	382	221	65	130
2	382	220	66	132
3	383	219	67	134
4	384	218	67	135
5	385	217	68	136
6	386	216	68	137
7	387	216	69	138
8	389	215	69	139
9	390	215	69	139
10	392	216	69	139
11	396	217	68	137
12	399	219	67	135
13	402	220	67	134
14	404	222	66	132
15	406	222	66	132
16	408	223	65	131
17	410	223	65	131
18	411	223	65	130
19	413	223	64	129
20	414	224	64	129
21	415	224	64	128
22	416	224	63	127
23	418	224	63	126
24	419	224	63	126
25	420	224	62	125
26	421	224	62	125
27	423	224	62	125
28	424	224	62	124
29	426	224	62	124
30	427	224	62	125
31	428	224	62	125
32	429	224	62	124
33	430	225	62	124
34	431	225	61	123
35	433	226	61	122
36	434	227	60	121
37	435	228	60	120
38	437	229	59	119
39	438	231	58	117
40	440	232	58	116
41	442	233	57	115
42	444	234	57	114
43	446	234	56	113
44	448	235	56	113
45	450	235	56	112
46	451	235	56	112
47	453	235	56	112
48	455	235	56	112
49	457	234	56	112
50	458	234	56	113
51	460	233	56	113
52	461	233	56	112
53	462	233	56	112
54	464	232	56	112
55	465	232	56	113
56	466	231	56	113
57	467	231	56	113
58	468	230	56	113
59	469	230	56	113
60	470	230	56	113
61	471	231	56	113
62	472	231	56	112
63	473	231	56	112
64	474	232	55	111
65	475	232	55	111
66	477	233	55	110
67	478	234	55	110
68	479	234	54	109
69	479	235	54	109
70	480	235	54	108
71	481	235	54	108
72	481	235	54	108
73	482	235	54	108
74	482	235	54	108
75	483	234	54	108
76	484	234	54	108
77	485	234	54	108
78	487	235	54	108
79	488	235	54	108
80	489	235	54	108
81	490	236	53	107
82	492	236	53	107
83	493	237	53	106
84	495	238	53	106
85	496	238	52	105
86	497	239	52	105
87	499	239	52	104
88	500	239	51	103
89	501	239	51	103
90	502	240	51	102
91	503	240	51	102
92	504	239	51	102
93	505	239	51	102
94	506	239	51	102
95	506	239	51	102
96	507	239	51	102
97	508	239	51	102
98	509	239	51	102
99	510	239	51	102
100	511	239	51	102
101	512	239	50	101
102	513	239	50	101
103	514	239	50	101
104	515	240	50	100
105	516	240	49	99
106	516	241	49	99
107	517	242	49	98
108	517	242	48	97
109	518	242	48	96
110	518	243	48	96
111	518	243	47	95
112	519	243	47	95
113	519	243	47	95
114	520	243	47	94
115	521	243	47	94
116	522	243	46	93
117	524	243	46	93
118	525	243	46	92
119	526	244	46	92
120	527	244	45	91
121	528	244	45	91
122	529	244	45	90
123	529	244	45	90
124	530	245	44	89
125	531	245	44	89
126	531	245	44	89
127	531	245	44	88
128	532	244	44	88
129	532	244	44	88
130	533	243	44	89
131	533	243	44	89
132	534	243	44	89
133	534	242	44	89
134	535	242	44	89
135	535	241	45	90
136	536	241	45	90
137	537	240	45	90
138	537	240	45	90
139	538	239	45	90
140	539	239	45	90
141	540	239	45	90
142	541	239	44	89
143	542	238	44	89
144	542	238	44	89
145	543	238	44	89
146	544	238	44	89
147	544	238	44	89
148	545	238	44	88
149	545	238	44	88
150	546	238	44	88
151	546	238	44	88
152	546	239	43	87
153	546	239	43	87
154	546	239	43	86
155	546	240	43	86
156	547	240	43	86
157	547	240	42	85
158	547	241	42	85
159	548	241	42	84
160	549	241	42	84
161	549	242	41	83
162	550	242	41	83
163	551	242	41	83
164	553	243	41	82
165	554	243	41	82
166	555	243	41	82
167	556	243	40	81
168	557	244	40	81
169	558	244	40	81
170	559	244	40	80
171	559	244	40	80
172	560	244	39	79
173	560	244	39	79
174	560	244	39	79
175	560	243	39	78
176	561	243	39	78
177	561	243	39	78
178	561	243	39	78
179	561	243	39	78
180	562	243	39	78
181	562	243	39	78
182	562	244	39	78
183	563	244	39	78
184	563	244	39	78
185	564	244	39	78
186	564	244	39	78
187	565	244	38	77
188	565	244	38	77
189	566	243	38	77
190	566	243	38	77
191	567	243	38	77
192	568	243	38	76
193	568	242	38	76
3D Trajetory (frame, x, z, height, pose)
1	0.85	7.15	1.74	4.00
2	0.83	7.11	1.82	4.00
3	0.80	7.06	1.90	3.00
4	0.81	6.90	1.94	3.00
5	0.81	6.73	1.98	1.00
6	0.86	6.75	1.96	1.00
7	0.90	6.77	1.94	4.00
8	0.94	6.81	1.92	4.00
9	0.98	6.84	1.90	4.00
10	1.01	6.87	1.87	4.00
11	1.04	6.90	1.84	4.00
12	1.07	6.90	1.84	4.00
13	1.09	6.90	1.84	4.00
14	1.11	6.89	1.84	4.00
15	1.12	6.88	1.83	4.00
16	1.14	6.88	1.83	4.00
17	1.17	6.88	1.82	4.00
18	1.18	6.88	1.81	4.00
19	1.19	6.88	1.79	4.00
20	1.19	6.88	1.78	4.00
21	1.18	6.89	1.77	2.00
22	1.20	6.89	1.75	2.00
23	1.22	6.90	1.74	2.00
24	1.23	6.91	1.73	2.00
25	1.25	6.92	1.73	2.00
26	1.26	6.93	1.73	2.00
27	1.28	6.93	1.73	4.00
28	1.30	6.94	1.73	4.00
29	1.32	6.95	1.74	4.00
30	1.34	6.96	1.74	4.00
31	1.36	6.96	1.74	4.00
32	1.38	6.96	1.74	4.00
33	1.39	6.97	1.73	4.00
34	1.41	6.97	1.73	4.00
35	1.44	6.98	1.72	2.00
36	1.45	6.99	1.72	2.00
37	1.47	7.00	1.71	2.00
38	1.50	7.02	1.68	2.00
39	1.53	7.03	1.65	2.00
40	1.56	7.05	1.64	2.00
41	1.58	7.07	1.62	2.00
42	1.61	7.09	1.61	2.00
43	1.64	7.11	1.60	2.00
44	1.66	7.11	1.61	2.00
45	1.69	7.12	1.62	2.00
46	1.71	7.13	1.61	2.00
47	1.73	7.14	1.61	2.00
48	1.75	7.15	1.62	2.00
49	1.76	7.15	1.62	2.00
50	1.78	7.16	1.62	2.00
51	1.80	7.18	1.62	2.00
52	1.82	7.19	1.62	2.00
53	1.85	7.20	1.63	2.00
54	1.88	7.22	1.63	2.00
55	1.90	7.24	1.63	2.00
56	1.92	7.27	1.64	2.00
57	1.93	7.30	1.64	1.00
58	1.95	7.31	1.65	1.00
59	1.96	7.32	1.65	1.00
60	1.98	7.35	1.67	1.00
61	2.00	7.37	1.69	1.00
62	2.02	7.40	1.68	1.00
63	2.04	7.43	1.68	2.00
64	2.06	7.43	1.68	2.00
65	2.09	7.44	1.69	2.00
66	2.11	7.50	1.65	2.00
67	2.13	7.55	1.62	2.00
68	2.16	7.57	1.63	2.00
69	2.18	7.60	1.65	2.00
70	2.20	7.62	1.66	2.00
71	2.22	7.64	1.66	2.00
72	2.23	7.66	1.67	2.00
73	2.25	7.68	1.67	2.00
74	2.26	7.70	1.68	2.00
75	2.27	7.72	1.68	2.00
76	2.29	7.74	1.68	2.00
77	2.31	7.76	1.68	2.00
78	2.32	7.77	1.68	2.00
79	2.34	7.77	1.68	1.00
80	2.36	7.78	1.68	1.00
81	2.38	7.80	1.68	1.00
82	2.40	7.80	1.68	1.00
83	2.42	7.81	1.67	2.00
84	2.45	7.84	1.66	2.00
85	2.49	7.86	1.65	2.00
86	2.51	7.90	1.65	2.00
87	2.54	7.93	1.65	2.00
88	2.57	7.97	1.64	2.00
89	2.60	8.00	1.64	2.00
90	2.64	8.04	1.65	2.00
91	2.67	8.08	1.65	2.00
92	2.70	8.11	1.65	2.00
93	2.73	8.14	1.66	2.00
94	2.75	8.18	1.66	2.00
95	2.77	8.22	1.66	2.00
96	2.80	8.25	1.67	2.00
97	2.82	8.28	1.69	4.00
98	2.85	8.31	1.70	4.00
99	2.87	8.33	1.71	4.00
100	2.89	8.35	1.71	4.00
101	2.92	8.36	1.71	2.00
102	2.94	8.39	1.71	2.00
103	2.97	8.41	1.71	2.00
104	2.99	8.46	1.69	2.00
105	3.01	8.52	1.67	3.00
106	3.04	8.56	1.68	3.00
107	3.07	8.60	1.69	1.00
108	3.09	8.65	1.68	1.00
109	3.10	8.70	1.68	2.00
110	3.12	8.75	1.67	2.00
111	3.14	8.80	1.67	4.00
112	3.15	8.84	1.67	4.00
113	3.16	8.87	1.68	4.00
114	3.20	8.91	1.67	4.00
115	3.24	8.96	1.67	4.00
116	3.27	8.99	1.68	4.00
117	3.29	9.03	1.69	4.00
118	3.33	9.07	1.69	4.00
119	3.36	9.11	1.68	2.00
120	3.40	9.15	1.67	2.00
121	3.43	9.19	1.67	2.00
122	3.45	9.23	1.66	2.00
123	3.48	9.26	1.65	2.00
124	3.51	9.30	1.65	2.00
125	3.54	9.34	1.66	2.00
126	3.57	9.38	1.67	2.00
127	3.60	9.42	1.68	2.00
128	3.64	9.46	1.68	2.00
129	3.67	9.51	1.69	4.00
130	3.70	9.55	1.69	4.00
131	3.73	9.59	1.69	4.00
132	3.75	9.62	1.71	4.00
133	3.76	9.66	1.73	4.00
134	3.78	9.70	1.74	4.00
135	3.80	9.75	1.75	4.00
136	3.83	9.79	1.76	4.00
137	3.86	9.83	1.76	4.00
138	3.88	9.88	1.78	4.00
139	3.90	9.92	1.80	4.00
140	3.93	9.98	1.80	4.00
141	3.96	10.03	1.80	4.00
142	3.99	10.06	1.80	4.00
143	4.02	10.10	1.80	4.00
144	4.05	10.14	1.80	4.00
145	4.08	10.19	1.80	4.00
146	4.11	10.23	1.80	4.00
147	4.14	10.27	1.80	4.00
148	4.17	10.33	1.81	4.00
149	4.21	10.38	1.82	4.00
150	4.23	10.42	1.83	4.00
151	4.25	10.46	1.85	4.00
152	4.27	10.50	1.84	4.00
153	4.30	10.55	1.83	4.00
154	4.33	10.59	1.82	4.00
155	4.35	10.64	1.82	4.00
156	4.38	10.68	1.82	4.00
157	4.41	10.72	1.83	4.00
158	4.44	10.77	1.82	4.00
159	4.47	10.81	1.82	4.00
160	4.50	10.86	1.81	4.00
161	4.54	10.91	1.80	4.00
162	4.57	10.94	1.81	4.00
163	4.61	10.97	1.82	4.00
164	4.64	10.99	1.81	4.00
165	4.68	11.02	1.81	4.00
166	4.71	11.05	1.81	4.00
167	4.73	11.09	1.80	4.00
168	4.77	11.13	1.80	4.00
169	4.80	11.17	1.80	4.00
170	4.83	11.20	1.80	4.00
171	4.87	11.24	1.79	4.00
172	4.88	11.28	1.78	4.00
173	4.90	11.32	1.78	1.00
174	4.91	11.37	1.77	1.00
175	4.92	11.43	1.77	4.00
176	4.96	11.45	1.78	4.00
177	5.01	11.47	1.79	4.00
178	5.05	11.50	1.80	4.00
179	5.08	11.53	1.81	4.00
180	5.11	11.57	1.81	4.00
181	5.14	11.60	1.81	4.00
182	5.17	11.64	1.82	4.00
183	5.20	11.69	1.83	4.00
184	5.24	11.72	1.83	4.00
185	5.27	11.76	1.83	4.00
186	5.29	11.81	1.83	4.00
187	5.32	11.85	1.83	4.00
188	5.35	11.90	1.83	4.00
189	5.38	11.96	1.83	4.00
190	5.41	12.00	1.83	4.00
191	5.44	12.04	1.84	1.00
192	5.48	12.06	1.85	1.00
193	5.52	12.07	1.86	1.00
Target 4 (frames from 1 to 193)
Bounding Boxes (frame, x, y, width, height)
1	319	230	49	99
2	317	229	49	99
3	315	229	49	99
4	314	228	49	99
5	312	227	49	99
6	311	227	50	100
7	309	226	50	100
8	308	226	50	100
9	307	226	50	100
10	306	225	50	100
11	306	225	50	100
12	305	225	50	100
13	305	225	50	101
14	305	224	50	101
15	305	224	51	102
16	305	223	51	103
17	304	223	51	103
18	303	222	51	103
19	302	222	51	103
20	302	222	51	103
21	301	222	51	102
22	300	222	50	101
23	299	223	50	100
24	298	223	49	98
25	297	224	48	97
26	296	225	48	96
27	295	226	47	95
28	294	227	47	94
29	293	228	46	93
30	292	228	46	92
31	291	229	46	92
32	289	229	46	92
33	288	229	45	91
34	286	229	46	92
35	284	229	46	92
36	282	229	46	92
37	280	229	46	92
38	278	229	46	92
39	277	230	46	92
40	275	230	46	92
41	274	230	46	92
42	273	230	46	92
43	271	230	46	92
44	270	230	46	92
45	269	230	46	92
46	269	230	46	92
47	268	230	46	92
48	267	230	46	92
49	266	230	46	92
50	265	230	46	92
51	264	230	46	92
52	263	230	46	92
53	262	230	46	92
54	261	230	46	92
55	260	230	46	92
56	259	230	46	92
57	258	230	46	92
58	257	230	46	92
59	256	230	46	92
60	255	230	46	92
61	254	230	46	93
62	253	230	46	93
63	252	231	46	93
64	250	231	47	94
65	249	231	47	94
66	247	232	47	94
67	245	232	47	94
68	243	232	47	94
69	240	232	47	95
70	238	232	47	95
71	236	232	48	96
72	235	232	48	96
73	233	231	48	97
74	232	231	48	97
75	230	231	49	98
76	229	231	49	98
77	228	230	49	99
78	227	230	49	99
79	226	230	50	100
80	225	230	50	100
81	223	230	50	101
82	221	230	50	101
83	219	231	50	101
84	217	231	50	101
85	215	232	50	101
86	213	232	50	101
87	211	232	50	101
88	208	233	50	101
89	206	233	50	101
90	204	233	50	101
91	201	234	50	101
92	199	234	50	101
93	197	235	50	101
94	195	235	50	101
95	193	236	51	102
96	191	236	51	102
97	189	236	51	102
98	187	237	51	102
99	185	237	51	103
100	183	237	51	103
101	182	237	51	103
102	181	238	51	103
103	179	238	51	103
104	178	239	51	103
105	177	240	51	103
106	176	240	51	102
107	175	241	50	101
108	175	242	50	101
109	174	243	50	100
110	173	244	50	100
111	172	245	49	99
112	171	246	49	99
113	170	246	49	99
114	169	247	49	99
115	169	247	49	99
116	168	247	49	99
117	167	247	49	99
118	167	248	50	100
119	166	248	50	100
120	165	248	50	100
121	164	248	50	101
122	162	248	50	101
123	161	248	50	101
124	159	249	51	102
125	158	249	51	102
126	156	249	51	103
127	155	249	51	103
128	153	249	51	103
129	152	249	52	104
130	151	249	52	104
131	150	250	52	104
132	149	250	52	104
133	148	250	52	105
134	147	250	52	105
135	146	250	52	105
136	145	250	53	106
137	144	249	53	107
138	143	249	53	107
139	143	249	53	107
140	142	250	53	107
141	142	250	53	107
142	142	250	53	107
143	142	251	53	107
144	143	251	53	107
145	143	252	53	106
146	143	253	52	105
147	143	254	52	105
148	143	255	52	104
149	143	256	52	104
150	143	256	52	104
151	142	257	52	104
152	141	257	52	104
153	139	257	52	105
154	138	257	53	106
155	137	257	53	106
156	135	257	53	106
157	133	257	53	107
158	132	257	53	107
159	130	257	54	108
160	129	257	54	108
161	127	257	54	109
162	126	257	55	110
163	124	257	55	110
164	123	257	55	111
165	121	257	56	112
166	120	256	57	114
167	119	255	57	115
168	117	254	58	117
169	116	254	59	118
170	115	253	59	119
171	114	252	60	121
172	113	251	61	122
173	112	251	61	123
174	112	251	62	124
175	111	251	62	124
176	112	251	62	124
177	112	252	62	124
178	112	253	62	124
179	113	255	61	123
180	113	256	61	123
181	113	257	61	123
182	113	258	61	123
183	113	258	61	123
184	112	259	61	123
185	111	259	62	124
186	110	259	62	124
187	109	259	62	124
188	108	259	62	125
189	106	259	63	126
190	105	259	63	126
191	103	259	63	127
192	100	258	64	128
193	98	257	64	129
3D Trajetory (frame, x, z, height, pose)
1	-0.30	9.19	1.75	1.00
2	-0.30	9.03	1.78	1.00
3	-0.29	8.88	1.80	1.00
4	-0.29	8.90	1.83	1.00
5	-0.29	8.93	1.86	1.00
6	-0.34	9.07	1.85	1.00
7	-0.38	9.21	1.85	1.00
8	-0.41	9.30	1.84	1.00
9	-0.45	9.39	1.84	1.00
10	-0.44	9.36	1.86	1.00
11	-0.44	9.33	1.87	1.00
12	-0.46	9.32	1.88	1.00
13	-0.48	9.30	1.89	1.00
14	-0.49	9.27	1.90	1.00
15	-0.50	9.24	1.90	1.00
16	-0.52	9.23	1.91	1.00
17	-0.55	9.23	1.92	1.00
18	-0.56	9.23	1.92	1.00
19	-0.57	9.22	1.92	1.00
20	-0.57	9.21	1.92	1.00
21	-0.58	9.20	1.91	1.00
22	-0.65	9.23	1.88	1.00
23	-0.72	9.25	1.85	1.00
24	-0.74	9.29	1.84	1.00
25	-0.77	9.33	1.82	1.00
26	-0.79	9.36	1.80	1.00
27	-0.80	9.40	1.79	1.00
28	-0.83	9.43	1.76	1.00
29	-0.86	9.46	1.74	1.00
30	-0.89	9.46	1.74	1.00
31	-0.91	9.46	1.74	1.00
32	-0.93	9.46	1.75	1.00
33	-0.96	9.45	1.75	1.00
34	-0.98	9.44	1.74	1.00
35	-1.01	9.42	1.74	3.00
36	-1.04	9.40	1.74	3.00
37	-1.07	9.38	1.74	3.00
38	-1.09	9.38	1.74	3.00
39	-1.11	9.37	1.74	4.00
40	-1.14	9.37	1.74	4.00
41	-1.16	9.36	1.73	4.00
42	-1.18	9.35	1.73	4.00
43	-1.20	9.35	1.72	4.00
44	-1.23	9.34	1.73	4.00
45	-1.26	9.34	1.73	1.00
46	-1.28	9.33	1.73	1.00
47	-1.30	9.32	1.73	2.00
48	-1.32	9.31	1.73	2.00
49	-1.34	9.30	1.73	2.00
50	-1.36	9.29	1.73	2.00
51	-1.38	9.28	1.73	2.00
52	-1.40	9.28	1.73	2.00
53	-1.42	9.29	1.72	2.00
54	-1.45	9.28	1.71	2.00
55	-1.48	9.27	1.70	2.00
56	-1.51	9.25	1.71	2.00
57	-1.54	9.24	1.72	1.00
58	-1.54	9.24	1.72	1.00
59	-1.54	9.24	1.73	1.00
60	-1.55	9.24	1.72	1.00
61	-1.57	9.24	1.72	1.00
62	-1.59	9.22	1.72	1.00
63	-1.61	9.21	1.72	1.00
64	-1.65	9.18	1.73	1.00
65	-1.69	9.16	1.73	1.00
66	-1.71	9.14	1.74	1.00
67	-1.74	9.12	1.74	1.00
68	-1.77	9.11	1.74	1.00
69	-1.80	9.10	1.74	1.00
70	-1.84	9.08	1.74	1.00
71	-1.87	9.07	1.73	4.00
72	-1.89	9.06	1.74	4.00
73	-1.92	9.04	1.75	4.00
74	-1.93	9.03	1.76	4.00
75	-1.94	9.02	1.78	4.00
76	-1.96	8.99	1.78	4.00
77	-1.98	8.97	1.78	1.00
78	-2.00	8.94	1.79	1.00
79	-2.02	8.91	1.80	1.00
80	-2.04	8.90	1.80	1.00
81	-2.06	8.88	1.80	1.00
82	-2.08	8.86	1.80	1.00
83	-2.11	8.85	1.80	1.00
84	-2.13	8.83	1.79	1.00
85	-2.15	8.81	1.79	1.00
86	-2.20	8.77	1.79	1.00
87	-2.24	8.73	1.79	1.00
88	-2.27	8.71	1.79	1.00
89	-2.30	8.68	1.79	1.00
90	-2.32	8.65	1.76	1.00
91	-2.35	8.62	1.74	1.00
92	-2.37	8.58	1.74	1.00
93	-2.39	8.54	1.74	1.00
94	-2.42	8.52	1.73	1.00
95	-2.45	8.50	1.73	1.00
96	-2.47	8.48	1.73	1.00
97	-2.49	8.46	1.72	2.00
98	-2.52	8.43	1.73	2.00
99	-2.55	8.40	1.73	2.00
100	-2.56	8.37	1.74	2.00
101	-2.58	8.34	1.75	4.00
102	-2.59	8.32	1.74	4.00
103	-2.61	8.30	1.73	4.00
104	-2.63	8.29	1.71	4.00
105	-2.65	8.28	1.69	4.00
106	-2.65	8.25	1.69	4.00
107	-2.66	8.23	1.69	4.00
108	-2.68	8.22	1.67	4.00
109	-2.70	8.22	1.64	2.00
110	-2.70	8.21	1.64	2.00
111	-2.71	8.19	1.64	2.00
112	-2.72	8.17	1.62	2.00
113	-2.73	8.14	1.60	2.00
114	-2.74	8.11	1.60	2.00
115	-2.74	8.07	1.60	2.00
116	-2.73	8.01	1.60	2.00
117	-2.71	7.95	1.59	2.00
118	-2.72	7.93	1.59	2.00
119	-2.73	7.92	1.58	1.00
120	-2.73	7.87	1.58	1.00
121	-2.74	7.82	1.58	1.00
122	-2.73	7.79	1.59	1.00
123	-2.73	7.76	1.59	1.00
124	-2.73	7.73	1.59	1.00
125	-2.73	7.69	1.58	1.00
126	-2.74	7.66	1.57	1.00
127	-2.76	7.62	1.57	1.00
128	-2.76	7.58	1.57	1.00
129	-2.77	7.54	1.57	2.00
130	-2.77	7.52	1.57	2.00
131	-2.78	7.50	1.57	2.00
132	-2.78	7.50	1.57	2.00
133	-2.78	7.50	1.58	2.00
134	-2.78	7.46	1.57	2.00
135	-2.79	7.43	1.56	2.00
136	-2.80	7.41	1.56	2.00
137	-2.82	7.38	1.56	2.00
138	-2.82	7.35	1.57	2.00
139	-2.82	7.32	1.57	2.00
140	-2.82	7.29	1.57	2.00
141	-2.82	7.25	1.57	2.00
142	-2.81	7.20	1.58	2.00
143	-2.80	7.15	1.60	2.00
144	-2.78	7.18	1.54	2.00
145	-2.77	7.21	1.49	3.00
146	-2.77	7.19	1.49	3.00
147	-2.76	7.17	1.49	1.00
148	-2.75	7.16	1.49	1.00
149	-2.75	7.14	1.49	1.00
150	-2.78	7.15	1.49	1.00
151	-2.81	7.16	1.49	3.00
152	-2.80	7.14	1.49	3.00
153	-2.80	7.11	1.49	3.00
154	-2.79	7.09	1.50	3.00
155	-2.79	7.06	1.51	1.00
156	-2.79	7.04	1.52	1.00
157	-2.79	7.01	1.52	3.00
158	-2.81	7.00	1.51	3.00
159	-2.84	7.00	1.49	4.00
160	-2.85	6.97	1.50	4.00
161	-2.87	6.94	1.51	4.00
162	-2.87	6.92	1.52	4.00
163	-2.87	6.90	1.53	4.00
164	-2.87	6.87	1.53	4.00
165	-2.86	6.84	1.52	4.00
166	-2.87	6.81	1.54	4.00
167	-2.89	6.78	1.55	4.00
168	-2.89	6.73	1.57	4.00
169	-2.89	6.68	1.59	4.00
170	-2.88	6.65	1.60	4.00
171	-2.88	6.61	1.61	4.00
172	-2.86	6.57	1.61	4.00
173	-2.85	6.53	1.61	4.00
174	-2.83	6.49	1.61	4.00
175	-2.81	6.46	1.61	2.00
176	-2.79	6.43	1.61	2.00
177	-2.77	6.39	1.60	2.00
178	-2.75	6.37	1.59	2.00
179	-2.74	6.35	1.58	2.00
180	-2.72	6.34	1.55	2.00
181	-2.70	6.33	1.53	2.00
182	-2.68	6.30	1.52	2.00
183	-2.67	6.27	1.51	2.00
184	-2.66	6.24	1.51	2.00
185	-2.66	6.22	1.52	2.00
186	-2.65	6.19	1.53	2.00
187	-2.64	6.16	1.55	2.00
188	-2.66	6.14	1.56	2.00
189	-2.68	6.11	1.57	3.00
190	-2.68	6.08	1.56	3.00
191	-2.67	6.06	1.55	3.00
192	-2.70	6.03	1.52	3.00
193	-2.73	6.01	1.50	1.00
Target 5 (frames from 43 to 241)
Bounding Boxes (frame, x, y, width, height)
43	417	233	47	95
44	418	232	48	96
45	418	231	48	97
46	418	230	49	98
47	418	230	49	99
48	418	229	50	100
49	418	229	50	100
50	418	228	50	101
51	417	228	50	101
52	417	227	51	102
53	416	227	51	102
54	416	227	51	102
55	415	227	51	103
56	414	226	51	103
57	413	226	51	103
58	412	226	52	104
59	410	225	52	105
60	409	225	52	105
61	408	225	53	106
62	407	225	53	106
63	405	224	53	107
64	404	224	53	107
65	403	224	54	108
66	402	225	54	108
67	401	225	54	108
68	400	226	54	108
69	400	227	53	107
70	399	228	53	106
71	399	229	52	105
72	399	229	52	105
73	398	230	52	104
74	398	231	52	104
75	398	231	51	103
76	397	232	51	103
77	397	232	51	103
78	397	233	51	102
79	397	233	51	102
80	396	234	51	102
81	395	234	51	102
82	395	234	51	102
83	394	235	51	102
84	393	235	51	102
85	391	236	51	102
86	390	236	51	102
87	389	236	51	102
88	387	236	51	102
89	386	236	51	102
90	385	236	51	102
91	383	236	51	102
92	382	236	51	102
93	381	236	51	103
94	380	236	51	103
95	379	236	51	103
96	378	236	51	103
97	378	236	51	103
98	377	237	51	103
99	377	237	51	103
100	376	237	51	103
101	375	238	51	103
102	375	238	51	103
103	374	238	51	103
104	373	238	51	103
105	371	239	51	103
106	370	239	51	103
107	369	239	51	103
108	367	239	51	103
109	366	239	52	104
110	365	239	52	104
111	364	239	52	104
112	362	240	52	104
113	361	240	52	104
114	360	240	52	104
115	359	241	51	103
116	358	241	51	103
117	357	242	51	102
118	356	243	51	102
119	355	244	50	101
120	354	244	50	101
121	352	245	50	101
122	351	245	50	100
123	349	245	50	101
124	348	245	50	101
125	347	245	50	101
126	346	245	50	101
127	344	245	50	101
128	342	245	51	102
129	341	245	51	102
130	339	244	51	102
131	337	244	51	103
132	335	244	51	103
133	332	243	52	104
134	330	243	52	105
135	327	242	53	106
136	325	242	53	107
137	322	241	53	107
138	320	241	54	108
139	317	241	54	108
140	314	240	54	109
141	312	241	54	109
142	310	241	54	108
143	308	241	54	108
144	306	242	53	107
145	304	243	53	107
146	302	244	53	106
147	300	245	53	106
148	298	245	53	106
149	296	246	53	106
150	294	247	53	106
151	293	247	53	106
152	291	247	53	106
153	289	248	53	106
154	287	248	53	107
155	285	248	53	107
156	284	248	53	107
157	282	249	53	107
158	280	249	53	107
159	278	249	53	107
160	276	249	54	108
161	274	249	54	109
162	272	248	55	110
163	270	248	55	111
164	268	247	56	112
165	265	247	56	113
166	263	246	57	115
167	260	245	58	116
168	258	244	59	118
169	255	243	60	120
170	252	242	60	121
171	249	241	61	123
172	246	241	62	124
173	244	240	62	125
174	241	240	63	126
175	238	240	63	127
176	235	240	64	128
177	232	239	64	129
178	228	239	65	130
179	225	239	66	132
180	222	239	66	133
181	218	238	67	134
182	215	238	68	136
183	212	238	68	137
184	209	238	69	139
185	206	238	70	140
186	203	237	70	141
187	200	237	71	142
188	198	237	71	143
189	196	237	72	144
190	193	237	72	145
191	191	237	73	146
192	189	237	73	147
193	187	237	74	148
194	185	237	74	149
195	183	237	75	150
196	181	237	75	151
197	178	237	76	153
198	176	237	77	154
199	173	237	77	155
200	170	237	78	156
201	167	237	79	158
202	164	237	79	159
203	161	236	80	161
204	158	236	81	163
205	154	235	82	165
206	151	235	83	167
207	147	234	84	169
208	144	234	85	171
209	141	233	86	173
210	138	233	88	176
211	135	232	88	177
212	132	232	89	179
213	130	232	90	181
214	127	232	91	182
215	124	233	91	183
216	121	233	92	184
217	118	234	92	185
218	115	235	92	185
219	112	237	92	185
220	109	239	92	184
221	105	240	92	184
222	101	242	91	183
223	97	244	91	183
224	93	245	91	182
225	89	246	91	182
226	85	248	91	182
227	81	249	91	182
228	77	249	91	183
229	72	249	92	184
230	68	249	92	185
231	63	249	93	187
232	59	248	94	188
233	55	248	94	189
234	51	248	95	190
235	48	248	95	191
236	44	248	96	192
237	41	248	96	193
238	38	248	96	193
239	35	248	97	194
240	32	248	97	195
241	29	248	98	196
3D Trajetory (frame, x, z, height, pose)
43	1.44	8.84	1.68	2.00
44	1.44	8.79	1.69	2.00
45	1.44	8.75	1.70	2.00
46	1.43	8.70	1.71	2.00
47	1.42	8.64	1.72	2.00
48	1.41	8.61	1.73	2.00
49	1.40	8.58	1.73	4.00
50	1.39	8.58	1.74	4.00
51	1.39	8.57	1.74	3.00
52	1.37	8.53	1.75	3.00
53	1.36	8.49	1.76	1.00
54	1.34	8.48	1.76	1.00
55	1.32	8.48	1.76	1.00
56	1.31	8.47	1.76	1.00
57	1.30	8.45	1.75	3.00
58	1.28	8.45	1.74	3.00
59	1.25	8.44	1.73	2.00
60	1.22	8.45	1.76	2.00
61	1.20	8.45	1.79	2.00
62	1.17	8.45	1.82	2.00
63	1.14	8.45	1.85	4.00
64	1.13	8.45	1.84	4.00
65	1.12	8.45	1.83	4.00
66	1.11	8.44	1.83	4.00
67	1.10	8.43	1.83	4.00
68	1.09	8.43	1.82	4.00
69	1.08	8.44	1.81	2.00
70	1.06	8.43	1.79	2.00
71	1.05	8.42	1.78	4.00
72	1.04	8.42	1.77	4.00
73	1.03	8.42	1.75	4.00
74	1.02	8.43	1.75	4.00
75	1.02	8.43	1.75	4.00
76	1.02	8.44	1.73	4.00
77	1.02	8.45	1.72	2.00
78	1.00	8.45	1.73	2.00
79	0.99	8.44	1.74	1.00
80	0.98	8.43	1.74	1.00
81	0.96	8.43	1.73	1.00
82	0.94	8.43	1.73	1.00
83	0.92	8.44	1.73	1.00
84	0.90	8.43	1.71	1.00
85	0.88	8.42	1.69	3.00
86	0.86	8.41	1.70	3.00
87	0.85	8.41	1.70	3.00
88	0.83	8.40	1.71	3.00
89	0.81	8.39	1.72	2.00
90	0.80	8.39	1.72	2.00
91	0.78	8.39	1.73	4.00
92	0.76	8.39	1.73	4.00
93	0.74	8.39	1.73	4.00
94	0.72	8.38	1.73	4.00
95	0.70	8.36	1.72	4.00
96	0.69	8.36	1.72	4.00
97	0.69	8.35	1.72	1.00
98	0.68	8.36	1.73	1.00
99	0.67	8.36	1.73	1.00
100	0.66	8.36	1.73	1.00
101	0.65	8.35	1.74	1.00
102	0.65	8.35	1.73	1.00
103	0.64	8.35	1.72	1.00
104	0.60	8.35	1.72	1.00
105	0.57	8.35	1.71	1.00
106	0.54	8.34	1.71	1.00
107	0.52	8.32	1.70	1.00
108	0.50	8.32	1.71	1.00
109	0.47	8.31	1.72	1.00
110	0.45	8.29	1.73	1.00
111	0.43	8.28	1.74	1.00
112	0.42	8.27	1.74	1.00
113	0.41	8.26	1.73	2.00
114	0.41	8.25	1.73	2.00
115	0.40	8.25	1.73	2.00
116	0.35	8.23	1.69	2.00
117	0.30	8.22	1.65	1.00
118	0.28	8.19	1.65	1.00
119	0.25	8.16	1.65	1.00
120	0.24	8.15	1.64	1.00
121	0.23	8.14	1.64	1.00
122	0.21	8.12	1.64	1.00
123	0.20	8.11	1.64	1.00
124	0.18	8.11	1.64	1.00
125	0.16	8.10	1.64	1.00
126	0.14	8.10	1.64	1.00
127	0.12	8.09	1.65	1.00
128	0.11	8.08	1.65	1.00
129	0.09	8.07	1.65	1.00
130	0.09	8.06	1.66	1.00
131	0.08	8.04	1.66	1.00
132	0.01	8.04	1.66	1.00
133	-0.06	8.04	1.65	1.00
134	-0.09	8.02	1.67	1.00
135	-0.13	7.99	1.69	4.00
136	-0.16	7.98	1.71	4.00
137	-0.20	7.96	1.73	4.00
138	-0.24	7.93	1.72	4.00
139	-0.29	7.90	1.71	1.00
140	-0.32	7.87	1.73	1.00
141	-0.36	7.85	1.74	3.00
142	-0.40	7.85	1.71	3.00
143	-0.44	7.84	1.68	3.00
144	-0.48	7.83	1.67	3.00
145	-0.52	7.81	1.66	4.00
146	-0.55	7.79	1.65	4.00
147	-0.58	7.78	1.64	2.00
148	-0.61	7.76	1.64	2.00
149	-0.63	7.73	1.64	2.00
150	-0.65	7.72	1.63	2.00
151	-0.66	7.70	1.63	2.00
152	-0.69	7.69	1.63	2.00
153	-0.71	7.67	1.63	4.00
154	-0.73	7.66	1.64	4.00
155	-0.76	7.64	1.64	4.00
156	-0.78	7.63	1.64	4.00
157	-0.80	7.62	1.63	4.00
158	-0.82	7.59	1.63	4.00
159	-0.84	7.56	1.63	1.00
160	-0.87	7.55	1.63	1.00
161	-0.90	7.53	1.63	1.00
162	-0.91	7.52	1.64	1.00
163	-0.93	7.51	1.64	1.00
164	-0.96	7.49	1.65	1.00
165	-0.99	7.47	1.67	1.00
166	-1.02	7.40	1.70	1.00
167	-1.06	7.34	1.73	1.00
168	-1.09	7.29	1.74	1.00
169	-1.12	7.25	1.75	1.00
170	-1.14	7.20	1.75	1.00
171	-1.17	7.15	1.75	1.00
172	-1.19	7.08	1.75	1.00
173	-1.21	7.02	1.76	1.00
174	-1.23	6.97	1.76	1.00
175	-1.25	6.92	1.77	1.00
176	-1.29	6.91	1.76	1.00
177	-1.33	6.89	1.75	1.00
178	-1.35	6.82	1.76	1.00
179	-1.36	6.76	1.77	1.00
180	-1.39	6.72	1.78	1.00
181	-1.42	6.67	1.78	2.00
182	-1.44	6.62	1.79	2.00
183	-1.47	6.56	1.80	2.00
184	-1.49	6.51	1.81	2.00
185	-1.51	6.46	1.82	2.00
186	-1.52	6.42	1.82	2.00
187	-1.54	6.38	1.82	2.00
188	-1.56	6.33	1.80	2.00
189	-1.57	6.28	1.79	3.00
190	-1.59	6.23	1.79	3.00
191	-1.60	6.18	1.79	1.00
192	-1.61	6.13	1.79	1.00
193	-1.62	6.08	1.79	1.00
194	-1.64	6.03	1.79	1.00
195	-1.65	5.99	1.79	1.00
196	-1.67	5.94	1.79	1.00
197	-1.69	5.89	1.79	2.00
198	-1.71	5.84	1.79	2.00
199	-1.72	5.78	1.79	3.00
200	-1.73	5.73	1.79	3.00
201	-1.74	5.68	1.79	3.00
202	-1.75	5.62	1.78	3.00
203	-1.75	5.57	1.78	3.00
204	-1.77	5.52	1.79	3.00
205	-1.78	5.47	1.79	3.00
206	-1.79	5.42	1.79	3.00
207	-1.81	5.37	1.79	3.00
208	-1.82	5.31	1.80	3.00
209	-1.83	5.25	1.81	3.00
210	-1.83	5.19	1.81	3.00
211	-1.83	5.13	1.81	3.00
212	-1.83	5.07	1.81	3.00
213	-1.82	5.01	1.81	3.00
214	-1.82	4.96	1.81	3.00
215	-1.82	4.90	1.80	3.00
216	-1.83	4.88	1.78	3.00
217	-1.85	4.86	1.76	3.00
218	-1.87	4.81	1.76	3.00
219	-1.89	4.77	1.75	3.00
220	-1.92	4.75	1.74	3.00
221	-1.96	4.73	1.73	3.00
222	-1.98	4.69	1.72	3.00
223	-2.00	4.65	1.71	3.00
224	-2.02	4.63	1.68	3.00
225	-2.03	4.61	1.64	3.00
226	-2.05	4.58	1.64	3.00
227	-2.08	4.55	1.63	3.00
228	-2.09	4.52	1.64	3.00
229	-2.11	4.48	1.64	3.00
230	-2.12	4.45	1.63	3.00
231	-2.14	4.43	1.61	3.00
232	-2.16	4.40	1.63	3.00
233	-2.18	4.37	1.64	3.00
234	-2.20	4.34	1.65	3.00
235	-2.22	4.30	1.67	3.00
236	-2.23	4.27	1.66	3.00
237	-2.25	4.25	1.66	3.00
238	-2.26	4.24	1.64	3.00
239	-2.27	4.24	1.62	3.00
240	-2.29	4.23	1.61	3.00
241	-2.30	4.23	1.60	3.00
Target 6 (frames from 61 to 95)
Bounding Boxes (frame, x, y, width, height)
61	511	233	45	90
62	512	233	45	90
63	513	234	45	91
64	514	234	45	91
65	514	234	45	91
66	515	234	45	91
67	516	235	46	92
68	517	235	46	92
69	517	235	46	92
70	518	235	46	92
71	518	235	46	93
72	519	234	46	93
73	520	234	47	94
74	520	234	47	94
75	521	234	47	94
76	522	234	47	95
77	523	234	47	95
78	524	234	47	95
79	525	234	47	95
80	526	234	47	95
81	527	234	47	95
82	528	234	47	95
83	528	234	48	96
84	529	235	48	96
85	529	235	48	96
86	529	235	48	96
87	530	235	48	96
88	530	235	48	96
89	531	235	48	96
90	531	235	48	96
91	531	235	48	96
92	532	235	47	95
93	532	235	47	95
94	532	236	47	95
95	533	236	47	95
3D Trajetory (frame, x, z, height, pose)
61	3.12	9.24	1.69	2.00
62	3.15	9.22	1.68	2.00
63	3.18	9.19	1.67	1.00
64	3.18	9.18	1.67	1.00
65	3.18	9.18	1.67	1.00
66	3.20	9.16	1.67	1.00
67	3.21	9.15	1.67	1.00
68	3.22	9.14	1.68	1.00
69	3.23	9.13	1.69	1.00
70	3.24	9.12	1.70	1.00
71	3.26	9.11	1.70	1.00
72	3.27	9.11	1.71	1.00
73	3.28	9.11	1.72	1.00
74	3.30	9.11	1.72	1.00
75	3.31	9.11	1.72	1.00
76	3.32	9.10	1.72	1.00
77	3.33	9.10	1.72	1.00
78	3.35	9.11	1.73	1.00
79	3.36	9.11	1.74	1.00
80	3.37	9.11	1.74	1.00
81	3.39	9.11	1.74	1.00
82	3.40	9.11	1.74	1.00
83	3.42	9.10	1.74	1.00
84	3.42	9.11	1.74	1.00
85	3.43	9.12	1.74	1.00
86	3.44	9.12	1.75	1.00
87	3.45	9.12	1.76	1.00
88	3.46	9.12	1.76	1.00
89	3.47	9.12	1.76	1.00
90	3.48	9.13	1.76	1.00
91	3.50	9.13	1.75	1.00
92	3.51	9.14	1.75	1.00
93	3.52	9.15	1.74	1.00
94	3.54	9.16	1.74	1.00
95	3.56	9.17	1.73	1.00
Target 7 (frames from 71 to 111)
Bounding Boxes (frame, x, y, width, height)
71	351	238	42	85
72	352	237	43	86
73	353	237	43	87
74	354	236	44	88
75	355	236	44	89
76	356	235	44	89
77	356	234	45	90
78	357	234	45	91
79	357	233	46	92
80	357	233	46	93
81	358	232	47	94
82	359	232	47	95
83	359	231	48	96
84	359	231	48	97
85	359	231	49	98
86	359	230	49	99
87	358	230	49	99
88	357	230	50	100
89	356	229	50	101
90	355	229	50	101
91	354	229	51	102
92	353	228	51	103
93	352	228	51	103
94	351	228	52	104
95	350	228	52	104
96	349	228	52	105
97	348	228	52	105
98	347	228	53	106
99	346	228	53	106
100	345	227	53	107
101	344	227	54	108
102	342	227	54	108
103	341	227	54	109
104	340	227	55	110
105	339	226	55	110
106	338	226	55	111
107	336	226	56	112
108	335	226	56	113
109	334	226	56	113
110	333	225	57	114
111	331	225	57	115
3D Trajetory (frame, x, z, height, pose)
71	0.25	9.61	1.67	2.00
72	0.25	9.59	1.67	2.00
73	0.25	9.58	1.67	2.00
74	0.24	9.59	1.67	2.00
75	0.24	9.60	1.68	2.00
76	0.23	9.56	1.68	2.00
77	0.22	9.51	1.69	2.00
78	0.24	9.48	1.74	2.00
79	0.27	9.44	1.79	4.00
80	0.32	9.45	1.79	4.00
81	0.37	9.45	1.80	1.00
82	0.38	9.39	1.80	1.00
83	0.40	9.33	1.79	4.00
84	0.39	9.27	1.80	4.00
85	0.39	9.22	1.81	4.00
86	0.36	9.21	1.83	4.00
87	0.33	9.20	1.85	2.00
88	0.32	9.20	1.85	2.00
89	0.30	9.19	1.85	2.00
90	0.30	9.16	1.86	2.00
91	0.29	9.14	1.88	2.00
92	0.29	9.13	1.87	2.00
93	0.30	9.12	1.87	4.00
94	0.28	9.09	1.88	4.00
95	0.27	9.06	1.89	4.00
96	0.25	9.03	1.90	4.00
97	0.23	8.99	1.91	2.00
98	0.20	8.96	1.92	2.00
99	0.17	8.92	1.93	3.00
100	0.15	8.90	1.92	3.00
101	0.14	8.89	1.92	3.00
102	0.13	8.87	1.91	3.00
103	0.12	8.85	1.90	4.00
104	0.10	8.82	1.92	4.00
105	0.09	8.79	1.93	2.00
106	0.05	8.76	1.96	2.00
107	0.01	8.72	1.98	2.00
108	0.01	8.70	1.98	2.00
109	0.01	8.68	1.98	2.00
110	-0.02	8.66	1.98	2.00
111	-0.06	8.63	1.98	1.00
Target 8 (frames from 103 to 245)
Bounding Boxes (frame, x, y, width, height)
103	459	243	42	85
104	458	243	42	85
105	458	244	42	85
106	458	244	42	85
107	457	244	42	85
108	457	244	42	85
109	456	244	42	85
110	456	244	42	85
111	456	244	42	85
112	455	244	42	85
113	455	244	42	85
114	454	244	43	86
115	454	244	43	86
116	453	244	43	86
117	453	244	43	86
118	452	244	43	86
119	452	244	43	86
120	451	244	43	86
121	451	244	43	86
122	450	244	43	86
123	449	244	43	86
124	449	244	43	86
125	448	244	43	86
126	447	244	43	86
127	446	244	43	86
128	445	244	43	86
129	445	244	43	86
130	444	244	43	87
131	443	244	43	87
132	442	243	44	88
133	442	243	44	88
134	442	243	44	89
135	442	242	44	89
136	441	242	44	89
137	441	242	44	89
138	441	242	44	89
139	441	242	44	89
140	440	242	44	89
141	440	242	44	89
142	439	242	44	89
143	438	241	44	89
144	438	241	44	89
145	437	241	44	89
146	436	241	44	89
147	435	241	45	90
148	434	242	45	90
149	433	242	45	90
150	432	242	45	90
151	431	242	45	90
152	430	242	45	91
153	428	242	45	91
154	427	242	45	91
155	426	242	46	92
156	425	241	46	92
157	423	241	46	93
158	422	240	47	94
159	420	240	47	94
160	419	239	47	95
161	418	239	48	96
162	417	238	48	96
163	416	238	48	97
164	415	238	49	98
165	415	237	49	98
166	414	237	49	99
167	414	237	49	99
168	414	237	49	99
169	413	237	49	99
170	413	237	49	99
171	413	237	49	99
172	412	237	49	99
173	412	237	49	99
174	411	238	49	98
175	410	238	49	98
176	409	238	48	97
177	408	239	48	97
178	407	239	48	97
179	405	240	48	97
180	404	240	48	97
181	403	240	48	97
182	402	241	48	97
183	400	241	49	98
184	399	241	49	98
185	398	240	49	99
186	397	240	49	99
187	396	239	50	100
188	396	238	50	101
189	395	238	51	102
190	394	237	51	102
191	394	237	51	102
192	394	236	51	103
193	394	236	51	103
194	394	236	51	103
195	393	236	51	103
196	393	236	51	103
197	393	236	51	103
198	392	236	51	103
199	391	236	52	104
200	391	236	52	104
201	390	236	52	104
202	389	235	52	105
203	388	234	53	106
204	387	233	53	107
205	385	233	54	108
206	384	232	54	109
207	382	232	55	110
208	380	231	55	110
209	379	231	55	111
210	378	231	55	111
211	376	231	55	111
212	375	232	55	111
213	374	232	55	110
214	373	232	55	110
215	372	233	54	109
216	371	233	54	109
217	370	234	54	108
218	369	235	53	107
219	369	235	53	107
220	368	235	53	107
221	366	235	53	107
222	365	236	53	107
223	364	236	53	107
224	363	237	53	106
225	362	237	53	106
226	361	237	53	106
227	360	237	53	106
228	358	237	53	106
229	357	237	53	106
230	356	236	53	107
231	355	235	54	108
232	354	234	54	109
233	353	233	55	110
234	351	232	55	111
235	350	232	56	112
236	349	231	56	112
237	348	230	56	113
238	347	230	56	113
239	346	230	56	113
240	344	230	56	113
241	343	230	56	113
242	342	230	56	113
243	341	231	56	113
244	339	231	56	112
245	338	232	55	111
3D Trajetory (frame, x, z, height, pose)
103	2.26	9.70	1.64	2.00
104	2.25	9.70	1.64	2.00
105	2.24	9.70	1.64	2.00
106	2.24	9.72	1.65	2.00
107	2.25	9.75	1.65	2.00
108	2.25	9.73	1.66	2.00
109	2.25	9.72	1.67	2.00
110	2.24	9.75	1.67	2.00
111	2.23	9.77	1.66	2.00
112	2.23	9.77	1.67	2.00
113	2.22	9.77	1.67	2.00
114	2.19	9.76	1.67	2.00
115	2.17	9.76	1.67	2.00
116	2.16	9.76	1.67	2.00
117	2.15	9.76	1.68	2.00
118	2.13	9.76	1.69	2.00
119	2.12	9.76	1.69	2.00
120	2.12	9.76	1.69	2.00
121	2.12	9.76	1.68	2.00
122	2.11	9.76	1.69	2.00
123	2.11	9.76	1.69	2.00
124	2.11	9.76	1.68	2.00
125	2.10	9.76	1.67	2.00
126	2.08	9.75	1.67	2.00
127	2.06	9.74	1.66	2.00
128	2.05	9.74	1.67	2.00
129	2.04	9.73	1.68	2.00
130	2.02	9.72	1.69	2.00
131	2.01	9.72	1.70	2.00
132	2.01	9.71	1.71	2.00
133	2.00	9.71	1.71	2.00
134	1.99	9.71	1.72	2.00
135	1.98	9.70	1.73	2.00
136	1.97	9.69	1.74	2.00
137	1.96	9.68	1.74	2.00
138	1.95	9.68	1.74	2.00
139	1.95	9.68	1.74	1.00
140	1.94	9.68	1.73	1.00
141	1.93	9.69	1.72	1.00
142	1.90	9.69	1.72	1.00
143	1.88	9.69	1.71	4.00
144	1.86	9.69	1.72	4.00
145	1.84	9.69	1.73	4.00
146	1.82	9.69	1.73	4.00
147	1.80	9.69	1.74	3.00
148	1.78	9.69	1.74	3.00
149	1.77	9.69	1.75	3.00
150	1.76	9.68	1.75	3.00
151	1.75	9.67	1.75	4.00
152	1.73	9.67	1.75	4.00
153	1.72	9.67	1.75	4.00
154	1.70	9.67	1.75	4.00
155	1.68	9.67	1.75	4.00
156	1.65	9.66	1.77	4.00
157	1.63	9.66	1.79	4.00
158	1.61	9.65	1.81	4.00
159	1.59	9.64	1.82	4.00
160	1.57	9.63	1.83	4.00
161	1.55	9.62	1.85	4.00
162	1.53	9.61	1.86	4.00
163	1.51	9.61	1.87	4.00
164	1.50	9.60	1.87	4.00
165	1.50	9.59	1.88	4.00
166	1.48	9.58	1.89	4.00
167	1.46	9.57	1.89	4.00
168	1.46	9.56	1.90	4.00
169	1.46	9.55	1.90	4.00
170	1.45	9.54	1.90	4.00
171	1.44	9.53	1.90	4.00
172	1.42	9.53	1.89	4.00
173	1.41	9.52	1.88	1.00
174	1.40	9.51	1.87	1.00
175	1.38	9.50	1.85	4.00
176	1.37	9.49	1.84	4.00
177	1.35	9.48	1.83	4.00
178	1.33	9.47	1.83	4.00
179	1.31	9.46	1.82	4.00
180	1.29	9.45	1.82	4.00
181	1.28	9.44	1.82	4.00
182	1.26	9.43	1.83	4.00
183	1.24	9.42	1.84	3.00
184	1.23	9.41	1.84	3.00
185	1.21	9.41	1.85	2.00
186	1.20	9.40	1.86	2.00
187	1.18	9.39	1.87	2.00
188	1.17	9.37	1.89	2.00
189	1.17	9.36	1.90	2.00
190	1.15	9.35	1.91	2.00
191	1.14	9.35	1.91	2.00
192	1.14	9.33	1.93	2.00
193	1.13	9.32	1.95	1.00
194	1.11	9.31	1.93	1.00
195	1.08	9.29	1.90	1.00
196	1.07	9.28	1.89	1.00
197	1.05	9.27	1.88	1.00
198	1.05	9.26	1.89	1.00
199	1.04	9.24	1.90	1.00
200	1.03	9.23	1.91	1.00
201	1.01	9.22	1.92	1.00
202	1.00	9.20	1.93	1.00
203	0.98	9.18	1.95	1.00
204	0.96	9.17	1.95	1.00
205	0.93	9.17	1.95	1.00
206	0.93	9.15	1.96	1.00
207	0.93	9.13	1.98	1.00
208	0.90	9.07	2.01	1.00
209	0.87	9.00	2.03	1.00
210	0.84	8.99	2.02	1.00
211	0.81	8.98	2.00	1.00
212	0.79	8.98	1.98	1.00
213	0.77	8.97	1.96	1.00
214	0.75	8.96	1.95	1.00
215	0.72	8.95	1.93	3.00
216	0.70	8.94	1.92	3.00
217	0.68	8.93	1.91	3.00
218	0.66	8.92	1.91	3.00
219	0.64	8.91	1.91	2.00
220	0.62	8.91	1.90	2.00
221	0.61	8.91	1.89	2.00
222	0.59	8.89	1.89	2.00
223	0.57	8.88	1.89	4.00
224	0.56	8.87	1.89	4.00
225	0.54	8.86	1.88	4.00
226	0.52	8.84	1.89	4.00
227	0.50	8.83	1.89	4.00
228	0.49	8.82	1.85	4.00
229	0.48	8.82	1.81	4.00
230	0.47	8.80	1.83	4.00
231	0.46	8.77	1.85	4.00
232	0.45	8.74	1.88	4.00
233	0.44	8.71	1.91	4.00
234	0.42	8.70	1.93	4.00
235	0.40	8.69	1.96	4.00
236	0.39	8.67	1.97	4.00
237	0.38	8.65	1.98	4.00
238	0.35	8.63	1.97	4.00
239	0.32	8.62	1.96	4.00
240	0.29	8.60	1.95	4.00
241	0.26	8.58	1.93	4.00
242	0.24	8.56	1.91	4.00
243	0.22	8.54	1.90	4.00
244	0.20	8.52	1.89	4.00
245	0.19	8.51	1.89	4.00
Target 9 (frames from 105 to 359)
Bounding Boxes (frame, x, y, width, height)
105	502	238	42	85
106	501	238	42	85
107	501	238	42	85
108	500	239	43	86
109	500	239	43	86
110	499	239	43	86
111	499	239	43	86
112	499	239	43	86
113	499	239	43	86
114	498	239	42	85
115	499	239	42	85
116	499	239	42	85
117	499	240	42	85
118	499	240	42	85
119	499	240	42	85
120	499	240	42	85
121	498	240	42	85
122	498	240	42	85
123	497	240	42	85
124	496	240	42	85
125	495	240	42	85
126	494	240	42	85
127	493	240	42	85
128	492	240	43	86
129	491	240	43	86
130	490	240	43	86
131	489	240	43	86
132	489	240	43	87
133	488	239	43	87
134	488	239	43	87
135	488	239	44	88
136	487	239	44	88
137	487	239	44	88
138	487	239	44	88
139	486	238	44	88
140	486	238	44	89
141	485	238	44	89
142	485	237	44	89
143	484	237	44	89
144	484	237	44	89
145	483	237	44	89
146	483	237	44	89
147	482	237	44	89
148	482	237	44	89
149	481	238	44	89
150	480	238	44	89
151	480	239	44	89
152	479	239	44	89
153	478	240	44	89
154	477	240	44	89
155	477	240	44	89
156	476	240	44	89
157	475	241	44	89
158	474	241	44	89
159	473	241	44	89
160	473	242	44	89
161	472	242	44	89
162	472	242	44	89
163	472	243	44	89
164	472	243	44	89
165	472	243	44	89
166	472	244	44	89
167	472	244	44	89
168	472	244	44	89
169	472	243	44	89
170	471	243	44	89
171	471	243	44	89
172	470	243	45	90
173	470	242	45	90
174	469	242	45	90
175	468	242	45	90
176	467	242	45	90
177	466	242	45	90
178	465	242	45	90
179	464	242	45	90
180	463	243	45	90
181	461	243	45	90
182	460	244	45	91
183	459	244	45	91
184	458	244	45	91
185	457	244	45	91
186	456	244	45	91
187	455	244	46	92
188	455	244	46	92
189	455	244	46	92
190	455	243	46	92
191	455	243	46	92
192	455	243	46	93
193	455	243	46	93
194	455	243	46	93
195	455	243	46	93
196	455	242	46	93
197	455	242	46	93
198	455	242	47	94
199	455	242	47	94
200	455	242	47	94
201	454	242	47	94
202	454	242	47	95
203	453	242	47	95
204	452	242	47	95
205	451	242	48	96
206	450	242	48	96
207	449	241	48	96
208	449	241	48	97
209	448	241	48	97
210	447	241	48	97
211	447	241	48	97
212	446	240	48	97
213	446	240	49	98
214	446	240	49	98
215	446	240	49	98
216	446	240	49	98
217	446	240	48	97
218	446	241	48	97
219	446	241	48	97
220	446	241	48	97
221	445	242	48	97
222	445	242	48	97
223	444	242	48	97
224	444	242	48	97
225	443	242	49	98
226	442	242	49	98
227	441	242	49	98
228	440	241	49	98
229	439	241	49	98
230	438	241	49	99
231	437	240	49	99
232	436	240	50	100
233	435	239	50	100
234	434	239	50	101
235	433	238	51	102
236	432	238	51	103
237	431	237	52	104
238	430	236	52	104
239	429	235	52	105
240	428	235	53	106
241	427	234	53	106
242	426	234	53	107
243	425	234	53	107
244	424	234	53	107
245	423	234	53	107
246	423	234	53	107
247	422	235	53	106
248	421	235	53	106
249	420	235	53	107
250	420	235	53	107
251	419	234	53	107
252	418	234	54	108
253	417	234	54	108
254	416	233	54	109
255	415	233	55	110
256	415	232	55	111
257	414	231	56	112
258	413	231	56	113
259	413	230	57	114
260	412	230	57	115
261	411	230	57	115
262	410	231	57	115
263	410	231	58	116
264	409	231	58	116
265	407	231	58	117
266	406	231	58	117
267	404	231	59	118
268	403	231	59	118
269	401	231	59	118
270	400	232	59	119
271	398	232	59	119
272	397	232	59	119
273	396	232	60	120
274	395	232	60	120
275	394	233	60	120
276	394	233	60	120
277	394	233	59	119
278	393	234	59	119
279	393	234	59	119
280	392	235	59	119
281	392	235	59	119
282	391	235	59	119
283	390	235	60	120
284	388	235	60	120
285	387	234	60	121
286	386	234	60	121
287	384	234	61	122
288	382	234	61	122
289	381	234	61	122
290	379	234	61	123
291	377	235	61	123
292	375	235	61	123
293	374	236	61	123
294	372	236	61	123
295	371	237	61	123
296	369	238	62	124
297	367	238	62	124
298	365	239	62	125
299	363	239	63	126
300	361	239	64	128
301	359	239	64	129
302	357	239	65	130
303	354	239	65	130
304	352	239	65	131
305	350	239	65	131
306	348	239	65	131
307	346	240	65	131
308	344	241	65	131
309	342	241	65	131
310	340	241	65	131
311	338	241	65	131
312	336	241	66	132
313	334	241	66	133
314	333	241	67	134
315	331	240	67	135
316	330	239	68	137
317	328	238	69	139
318	326	237	70	141
319	324	236	71	142
320	322	236	71	143
321	321	235	72	145
322	319	235	73	146
323	317	235	73	147
324	316	235	74	148
325	314	235	74	149
326	312	235	75	150
327	310	235	75	151
328	308	235	76	152
329	307	235	76	153
330	305	235	77	154
331	303	235	77	154
332	301	235	77	155
333	299	235	77	155
334	297	236	77	155
335	295	236	77	155
336	293	237	77	154
337	291	237	77	154
338	289	237	77	155
339	287	237	77	155
340	285	237	77	155
341	284	238	77	155
342	282	238	77	154
343	281	239	77	154
344	280	240	76	153
345	279	241	76	152
346	278	242	75	151
347	277	243	75	150
348	276	244	74	149
349	274	246	73	147
350	273	247	73	146
351	271	248	72	145
352	269	248	72	145
353	266	248	72	145
354	264	248	72	145
355	261	248	72	145
356	259	248	72	145
357	256	247	73	146
358	253	247	73	147
359	249	246	73	147
3D Trajetory (frame, x, z, height, pose)
105	3.31	10.41	1.78	2.00
106	3.30	10.38	1.77	2.00
107	3.28	10.36	1.77	2.00
108	3.28	10.37	1.77	2.00
109	3.28	10.38	1.77	2.00
110	3.27	10.40	1.79	2.00
111	3.26	10.43	1.80	4.00
112	3.26	10.43	1.80	4.00
113	3.26	10.43	1.79	4.00
114	3.26	10.43	1.78	4.00
115	3.25	10.42	1.77	4.00
116	3.25	10.41	1.77	4.00
117	3.25	10.40	1.78	2.00
118	3.25	10.40	1.77	2.00
119	3.25	10.39	1.77	2.00
120	3.24	10.39	1.76	2.00
121	3.23	10.38	1.76	2.00
122	3.22	10.38	1.76	2.00
123	3.22	10.38	1.76	2.00
124	3.20	10.37	1.76	2.00
125	3.18	10.37	1.77	2.00
126	3.16	10.36	1.77	2.00
127	3.15	10.35	1.76	2.00
128	3.13	10.34	1.77	2.00
129	3.11	10.32	1.78	4.00
130	3.10	10.31	1.78	4.00
131	3.08	10.30	1.79	4.00
132	3.07	10.30	1.79	4.00
133	3.06	10.30	1.79	4.00
134	3.06	10.30	1.80	4.00
135	3.06	10.31	1.80	4.00
136	3.04	10.30	1.81	4.00
137	3.01	10.29	1.81	4.00
138	3.00	10.29	1.82	4.00
139	2.99	10.28	1.82	4.00
140	2.97	10.28	1.82	4.00
141	2.96	10.27	1.82	2.00
142	2.94	10.27	1.82	2.00
143	2.92	10.27	1.82	2.00
144	2.91	10.27	1.83	2.00
145	2.90	10.28	1.84	4.00
146	2.88	10.26	1.84	4.00
147	2.86	10.25	1.84	4.00
148	2.85	10.24	1.83	4.00
149	2.84	10.23	1.83	2.00
150	2.83	10.22	1.82	2.00
151	2.82	10.21	1.82	4.00
152	2.82	10.21	1.82	4.00
153	2.81	10.21	1.82	4.00
154	2.79	10.20	1.81	4.00
155	2.77	10.18	1.80	4.00
156	2.75	10.17	1.80	4.00
157	2.74	10.15	1.80	4.00
158	2.73	10.14	1.80	4.00
159	2.72	10.13	1.80	4.00
160	2.70	10.11	1.80	4.00
161	2.69	10.09	1.80	4.00
162	2.68	10.08	1.80	4.00
163	2.67	10.07	1.79	4.00
164	2.67	10.06	1.78	4.00
165	2.66	10.06	1.78	4.00
166	2.66	10.05	1.78	4.00
167	2.65	10.04	1.78	4.00
168	2.64	10.04	1.78	4.00
169	2.64	10.04	1.78	4.00
170	2.63	10.03	1.77	4.00
171	2.62	10.01	1.77	2.00
172	2.60	9.99	1.79	2.00
173	2.58	9.97	1.81	2.00
174	2.57	9.96	1.80	2.00
175	2.56	9.95	1.79	2.00
176	2.54	9.94	1.79	2.00
177	2.52	9.92	1.79	2.00
178	2.51	9.92	1.78	2.00
179	2.50	9.91	1.78	2.00
180	2.49	9.90	1.78	2.00
181	2.48	9.88	1.78	4.00
182	2.44	9.87	1.78	4.00
183	2.40	9.86	1.78	4.00
184	2.39	9.84	1.79	4.00
185	2.37	9.83	1.80	2.00
186	2.36	9.81	1.80	2.00
187	2.35	9.80	1.80	2.00
188	2.34	9.78	1.80	2.00
189	2.33	9.76	1.80	2.00
190	2.32	9.75	1.80	2.00
191	2.31	9.73	1.79	4.00
192	2.30	9.71	1.79	4.00
193	2.30	9.70	1.79	4.00
194	2.29	9.69	1.79	4.00
195	2.28	9.68	1.80	4.00
196	2.27	9.66	1.80	4.00
197	2.26	9.65	1.80	4.00
198	2.25	9.63	1.80	4.00
199	2.24	9.61	1.80	4.00
200	2.23	9.60	1.80	4.00
201	2.22	9.59	1.80	4.00
202	2.21	9.57	1.81	4.00
203	2.21	9.56	1.81	4.00
204	2.19	9.54	1.81	4.00
205	2.18	9.53	1.82	2.00
206	2.17	9.52	1.82	2.00
207	2.15	9.51	1.82	2.00
208	2.14	9.49	1.82	2.00
209	2.13	9.48	1.83	2.00
210	2.12	9.46	1.83	2.00
211	2.11	9.45	1.84	2.00
212	2.10	9.43	1.84	2.00
213	2.09	9.42	1.85	2.00
214	2.09	9.40	1.83	2.00
215	2.08	9.39	1.82	4.00
216	2.07	9.37	1.82	4.00
217	2.06	9.35	1.81	4.00
218	2.05	9.33	1.81	4.00
219	2.05	9.31	1.80	4.00
220	2.04	9.30	1.80	4.00
221	2.04	9.28	1.80	4.00
222	2.03	9.27	1.79	4.00
223	2.03	9.25	1.79	4.00
224	2.02	9.24	1.79	4.00
225	2.01	9.22	1.79	4.00
226	1.98	9.19	1.79	4.00
227	1.96	9.16	1.80	4.00
228	1.95	9.15	1.79	4.00
229	1.94	9.13	1.79	4.00
230	1.92	9.11	1.80	4.00
231	1.91	9.09	1.80	4.00
232	1.90	9.06	1.80	4.00
233	1.89	9.03	1.80	4.00
234	1.87	9.01	1.80	4.00
235	1.86	8.98	1.81	2.00
236	1.83	8.93	1.82	2.00
237	1.80	8.88	1.84	2.00
238	1.77	8.85	1.85	2.00
239	1.75	8.83	1.87	2.00
240	1.73	8.81	1.87	2.00
241	1.71	8.79	1.87	4.00
242	1.69	8.76	1.87	4.00
243	1.67	8.74	1.87	4.00
244	1.65	8.72	1.87	4.00
245	1.64	8.70	1.87	4.00
246	1.62	8.70	1.85	4.00
247	1.60	8.69	1.83	4.00
248	1.59	8.68	1.83	4.00
249	1.58	8.66	1.82	4.00
250	1.56	8.64	1.83	4.00
251	1.54	8.62	1.83	4.00
252	1.52	8.59	1.85	4.00
253	1.50	8.57	1.86	4.00
254	1.48	8.55	1.87	4.00
255	1.45	8.53	1.88	3.00
256	1.44	8.50	1.88	3.00
257	1.42	8.46	1.89	3.00
258	1.41	8.43	1.90	3.00
259	1.41	8.40	1.92	3.00
260	1.40	8.37	1.92	3.00
261	1.38	8.34	1.93	3.00
262	1.38	8.29	1.93	3.00
263	1.37	8.25	1.93	3.00
264	1.33	8.22	1.91	3.00
265	1.29	8.20	1.90	4.00
266	1.26	8.16	1.89	4.00
267	1.23	8.12	1.88	4.00
268	1.22	8.10	1.89	4.00
269	1.21	8.08	1.90	4.00
270	1.19	8.04	1.91	4.00
271	1.17	8.01	1.91	2.00
272	1.14	7.94	1.92	2.00
273	1.10	7.88	1.93	2.00
274	1.10	7.91	1.90	2.00
275	1.10	7.94	1.88	2.00
276	1.08	7.91	1.87	2.00
277	1.07	7.87	1.87	4.00
278	1.05	7.84	1.86	4.00
279	1.03	7.81	1.86	4.00
280	1.02	7.78	1.85	4.00
281	1.01	7.76	1.84	2.00
282	1.00	7.73	1.84	2.00
283	0.98	7.70	1.84	2.00
284	0.95	7.67	1.84	2.00
285	0.92	7.65	1.84	2.00
286	0.90	7.61	1.85	2.00
287	0.88	7.58	1.85	2.00
288	0.85	7.55	1.85	2.00
289	0.82	7.52	1.84	2.00
290	0.80	7.47	1.84	2.00
291	0.77	7.43	1.84	2.00
292	0.75	7.41	1.82	2.00
293	0.72	7.39	1.81	2.00
294	0.69	7.35	1.80	2.00
295	0.67	7.32	1.79	3.00
296	0.63	7.28	1.79	3.00
297	0.59	7.23	1.79	3.00
298	0.56	7.18	1.79	3.00
299	0.53	7.12	1.79	2.00
300	0.50	7.08	1.79	2.00
301	0.46	7.04	1.79	2.00
302	0.43	6.98	1.80	2.00
303	0.41	6.93	1.80	2.00
304	0.38	6.87	1.81	2.00
305	0.35	6.80	1.81	2.00
306	0.32	6.77	1.81	2.00
307	0.29	6.74	1.80	2.00
308	0.27	6.76	1.76	2.00
309	0.24	6.78	1.73	2.00
310	0.22	6.74	1.73	2.00
311	0.20	6.70	1.74	2.00
312	0.17	6.67	1.73	2.00
313	0.14	6.64	1.73	2.00
314	0.13	6.58	1.75	2.00
315	0.12	6.51	1.76	2.00
316	0.11	6.46	1.78	2.00
317	0.10	6.40	1.80	2.00
318	0.08	6.35	1.79	2.00
319	0.07	6.30	1.78	2.00
320	0.04	6.25	1.79	2.00
321	0.02	6.20	1.79	2.00
322	-0.01	6.15	1.79	2.00
323	-0.04	6.11	1.79	3.00
324	-0.05	6.06	1.78	3.00
325	-0.07	6.01	1.77	3.00
326	-0.08	5.96	1.77	3.00
327	-0.09	5.90	1.77	3.00
328	-0.10	5.85	1.77	3.00
329	-0.11	5.80	1.77	3.00
330	-0.13	5.76	1.77	3.00
331	-0.15	5.73	1.76	3.00
332	-0.17	5.69	1.76	3.00
333	-0.19	5.66	1.75	3.00
334	-0.21	5.63	1.75	3.00
335	-0.23	5.61	1.74	3.00
336	-0.26	5.60	1.73	3.00
337	-0.28	5.59	1.71	3.00
338	-0.30	5.57	1.70	3.00
339	-0.33	5.56	1.68	3.00
340	-0.34	5.53	1.68	3.00
341	-0.36	5.51	1.68	3.00
342	-0.38	5.48	1.69	3.00
343	-0.39	5.45	1.69	3.00
344	-0.41	5.42	1.69	3.00
345	-0.43	5.40	1.69	3.00
346	-0.45	5.41	1.64	3.00
347	-0.47	5.42	1.59	3.00
348	-0.49	5.42	1.58	3.00
349	-0.51	5.41	1.57	3.00
350	-0.54	5.41	1.55	3.00
351	-0.56	5.41	1.54	2.00
352	-0.58	5.40	1.54	2.00
353	-0.60	5.39	1.55	2.00
354	-0.62	5.39	1.56	2.00
355	-0.64	5.39	1.56	3.00
356	-0.68	5.40	1.57	3.00
357	-0.71	5.41	1.57	3.00
358	-0.73	5.40	1.58	3.00
359	-0.74	5.38	1.59	3.00
Target 10 (frames from 263 to 405)
Bounding Boxes (frame, x, y, width, height)
263	324	241	51	103
264	322	240	52	104
265	321	240	52	105
266	319	239	53	106
267	318	238	54	108
268	317	238	54	109
269	315	237	55	110
270	314	237	55	110
271	313	237	55	111
272	311	236	56	112
273	310	236	56	113
274	308	236	56	113
275	307	235	57	114
276	305	235	57	114
277	304	235	57	115
278	303	235	57	115
279	302	235	57	115
280	301	235	57	115
281	300	235	57	115
282	299	235	58	116
283	298	235	58	116
284	297	234	58	116
285	296	234	58	116
286	295	234	58	116
287	294	234	58	117
288	293	233	58	117
289	291	233	58	117
290	290	233	59	118
291	288	233	59	118
292	287	233	59	119
293	285	233	59	119
294	284	233	60	120
295	283	234	60	120
296	281	234	60	120
297	280	235	60	120
298	279	236	59	119
299	277	237	59	119
300	276	238	59	119
301	274	238	59	119
302	272	239	60	120
303	270	238	60	120
304	268	238	60	121
305	266	237	61	122
306	264	237	61	123
307	262	236	62	124
308	259	235	63	126
309	257	233	64	128
310	254	232	65	130
311	252	231	65	131
312	250	230	66	132
313	248	230	66	133
314	246	229	67	134
315	245	229	67	135
316	243	228	68	136
317	242	228	68	137
318	240	228	68	137
319	239	227	69	138
320	238	227	69	138
321	237	227	69	139
322	235	227	69	139
323	234	227	69	139
324	233	227	69	139
325	232	228	70	140
326	230	228	70	140
327	229	228	70	140
328	227	228	70	140
329	226	228	70	141
330	224	227	71	142
331	222	227	71	142
332	220	226	71	143
333	218	226	72	144
334	216	226	72	144
335	214	226	72	145
336	211	226	73	146
337	209	225	73	146
338	207	225	73	147
339	205	225	73	147
340	203	225	74	148
341	201	225	74	149
342	199	225	74	149
343	197	225	75	150
344	195	224	75	151
345	193	224	76	152
346	192	224	76	153
347	190	223	76	153
348	188	223	77	154
349	186	223	77	155
350	184	223	78	156
351	182	223	78	157
352	180	223	79	158
353	178	223	79	159
354	176	223	80	160
355	174	223	80	161
356	172	223	81	162
357	170	223	81	163
358	168	223	82	164
359	166	224	82	165
360	163	224	83	166
361	161	224	83	167
362	158	225	83	167
363	156	226	84	168
364	153	226	84	168
365	150	227	84	169
366	147	227	84	169
367	145	228	84	169
368	143	228	84	169
369	140	228	85	170
370	138	228	85	170
371	136	227	85	170
372	134	227	85	171
373	132	226	85	170
374	131	226	85	170
375	129	227	85	170
376	128	227	84	169
377	126	227	84	168
378	125	227	84	168
379	123	228	83	167
380	121	228	83	167
381	119	228	83	167
382	116	229	83	167
383	114	229	83	167
384	111	228	84	168
385	109	228	84	169
386	106	227	85	171
387	103	226	86	173
388	100	225	87	175
389	98	224	88	177
390	95	222	89	179
391	93	221	91	182
392	90	219	92	184
393	88	218	93	186
394	85	217	94	188
395	82	216	95	190
396	78	215	95	191
397	75	215	96	192
398	71	215	96	193
399	67	215	96	193
400	63	216	96	193
401	59	217	96	192
402	55	218	95	191
403	50	219	95	190
404	45	221	94	189
405	40	222	93	187
3D Trajetory (frame, x, z, height, pose)
263	-0.15	8.46	1.74	2.00
264	-0.15	8.44	1.76	2.00
265	-0.15	8.42	1.77	4.00
266	-0.17	8.40	1.78	4.00
267	-0.19	8.37	1.78	4.00
268	-0.20	8.34	1.80	4.00
269	-0.21	8.31	1.82	4.00
270	-0.23	8.28	1.83	4.00
271	-0.25	8.24	1.85	4.00
272	-0.26	8.22	1.85	4.00
273	-0.26	8.20	1.85	3.00
274	-0.28	8.17	1.84	3.00
275	-0.30	8.14	1.84	4.00
276	-0.34	8.12	1.85	4.00
277	-0.38	8.11	1.86	4.00
278	-0.40	8.09	1.86	4.00
279	-0.41	8.08	1.86	4.00
280	-0.43	8.06	1.86	4.00
281	-0.44	8.05	1.85	4.00
282	-0.46	8.04	1.85	4.00
283	-0.47	8.02	1.86	4.00
284	-0.49	8.01	1.85	4.00
285	-0.50	7.99	1.85	4.00
286	-0.51	7.98	1.86	4.00
287	-0.52	7.97	1.86	4.00
288	-0.54	7.95	1.86	4.00
289	-0.56	7.93	1.86	4.00
290	-0.57	7.93	1.86	4.00
291	-0.59	7.92	1.87	4.00
292	-0.61	7.88	1.87	4.00
293	-0.64	7.85	1.87	4.00
294	-0.65	7.82	1.87	4.00
295	-0.67	7.78	1.87	4.00
296	-0.70	7.74	1.86	4.00
297	-0.72	7.70	1.86	4.00
298	-0.74	7.68	1.85	4.00
299	-0.77	7.66	1.85	4.00
300	-0.79	7.66	1.82	4.00
301	-0.81	7.66	1.80	4.00
302	-0.84	7.63	1.79	4.00
303	-0.86	7.59	1.79	4.00
304	-0.88	7.54	1.80	4.00
305	-0.90	7.50	1.82	4.00
306	-0.92	7.46	1.84	4.00
307	-0.94	7.42	1.86	4.00
308	-0.97	7.39	1.87	4.00
309	-0.99	7.36	1.88	4.00
310	-1.01	7.33	1.89	4.00
311	-1.03	7.30	1.90	4.00
312	-1.05	7.25	1.91	4.00
313	-1.07	7.20	1.91	2.00
314	-1.08	7.17	1.92	2.00
315	-1.08	7.13	1.94	4.00
316	-1.10	7.11	1.93	4.00
317	-1.12	7.08	1.93	4.00
318	-1.14	7.05	1.92	4.00
319	-1.16	7.03	1.92	4.00
320	-1.16	6.97	1.92	4.00
321	-1.16	6.91	1.92	1.00
322	-1.16	6.88	1.91	1.00
323	-1.17	6.85	1.90	4.00
324	-1.19	6.83	1.90	4.00
325	-1.21	6.81	1.90	4.00
326	-1.22	6.78	1.89	4.00
327	-1.23	6.75	1.88	4.00
328	-1.24	6.72	1.87	4.00
329	-1.26	6.69	1.86	4.00
330	-1.27	6.67	1.87	4.00
331	-1.28	6.65	1.88	2.00
332	-1.30	6.62	1.88	2.00
333	-1.32	6.58	1.88	2.00
334	-1.33	6.54	1.88	2.00
335	-1.34	6.51	1.89	1.00
336	-1.37	6.48	1.89	1.00
337	-1.40	6.45	1.89	2.00
338	-1.41	6.40	1.87	2.00
339	-1.43	6.35	1.85	3.00
340	-1.44	6.31	1.84	3.00
341	-1.46	6.27	1.84	3.00
342	-1.48	6.24	1.84	3.00
343	-1.50	6.20	1.84	3.00
344	-1.51	6.16	1.85	3.00
345	-1.53	6.13	1.86	3.00
346	-1.54	6.09	1.86	3.00
347	-1.55	6.05	1.86	2.00
348	-1.57	6.01	1.85	2.00
349	-1.59	5.97	1.85	2.00
350	-1.60	5.93	1.84	2.00
351	-1.61	5.89	1.84	2.00
352	-1.63	5.86	1.84	2.00
353	-1.64	5.82	1.83	2.00
354	-1.65	5.79	1.83	2.00
355	-1.67	5.76	1.82	2.00
356	-1.64	5.70	1.84	2.00
357	-1.61	5.65	1.86	1.00
358	-1.63	5.62	1.85	1.00
359	-1.65	5.59	1.84	1.00
360	-1.67	5.55	1.84	1.00
361	-1.68	5.52	1.84	2.00
362	-1.70	5.48	1.82	2.00
363	-1.72	5.45	1.80	2.00
364	-1.74	5.41	1.80	2.00
365	-1.76	5.37	1.80	2.00
366	-1.79	5.35	1.80	2.00
367	-1.81	5.32	1.79	2.00
368	-1.84	5.30	1.80	2.00
369	-1.86	5.28	1.80	1.00
370	-1.89	5.29	1.80	1.00
371	-1.92	5.31	1.79	1.00
372	-1.95	5.31	1.79	1.00
373	-1.97	5.32	1.79	3.00
374	-1.99	5.30	1.80	3.00
375	-2.00	5.28	1.80	3.00
376	-2.02	5.29	1.80	3.00
377	-2.03	5.29	1.80	3.00
378	-2.05	5.30	1.79	3.00
379	-2.07	5.31	1.78	3.00
380	-2.09	5.32	1.76	3.00
381	-2.11	5.33	1.74	3.00
382	-2.13	5.32	1.76	3.00
383	-2.16	5.32	1.77	3.00
384	-2.18	5.30	1.77	3.00
385	-2.19	5.28	1.78	3.00
386	-2.21	5.25	1.79	3.00
387	-2.22	5.22	1.80	3.00
388	-2.23	5.20	1.81	3.00
389	-2.24	5.18	1.82	3.00
390	-2.24	5.14	1.84	3.00
391	-2.25	5.11	1.85	1.00
392	-2.27	5.08	1.86	1.00
393	-2.28	5.06	1.87	1.00
394	-2.29	5.03	1.89	1.00
395	-2.30	5.01	1.90	1.00
396	-2.32	4.98	1.90	1.00
397	-2.33	4.95	1.91	1.00
398	-2.36	4.93	1.92	1.00
399	-2.38	4.90	1.93	1.00
400	-2.45	4.92	1.90	1.00
401	-2.52	4.95	1.88	1.00
402	-2.55	4.93	1.87	1.00
403	-2.58	4.92	1.86	3.00
404	-2.62	4.91	1.85	3.00
405	-2.65	4.91	1.85	3.00
Target 11 (frames from 299 to 333)
Bounding Boxes (frame, x, y, width, height)
299	430	246	40	80
300	429	245	41	82
301	428	244	41	83
302	427	242	42	85
303	426	241	43	87
304	425	240	44	88
305	424	239	44	89
306	423	238	45	91
307	421	237	46	92
308	420	236	46	93
309	418	234	47	95
310	417	233	48	96
311	415	233	48	97
312	413	232	49	98
313	412	231	49	99
314	411	231	49	99
315	410	230	50	100
316	409	230	50	100
317	408	230	50	100
318	407	230	50	100
319	406	230	50	100
320	405	229	50	100
321	405	229	50	100
322	404	229	50	100
323	403	229	50	100
324	403	229	50	100
325	402	229	50	100
326	400	228	50	100
327	399	228	50	100
328	398	228	50	100
329	397	227	50	100
330	395	227	50	101
331	394	226	50	101
332	392	226	51	102
333	390	225	51	102
3D Trajetory (frame, x, z, height, pose)
299	1.93	10.63	1.73	2.00
300	1.93	10.65	1.74	2.00
301	1.93	10.67	1.76	2.00
302	1.92	10.55	1.78	2.00
303	1.92	10.43	1.81	2.00
304	1.88	10.41	1.83	2.00
305	1.85	10.39	1.85	2.00
306	1.83	10.38	1.87	2.00
307	1.80	10.37	1.89	2.00
308	1.77	10.29	1.91	2.00
309	1.74	10.22	1.93	2.00
310	1.71	10.17	1.95	2.00
311	1.67	10.12	1.96	2.00
312	1.65	10.07	1.97	2.00
313	1.62	10.03	1.99	2.00
314	1.59	9.98	1.99	2.00
315	1.56	9.94	1.99	2.00
316	1.54	9.92	1.99	2.00
317	1.52	9.91	2.00	2.00
318	1.49	9.89	1.99	2.00
319	1.47	9.87	1.98	2.00
320	1.47	9.90	1.97	2.00
321	1.46	9.92	1.96	2.00
322	1.44	9.90	1.96	2.00
323	1.42	9.88	1.96	1.00
324	1.40	9.86	1.96	1.00
325	1.38	9.84	1.96	1.00
326	1.36	9.83	1.96	1.00
327	1.34	9.81	1.96	1.00
328	1.33	9.81	1.97	1.00
329	1.31	9.80	1.99	1.00
330	1.27	9.82	1.97	1.00
331	1.24	9.84	1.96	1.00
332	1.21	9.80	1.98	1.00
333	1.19	9.76	2.00	2.00
Target 12 (frames from 337 to 597)
Bounding Boxes (frame, x, y, width, height)
337	90	261	110	220
338	94	260	110	220
339	99	259	109	219
340	103	258	109	219
341	108	257	109	219
342	112	257	109	219
343	117	256	109	219
344	122	255	109	218
345	126	255	109	218
346	131	254	109	218
347	137	253	109	218
348	142	253	109	218
349	147	252	109	218
350	152	252	109	218
351	157	252	109	219
352	160	251	109	219
353	164	251	109	219
354	167	251	109	219
355	170	251	109	219
356	173	251	109	219
357	176	251	109	219
358	180	251	110	220
359	184	251	110	220
360	188	250	110	221
361	192	250	111	222
362	196	250	111	223
363	201	250	111	223
364	205	249	111	223
365	210	249	112	224
366	215	249	112	225
367	219	248	112	225
368	223	248	113	226
369	227	246	113	227
370	230	245	114	228
371	233	244	114	229
372	235	242	114	229
373	238	241	114	229
374	240	239	114	229
375	242	237	115	230
376	244	235	115	230
377	245	234	115	231
378	247	232	115	231
379	248	231	115	231
380	249	230	115	231
381	249	229	115	231
382	249	228	115	231
383	250	227	115	231
384	250	227	115	231
385	252	227	115	231
386	253	228	115	231
387	255	229	115	230
388	258	230	114	228
389	262	232	112	225
390	266	234	111	222
391	271	236	109	218
392	276	239	107	214
393	280	241	105	210
394	285	244	102	205
395	290	247	100	201
396	295	249	98	196
397	300	251	95	191
398	304	253	94	188
399	306	254	92	184
400	309	255	90	181
401	312	256	89	178
402	314	256	88	176
403	317	257	87	174
404	319	257	86	172
405	321	257	85	170
406	323	257	84	168
407	326	257	83	166
408	328	257	82	164
409	329	257	81	163
410	331	256	81	162
411	333	256	80	160
412	335	256	79	159
413	337	255	79	158
414	339	254	79	158
415	341	254	78	157
416	342	253	78	157
417	344	252	78	156
418	345	252	78	156
419	346	251	78	156
420	348	250	77	155
421	349	250	78	156
422	350	249	78	156
423	352	249	77	155
424	353	248	77	155
425	355	248	77	155
426	357	247	77	155
427	359	247	77	154
428	360	247	77	154
429	362	247	76	153
430	364	247	76	153
431	365	246	76	152
432	367	246	75	151
433	368	246	75	150
434	370	247	74	149
435	371	247	74	149
436	372	246	74	148
437	373	246	73	147
438	374	246	73	147
439	375	246	73	147
440	376	246	73	146
441	378	246	73	146
442	379	246	73	146
443	380	246	72	145
444	381	246	72	145
445	382	247	72	144
446	384	247	71	143
447	385	248	71	142
448	386	249	70	141
449	387	250	70	140
450	389	251	69	139
451	390	252	69	138
452	391	252	68	137
453	392	253	68	137
454	393	253	68	136
455	393	252	68	136
456	394	252	68	136
457	395	251	68	136
458	396	251	68	137
459	397	250	68	137
460	398	250	68	137
461	399	249	68	136
462	400	249	68	136
463	402	249	68	136
464	403	249	67	135
465	405	249	67	134
466	406	249	67	134
467	408	249	67	134
468	409	249	67	134
469	411	249	66	133
470	412	249	66	133
471	413	249	66	133
472	414	248	67	134
473	415	247	67	134
474	416	247	67	134
475	417	246	67	134
476	418	246	67	134
477	418	246	66	133
478	419	246	66	133
479	420	246	66	132
480	421	247	66	132
481	421	248	65	131
482	422	248	65	130
483	423	249	64	129
484	423	250	64	128
485	424	251	63	127
486	425	251	63	126
487	425	251	63	126
488	426	251	63	126
489	427	251	63	126
490	427	250	63	126
491	428	249	63	126
492	428	249	63	126
493	429	248	63	127
494	429	247	63	127
495	429	246	63	127
496	430	245	64	128
497	430	244	64	128
498	430	244	64	128
499	431	244	63	127
500	431	243	63	127
501	431	243	63	127
502	432	242	64	128
503	433	242	64	128
504	433	242	64	128
505	434	241	64	128
506	435	240	64	128
507	436	239	64	129
508	437	239	64	129
509	438	238	64	129
510	439	237	65	130
511	440	237	65	130
512	441	236	65	130
513	443	236	65	130
514	444	236	64	129
515	445	236	64	129
516	446	236	64	128
517	446	236	64	128
518	447	236	63	127
519	447	237	63	127
520	448	237	63	126
521	448	237	63	126
522	448	237	62	125
523	448	237	62	125
524	449	237	62	124
525	449	236	62	124
526	449	236	62	124
527	449	236	62	124
528	449	236	61	123
529	450	236	61	123
530	450	236	61	122
531	451	236	60	121
532	452	236	60	120
533	452	236	59	119
534	453	236	59	118
535	454	236	58	117
536	455	237	58	116
537	455	237	57	115
538	456	237	57	114
539	458	238	56	113
540	459	238	56	113
541	460	238	56	112
542	461	238	56	112
543	462	238	56	112
544	464	237	56	113
545	465	237	56	113
546	466	237	57	114
547	468	236	57	114
548	469	236	57	115
549	470	235	57	115
550	470	234	58	116
551	471	234	58	116
552	472	234	58	116
553	473	234	58	116
554	474	234	58	116
555	476	234	57	115
556	477	235	57	115
557	478	235	57	114
558	480	236	56	113
559	481	236	56	113
560	482	236	56	112
561	484	236	55	111
562	485	236	55	111
563	487	237	55	110
564	488	237	54	109
565	489	236	54	109
566	490	236	54	108
567	491	236	54	108
568	491	236	54	108
569	492	236	53	107
570	492	236	53	107
571	493	236	53	106
572	493	236	52	105
573	493	236	52	105
574	493	237	52	104
575	494	237	51	103
576	494	237	51	103
577	494	237	51	102
578	495	237	51	102
579	495	237	51	102
580	496	237	50	101
581	497	236	50	101
582	498	236	50	101
583	499	235	50	101
584	500	234	50	101
585	501	234	50	101
586	501	234	50	101
587	502	234	50	101
588	503	234	50	101
589	503	235	50	100
590	504	235	50	100
591	504	236	50	100
592	505	237	50	100
593	505	238	49	99
594	505	239	49	99
595	506	240	49	98
596	506	241	49	98
597	506	243	48	97
3D Trajetory (frame, x, z, height, pose)
337	-1.42	3.52	1.53	2.00
338	-1.42	3.54	1.53	2.00
339	-1.41	3.55	1.54	4.00
340	-1.40	3.55	1.55	4.00
341	-1.39	3.56	1.55	3.00
342	-1.36	3.56	1.55	3.00
343	-1.33	3.56	1.55	3.00
344	-1.30	3.57	1.55	3.00
345	-1.27	3.57	1.55	3.00
346	-1.22	3.58	1.55	3.00
347	-1.18	3.59	1.56	3.00
348	-1.14	3.60	1.56	3.00
349	-1.11	3.60	1.56	1.00
350	-1.08	3.61	1.57	1.00
351	-1.05	3.61	1.58	1.00
352	-1.03	3.61	1.57	1.00
353	-1.01	3.62	1.56	1.00
354	-0.98	3.61	1.57	1.00
355	-0.96	3.59	1.59	4.00
356	-0.93	3.60	1.58	4.00
357	-0.90	3.61	1.57	3.00
358	-0.88	3.61	1.57	3.00
359	-0.86	3.60	1.58	3.00
360	-0.82	3.60	1.57	3.00
361	-0.78	3.61	1.57	1.00
362	-0.75	3.60	1.58	1.00
363	-0.71	3.58	1.59	1.00
364	-0.68	3.58	1.60	1.00
365	-0.64	3.57	1.62	1.00
366	-0.62	3.58	1.62	1.00
367	-0.59	3.59	1.62	2.00
368	-0.57	3.59	1.61	2.00
369	-0.55	3.60	1.61	2.00
370	-0.53	3.60	1.61	2.00
371	-0.50	3.60	1.62	2.00
372	-0.48	3.60	1.63	2.00
373	-0.46	3.60	1.64	2.00
374	-0.46	3.61	1.66	2.00
375	-0.45	3.62	1.68	2.00
376	-0.44	3.64	1.69	2.00
377	-0.43	3.65	1.71	2.00
378	-0.42	3.72	1.71	2.00
379	-0.41	3.79	1.71	2.00
380	-0.40	3.78	1.71	2.00
381	-0.39	3.77	1.72	2.00
382	-0.39	3.77	1.72	2.00
383	-0.39	3.77	1.73	3.00
384	-0.39	3.78	1.74	3.00
385	-0.38	3.79	1.74	3.00
386	-0.37	3.79	1.74	3.00
387	-0.36	3.79	1.74	3.00
388	-0.36	3.78	1.74	3.00
389	-0.36	3.76	1.73	1.00
390	-0.30	3.80	1.70	1.00
391	-0.23	3.83	1.66	1.00
392	-0.21	3.85	1.65	1.00
393	-0.19	3.87	1.63	1.00
394	-0.17	3.96	1.61	1.00
395	-0.16	4.06	1.58	2.00
396	-0.14	4.09	1.58	2.00
397	-0.12	4.12	1.57	2.00
398	-0.10	4.15	1.56	2.00
399	-0.08	4.18	1.55	2.00
400	-0.05	4.23	1.53	2.00
401	-0.02	4.28	1.51	2.00
402	-0.01	4.31	1.51	2.00
403	0.01	4.35	1.51	2.00
404	0.02	4.40	1.51	2.00
405	0.03	4.45	1.51	1.00
406	0.05	4.50	1.51	1.00
407	0.06	4.56	1.50	1.00
408	0.09	4.59	1.51	1.00
409	0.11	4.62	1.51	1.00
410	0.12	4.66	1.51	1.00
411	0.14	4.70	1.52	1.00
412	0.16	4.76	1.51	1.00
413	0.18	4.81	1.51	4.00
414	0.20	4.84	1.52	4.00
415	0.22	4.87	1.52	4.00
416	0.24	4.91	1.53	4.00
417	0.26	4.95	1.54	4.00
418	0.28	4.98	1.55	4.00
419	0.29	5.01	1.56	2.00
420	0.31	5.04	1.57	2.00
421	0.32	5.07	1.58	4.00
422	0.34	5.08	1.58	4.00
423	0.35	5.10	1.58	4.00
424	0.36	5.14	1.59	4.00
425	0.37	5.18	1.60	4.00
426	0.38	5.20	1.61	4.00
427	0.40	5.21	1.61	4.00
428	0.42	5.23	1.61	4.00
429	0.43	5.25	1.61	4.00
430	0.44	5.27	1.61	4.00
431	0.45	5.29	1.61	4.00
432	0.47	5.31	1.60	4.00
433	0.48	5.33	1.60	4.00
434	0.49	5.36	1.60	4.00
435	0.51	5.38	1.60	4.00
436	0.52	5.40	1.59	4.00
437	0.54	5.42	1.59	4.00
438	0.56	5.45	1.59	4.00
439	0.57	5.47	1.59	4.00
440	0.59	5.50	1.60	4.00
441	0.60	5.53	1.61	4.00
442	0.62	5.55	1.62	4.00
443	0.63	5.57	1.63	4.00
444	0.65	5.59	1.63	4.00
445	0.67	5.61	1.62	4.00
446	0.68	5.63	1.62	4.00
447	0.70	5.66	1.62	4.00
448	0.71	5.69	1.61	4.00
449	0.72	5.72	1.59	4.00
450	0.74	5.74	1.58	4.00
451	0.75	5.76	1.57	4.00
452	0.77	5.77	1.57	4.00
453	0.79	5.79	1.57	4.00
454	0.80	5.79	1.58	4.00
455	0.80	5.80	1.58	4.00
456	0.81	5.81	1.59	4.00
457	0.82	5.83	1.60	4.00
458	0.84	5.86	1.61	4.00
459	0.86	5.88	1.61	4.00
460	0.87	5.88	1.61	4.00
461	0.87	5.89	1.62	4.00
462	0.89	5.91	1.61	4.00
463	0.91	5.94	1.61	4.00
464	0.92	5.94	1.61	4.00
465	0.93	5.95	1.60	4.00
466	0.95	5.95	1.60	4.00
467	0.96	5.95	1.60	4.00
468	0.98	5.97	1.59	4.00
469	1.00	5.98	1.58	4.00
470	1.01	5.99	1.59	4.00
471	1.02	6.00	1.59	4.00
472	1.03	5.98	1.61	4.00
473	1.04	5.97	1.62	4.00
474	1.06	6.00	1.62	4.00
475	1.08	6.03	1.61	4.00
476	1.09	6.04	1.62	4.00
477	1.10	6.05	1.62	4.00
478	1.12	6.07	1.63	4.00
479	1.14	6.10	1.63	4.00
480	1.16	6.14	1.62	4.00
481	1.18	6.17	1.62	4.00
482	1.20	6.19	1.61	4.00
483	1.21	6.21	1.59	4.00
484	1.22	6.22	1.60	4.00
485	1.23	6.24	1.60	4.00
486	1.25	6.26	1.59	4.00
487	1.26	6.29	1.59	2.00
488	1.27	6.32	1.59	2.00
489	1.28	6.35	1.59	4.00
490	1.29	6.36	1.60	4.00
491	1.31	6.38	1.61	4.00
492	1.32	6.40	1.62	4.00
493	1.32	6.41	1.64	4.00
494	1.34	6.43	1.65	4.00
495	1.35	6.45	1.66	4.00
496	1.36	6.47	1.67	4.00
497	1.38	6.49	1.67	4.00
498	1.39	6.51	1.67	4.00
499	1.40	6.52	1.66	4.00
500	1.41	6.54	1.67	4.00
501	1.43	6.56	1.68	4.00
502	1.44	6.59	1.68	4.00
503	1.46	6.61	1.68	4.00
504	1.47	6.62	1.69	4.00
505	1.48	6.64	1.70	4.00
506	1.49	6.64	1.72	4.00
507	1.50	6.65	1.73	4.00
508	1.53	6.67	1.73	4.00
509	1.55	6.69	1.74	4.00
510	1.57	6.71	1.74	4.00
511	1.58	6.73	1.74	4.00
512	1.59	6.74	1.74	4.00
513	1.59	6.74	1.75	4.00
514	1.59	6.73	1.76	4.00
515	1.60	6.73	1.76	1.00
516	1.62	6.77	1.75	1.00
517	1.64	6.80	1.74	1.00
518	1.65	6.83	1.74	1.00
519	1.65	6.85	1.73	4.00
520	1.66	6.90	1.73	4.00
521	1.67	6.94	1.73	4.00
522	1.67	6.95	1.73	4.00
523	1.67	6.96	1.73	4.00
524	1.68	6.97	1.74	4.00
525	1.69	6.98	1.75	4.00
526	1.70	7.00	1.75	4.00
527	1.71	7.02	1.75	4.00
528	1.73	7.04	1.74	4.00
529	1.74	7.07	1.74	4.00
530	1.75	7.10	1.74	4.00
531	1.77	7.13	1.73	4.00
532	1.78	7.17	1.74	4.00
533	1.79	7.20	1.75	2.00
534	1.82	7.27	1.73	2.00
535	1.84	7.34	1.71	2.00
536	1.86	7.38	1.71	2.00
537	1.87	7.41	1.71	2.00
538	1.89	7.45	1.71	2.00
539	1.91	7.49	1.70	2.00
540	1.93	7.53	1.69	2.00
541	1.94	7.58	1.69	2.00
542	1.97	7.58	1.69	2.00
543	1.99	7.57	1.69	2.00
544	2.01	7.58	1.70	2.00
545	2.03	7.59	1.71	2.00
546	2.05	7.57	1.73	2.00
547	2.06	7.56	1.75	4.00
548	2.09	7.56	1.75	4.00
549	2.12	7.57	1.75	4.00
550	2.12	7.55	1.75	4.00
551	2.12	7.53	1.75	4.00
552	2.13	7.51	1.75	4.00
553	2.14	7.50	1.75	4.00
554	2.17	7.54	1.75	4.00
555	2.20	7.58	1.75	4.00
556	2.22	7.60	1.75	4.00
557	2.24	7.61	1.76	1.00
558	2.27	7.64	1.74	1.00
559	2.29	7.67	1.72	1.00
560	2.32	7.69	1.72	1.00
561	2.34	7.72	1.71	4.00
562	2.36	7.76	1.71	4.00
563	2.39	7.79	1.71	2.00
564	2.40	7.82	1.71	2.00
565	2.42	7.85	1.71	2.00
566	2.44	7.88	1.71	2.00
567	2.47	7.91	1.72	4.00
568	2.49	7.95	1.73	4.00
569	2.52	7.98	1.73	4.00
570	2.54	8.01	1.71	4.00
571	2.56	8.05	1.70	2.00
572	2.57	8.07	1.70	2.00
573	2.58	8.10	1.70	4.00
574	2.58	8.12	1.70	4.00
575	2.59	8.14	1.70	4.00
576	2.60	8.17	1.68	4.00
577	2.60	8.19	1.67	4.00
578	2.62	8.22	1.68	4.00
579	2.63	8.24	1.69	4.00
580	2.66	8.27	1.68	4.00
581	2.68	8.29	1.67	4.00
582	2.69	8.32	1.68	4.00
583	2.71	8.35	1.68	4.00
584	2.72	8.37	1.69	4.00
585	2.74	8.39	1.70	4.00
586	2.76	8.41	1.71	4.00
587	2.77	8.43	1.72	2.00
588	2.81	8.45	1.72	2.00
589	2.84	8.48	1.72	1.00
590	2.86	8.51	1.71	1.00
591	2.89	8.53	1.69	1.00
592	2.91	8.55	1.69	1.00
593	2.94	8.57	1.69	4.00
594	2.96	8.59	1.70	4.00
595	2.98	8.60	1.71	4.00
596	3.00	8.63	1.71	4.00
597	3.03	8.66	1.70	2.00
Target 13 (frames from 343 to 383)
Bounding Boxes (frame, x, y, width, height)
343	378	233	43	87
344	378	232	44	88
345	377	232	44	89
346	376	231	45	90
347	376	231	45	90
348	375	230	45	91
349	374	230	46	92
350	373	230	46	92
351	372	230	46	92
352	370	230	46	93
353	369	230	46	93
354	367	230	46	93
355	366	230	46	93
356	364	230	46	93
357	362	231	46	93
358	361	231	46	93
359	359	231	46	93
360	357	231	47	94
361	356	231	47	95
362	355	231	47	95
363	353	231	48	96
364	352	230	48	97
365	351	230	49	98
366	350	229	49	99
367	348	228	50	100
368	347	228	51	102
369	346	227	51	103
370	345	226	51	103
371	344	226	52	104
372	343	226	52	104
373	342	225	52	105
374	341	225	52	105
375	339	226	52	105
376	338	226	52	105
377	337	226	52	105
378	335	226	52	105
379	334	227	52	104
380	333	228	52	104
381	331	228	52	104
382	330	229	51	103
383	328	230	51	102
3D Trajetory (frame, x, z, height, pose)
343	0.90	10.34	1.79	3.00
344	0.89	10.29	1.81	3.00
345	0.88	10.24	1.82	2.00
346	0.83	10.15	1.83	2.00
347	0.79	10.06	1.84	2.00
348	0.78	10.03	1.83	2.00
349	0.76	10.01	1.83	2.00
350	0.73	9.97	1.83	2.00
351	0.70	9.92	1.83	2.00
352	0.68	9.90	1.83	2.00
353	0.66	9.89	1.82	2.00
354	0.63	9.87	1.83	2.00
355	0.61	9.85	1.84	1.00
356	0.58	9.83	1.84	1.00
357	0.55	9.81	1.83	1.00
358	0.53	9.81	1.82	1.00
359	0.50	9.81	1.81	3.00
360	0.47	9.74	1.81	3.00
361	0.44	9.68	1.81	2.00
362	0.41	9.65	1.82	2.00
363	0.39	9.61	1.83	2.00
364	0.36	9.52	1.85	2.00
365	0.34	9.42	1.87	2.00
366	0.31	9.39	1.88	2.00
367	0.28	9.35	1.89	2.00
368	0.26	9.37	1.89	2.00
369	0.23	9.39	1.90	2.00
370	0.20	9.32	1.91	2.00
371	0.17	9.25	1.93	2.00
372	0.15	9.22	1.93	2.00
373	0.12	9.19	1.93	2.00
374	0.10	9.18	1.93	2.00
375	0.08	9.17	1.92	2.00
376	0.05	9.14	1.91	2.00
377	0.03	9.12	1.90	2.00
378	0.00	9.10	1.89	2.00
379	-0.02	9.07	1.88	2.00
380	-0.04	9.04	1.87	2.00
381	-0.06	9.00	1.86	2.00
382	-0.08	8.98	1.85	2.00
383	-0.11	8.97	1.84	2.00
Target 14 (frames from 383 to 431)
Bounding Boxes (frame, x, y, width, height)
383	183	229	85	171
384	182	229	85	171
385	181	229	85	171
386	179	230	86	172
387	178	230	86	172
388	176	231	86	173
389	174	231	86	173
390	171	231	87	174
391	169	232	87	175
392	166	232	87	175
393	163	233	88	176
394	159	233	88	177
395	155	234	89	178
396	151	234	90	180
397	147	234	90	181
398	143	234	91	183
399	139	235	92	184
400	136	235	92	185
401	132	234	93	186
402	128	234	94	188
403	124	234	94	188
404	121	234	94	189
405	117	234	94	189
406	114	234	94	189
407	110	235	94	189
408	107	235	94	189
409	104	235	94	188
410	101	235	93	187
411	97	235	93	187
412	94	235	93	186
413	90	235	93	186
414	87	235	92	185
415	83	235	92	185
416	80	235	92	184
417	77	236	92	184
418	73	236	92	184
419	70	235	92	185
420	66	235	92	185
421	63	235	93	186
422	60	235	93	186
423	57	235	93	187
424	54	234	94	188
425	51	234	94	188
426	48	234	94	189
427	45	233	95	190
428	42	233	95	191
429	39	232	96	192
430	36	232	96	193
431	34	231	97	194
3D Trajetory (frame, x, z, height, pose)
383	-1.42	5.26	1.76	2.00
384	-1.40	5.17	1.76	2.00
385	-1.38	5.09	1.75	2.00
386	-1.38	5.08	1.76	2.00
387	-1.39	5.08	1.76	3.00
388	-1.40	5.07	1.76	3.00
389	-1.41	5.06	1.76	3.00
390	-1.44	5.05	1.75	3.00
391	-1.47	5.03	1.74	3.00
392	-1.49	4.98	1.73	3.00
393	-1.51	4.93	1.71	3.00
394	-1.53	4.87	1.71	3.00
395	-1.55	4.80	1.71	3.00
396	-1.56	4.76	1.71	3.00
397	-1.58	4.72	1.71	3.00
398	-1.60	4.68	1.71	3.00
399	-1.62	4.65	1.71	3.00
400	-1.65	4.62	1.71	3.00
401	-1.67	4.59	1.72	3.00
402	-1.69	4.57	1.72	3.00
403	-1.71	4.55	1.72	3.00
404	-1.74	4.54	1.71	3.00
405	-1.77	4.54	1.70	3.00
406	-1.79	4.53	1.70	3.00
407	-1.82	4.53	1.70	3.00
408	-1.85	4.53	1.71	3.00
409	-1.87	4.54	1.71	3.00
410	-1.91	4.56	1.71	3.00
411	-1.95	4.58	1.70	3.00
412	-1.99	4.59	1.70	3.00
413	-2.03	4.60	1.70	3.00
414	-2.06	4.62	1.70	3.00
415	-2.10	4.65	1.70	3.00
416	-2.13	4.65	1.70	3.00
417	-2.16	4.65	1.70	3.00
418	-2.18	4.64	1.70	3.00
419	-2.21	4.64	1.71	3.00
420	-2.24	4.64	1.71	3.00
421	-2.27	4.64	1.71	3.00
422	-2.30	4.63	1.72	3.00
423	-2.32	4.62	1.72	3.00
424	-2.35	4.61	1.72	3.00
425	-2.37	4.60	1.73	3.00
426	-2.39	4.59	1.73	3.00
427	-2.41	4.58	1.74	3.00
428	-2.44	4.56	1.74	3.00
429	-2.46	4.54	1.74	3.00
430	-2.49	4.52	1.74	3.00
431	-2.51	4.51	1.75	3.00
Target 15 (frames from 405 to 455)
Bounding Boxes (frame, x, y, width, height)
405	297	232	51	103
406	296	232	51	103
407	295	232	51	103
408	293	232	51	103
409	292	231	52	104
410	290	231	52	104
411	289	231	52	104
412	287	231	52	105
413	285	231	52	105
414	283	231	53	106
415	281	230	53	107
416	279	230	53	107
417	277	230	54	108
418	274	230	54	109
419	272	230	55	110
420	270	229	55	111
421	268	229	56	112
422	266	229	56	113
423	264	229	57	114
424	262	229	57	115
425	260	229	57	115
426	259	229	58	116
427	257	229	58	116
428	255	229	58	117
429	254	228	58	117
430	252	228	59	118
431	250	228	59	118
432	248	228	59	118
433	245	227	59	119
434	243	227	59	119
435	241	227	59	119
436	238	228	60	120
437	236	228	60	120
438	233	228	60	120
439	231	228	60	120
440	228	229	60	120
441	226	229	60	121
442	223	230	60	121
443	221	230	60	121
444	219	230	61	122
445	216	231	61	122
446	214	231	61	123
447	211	232	61	123
448	209	232	61	123
449	206	232	62	124
450	204	233	62	124
451	201	233	62	124
452	199	234	62	125
453	196	234	62	125
454	194	234	63	126
455	191	235	63	126
3D Trajetory (frame, x, z, height, pose)
405	-0.64	8.92	1.82	4.00
406	-0.67	8.89	1.84	4.00
407	-0.69	8.85	1.86	2.00
408	-0.71	8.85	1.85	2.00
409	-0.72	8.85	1.84	2.00
410	-0.74	8.84	1.84	2.00
411	-0.76	8.83	1.84	2.00
412	-0.78	8.84	1.84	2.00
413	-0.81	8.84	1.85	2.00
414	-0.84	8.83	1.86	2.00
415	-0.87	8.82	1.86	2.00
416	-0.89	8.77	1.87	2.00
417	-0.91	8.72	1.87	1.00
418	-0.93	8.60	1.89	1.00
419	-0.96	8.47	1.90	1.00
420	-0.98	8.41	1.89	1.00
421	-0.99	8.35	1.89	1.00
422	-1.02	8.31	1.88	1.00
423	-1.05	8.28	1.88	1.00
424	-1.08	8.25	1.88	1.00
425	-1.12	8.23	1.88	3.00
426	-1.15	8.20	1.89	3.00
427	-1.18	8.17	1.90	4.00
428	-1.21	8.14	1.90	4.00
429	-1.24	8.12	1.90	2.00
430	-1.27	8.08	1.90	2.00
431	-1.29	8.05	1.91	2.00
432	-1.32	8.02	1.91	2.00
433	-1.36	7.99	1.91	1.00
434	-1.39	7.95	1.89	1.00
435	-1.42	7.92	1.88	3.00
436	-1.44	7.89	1.88	3.00
437	-1.47	7.86	1.88	3.00
438	-1.50	7.82	1.87	3.00
439	-1.53	7.79	1.86	2.00
440	-1.56	7.75	1.86	2.00
441	-1.58	7.72	1.86	2.00
442	-1.61	7.67	1.86	2.00
443	-1.64	7.63	1.86	2.00
444	-1.67	7.62	1.85	2.00
445	-1.69	7.61	1.84	4.00
446	-1.72	7.57	1.84	4.00
447	-1.74	7.52	1.85	1.00
448	-1.76	7.48	1.85	1.00
449	-1.79	7.44	1.85	1.00
450	-1.82	7.40	1.85	1.00
451	-1.85	7.37	1.84	3.00
452	-1.88	7.35	1.84	3.00
453	-1.91	7.33	1.83	3.00
454	-1.94	7.30	1.83	3.00
455	-1.96	7.27	1.83	3.00
Target 16 (frames from 409 to 435)
Bounding Boxes (frame, x, y, width, height)
409	160	266	62	125
410	156	265	63	126
411	153	265	64	128
412	149	264	64	129
413	146	264	65	130
414	143	264	65	131
415	141	264	66	132
416	138	264	66	133
417	136	264	66	133
418	133	265	67	134
419	131	265	67	134
420	129	266	66	133
421	127	267	66	133
422	125	268	66	132
423	124	269	66	132
424	123	269	66	133
425	123	269	66	133
426	122	269	66	133
427	121	269	67	134
428	120	269	67	135
429	120	269	68	137
430	119	268	69	138
431	118	268	70	140
432	118	267	71	142
433	118	267	72	144
434	117	266	73	146
435	117	265	74	149
3D Trajetory (frame, x, z, height, pose)
409	-1.88	5.56	1.39	2.00
410	-1.88	5.52	1.39	2.00
411	-1.89	5.48	1.39	1.00
412	-1.89	5.44	1.40	1.00
413	-1.90	5.40	1.42	1.00
414	-1.92	5.37	1.41	1.00
415	-1.95	5.33	1.40	4.00
416	-1.96	5.31	1.40	4.00
417	-1.98	5.29	1.40	2.00
418	-1.99	5.29	1.41	2.00
419	-2.01	5.28	1.41	2.00
420	-2.02	5.26	1.41	2.00
421	-2.04	5.25	1.41	2.00
422	-2.06	5.25	1.39	2.00
423	-2.07	5.25	1.36	2.00
424	-2.09	5.22	1.37	2.00
425	-2.10	5.19	1.39	3.00
426	-2.10	5.19	1.36	3.00
427	-2.11	5.19	1.34	3.00
428	-2.09	5.13	1.37	3.00
429	-2.06	5.07	1.39	2.00
430	-2.04	5.04	1.41	2.00
431	-2.02	5.01	1.43	2.00
432	-2.03	4.95	1.41	2.00
433	-2.03	4.90	1.39	4.00
434	-2.01	4.83	1.40	4.00
435	-1.98	4.77	1.41	4.00
Target 17 (frames from 459 to 487)
Bounding Boxes (frame, x, y, width, height)
459	69	269	89	178
460	69	270	89	178
461	69	270	88	177
462	69	271	88	177
463	68	271	88	177
464	67	272	89	178
465	66	272	89	178
466	65	273	89	179
467	63	273	89	179
468	61	273	90	180
469	59	273	90	181
470	56	273	91	183
471	54	272	92	185
472	51	272	93	186
473	47	272	94	188
474	44	272	95	190
475	41	271	95	191
476	38	271	96	193
477	35	271	97	194
478	33	272	97	195
479	30	272	98	196
480	27	273	98	196
481	25	274	98	197
482	22	275	98	197
483	20	277	98	197
484	18	278	98	197
485	16	280	98	197
486	14	282	98	196
487	11	284	98	196
3D Trajetory (frame, x, z, height, pose)
459	-2.00	4.10	1.45	1.00
460	-1.99	4.09	1.46	1.00
461	-1.99	4.08	1.46	1.00
462	-1.99	4.07	1.44	1.00
463	-1.99	4.06	1.42	1.00
464	-1.99	4.04	1.42	1.00
465	-1.99	4.03	1.42	1.00
466	-1.98	3.99	1.42	1.00
467	-1.98	3.94	1.42	1.00
468	-1.99	3.92	1.42	1.00
469	-2.00	3.90	1.42	1.00
470	-2.01	3.87	1.42	1.00
471	-2.02	3.84	1.43	2.00
472	-2.02	3.82	1.43	2.00
473	-2.03	3.80	1.43	2.00
474	-2.04	3.77	1.43	2.00
475	-2.04	3.74	1.44	2.00
476	-2.04	3.71	1.44	2.00
477	-2.03	3.68	1.44	2.00
478	-2.04	3.66	1.44	2.00
479	-2.05	3.65	1.44	2.00
480	-2.05	3.64	1.44	2.00
481	-2.05	3.63	1.43	2.00
482	-2.06	3.61	1.43	2.00
483	-2.06	3.59	1.42	2.00
484	-2.08	3.59	1.41	2.00
485	-2.09	3.58	1.40	2.00
486	-2.10	3.57	1.39	2.00
487	-2.10	3.56	1.39	2.00
Target 18 (frames from 457 to 597)
Bounding Boxes (frame, x, y, width, height)
457	110	233	120	240
458	111	233	119	239
459	113	233	119	238
460	114	233	118	237
461	116	233	118	236
462	119	233	117	235
463	121	233	117	234
464	124	233	117	234
465	127	232	116	233
466	130	232	116	232
467	134	231	116	233
468	138	230	116	233
469	142	230	116	233
470	147	229	116	232
471	152	229	115	231
472	157	229	114	229
473	162	230	114	228
474	166	231	113	226
475	170	232	112	225
476	174	233	111	223
477	177	235	110	221
478	181	236	109	219
479	185	238	108	217
480	188	240	107	215
481	191	241	106	213
482	195	242	106	212
483	198	243	105	211
484	201	243	105	210
485	204	242	105	210
486	208	241	105	210
487	211	240	105	210
488	215	239	105	210
489	218	238	104	209
490	221	237	104	209
491	223	236	104	208
492	226	235	104	208
493	228	235	103	207
494	230	234	103	206
495	232	234	102	205
496	234	234	101	203
497	236	234	101	202
498	237	235	100	201
499	239	235	100	200
500	241	235	99	198
501	242	236	98	197
502	244	236	98	196
503	246	237	97	194
504	248	238	96	193
505	250	239	95	191
506	252	239	94	189
507	254	240	93	187
508	256	240	92	185
509	258	240	92	184
510	260	240	91	182
511	263	241	90	180
512	265	241	89	179
513	267	241	89	178
514	270	241	88	176
515	272	241	87	175
516	275	241	87	174
517	277	240	86	173
518	279	240	86	172
519	281	239	86	172
520	283	239	85	171
521	285	239	85	170
522	286	239	84	169
523	288	238	84	168
524	289	238	84	168
525	290	237	83	167
526	292	236	83	167
527	293	236	83	166
528	294	236	82	165
529	295	235	82	165
530	296	234	82	165
531	297	234	82	165
532	299	233	82	165
533	300	232	82	164
534	301	232	82	164
535	302	231	81	163
536	303	231	81	163
537	304	230	81	162
538	305	230	80	161
539	306	231	80	160
540	307	231	79	159
541	308	231	79	158
542	309	232	78	157
543	309	232	78	157
544	310	232	78	156
545	312	232	77	155
546	313	233	77	154
547	314	233	77	154
548	315	233	76	153
549	317	233	76	152
550	318	233	75	150
551	320	233	74	149
552	322	233	74	148
553	324	233	73	147
554	326	233	73	146
555	328	233	72	145
556	330	233	72	144
557	332	233	71	143
558	334	233	71	143
559	336	233	71	142
560	337	232	71	142
561	339	231	71	142
562	341	231	71	142
563	343	230	71	142
564	344	229	71	143
565	345	229	71	142
566	347	229	70	141
567	348	229	70	140
568	349	229	69	139
569	350	230	69	138
570	351	231	68	136
571	352	231	67	135
572	353	232	67	134
573	355	233	66	132
574	356	233	65	131
575	357	234	65	130
576	358	235	64	128
577	360	235	63	127
578	361	235	63	127
579	363	235	63	126
580	365	235	63	126
581	366	234	63	126
582	368	233	63	126
583	369	233	63	126
584	371	232	63	126
585	372	232	63	126
586	373	232	63	126
587	373	232	62	125
588	374	233	62	125
589	374	233	62	125
590	374	233	62	125
591	375	234	62	125
592	375	235	62	125
593	375	235	62	125
594	375	236	62	125
595	374	237	62	125
596	374	238	62	125
597	373	239	62	125
3D Trajetory (frame, x, z, height, pose)
457	-1.33	3.57	1.76	1.00
458	-1.36	3.66	1.74	1.00
459	-1.38	3.74	1.71	4.00
460	-1.37	3.73	1.73	4.00
461	-1.35	3.72	1.74	4.00
462	-1.34	3.70	1.74	4.00
463	-1.32	3.69	1.74	3.00
464	-1.31	3.67	1.74	3.00
465	-1.29	3.64	1.74	3.00
466	-1.28	3.70	1.74	3.00
467	-1.26	3.76	1.73	3.00
468	-1.24	3.78	1.74	3.00
469	-1.22	3.80	1.74	1.00
470	-1.19	3.81	1.75	1.00
471	-1.15	3.81	1.76	1.00
472	-1.12	3.82	1.76	1.00
473	-1.08	3.83	1.77	1.00
474	-1.06	3.83	1.77	1.00
475	-1.04	3.82	1.76	1.00
476	-1.01	3.84	1.73	1.00
477	-0.98	3.86	1.70	3.00
478	-0.96	3.88	1.68	3.00
479	-0.94	3.89	1.67	3.00
480	-0.92	3.90	1.67	3.00
481	-0.89	3.91	1.66	3.00
482	-0.87	3.93	1.66	3.00
483	-0.84	3.94	1.66	1.00
484	-0.82	3.97	1.66	1.00
485	-0.80	3.99	1.67	2.00
486	-0.77	4.01	1.69	2.00
487	-0.75	4.04	1.71	2.00
488	-0.73	4.07	1.71	2.00
489	-0.71	4.10	1.72	2.00
490	-0.69	4.13	1.73	2.00
491	-0.67	4.16	1.74	2.00
492	-0.65	4.18	1.74	2.00
493	-0.64	4.20	1.74	2.00
494	-0.63	4.23	1.73	2.00
495	-0.63	4.25	1.73	2.00
496	-0.62	4.27	1.73	2.00
497	-0.61	4.29	1.73	2.00
498	-0.59	4.31	1.74	2.00
499	-0.57	4.32	1.74	1.00
500	-0.55	4.35	1.73	1.00
501	-0.54	4.37	1.72	1.00
502	-0.53	4.39	1.72	1.00
503	-0.52	4.41	1.71	1.00
504	-0.51	4.43	1.70	1.00
505	-0.51	4.46	1.69	2.00
506	-0.50	4.48	1.69	2.00
507	-0.49	4.51	1.70	2.00
508	-0.48	4.54	1.69	2.00
509	-0.47	4.56	1.68	2.00
510	-0.45	4.59	1.67	2.00
511	-0.44	4.63	1.65	2.00
512	-0.43	4.66	1.66	2.00
513	-0.41	4.70	1.66	2.00
514	-0.41	4.73	1.67	2.00
515	-0.40	4.76	1.67	2.00
516	-0.39	4.78	1.67	2.00
517	-0.37	4.80	1.67	2.00
518	-0.35	4.84	1.67	2.00
519	-0.34	4.88	1.67	2.00
520	-0.32	4.91	1.68	2.00
521	-0.30	4.95	1.68	2.00
522	-0.30	4.98	1.69	2.00
523	-0.29	5.02	1.70	2.00
524	-0.28	5.05	1.70	2.00
525	-0.27	5.08	1.70	4.00
526	-0.26	5.11	1.70	4.00
527	-0.24	5.15	1.70	4.00
528	-0.23	5.17	1.71	4.00
529	-0.22	5.20	1.71	1.00
530	-0.21	5.22	1.72	1.00
531	-0.20	5.24	1.73	1.00
532	-0.19	5.27	1.73	1.00
533	-0.18	5.30	1.74	1.00
534	-0.17	5.32	1.74	1.00
535	-0.16	5.35	1.75	1.00
536	-0.14	5.36	1.76	1.00
537	-0.13	5.37	1.77	4.00
538	-0.14	5.42	1.75	4.00
539	-0.14	5.47	1.74	4.00
540	-0.13	5.50	1.74	4.00
541	-0.12	5.53	1.75	4.00
542	-0.11	5.55	1.74	4.00
543	-0.11	5.57	1.74	4.00
544	-0.10	5.59	1.74	4.00
545	-0.10	5.61	1.74	2.00
546	-0.09	5.63	1.74	2.00
547	-0.08	5.66	1.74	2.00
548	-0.07	5.69	1.75	2.00
549	-0.06	5.72	1.76	2.00
550	-0.04	5.76	1.75	2.00
551	-0.02	5.79	1.75	2.00
552	-0.00	5.86	1.73	2.00
553	0.02	5.92	1.71	2.00
554	0.04	5.96	1.71	2.00
555	0.06	5.99	1.71	2.00
556	0.08	6.03	1.72	2.00
557	0.11	6.06	1.73	2.00
558	0.13	6.08	1.75	2.00
559	0.15	6.11	1.76	1.00
560	0.16	6.13	1.76	1.00
561	0.18	6.16	1.76	4.00
562	0.20	6.19	1.77	4.00
563	0.22	6.22	1.78	4.00
564	0.23	6.24	1.77	4.00
565	0.24	6.27	1.77	4.00
566	0.26	6.29	1.77	4.00
567	0.27	6.32	1.78	4.00
568	0.29	6.35	1.78	4.00
569	0.31	6.37	1.79	4.00
570	0.32	6.40	1.78	4.00
571	0.34	6.43	1.77	4.00
572	0.34	6.49	1.73	4.00
573	0.35	6.56	1.69	2.00
574	0.37	6.58	1.69	2.00
575	0.38	6.60	1.70	2.00
576	0.40	6.62	1.70	2.00
577	0.41	6.64	1.69	2.00
578	0.44	6.64	1.70	2.00
579	0.46	6.64	1.71	2.00
580	0.48	6.67	1.70	2.00
581	0.50	6.70	1.69	2.00
582	0.51	6.73	1.69	2.00
583	0.53	6.75	1.69	2.00
584	0.54	6.75	1.71	2.00
585	0.55	6.75	1.72	2.00
586	0.57	6.77	1.71	2.00
587	0.59	6.80	1.71	2.00
588	0.59	6.81	1.70	2.00
589	0.60	6.82	1.70	4.00
590	0.62	6.83	1.71	4.00
591	0.63	6.83	1.71	4.00
592	0.65	6.83	1.72	4.00
593	0.66	6.83	1.72	4.00
594	0.66	6.87	1.72	4.00
595	0.66	6.90	1.72	4.00
596	0.67	6.91	1.73	4.00
597	0.68	6.91	1.73	2.00
