Total frames 311
Number of Targets 14
Target 1 (frames from 1 to 46)
Bounding Boxes (frame, x, y, width, height)
1	5	137	52	104
2	5	138	52	105
3	5	138	52	105
4	5	139	52	105
5	5	139	52	105
6	5	140	52	105
7	5	140	52	105
8	5	141	53	106
9	5	141	53	106
10	4	142	53	106
11	4	142	53	106
12	4	143	53	107
13	3	143	53	107
14	3	144	53	107
15	3	144	53	107
16	2	144	54	108
17	1	145	54	108
18	1	145	53	107
19	0	146	53	107
20	-1	146	53	107
21	-2	147	53	107
22	-2	147	53	107
23	-3	148	53	107
24	-3	148	53	107
25	-4	148	53	107
26	-4	149	53	107
27	-4	149	53	107
28	-4	149	53	107
29	-4	149	53	107
30	-4	149	53	107
31	-4	149	53	107
32	-3	149	53	106
33	-2	149	53	106
34	-1	149	52	105
35	-1	149	52	105
36	0	149	52	105
37	1	149	52	105
38	2	148	52	105
39	3	147	53	106
40	4	146	53	107
41	5	145	54	108
42	6	143	55	110
43	7	142	56	112
44	8	140	57	114
45	9	138	58	116
46	10	136	59	118
3D Trajetory (frame, x, z, height, pose)
1	-6.81	9.43	1.93	4.00
2	-6.78	9.38	1.95	4.00
3	-6.75	9.39	1.98	4.00
4	-6.74	9.39	1.98	4.00
5	-6.75	9.42	1.99	4.00
6	-6.75	9.44	2.00	2.00
7	-6.75	9.45	1.99	2.00
8	-6.75	9.46	1.98	2.00
9	-6.76	9.45	1.97	2.00
10	-6.75	9.47	1.97	4.00
11	-6.75	9.47	1.98	2.00
12	-6.74	9.48	1.99	2.00
13	-6.73	9.50	2.01	2.00
14	-6.72	9.52	2.02	2.00
15	-6.71	9.52	2.03	2.00
16	-6.72	9.52	2.04	2.00
17	-6.73	9.52	2.05	2.00
18	-6.72	9.53	2.05	2.00
19	-6.73	9.53	2.04	2.00
20	-6.73	9.55	2.01	2.00
21	-6.73	9.56	1.99	2.00
22	-6.73	9.56	1.99	4.00
23	-6.74	9.58	1.96	4.00
24	-6.74	9.57	1.97	4.00
25	-6.72	9.55	1.99	4.00
26	-6.71	9.56	2.01	2.00
27	-6.71	9.55	2.02	2.00
28	-6.69	9.55	2.02	2.00
29	-6.70	9.56	2.04	2.00
30	-6.67	9.55	2.06	4.00
31	-6.68	9.57	2.01	4.00
32	-6.67	9.56	2.02	4.00
33	-6.67	9.57	1.96	4.00
34	-6.66	9.59	1.95	4.00
35	-6.65	9.61	1.94	4.00
36	-6.62	9.61	1.94	4.00
37	-6.60	9.61	1.96	4.00
38	-6.58	9.60	1.96	4.00
39	-6.55	9.61	1.98	2.00
40	-6.53	9.59	2.01	2.00
41	-6.53	9.57	2.04	2.00
42	-6.50	9.55	2.07	4.00
43	-6.47	9.55	2.09	4.00
44	-6.45	9.54	2.12	4.00
45	-6.40	9.52	2.16	4.00
46	-6.35	9.49	2.20	4.00
Target 2 (frames from 1 to 70)
Bounding Boxes (frame, x, y, width, height)
1	259	122	75	150
2	254	124	74	149
3	249	127	74	148
4	244	129	73	147
5	239	131	73	147
6	235	132	73	146
7	231	134	72	145
8	226	136	72	145
9	222	137	72	145
10	218	138	72	144
11	215	139	72	144
12	212	140	72	144
13	208	141	72	144
14	205	141	72	145
15	202	141	72	145
16	199	141	72	145
17	196	142	72	145
18	193	142	73	146
19	189	142	73	146
20	185	143	73	146
21	182	144	73	146
22	178	144	73	146
23	174	145	73	146
24	170	145	73	146
25	167	145	73	147
26	164	145	74	148
27	161	144	74	149
28	158	144	75	150
29	155	143	75	150
30	153	143	75	150
31	150	144	74	149
32	148	144	74	149
33	146	145	74	148
34	144	145	73	147
35	142	146	73	146
36	139	147	72	145
37	137	147	71	143
38	135	148	71	142
39	132	148	71	142
40	130	148	70	141
41	127	149	70	140
42	125	149	70	140
43	123	149	70	140
44	122	149	70	140
45	120	149	69	139
46	119	149	69	138
47	118	149	69	138
48	116	149	69	138
49	115	149	68	137
50	113	149	69	138
51	112	148	69	138
52	111	148	69	138
53	109	147	69	139
54	108	147	69	139
55	107	146	69	139
56	105	146	69	139
57	104	146	69	138
58	103	146	69	138
59	101	146	68	137
60	99	147	68	136
61	97	148	67	134
62	96	148	67	134
63	94	148	67	134
64	92	148	66	133
65	89	148	66	133
66	87	148	66	133
67	85	147	66	133
68	83	147	66	133
69	80	147	66	133
70	78	147	66	133
3D Trajetory (frame, x, z, height, pose)
1	-1.15	5.91	1.75	1.00
2	-1.25	6.00	1.78	3.00
3	-1.30	5.97	1.77	3.00
4	-1.35	5.93	1.76	3.00
5	-1.36	5.91	1.75	3.00
6	-1.39	5.82	1.74	3.00
7	-1.45	5.77	1.70	3.00
8	-1.49	5.75	1.67	3.00
9	-1.54	5.72	1.64	3.00
10	-1.57	5.75	1.63	3.00
11	-1.62	5.79	1.64	2.00
12	-1.67	5.85	1.66	2.00
13	-1.70	5.89	1.69	2.00
14	-1.74	5.94	1.72	2.00
15	-1.77	5.93	1.72	3.00
16	-1.78	5.88	1.73	3.00
17	-1.80	5.90	1.70	3.00
18	-1.84	5.88	1.71	3.00
19	-1.87	5.86	1.73	3.00
20	-1.91	5.85	1.70	3.00
21	-1.92	5.84	1.71	2.00
22	-1.95	5.85	1.68	2.00
23	-2.00	5.86	1.66	2.00
24	-2.02	5.84	1.66	2.00
25	-2.07	5.82	1.68	2.00
26	-2.11	5.79	1.70	2.00
27	-2.14	5.78	1.70	2.00
28	-2.16	5.79	1.71	2.00
29	-2.19	5.82	1.72	1.00
30	-2.21	5.83	1.74	1.00
31	-2.23	5.87	1.75	1.00
32	-2.24	5.88	1.77	1.00
33	-2.26	5.89	1.78	1.00
34	-2.31	5.90	1.72	3.00
35	-2.35	5.91	1.66	3.00
36	-2.40	5.91	1.61	3.00
37	-2.43	5.90	1.62	2.00
38	-2.48	5.92	1.63	2.00
39	-2.51	5.92	1.66	2.00
40	-2.54	5.94	1.67	2.00
41	-2.56	5.97	1.70	2.00
42	-2.61	6.02	1.67	2.00
43	-2.66	6.05	1.68	2.00
44	-2.69	6.08	1.69	2.00
45	-2.73	6.11	1.68	2.00
46	-2.77	6.13	1.68	2.00
47	-2.80	6.16	1.68	2.00
48	-2.85	6.22	1.64	2.00
49	-2.87	6.24	1.65	2.00
50	-2.87	6.23	1.67	2.00
51	-2.88	6.22	1.69	2.00
52	-2.90	6.22	1.70	2.00
53	-2.92	6.24	1.72	2.00
54	-2.94	6.26	1.73	2.00
55	-2.96	6.28	1.74	2.00
56	-2.99	6.30	1.74	2.00
57	-3.04	6.33	1.73	2.00
58	-3.07	6.35	1.73	2.00
59	-3.12	6.38	1.72	2.00
60	-3.16	6.46	1.71	2.00
61	-3.19	6.49	1.71	2.00
62	-3.24	6.52	1.70	3.00
63	-3.28	6.53	1.69	3.00
64	-3.32	6.56	1.70	3.00
65	-3.37	6.57	1.70	3.00
66	-3.41	6.59	1.72	3.00
67	-3.45	6.60	1.73	3.00
68	-3.49	6.63	1.73	3.00
69	-3.53	6.64	1.73	3.00
70	-3.56	6.66	1.77	3.00
Target 3 (frames from 50 to 251)
Bounding Boxes (frame, x, y, width, height)
50	4	118	85	171
51	5	120	84	168
52	6	121	83	166
53	7	123	82	164
54	8	124	81	162
55	9	125	80	160
56	10	126	79	159
57	12	126	79	158
58	13	127	78	157
59	14	127	78	156
60	16	128	77	154
61	17	128	76	153
62	19	128	76	153
63	20	127	76	153
64	22	127	76	153
65	23	126	77	154
66	24	125	77	154
67	26	125	77	155
68	28	124	77	155
69	30	123	78	156
70	32	123	78	157
71	34	122	78	157
72	36	122	78	157
73	38	122	78	157
74	41	122	78	157
75	43	121	78	157
76	45	121	78	157
77	47	121	79	158
78	49	121	79	158
79	50	121	79	158
80	52	121	79	158
81	53	121	79	159
82	55	121	79	158
83	56	122	79	158
84	58	122	79	158
85	60	123	78	157
86	63	124	78	156
87	65	126	77	155
88	67	127	77	154
89	69	128	76	153
90	71	129	76	152
91	73	129	76	152
92	75	130	76	152
93	77	130	76	152
94	79	129	76	152
95	80	129	76	153
96	82	128	77	154
97	83	128	77	155
98	85	127	78	156
99	86	126	78	157
100	87	125	79	159
101	89	124	80	160
102	90	124	80	161
103	91	123	81	163
104	93	123	82	164
105	94	123	82	165
106	95	122	83	166
107	96	122	84	168
108	97	121	84	169
109	99	121	85	171
110	100	120	86	172
111	102	120	87	174
112	104	119	87	175
113	106	119	88	177
114	108	119	88	177
115	111	119	89	178
116	114	119	89	179
117	117	119	90	180
118	120	119	90	180
119	123	119	90	181
120	126	119	91	182
121	129	119	91	183
122	132	118	92	184
123	134	118	93	186
124	137	117	93	187
125	139	117	94	189
126	141	116	95	190
127	143	115	96	192
128	145	115	96	193
129	146	114	97	195
130	148	114	98	197
131	149	113	99	198
132	151	113	100	200
133	153	113	100	201
134	155	113	100	201
135	156	113	101	202
136	158	113	101	203
137	160	113	102	204
138	162	113	103	206
139	164	112	103	207
140	166	112	104	208
141	168	112	104	208
142	171	112	104	209
143	174	113	104	209
144	177	113	104	209
145	180	113	104	209
146	183	114	104	209
147	186	114	104	209
148	189	115	104	209
149	192	115	105	210
150	196	116	105	210
151	199	116	105	210
152	203	116	105	210
153	206	116	105	210
154	210	115	106	212
155	213	114	107	214
156	217	113	108	216
157	221	112	109	218
158	224	111	110	220
159	227	110	111	223
160	230	109	112	225
161	233	108	113	227
162	234	107	115	230
163	236	106	116	232
164	237	105	117	235
165	238	104	118	237
166	239	104	119	239
167	241	104	120	241
168	242	104	121	242
169	244	104	121	242
170	246	105	121	243
171	248	106	121	243
172	250	106	121	243
173	253	106	121	243
174	256	107	121	243
175	260	107	121	243
176	263	108	121	243
177	266	108	122	244
178	269	107	122	245
179	272	107	123	246
180	275	105	124	249
181	278	104	126	252
182	281	103	127	255
183	284	101	128	257
184	288	100	130	260
185	291	99	131	262
186	295	99	132	264
187	299	98	133	266
188	302	98	133	267
189	306	98	134	268
190	309	99	134	269
191	312	99	135	270
192	316	99	135	270
193	319	99	136	272
194	322	99	136	273
195	326	98	137	275
196	329	97	138	276
197	333	97	139	278
198	337	97	139	279
199	342	96	139	279
200	346	96	140	280
201	352	96	140	280
202	358	97	139	279
203	364	98	139	279
204	371	98	139	278
205	378	98	139	278
206	385	98	139	278
207	392	98	139	278
208	399	98	139	279
209	405	96	140	281
210	410	95	142	284
211	416	93	144	288
212	421	91	145	291
213	425	89	147	295
214	429	88	148	297
215	433	87	150	300
216	436	86	151	303
217	439	85	153	306
218	443	85	154	309
219	447	84	156	312
220	451	84	157	315
221	455	83	159	319
222	460	82	161	322
223	465	81	163	326
224	470	80	164	329
225	476	79	166	333
226	482	78	168	336
227	488	77	170	340
228	494	77	171	342
229	501	76	172	344
230	508	76	173	346
231	514	76	173	347
232	520	76	174	349
233	526	76	175	350
234	532	76	176	353
235	538	75	178	356
236	544	74	180	360
237	551	73	182	365
238	558	71	184	369
239	566	70	186	373
240	574	70	187	375
241	582	70	188	376
242	590	70	188	377
243	598	71	188	376
244	606	73	187	374
245	614	74	185	371
246	622	76	183	367
247	631	79	181	362
248	639	82	178	356
249	648	85	174	349
250	657	89	170	341
251	666	93	166	332
3D Trajetory (frame, x, z, height, pose)
50	-4.11	6.27	2.02	2.00
51	-4.03	6.14	2.01	2.00
52	-4.01	6.13	2.01	2.00
53	-4.01	6.14	2.01	2.00
54	-4.02	6.17	2.01	2.00
55	-4.08	6.25	2.00	2.00
56	-4.11	6.33	1.99	2.00
57	-4.13	6.39	1.98	2.00
58	-4.14	6.41	1.97	2.00
59	-4.15	6.44	1.96	2.00
60	-4.18	6.50	1.95	2.00
61	-4.18	6.53	1.92	2.00
62	-4.18	6.57	1.94	2.00
63	-4.18	6.60	1.95	2.00
64	-4.17	6.62	1.98	2.00
65	-4.17	6.63	2.02	2.00
66	-4.16	6.64	2.03	2.00
67	-4.17	6.66	2.05	2.00
68	-4.16	6.70	2.06	2.00
69	-4.16	6.74	2.07	2.00
70	-4.16	6.75	2.07	4.00
71	-4.13	6.77	2.08	4.00
72	-4.11	6.77	2.07	4.00
73	-4.06	6.77	2.06	4.00
74	-4.03	6.77	2.07	2.00
75	-4.04	6.80	2.10	4.00
76	-4.00	6.79	2.10	2.00
77	-3.96	6.79	2.11	4.00
78	-3.94	6.78	2.10	4.00
79	-3.91	6.79	2.11	4.00
80	-3.88	6.76	2.11	4.00
81	-3.87	6.75	2.10	4.00
82	-3.84	6.74	2.11	2.00
83	-3.82	6.73	2.09	2.00
84	-3.78	6.70	2.07	2.00
85	-3.76	6.68	2.07	2.00
86	-3.73	6.67	2.05	2.00
87	-3.70	6.67	2.05	2.00
88	-3.66	6.67	2.04	2.00
89	-3.63	6.68	2.00	2.00
90	-3.59	6.67	1.98	2.00
91	-3.55	6.65	1.97	2.00
92	-3.51	6.62	1.95	2.00
93	-3.48	6.59	1.94	2.00
94	-3.44	6.55	1.94	2.00
95	-3.41	6.51	1.95	2.00
96	-3.35	6.44	1.96	2.00
97	-3.31	6.42	1.97	2.00
98	-3.26	6.39	1.98	2.00
99	-3.23	6.39	2.00	2.00
100	-3.18	6.34	2.00	2.00
101	-3.16	6.32	1.99	2.00
102	-3.12	6.26	1.97	2.00
103	-3.09	6.21	1.98	2.00
104	-3.06	6.17	1.98	2.00
105	-3.01	6.08	1.97	2.00
106	-2.96	6.01	1.98	2.00
107	-2.90	5.96	1.99	2.00
108	-2.85	5.91	1.98	2.00
109	-2.81	5.85	1.98	2.00
110	-2.77	5.82	1.97	2.00
111	-2.72	5.75	1.98	2.00
112	-2.68	5.71	1.96	2.00
113	-2.65	5.68	1.97	2.00
114	-2.58	5.58	1.96	2.00
115	-2.52	5.53	1.95	2.00
116	-2.47	5.50	1.95	2.00
117	-2.42	5.44	1.94	2.00
118	-2.37	5.40	1.94	2.00
119	-2.31	5.34	1.93	2.00
120	-2.26	5.30	1.92	2.00
121	-2.22	5.27	1.90	2.00
122	-2.17	5.23	1.88	2.00
123	-2.12	5.18	1.88	2.00
124	-2.08	5.12	1.88	2.00
125	-2.04	5.08	1.90	2.00
126	-2.00	5.02	1.91	2.00
127	-1.96	4.96	1.92	2.00
128	-1.92	4.92	1.91	2.00
129	-1.88	4.89	1.90	2.00
130	-1.84	4.86	1.89	2.00
131	-1.81	4.81	1.88	2.00
132	-1.77	4.76	1.87	2.00
133	-1.74	4.72	1.87	2.00
134	-1.70	4.67	1.86	2.00
135	-1.68	4.62	1.85	2.00
136	-1.65	4.58	1.85	2.00
137	-1.62	4.55	1.86	2.00
138	-1.58	4.52	1.86	2.00
139	-1.54	4.48	1.84	2.00
140	-1.53	4.51	1.84	2.00
141	-1.50	4.48	1.83	2.00
142	-1.48	4.44	1.83	2.00
143	-1.45	4.42	1.83	2.00
144	-1.40	4.36	1.84	2.00
145	-1.36	4.33	1.83	2.00
146	-1.33	4.33	1.81	1.00
147	-1.31	4.34	1.78	1.00
148	-1.29	4.31	1.78	1.00
149	-1.26	4.31	1.76	1.00
150	-1.21	4.25	1.77	1.00
151	-1.16	4.23	1.77	2.00
152	-1.13	4.22	1.78	2.00
153	-1.11	4.22	1.76	2.00
154	-1.09	4.22	1.76	2.00
155	-1.03	4.19	1.77	2.00
156	-0.99	4.16	1.78	2.00
157	-0.95	4.13	1.78	2.00
158	-0.93	4.11	1.78	2.00
159	-0.87	4.08	1.80	1.00
160	-0.82	4.01	1.81	1.00
161	-0.79	3.96	1.80	1.00
162	-0.76	3.92	1.81	2.00
163	-0.74	3.87	1.80	2.00
164	-0.72	3.84	1.79	2.00
165	-0.71	3.81	1.78	2.00
166	-0.70	3.78	1.79	2.00
167	-0.70	3.75	1.77	2.00
168	-0.69	3.72	1.77	2.00
169	-0.66	3.68	1.77	2.00
170	-0.63	3.62	1.79	2.00
171	-0.59	3.59	1.77	2.00
172	-0.57	3.61	1.75	2.00
173	-0.54	3.63	1.74	2.00
174	-0.52	3.61	1.73	2.00
175	-0.50	3.61	1.73	1.00
176	-0.49	3.62	1.72	4.00
177	-0.47	3.58	1.72	1.00
178	-0.44	3.56	1.73	4.00
179	-0.41	3.54	1.73	4.00
180	-0.37	3.51	1.74	2.00
181	-0.34	3.47	1.73	2.00
182	-0.30	3.44	1.73	2.00
183	-0.28	3.40	1.74	2.00
184	-0.24	3.36	1.75	2.00
185	-0.21	3.34	1.75	2.00
186	-0.19	3.31	1.75	2.00
187	-0.17	3.28	1.74	2.00
188	-0.15	3.27	1.74	2.00
189	-0.12	3.26	1.74	2.00
190	-0.09	3.24	1.73	2.00
191	-0.07	3.21	1.70	2.00
192	-0.04	3.19	1.70	2.00
193	-0.01	3.13	1.70	2.00
194	-0.00	3.11	1.70	2.00
195	0.01	3.11	1.69	2.00
196	0.02	3.11	1.69	2.00
197	0.05	3.11	1.69	2.00
198	0.08	3.07	1.71	2.00
199	0.12	3.05	1.73	2.00
200	0.14	3.03	1.72	2.00
201	0.18	3.03	1.71	2.00
202	0.21	3.04	1.70	1.00
203	0.25	3.04	1.69	1.00
204	0.28	3.04	1.68	1.00
205	0.32	3.05	1.67	1.00
206	0.37	3.04	1.67	1.00
207	0.41	3.03	1.67	1.00
208	0.46	3.03	1.68	1.00
209	0.50	3.02	1.68	2.00
210	0.55	3.00	1.68	2.00
211	0.57	2.97	1.70	2.00
212	0.59	2.96	1.72	2.00
213	0.61	2.92	1.72	2.00
214	0.63	2.90	1.71	2.00
215	0.65	2.85	1.73	2.00
216	0.67	2.80	1.73	2.00
217	0.69	2.78	1.72	2.00
218	0.71	2.75	1.71	2.00
219	0.73	2.73	1.70	2.00
220	0.73	2.73	1.67	2.00
221	0.75	2.69	1.67	2.00
222	0.77	2.66	1.67	2.00
223	0.79	2.60	1.69	2.00
224	0.80	2.56	1.69	2.00
225	0.83	2.54	1.69	2.00
226	0.85	2.48	1.69	2.00
227	0.88	2.46	1.70	2.00
228	0.91	2.45	1.68	2.00
229	0.94	2.42	1.67	2.00
230	0.96	2.41	1.66	2.00
231	0.98	2.39	1.65	1.00
232	1.01	2.38	1.64	1.00
233	1.03	2.37	1.64	1.00
234	1.06	2.35	1.63	1.00
235	1.09	2.33	1.64	1.00
236	1.12	2.33	1.64	1.00
237	1.12	2.26	1.65	1.00
238	1.14	2.23	1.65	1.00
239	1.15	2.21	1.64	2.00
240	1.17	2.18	1.64	2.00
241	1.20	2.16	1.64	2.00
242	1.24	2.13	1.64	1.00
243	1.28	2.12	1.62	1.00
244	1.32	2.12	1.62	1.00
245	1.38	2.15	1.60	1.00
246	1.43	2.20	1.59	1.00
247	1.49	2.25	1.57	1.00
248	1.51	2.26	1.58	1.00
249	1.53	2.26	1.59	1.00
250	1.58	2.27	1.60	1.00
251	1.65	2.33	1.54	1.00
Target 4 (frames from 57 to 86)
Bounding Boxes (frame, x, y, width, height)
57	219	154	43	86
58	219	154	43	86
59	218	153	43	86
60	218	153	43	86
61	217	153	43	86
62	217	153	43	86
63	217	153	43	86
64	217	153	43	86
65	217	153	43	86
66	217	154	43	86
67	217	154	43	86
68	217	155	43	86
69	218	155	42	85
70	218	156	42	85
71	218	156	42	85
72	218	156	42	85
73	219	157	42	85
74	219	157	42	85
75	219	157	42	85
76	219	157	42	85
77	219	157	42	85
78	219	157	42	85
79	219	157	42	85
80	218	156	42	85
81	218	156	42	85
82	218	156	42	85
83	218	156	42	85
84	218	156	43	86
85	218	156	43	86
86	218	156	43	86
3D Trajetory (frame, x, z, height, pose)
57	-3.37	12.03	2.03	4.00
58	-3.38	12.05	2.03	4.00
59	-3.40	12.00	2.04	4.00
60	-3.38	11.91	2.05	4.00
61	-3.38	11.84	2.05	1.00
62	-3.38	11.81	2.05	2.00
63	-3.37	11.78	2.04	2.00
64	-3.37	11.74	2.03	2.00
65	-3.37	11.75	2.02	2.00
66	-3.37	11.70	2.02	2.00
67	-3.36	11.70	2.00	2.00
68	-3.36	11.69	1.97	4.00
69	-3.35	11.66	1.97	4.00
70	-3.35	11.67	1.95	4.00
71	-3.34	11.64	1.96	4.00
72	-3.33	11.62	1.95	4.00
73	-3.32	11.60	1.95	4.00
74	-3.32	11.57	1.95	4.00
75	-3.32	11.58	1.95	4.00
76	-3.33	11.58	1.95	4.00
77	-3.33	11.58	1.95	4.00
78	-3.32	11.55	1.95	4.00
79	-3.31	11.52	1.94	4.00
80	-3.31	11.49	1.93	4.00
81	-3.31	11.48	1.94	2.00
82	-3.31	11.50	1.93	2.00
83	-3.30	11.44	1.94	2.00
84	-3.30	11.43	1.95	3.00
85	-3.29	11.40	1.95	3.00
86	-3.29	11.38	1.95	3.00
Target 5 (frames from 82 to 156)
Bounding Boxes (frame, x, y, width, height)
82	707	132	109	219
83	701	132	109	218
84	693	132	108	217
85	686	132	108	216
86	678	131	107	215
87	670	131	107	215
88	662	130	107	215
89	654	129	107	215
90	645	129	108	216
91	636	128	108	217
92	626	126	109	219
93	615	124	111	222
94	605	123	111	223
95	595	122	112	225
96	584	120	114	228
97	574	117	115	231
98	563	115	117	235
99	553	114	118	237
100	543	113	119	238
101	534	113	119	238
102	525	112	119	239
103	517	111	120	240
104	510	111	120	241
105	503	110	121	242
106	497	110	121	243
107	492	111	121	242
108	488	112	120	240
109	485	114	119	238
110	481	116	118	236
111	477	118	117	234
112	471	118	117	234
113	466	118	116	233
114	460	117	117	234
115	453	116	117	234
116	447	116	117	234
117	441	116	116	233
118	434	115	116	232
119	427	115	115	231
120	421	115	115	231
121	415	114	115	231
122	410	114	115	231
123	406	114	115	230
124	402	116	114	228
125	399	118	113	226
126	397	121	111	222
127	394	124	109	219
128	391	127	107	215
129	389	130	105	210
130	386	133	103	206
131	383	137	101	202
132	380	139	99	198
133	377	142	97	194
134	374	144	95	190
135	370	145	93	187
136	366	146	92	185
137	362	146	91	183
138	359	146	91	182
139	355	145	91	182
140	351	143	91	183
141	346	141	92	185
142	341	138	93	187
143	336	135	95	190
144	331	133	96	192
145	326	130	97	194
146	321	128	97	195
147	315	127	98	196
148	310	126	98	196
149	306	126	97	195
150	301	126	97	194
151	297	126	96	193
152	292	127	95	190
153	288	128	94	188
154	284	130	92	185
155	280	132	90	181
156	276	134	88	177
3D Trajetory (frame, x, z, height, pose)
82	2.70	3.56	1.67	3.00
83	2.71	3.62	1.65	3.00
84	2.79	3.77	1.59	1.00
85	2.77	3.80	1.60	1.00
86	2.70	3.79	1.64	1.00
87	2.62	3.77	1.64	1.00
88	2.55	3.79	1.64	1.00
89	2.49	3.84	1.63	1.00
90	2.42	3.84	1.65	1.00
91	2.32	3.78	1.69	1.00
92	2.25	3.76	1.72	1.00
93	2.18	3.72	1.74	1.00
94	2.09	3.71	1.72	3.00
95	2.02	3.72	1.70	3.00
96	1.94	3.71	1.69	3.00
97	1.87	3.70	1.69	3.00
98	1.78	3.68	1.69	3.00
99	1.68	3.66	1.72	3.00
100	1.60	3.64	1.75	3.00
101	1.51	3.63	1.76	3.00
102	1.43	3.60	1.80	3.00
103	1.37	3.59	1.82	3.00
104	1.32	3.59	1.80	3.00
105	1.30	3.61	1.78	3.00
106	1.26	3.62	1.75	3.00
107	1.22	3.67	1.70	3.00
108	1.18	3.68	1.70	3.00
109	1.15	3.66	1.72	3.00
110	1.11	3.57	1.75	3.00
111	1.08	3.59	1.74	3.00
112	1.03	3.56	1.76	3.00
113	1.01	3.60	1.71	3.00
114	0.99	3.62	1.66	3.00
115	0.95	3.65	1.65	3.00
116	0.89	3.68	1.67	3.00
117	0.83	3.72	1.72	3.00
118	0.77	3.73	1.76	3.00
119	0.71	3.74	1.78	3.00
120	0.67	3.75	1.76	3.00
121	0.64	3.77	1.74	3.00
122	0.60	3.78	1.76	3.00
123	0.55	3.78	1.72	3.00
124	0.52	3.80	1.72	3.00
125	0.48	3.80	1.74	3.00
126	0.47	3.80	1.71	3.00
127	0.46	3.81	1.67	1.00
128	0.45	3.83	1.65	1.00
129	0.42	3.85	1.63	3.00
130	0.38	3.86	1.61	3.00
131	0.34	3.90	1.58	3.00
132	0.31	3.93	1.56	3.00
133	0.27	3.97	1.53	3.00
134	0.24	4.05	1.51	3.00
135	0.21	4.09	1.51	3.00
136	0.18	4.13	1.51	3.00
137	0.16	4.16	1.52	3.00
138	0.13	4.18	1.54	3.00
139	0.08	4.21	1.54	3.00
140	0.05	4.23	1.55	1.00
141	0.02	4.25	1.56	1.00
142	-0.01	4.27	1.56	1.00
143	-0.05	4.29	1.61	1.00
144	-0.09	4.30	1.63	1.00
145	-0.12	4.30	1.68	1.00
146	-0.20	4.31	1.69	1.00
147	-0.25	4.30	1.71	3.00
148	-0.28	4.31	1.73	3.00
149	-0.32	4.33	1.73	3.00
150	-0.37	4.40	1.72	4.00
151	-0.42	4.46	1.71	4.00
152	-0.47	4.52	1.70	4.00
153	-0.52	4.57	1.69	4.00
154	-0.56	4.59	1.69	4.00
155	-0.61	4.63	1.69	4.00
156	-0.65	4.80	1.65	3.00
Target 6 (frames from 88 to 126)
Bounding Boxes (frame, x, y, width, height)
88	34	117	95	191
89	33	119	94	188
90	32	120	93	186
91	31	121	91	183
92	30	123	90	180
93	29	124	89	178
94	28	125	87	175
95	27	127	86	172
96	25	128	84	169
97	24	129	83	167
98	22	131	81	163
99	20	132	80	161
100	19	133	79	158
101	17	135	78	156
102	16	136	76	153
103	15	136	75	151
104	13	136	75	150
105	12	136	74	148
106	11	136	74	148
107	10	135	73	147
108	9	134	73	146
109	7	134	73	146
110	6	134	72	145
111	5	135	71	143
112	3	136	70	141
113	1	137	69	139
114	0	139	68	136
115	-1	142	66	132
116	-3	144	64	129
117	-4	146	63	126
118	-4	147	62	124
119	-5	148	60	121
120	-6	149	59	119
121	-6	150	58	117
122	-6	150	58	116
123	-7	151	57	114
124	-7	151	56	113
125	-6	151	56	112
126	-6	151	55	111
3D Trajetory (frame, x, z, height, pose)
88	-3.03	5.04	1.91	1.00
89	-3.04	5.10	1.95	1.00
90	-3.18	5.32	1.91	1.00
91	-3.21	5.37	1.86	1.00
92	-3.28	5.46	1.87	1.00
93	-3.31	5.49	1.88	1.00
94	-3.36	5.53	1.88	1.00
95	-3.40	5.55	1.88	1.00
96	-3.46	5.58	1.89	1.00
97	-3.50	5.61	1.88	1.00
98	-3.54	5.65	1.88	1.00
99	-3.62	5.73	1.85	2.00
100	-3.72	5.83	1.84	2.00
101	-3.80	5.92	1.82	2.00
102	-3.95	6.10	1.76	2.00
103	-4.07	6.21	1.76	1.00
104	-4.15	6.32	1.78	1.00
105	-4.22	6.40	1.81	1.00
106	-4.25	6.43	1.87	1.00
107	-4.30	6.48	1.90	1.00
108	-4.36	6.55	1.93	1.00
109	-4.42	6.62	1.95	1.00
110	-4.47	6.68	1.97	1.00
111	-4.55	6.76	1.93	1.00
112	-4.64	6.83	1.90	2.00
113	-4.73	6.91	1.87	2.00
114	-4.83	7.00	1.84	2.00
115	-4.93	7.08	1.82	2.00
116	-5.04	7.19	1.80	2.00
117	-5.14	7.28	1.77	2.00
118	-5.20	7.35	1.78	2.00
119	-5.28	7.43	1.78	2.00
120	-5.36	7.51	1.77	2.00
121	-5.45	7.59	1.75	2.00
122	-5.52	7.69	1.74	2.00
123	-5.59	7.77	1.75	4.00
124	-5.66	7.85	1.75	3.00
125	-5.74	7.94	1.75	3.00
126	-5.82	8.03	1.77	3.00
Target 7 (frames from 100 to 149)
Bounding Boxes (frame, x, y, width, height)
100	451	132	94	189
101	446	133	94	188
102	440	133	93	187
103	435	133	93	186
104	430	134	92	185
105	425	134	92	184
106	420	134	91	182
107	415	135	90	181
108	410	135	89	179
109	406	136	88	177
110	401	136	87	174
111	397	137	86	172
112	393	138	84	169
113	388	139	83	166
114	384	139	82	164
115	380	140	81	162
116	376	140	80	161
117	373	140	80	160
118	369	139	80	160
119	365	138	80	160
120	361	137	80	160
121	357	137	80	161
122	353	136	80	161
123	349	135	80	161
124	345	134	81	162
125	341	134	81	163
126	337	133	81	163
127	334	133	81	163
128	330	132	82	164
129	326	132	82	164
130	322	131	82	165
131	318	131	82	165
132	314	131	82	165
133	310	131	82	165
134	306	131	82	165
135	302	131	82	165
136	298	131	82	164
137	295	132	82	164
138	292	132	82	164
139	289	132	82	164
140	286	132	81	163
141	283	132	81	163
142	280	133	81	162
143	277	133	80	161
144	274	134	79	159
145	271	134	79	158
146	269	135	78	156
147	266	136	77	155
148	264	136	76	153
149	262	137	75	151
3D Trajetory (frame, x, z, height, pose)
100	0.99	4.46	1.70	3.00
101	0.98	4.51	1.69	3.00
102	0.93	4.56	1.69	3.00
103	0.88	4.56	1.69	3.00
104	0.85	4.54	1.71	3.00
105	0.79	4.55	1.70	3.00
106	0.74	4.57	1.70	3.00
107	0.71	4.66	1.71	3.00
108	0.66	4.65	1.71	3.00
109	0.62	4.74	1.71	3.00
110	0.55	4.91	1.69	3.00
111	0.51	5.01	1.68	3.00
112	0.46	5.05	1.69	3.00
113	0.44	5.13	1.70	3.00
114	0.41	5.16	1.72	3.00
115	0.36	5.25	1.69	3.00
116	0.32	5.29	1.71	3.00
117	0.30	5.37	1.71	3.00
118	0.26	5.42	1.71	3.00
119	0.19	5.39	1.72	3.00
120	0.14	5.41	1.74	3.00
121	0.09	5.45	1.74	3.00
122	0.05	5.45	1.74	3.00
123	-0.00	5.44	1.76	3.00
124	-0.05	5.41	1.78	3.00
125	-0.06	5.40	1.78	3.00
126	-0.11	5.44	1.79	3.00
127	-0.17	5.46	1.78	3.00
128	-0.21	5.45	1.78	3.00
129	-0.25	5.43	1.78	4.00
130	-0.29	5.48	1.77	4.00
131	-0.34	5.46	1.78	4.00
132	-0.37	5.46	1.78	4.00
133	-0.40	5.44	1.80	4.00
134	-0.44	5.42	1.80	4.00
135	-0.50	5.40	1.80	3.00
136	-0.54	5.37	1.79	3.00
137	-0.58	5.40	1.79	3.00
138	-0.61	5.41	1.78	3.00
139	-0.67	5.47	1.75	4.00
140	-0.70	5.50	1.76	4.00
141	-0.75	5.52	1.75	4.00
142	-0.78	5.54	1.75	4.00
143	-0.80	5.56	1.77	2.00
144	-0.82	5.56	1.79	2.00
145	-0.86	5.58	1.81	2.00
146	-0.91	5.62	1.80	3.00
147	-0.97	5.66	1.78	3.00
148	-1.03	5.70	1.75	1.00
149	-1.08	5.79	1.66	1.00
Target 8 (frames from 104 to 168)
Bounding Boxes (frame, x, y, width, height)
104	670	118	106	213
105	665	119	106	212
106	659	120	106	212
107	654	121	105	211
108	648	121	105	211
109	641	122	105	211
110	634	123	105	210
111	627	123	105	210
112	620	124	105	210
113	612	124	105	210
114	603	124	104	209
115	593	124	104	209
116	584	124	105	210
117	575	124	105	210
118	566	124	105	211
119	557	124	105	211
120	549	125	105	210
121	541	125	105	210
122	533	126	104	209
123	527	127	104	208
124	520	128	103	206
125	514	129	102	204
126	509	130	100	201
127	504	132	99	199
128	499	134	97	195
129	494	135	96	192
130	488	136	95	190
131	482	137	94	188
132	475	137	93	187
133	469	136	93	187
134	463	136	93	186
135	457	135	93	186
136	451	135	92	185
137	445	135	92	185
138	440	134	92	184
139	435	134	92	184
140	430	134	92	184
141	425	133	91	183
142	420	133	91	183
143	415	133	91	182
144	411	133	90	181
145	406	133	90	181
146	400	132	90	180
147	395	132	89	179
148	390	132	89	179
149	384	131	89	178
150	379	131	88	177
151	373	131	88	176
152	368	131	87	175
153	362	131	87	174
154	357	131	86	173
155	352	131	86	172
156	346	131	85	171
157	342	131	85	171
158	337	131	85	170
159	333	131	84	169
160	329	131	84	168
161	325	130	84	168
162	321	130	83	167
163	318	130	83	166
164	315	130	83	166
165	312	130	82	165
166	309	129	82	164
167	307	129	82	164
168	305	129	81	163
3D Trajetory (frame, x, z, height, pose)
104	2.83	4.17	1.78	3.00
105	2.78	4.12	1.77	3.00
106	2.71	4.08	1.77	3.00
107	2.67	4.06	1.76	1.00
108	2.59	4.05	1.74	1.00
109	2.52	4.04	1.73	3.00
110	2.45	4.05	1.75	3.00
111	2.40	4.05	1.75	3.00
112	2.35	4.05	1.75	3.00
113	2.27	4.06	1.72	3.00
114	2.20	4.04	1.70	3.00
115	2.13	4.05	1.70	3.00
116	2.05	4.02	1.70	3.00
117	1.99	4.01	1.70	3.00
118	1.88	4.01	1.67	3.00
119	1.76	3.98	1.67	3.00
120	1.68	4.00	1.70	3.00
121	1.61	4.00	1.72	3.00
122	1.56	3.99	1.72	3.00
123	1.50	4.00	1.72	3.00
124	1.48	4.02	1.69	3.00
125	1.43	4.03	1.65	3.00
126	1.41	4.10	1.63	3.00
127	1.40	4.15	1.63	3.00
128	1.35	4.18	1.63	3.00
129	1.29	4.22	1.62	3.00
130	1.23	4.24	1.62	3.00
131	1.19	4.27	1.62	3.00
132	1.13	4.31	1.61	3.00
133	1.09	4.34	1.62	3.00
134	1.05	4.35	1.62	3.00
135	0.99	4.40	1.63	3.00
136	0.95	4.41	1.64	3.00
137	0.90	4.42	1.66	3.00
138	0.86	4.45	1.67	3.00
139	0.81	4.47	1.67	3.00
140	0.78	4.50	1.65	3.00
141	0.73	4.55	1.66	3.00
142	0.68	4.58	1.67	3.00
143	0.64	4.61	1.67	3.00
144	0.59	4.61	1.67	3.00
145	0.55	4.64	1.68	3.00
146	0.51	4.68	1.69	3.00
147	0.48	4.70	1.70	3.00
148	0.43	4.74	1.71	3.00
149	0.37	4.78	1.70	3.00
150	0.30	4.84	1.71	3.00
151	0.24	4.89	1.71	3.00
152	0.19	4.92	1.73	3.00
153	0.14	4.96	1.73	3.00
154	0.10	4.99	1.73	3.00
155	0.04	5.03	1.73	3.00
156	-0.01	5.08	1.72	3.00
157	-0.08	5.12	1.74	3.00
158	-0.12	5.16	1.75	3.00
159	-0.18	5.23	1.75	3.00
160	-0.23	5.26	1.77	3.00
161	-0.27	5.28	1.78	3.00
162	-0.30	5.33	1.78	3.00
163	-0.35	5.38	1.77	3.00
164	-0.39	5.40	1.79	3.00
165	-0.43	5.43	1.80	3.00
166	-0.46	5.49	1.80	2.00
167	-0.47	5.55	1.81	2.00
168	-0.49	5.60	1.82	1.00
Target 9 (frames from 165 to 203)
Bounding Boxes (frame, x, y, width, height)
165	203	140	64	128
166	201	138	65	130
167	200	136	66	133
168	198	135	67	134
169	197	134	68	136
170	195	133	68	137
171	193	132	69	138
172	190	132	69	139
173	188	132	70	140
174	185	132	70	140
175	181	132	70	141
176	178	132	70	141
177	174	133	70	141
178	170	134	70	140
179	166	136	69	139
180	163	137	69	138
181	159	138	68	137
182	156	139	68	136
183	153	140	68	136
184	150	141	68	136
185	147	141	67	135
186	144	141	67	135
187	142	141	67	135
188	140	141	67	135
189	138	141	67	135
190	136	142	67	134
191	135	142	66	133
192	133	143	66	133
193	131	144	66	132
194	129	144	65	131
195	128	145	65	131
196	126	145	65	131
197	124	145	65	131
198	122	145	65	131
199	120	145	65	131
200	119	145	65	131
201	117	144	65	131
202	115	144	66	132
203	114	144	66	132
3D Trajetory (frame, x, z, height, pose)
165	-2.19	7.00	1.88	3.00
166	-2.24	7.24	1.90	4.00
167	-2.26	7.23	1.90	4.00
168	-2.34	7.34	1.87	4.00
169	-2.37	7.38	1.89	4.00
170	-2.34	7.26	1.91	4.00
171	-2.33	7.16	1.95	4.00
172	-2.30	7.03	1.97	4.00
173	-2.33	6.97	1.98	4.00
174	-2.35	6.92	2.00	4.00
175	-2.37	6.86	1.95	4.00
176	-2.40	6.82	1.93	4.00
177	-2.43	6.80	1.89	4.00
178	-2.46	6.78	1.89	4.00
179	-2.51	6.74	1.86	4.00
180	-2.55	6.68	1.81	4.00
181	-2.57	6.66	1.78	4.00
182	-2.63	6.64	1.76	4.00
183	-2.68	6.62	1.76	2.00
184	-2.72	6.62	1.76	2.00
185	-2.75	6.62	1.76	2.00
186	-2.76	6.58	1.78	2.00
187	-2.76	6.54	1.78	2.00
188	-2.79	6.55	1.76	4.00
189	-2.82	6.55	1.75	4.00
190	-2.86	6.57	1.75	4.00
191	-2.88	6.56	1.74	4.00
192	-2.91	6.55	1.73	4.00
193	-2.92	6.56	1.71	4.00
194	-2.96	6.55	1.69	4.00
195	-3.00	6.56	1.67	4.00
196	-3.03	6.57	1.66	4.00
197	-3.06	6.57	1.67	4.00
198	-3.08	6.56	1.69	4.00
199	-3.11	6.55	1.70	4.00
200	-3.12	6.55	1.71	4.00
201	-3.15	6.54	1.71	4.00
202	-3.14	6.54	1.71	2.00
203	-3.13	6.52	1.72	2.00
Target 10 (frames from 174 to 267)
Bounding Boxes (frame, x, y, width, height)
174	219	131	80	160
175	215	130	80	161
176	210	130	81	163
177	206	130	82	164
178	202	130	82	165
179	198	130	83	166
180	195	130	83	167
181	191	130	84	168
182	187	130	84	169
183	184	130	84	169
184	181	130	84	169
185	177	130	84	169
186	174	130	84	169
187	172	130	84	169
188	169	130	84	169
189	166	131	84	169
190	164	131	84	169
191	162	131	84	169
192	160	131	84	169
193	159	131	84	168
194	157	132	84	168
195	155	132	83	167
196	153	132	83	167
197	151	132	83	167
198	149	133	83	166
199	146	133	83	166
200	143	133	83	166
201	140	134	82	165
202	137	134	82	165
203	134	134	82	165
204	131	134	82	165
205	127	133	82	165
206	125	133	82	165
207	122	132	82	165
208	120	132	82	165
209	118	131	82	165
210	116	131	82	165
211	114	131	82	164
212	112	131	81	163
213	110	131	81	162
214	107	132	80	161
215	104	133	79	159
216	101	134	78	157
217	99	135	77	155
218	96	137	76	152
219	94	139	74	149
220	92	141	73	146
221	90	143	72	144
222	89	144	70	141
223	88	145	69	139
224	87	146	68	137
225	87	147	67	135
226	86	148	67	134
227	85	148	67	134
228	84	148	66	133
229	82	148	66	133
230	81	147	66	133
231	79	146	67	134
232	77	146	67	134
233	75	145	67	134
234	74	144	67	134
235	72	144	67	134
236	70	143	67	135
237	69	142	67	135
238	67	141	67	135
239	65	140	68	136
240	62	139	68	137
241	60	138	69	138
242	57	137	69	138
243	55	136	69	139
244	53	135	69	139
245	51	135	69	139
246	49	135	69	139
247	47	134	69	139
248	44	134	69	139
249	42	133	69	139
250	40	132	70	140
251	38	132	70	140
252	36	132	70	140
253	34	131	70	140
254	33	130	70	140
255	31	130	70	141
256	29	129	70	141
257	28	128	71	143
258	27	127	72	144
259	25	125	72	145
260	24	124	73	146
261	23	122	74	148
262	22	121	75	150
263	21	119	75	151
264	21	117	76	153
265	20	115	77	155
266	19	113	78	157
267	19	111	80	160
3D Trajetory (frame, x, z, height, pose)
174	-1.55	5.77	1.82	1.00
175	-1.55	5.71	1.82	1.00
176	-1.53	5.62	1.81	1.00
177	-1.54	5.51	1.78	3.00
178	-1.57	5.41	1.77	3.00
179	-1.59	5.33	1.77	4.00
180	-1.61	5.30	1.78	4.00
181	-1.63	5.29	1.78	4.00
182	-1.67	5.29	1.78	4.00
183	-1.70	5.27	1.77	4.00
184	-1.73	5.25	1.76	4.00
185	-1.76	5.23	1.76	4.00
186	-1.78	5.21	1.74	4.00
187	-1.82	5.20	1.74	4.00
188	-1.85	5.20	1.73	4.00
189	-1.87	5.19	1.73	4.00
190	-1.89	5.18	1.73	4.00
191	-1.91	5.18	1.73	4.00
192	-1.93	5.17	1.74	4.00
193	-1.95	5.16	1.74	4.00
194	-1.97	5.17	1.73	4.00
195	-1.99	5.16	1.72	4.00
196	-2.01	5.16	1.71	4.00
197	-2.02	5.17	1.70	4.00
198	-2.04	5.18	1.70	4.00
199	-2.08	5.18	1.69	1.00
200	-2.11	5.18	1.67	1.00
201	-2.16	5.19	1.68	1.00
202	-2.19	5.18	1.71	4.00
203	-2.23	5.19	1.72	4.00
204	-2.28	5.23	1.71	4.00
205	-2.32	5.24	1.72	4.00
206	-2.36	5.25	1.71	4.00
207	-2.38	5.26	1.71	4.00
208	-2.42	5.28	1.71	4.00
209	-2.45	5.30	1.72	4.00
210	-2.48	5.33	1.71	4.00
211	-2.51	5.35	1.73	4.00
212	-2.51	5.37	1.74	4.00
213	-2.54	5.40	1.74	4.00
214	-2.58	5.42	1.74	4.00
215	-2.65	5.45	1.74	4.00
216	-2.71	5.48	1.72	3.00
217	-2.76	5.49	1.70	3.00
218	-2.86	5.58	1.67	3.00
219	-2.92	5.64	1.64	3.00
220	-2.97	5.68	1.62	3.00
221	-3.02	5.73	1.60	3.00
222	-3.07	5.76	1.59	3.00
223	-3.09	5.81	1.58	3.00
224	-3.11	5.83	1.58	3.00
225	-3.14	5.85	1.57	3.00
226	-3.16	5.88	1.57	4.00
227	-3.19	5.93	1.57	4.00
228	-3.23	5.95	1.56	4.00
229	-3.28	5.97	1.57	4.00
230	-3.32	5.99	1.59	4.00
231	-3.37	6.02	1.58	4.00
232	-3.40	6.05	1.58	4.00
233	-3.43	6.08	1.59	4.00
234	-3.46	6.12	1.63	4.00
235	-3.49	6.16	1.65	4.00
236	-3.52	6.18	1.68	4.00
237	-3.57	6.22	1.67	4.00
238	-3.59	6.24	1.68	4.00
239	-3.63	6.28	1.67	4.00
240	-3.68	6.31	1.68	4.00
241	-3.72	6.33	1.70	4.00
242	-3.77	6.35	1.74	2.00
243	-3.81	6.37	1.76	2.00
244	-3.85	6.39	1.74	2.00
245	-3.91	6.43	1.75	2.00
246	-3.95	6.47	1.80	2.00
247	-3.99	6.49	1.85	2.00
248	-4.02	6.52	1.82	2.00
249	-4.05	6.54	1.80	2.00
250	-4.08	6.58	1.78	4.00
251	-4.12	6.62	1.77	4.00
252	-4.17	6.64	1.78	4.00
253	-4.21	6.64	1.81	2.00
254	-4.26	6.64	1.85	2.00
255	-4.29	6.64	1.88	2.00
256	-4.29	6.64	1.91	1.00
257	-4.30	6.66	1.92	3.00
258	-4.34	6.70	1.87	3.00
259	-4.37	6.72	1.88	2.00
260	-4.38	6.75	1.92	2.00
261	-4.39	6.75	1.96	2.00
262	-4.40	6.76	1.98	2.00
263	-4.40	6.76	2.00	2.00
264	-4.40	6.75	2.03	2.00
265	-4.39	6.74	2.05	1.00
266	-4.42	6.73	2.07	1.00
267	-4.43	6.69	2.14	1.00
Target 11 (frames from 180 to 281)
Bounding Boxes (frame, x, y, width, height)
180	245	124	80	161
181	241	125	80	161
182	238	125	80	160
183	235	126	80	160
184	231	127	80	160
185	228	127	79	159
186	225	128	79	159
187	222	128	79	159
188	219	128	79	159
189	216	129	79	159
190	212	129	79	158
191	209	129	79	158
192	206	129	79	158
193	203	129	79	158
194	200	129	79	158
195	198	129	79	158
196	195	129	79	158
197	193	129	79	158
198	190	129	79	159
199	187	128	79	159
200	184	128	80	160
201	181	128	80	160
202	178	128	80	161
203	175	127	80	161
204	172	127	80	161
205	169	127	80	161
206	167	127	81	162
207	164	127	80	161
208	162	127	80	161
209	160	127	80	161
210	158	128	80	160
211	156	128	79	159
212	154	129	79	158
213	152	130	78	157
214	149	130	78	157
215	147	130	78	156
216	145	130	78	156
217	142	130	78	156
218	140	130	77	155
219	138	130	77	155
220	136	130	77	155
221	134	129	77	155
222	133	129	77	154
223	131	129	76	153
224	130	130	76	153
225	128	130	76	152
226	127	130	75	151
227	126	131	75	150
228	125	131	74	149
229	123	132	74	148
230	121	132	73	147
231	120	132	73	147
232	118	132	73	147
233	116	131	73	146
234	114	131	73	146
235	112	131	73	146
236	110	132	72	145
237	109	132	72	144
238	107	133	71	143
239	106	133	71	142
240	104	134	70	141
241	102	134	70	141
242	101	134	70	140
243	100	135	69	139
244	99	135	69	139
245	97	135	69	138
246	96	135	69	138
247	94	135	68	137
248	93	135	68	137
249	91	135	68	136
250	90	136	68	136
251	89	136	67	135
252	88	137	67	134
253	86	138	66	132
254	85	139	65	131
255	84	140	64	129
256	83	141	63	127
257	82	142	63	126
258	80	142	63	126
259	79	142	62	125
260	78	142	62	125
261	77	142	62	125
262	75	143	62	124
263	74	143	61	123
264	73	143	61	122
265	72	144	60	121
266	71	144	60	120
267	70	144	59	119
268	69	145	59	118
269	68	145	59	118
270	67	146	58	117
271	66	146	58	116
272	65	146	57	115
273	64	146	57	115
274	63	146	57	114
275	62	146	57	114
276	61	146	57	114
277	60	145	57	114
278	58	145	57	114
279	57	144	57	115
280	56	143	57	115
281	55	142	58	116
3D Trajetory (frame, x, z, height, pose)
180	-1.28	6.07	1.89	3.00
181	-1.29	6.00	1.91	3.00
182	-1.31	5.91	1.91	3.00
183	-1.33	5.83	1.90	3.00
184	-1.36	5.88	1.87	4.00
185	-1.41	5.89	1.86	4.00
186	-1.44	5.85	1.85	4.00
187	-1.48	5.85	1.84	4.00
188	-1.52	5.83	1.84	4.00
189	-1.55	5.80	1.84	3.00
190	-1.59	5.78	1.85	3.00
191	-1.65	5.84	1.80	3.00
192	-1.69	5.83	1.79	3.00
193	-1.73	5.81	1.80	3.00
194	-1.75	5.79	1.80	3.00
195	-1.77	5.77	1.82	3.00
196	-1.80	5.75	1.82	4.00
197	-1.81	5.76	1.84	4.00
198	-1.83	5.76	1.83	4.00
199	-1.86	5.76	1.82	4.00
200	-1.90	5.76	1.81	4.00
201	-1.92	5.75	1.81	4.00
202	-1.97	5.74	1.82	4.00
203	-2.02	5.74	1.81	4.00
204	-2.05	5.73	1.82	4.00
205	-2.08	5.72	1.84	4.00
206	-2.10	5.71	1.84	4.00
207	-2.12	5.70	1.83	4.00
208	-2.14	5.70	1.83	4.00
209	-2.15	5.70	1.83	4.00
210	-2.19	5.72	1.83	4.00
211	-2.23	5.73	1.81	4.00
212	-2.26	5.74	1.79	4.00
213	-2.29	5.75	1.78	2.00
214	-2.31	5.76	1.78	2.00
215	-2.35	5.77	1.76	4.00
216	-2.38	5.77	1.77	4.00
217	-2.41	5.77	1.77	4.00
218	-2.43	5.77	1.77	4.00
219	-2.45	5.78	1.77	4.00
220	-2.47	5.77	1.78	4.00
221	-2.50	5.79	1.79	4.00
222	-2.55	5.83	1.80	4.00
223	-2.60	5.90	1.79	4.00
224	-2.65	5.92	1.79	4.00
225	-2.67	5.93	1.78	4.00
226	-2.69	5.95	1.77	4.00
227	-2.71	5.99	1.75	4.00
228	-2.75	6.02	1.76	4.00
229	-2.80	6.05	1.77	4.00
230	-2.83	6.07	1.76	4.00
231	-2.85	6.09	1.77	4.00
232	-2.88	6.11	1.76	4.00
233	-2.92	6.14	1.77	4.00
234	-2.96	6.17	1.78	4.00
235	-3.01	6.20	1.79	4.00
236	-3.04	6.21	1.80	4.00
237	-3.08	6.24	1.79	4.00
238	-3.10	6.28	1.80	4.00
239	-3.14	6.31	1.80	4.00
240	-3.18	6.36	1.77	4.00
241	-3.21	6.38	1.77	4.00
242	-3.25	6.41	1.75	4.00
243	-3.28	6.44	1.75	4.00
244	-3.32	6.48	1.75	4.00
245	-3.35	6.50	1.76	4.00
246	-3.38	6.53	1.76	4.00
247	-3.40	6.54	1.79	4.00
248	-3.42	6.55	1.81	4.00
249	-3.46	6.59	1.79	4.00
250	-3.50	6.63	1.77	4.00
251	-3.54	6.65	1.76	4.00
252	-3.56	6.67	1.76	4.00
253	-3.60	6.71	1.76	4.00
254	-3.64	6.74	1.75	4.00
255	-3.70	6.80	1.73	4.00
256	-3.73	6.83	1.71	4.00
257	-3.76	6.86	1.70	4.00
258	-3.80	6.90	1.70	4.00
259	-3.84	6.94	1.69	4.00
260	-3.90	6.98	1.70	4.00
261	-3.94	7.03	1.70	4.00
262	-3.97	7.06	1.71	4.00
263	-3.99	7.06	1.75	4.00
264	-4.02	7.10	1.76	4.00
265	-4.06	7.13	1.76	4.00
266	-4.12	7.19	1.74	4.00
267	-4.17	7.25	1.71	4.00
268	-4.25	7.35	1.70	4.00
269	-4.34	7.46	1.68	4.00
270	-4.42	7.55	1.67	4.00
271	-4.44	7.58	1.71	4.00
272	-4.44	7.60	1.73	4.00
273	-4.47	7.62	1.74	4.00
274	-4.50	7.66	1.75	4.00
275	-4.54	7.69	1.76	4.00
276	-4.58	7.73	1.78	4.00
277	-4.63	7.78	1.78	4.00
278	-4.68	7.81	1.78	2.00
279	-4.71	7.84	1.77	2.00
280	-4.75	7.90	1.75	2.00
281	-4.80	7.95	1.79	2.00
Target 12 (frames from 258 to 298)
Bounding Boxes (frame, x, y, width, height)
258	-6	144	55	110
259	-6	144	55	110
260	-7	143	55	111
261	-7	143	56	112
262	-7	142	56	112
263	-6	141	56	113
264	-6	140	57	115
265	-5	139	58	116
266	-4	138	58	117
267	-3	137	59	119
268	-1	136	60	121
269	1	135	61	122
270	3	134	62	124
271	5	133	63	126
272	8	131	64	128
273	9	130	65	131
274	11	128	67	135
275	12	126	69	138
276	13	125	71	142
277	14	123	73	146
278	14	121	75	150
279	14	120	77	154
280	15	119	78	157
281	15	118	80	160
282	15	118	82	164
283	15	117	83	167
284	15	116	85	170
285	16	116	87	174
286	16	115	88	177
287	17	114	89	179
288	19	114	91	182
289	20	113	91	183
290	21	114	92	184
291	22	114	92	185
292	23	115	92	185
293	24	115	92	185
294	25	116	92	184
295	26	117	91	183
296	26	119	90	181
297	27	120	89	179
298	28	122	88	176
3D Trajetory (frame, x, z, height, pose)
258	-6.03	8.28	1.79	2.00
259	-6.03	8.29	1.78	2.00
260	-6.04	8.30	1.79	2.00
261	-6.03	8.28	1.82	2.00
262	-5.99	8.24	1.84	2.00
263	-5.96	8.21	1.86	2.00
264	-5.94	8.17	1.87	2.00
265	-5.92	8.16	1.88	2.00
266	-5.85	8.11	1.91	2.00
267	-5.76	8.06	1.94	2.00
268	-5.74	8.08	1.90	2.00
269	-5.72	8.07	1.89	2.00
270	-5.63	7.98	1.91	2.00
271	-5.52	7.89	1.93	2.00
272	-5.36	7.73	1.95	2.00
273	-5.24	7.62	1.97	3.00
274	-5.10	7.49	2.00	3.00
275	-4.96	7.35	2.01	1.00
276	-4.82	7.23	2.00	1.00
277	-4.68	7.02	2.00	3.00
278	-4.48	6.75	1.98	3.00
279	-4.29	6.47	1.97	2.00
280	-4.15	6.24	1.96	2.00
281	-4.04	6.10	1.94	1.00
282	-3.91	5.96	1.92	1.00
283	-3.80	5.80	1.91	1.00
284	-3.70	5.68	1.90	4.00
285	-3.62	5.59	1.89	4.00
286	-3.52	5.46	1.85	2.00
287	-3.41	5.31	1.85	3.00
288	-3.29	5.18	1.84	3.00
289	-3.18	5.04	1.83	3.00
290	-3.13	4.99	1.82	3.00
291	-3.10	4.97	1.82	3.00
292	-3.10	4.97	1.84	2.00
293	-3.09	4.97	1.83	2.00
294	-3.08	4.98	1.82	2.00
295	-3.06	4.99	1.79	2.00
296	-3.10	5.04	1.76	2.00
297	-3.15	5.06	1.74	2.00
298	-3.16	5.07	1.75	2.00
Target 13 (frames from 296 to 311)
Bounding Boxes (frame, x, y, width, height)
296	59	142	55	111
297	58	138	59	119
298	58	134	63	126
299	58	131	66	132
300	58	129	69	138
301	59	127	71	143
302	60	125	74	148
303	62	124	76	152
304	63	123	77	155
305	66	123	79	158
306	68	123	80	160
307	71	123	81	162
308	75	124	81	163
309	79	126	82	164
310	83	128	81	163
311	88	130	81	163
3D Trajetory (frame, x, z, height, pose)
296	-4.94	8.31	1.84	2.00
297	-4.63	7.89	1.90	2.00
298	-4.51	7.80	1.90	2.00
299	-4.35	7.60	1.90	2.00
300	-4.15	7.24	1.90	2.00
301	-3.93	6.87	1.89	2.00
302	-3.68	6.43	1.89	2.00
303	-3.52	6.18	1.90	2.00
304	-3.42	6.08	1.88	3.00
305	-3.31	5.95	1.87	3.00
306	-3.24	5.91	1.84	3.00
307	-3.12	5.76	1.82	1.00
308	-3.01	5.63	1.80	1.00
309	-2.90	5.49	1.75	1.00
310	-2.80	5.37	1.72	1.00
311	-2.72	5.27	1.69	1.00
Target 14 (frames from 299 to 311)
Bounding Boxes (frame, x, y, width, height)
299	27	140	58	116
300	27	140	58	116
301	27	141	57	115
302	27	142	57	115
303	27	142	57	114
304	27	143	57	114
305	27	143	56	113
306	26	144	56	113
307	25	145	56	112
308	25	145	55	111
309	24	146	55	110
310	23	146	54	109
311	21	147	54	108
3D Trajetory (frame, x, z, height, pose)
299	-5.36	8.25	1.86	4.00
300	-5.28	8.14	1.85	4.00
301	-5.25	8.11	1.84	4.00
302	-5.23	8.08	1.82	4.00
303	-5.21	8.05	1.81	4.00
304	-5.23	8.04	1.81	4.00
305	-5.25	8.05	1.79	4.00
306	-5.30	8.09	1.78	4.00
307	-5.37	8.16	1.78	4.00
308	-5.38	8.16	1.77	4.00
309	-5.41	8.16	1.77	4.00
310	-5.47	8.23	1.75	4.00
311	-5.51	8.25	1.76	4.00
