Total frames 193
Number of Targets 5
Target 1 (frames from 1 to 193)
Bounding Boxes (frame, x, y, width, height)
1	369	104	143	287
2	368	104	143	287
3	366	104	143	287
4	365	103	143	286
5	363	103	143	286
6	362	103	143	286
7	361	102	142	285
8	360	102	142	285
9	358	102	142	284
10	357	102	141	283
11	356	101	141	283
12	355	101	141	283
13	354	101	141	282
14	353	101	140	280
15	352	101	139	279
16	352	102	139	278
17	351	102	139	278
18	351	103	138	277
19	351	103	138	277
20	351	103	138	277
21	351	103	138	277
22	351	103	138	276
23	351	103	138	276
24	351	104	138	276
25	351	104	137	275
26	351	104	137	275
27	350	105	137	274
28	350	105	136	273
29	350	106	136	272
30	350	106	135	270
31	350	107	134	268
32	349	108	133	266
33	349	109	132	265
34	349	110	131	263
35	348	111	131	262
36	348	111	130	261
37	348	112	129	259
38	348	112	129	258
39	348	113	128	257
40	348	114	128	256
41	347	115	127	254
42	347	116	126	252
43	346	117	125	250
44	346	118	123	247
45	345	119	122	245
46	344	121	121	243
47	343	122	120	241
48	342	122	119	239
49	341	123	119	238
50	340	123	119	238
51	338	123	119	238
52	337	122	119	238
53	336	122	119	239
54	335	121	120	240
55	334	120	120	240
56	333	119	120	241
57	332	119	120	241
58	331	118	120	241
59	331	118	120	240
60	330	118	119	239
61	329	118	119	239
62	329	117	119	238
63	328	117	118	237
64	328	117	118	236
65	327	116	118	236
66	327	115	117	235
67	326	114	117	234
68	325	113	117	234
69	325	113	116	233
70	324	112	116	232
71	324	112	115	230
72	323	113	114	229
73	323	113	113	227
74	323	113	112	225
75	322	114	112	224
76	322	115	111	222
77	322	116	110	220
78	322	116	109	218
79	322	117	108	216
80	323	118	107	214
81	323	119	106	212
82	324	120	105	211
83	325	120	104	209
84	326	121	104	208
85	327	121	103	207
86	327	121	103	206
87	328	121	102	205
88	329	121	102	204
89	330	121	101	203
90	331	121	101	202
91	331	121	100	201
92	332	120	100	201
93	332	120	100	200
94	332	120	100	200
95	332	120	99	199
96	333	120	99	198
97	333	121	98	197
98	333	121	97	195
99	333	122	97	194
100	333	122	96	192
101	333	122	95	191
102	333	123	94	189
103	333	123	93	187
104	333	124	92	185
105	333	124	92	184
106	333	124	91	182
107	333	125	90	180
108	334	125	89	178
109	334	125	88	177
110	334	125	88	176
111	334	125	87	174
112	334	125	87	174
113	334	125	86	173
114	334	125	86	172
115	334	125	85	171
116	334	125	85	170
117	334	125	85	170
118	334	124	84	169
119	334	124	84	168
120	333	123	84	168
121	333	123	84	168
122	333	122	83	167
123	333	122	83	167
124	333	122	83	166
125	333	121	82	165
126	333	121	82	165
127	332	121	82	164
128	332	121	81	163
129	333	121	81	162
130	333	121	80	161
131	333	121	80	160
132	333	120	79	159
133	334	120	79	158
134	334	120	78	157
135	334	119	78	156
136	335	119	77	154
137	335	119	76	153
138	335	119	76	152
139	335	119	75	151
140	335	118	75	150
141	334	118	74	149
142	334	118	74	148
143	333	118	73	147
144	332	118	73	147
145	331	118	73	146
146	330	118	72	145
147	329	118	72	144
148	328	118	71	143
149	328	118	71	142
150	327	117	71	142
151	327	117	70	141
152	326	116	70	141
153	326	116	70	141
154	326	115	70	141
155	326	115	70	141
156	326	115	70	141
157	325	114	70	141
158	325	114	70	141
159	325	114	70	140
160	325	114	70	140
161	324	114	69	139
162	324	114	69	139
163	324	114	69	138
164	324	115	68	137
165	323	115	67	135
166	323	115	67	134
167	322	115	66	133
168	322	115	66	133
169	322	114	66	132
170	321	114	65	131
171	321	114	65	131
172	321	114	65	130
173	321	114	64	129
174	321	114	64	129
175	322	114	64	128
176	322	114	64	128
177	322	114	63	127
178	322	114	63	127
179	322	114	63	126
180	322	114	62	125
181	322	115	62	124
182	322	115	62	124
183	322	115	61	123
184	322	115	61	123
185	321	115	61	122
186	321	115	61	122
187	321	115	60	121
188	320	115	60	121
189	320	114	60	121
190	320	114	60	121
191	319	114	60	121
192	319	113	60	120
193	318	113	60	120
3D Trajetory (frame, x, z, height, pose)
1	0.45	2.75	1.61	4.00
2	0.45	2.77	1.59	4.00
3	0.46	2.78	1.57	4.00
4	0.45	2.77	1.57	4.00
5	0.44	2.75	1.57	2.00
6	0.43	2.74	1.57	2.00
7	0.42	2.73	1.57	4.00
8	0.41	2.74	1.58	4.00
9	0.41	2.75	1.59	4.00
10	0.40	2.78	1.59	4.00
11	0.39	2.80	1.59	4.00
12	0.39	2.81	1.58	4.00
13	0.38	2.82	1.58	4.00
14	0.37	2.82	1.58	4.00
15	0.37	2.81	1.58	2.00
16	0.37	2.82	1.58	2.00
17	0.37	2.83	1.58	2.00
18	0.37	2.83	1.58	2.00
19	0.37	2.83	1.57	2.00
20	0.37	2.84	1.57	2.00
21	0.36	2.85	1.57	4.00
22	0.37	2.85	1.58	4.00
23	0.37	2.86	1.58	4.00
24	0.37	2.86	1.58	4.00
25	0.37	2.86	1.58	4.00
26	0.37	2.86	1.58	4.00
27	0.36	2.87	1.57	4.00
28	0.35	2.87	1.57	4.00
29	0.35	2.87	1.57	4.00
30	0.35	2.88	1.56	4.00
31	0.34	2.89	1.55	4.00
32	0.34	2.90	1.55	4.00
33	0.34	2.91	1.55	4.00
34	0.34	2.92	1.54	4.00
35	0.34	2.93	1.53	2.00
36	0.34	2.94	1.53	2.00
37	0.34	2.95	1.52	2.00
38	0.33	2.96	1.52	2.00
39	0.33	2.97	1.52	2.00
40	0.33	2.97	1.53	2.00
41	0.33	2.98	1.53	2.00
42	0.33	2.99	1.53	2.00
43	0.33	3.00	1.54	2.00
44	0.32	3.03	1.51	2.00
45	0.31	3.05	1.49	2.00
46	0.30	3.07	1.49	2.00
47	0.29	3.09	1.48	2.00
48	0.28	3.11	1.47	2.00
49	0.27	3.13	1.46	2.00
50	0.26	3.12	1.48	2.00
51	0.25	3.11	1.49	2.00
52	0.25	3.12	1.49	2.00
53	0.25	3.12	1.50	2.00
54	0.24	3.12	1.51	2.00
55	0.24	3.11	1.52	2.00
56	0.23	3.12	1.52	2.00
57	0.22	3.13	1.53	2.00
58	0.22	3.14	1.52	2.00
59	0.21	3.15	1.52	2.00
60	0.21	3.16	1.51	2.00
61	0.20	3.18	1.51	2.00
62	0.20	3.18	1.51	2.00
63	0.19	3.18	1.52	2.00
64	0.18	3.19	1.51	2.00
65	0.18	3.20	1.51	2.00
66	0.18	3.20	1.51	2.00
67	0.18	3.21	1.52	4.00
68	0.17	3.22	1.52	4.00
69	0.16	3.24	1.52	4.00
70	0.16	3.25	1.51	4.00
71	0.16	3.26	1.51	2.00
72	0.16	3.28	1.51	2.00
73	0.15	3.30	1.51	2.00
74	0.15	3.31	1.51	2.00
75	0.15	3.33	1.50	2.00
76	0.14	3.34	1.49	2.00
77	0.14	3.35	1.48	2.00
78	0.13	3.37	1.47	2.00
79	0.13	3.39	1.47	2.00
80	0.13	3.40	1.46	2.00
81	0.13	3.41	1.46	2.00
82	0.13	3.41	1.45	2.00
83	0.12	3.42	1.45	2.00
84	0.13	3.43	1.44	2.00
85	0.14	3.45	1.43	2.00
86	0.14	3.47	1.43	2.00
87	0.15	3.49	1.43	2.00
88	0.15	3.50	1.43	2.00
89	0.15	3.52	1.44	2.00
90	0.15	3.53	1.44	2.00
91	0.15	3.55	1.44	2.00
92	0.15	3.56	1.44	2.00
93	0.15	3.58	1.44	2.00
94	0.15	3.60	1.44	2.00
95	0.15	3.61	1.45	2.00
96	0.16	3.63	1.44	2.00
97	0.16	3.64	1.44	2.00
98	0.16	3.66	1.44	2.00
99	0.16	3.67	1.44	2.00
100	0.16	3.68	1.43	2.00
101	0.15	3.70	1.43	2.00
102	0.15	3.72	1.42	2.00
103	0.16	3.74	1.41	2.00
104	0.15	3.77	1.40	2.00
105	0.15	3.79	1.39	2.00
106	0.14	3.81	1.39	2.00
107	0.14	3.84	1.39	2.00
108	0.14	3.86	1.39	2.00
109	0.14	3.88	1.38	2.00
110	0.14	3.91	1.39	2.00
111	0.14	3.93	1.39	2.00
112	0.14	3.95	1.38	2.00
113	0.13	3.98	1.38	2.00
114	0.13	4.00	1.38	2.00
115	0.13	4.03	1.38	2.00
116	0.13	4.04	1.38	2.00
117	0.12	4.06	1.39	2.00
118	0.12	4.08	1.39	2.00
119	0.12	4.10	1.40	2.00
120	0.12	4.12	1.40	2.00
121	0.12	4.15	1.40	2.00
122	0.12	4.17	1.40	2.00
123	0.12	4.20	1.41	2.00
124	0.12	4.22	1.41	2.00
125	0.12	4.24	1.41	2.00
126	0.12	4.27	1.41	2.00
127	0.12	4.30	1.42	2.00
128	0.12	4.32	1.42	2.00
129	0.12	4.35	1.42	2.00
130	0.12	4.38	1.42	2.00
131	0.12	4.41	1.43	2.00
132	0.12	4.44	1.42	2.00
133	0.12	4.48	1.42	2.00
134	0.12	4.52	1.43	2.00
135	0.11	4.57	1.43	2.00
136	0.12	4.61	1.43	2.00
137	0.13	4.66	1.43	2.00
138	0.12	4.69	1.44	2.00
139	0.12	4.72	1.44	2.00
140	0.12	4.76	1.44	2.00
141	0.12	4.80	1.45	2.00
142	0.11	4.83	1.44	2.00
143	0.09	4.86	1.44	2.00
144	0.09	4.89	1.44	2.00
145	0.08	4.92	1.44	2.00
146	0.07	4.95	1.45	2.00
147	0.06	4.99	1.45	2.00
148	0.06	5.02	1.45	2.00
149	0.05	5.04	1.45	2.00
150	0.05	5.07	1.45	2.00
151	0.05	5.10	1.45	2.00
152	0.04	5.14	1.46	2.00
153	0.04	5.17	1.46	2.00
154	0.04	5.19	1.47	2.00
155	0.04	5.22	1.48	4.00
156	0.03	5.24	1.48	4.00
157	0.03	5.26	1.49	4.00
158	0.03	5.27	1.50	4.00
159	0.03	5.29	1.50	2.00
160	0.02	5.30	1.50	2.00
161	0.02	5.32	1.50	2.00
162	0.01	5.35	1.50	2.00
163	-0.00	5.39	1.49	2.00
164	-0.01	5.42	1.49	2.00
165	-0.02	5.44	1.49	2.00
166	-0.02	5.47	1.48	2.00
167	-0.03	5.51	1.47	2.00
168	-0.04	5.53	1.47	2.00
169	-0.04	5.55	1.47	2.00
170	-0.05	5.58	1.47	2.00
171	-0.06	5.61	1.47	2.00
172	-0.06	5.65	1.48	2.00
173	-0.06	5.68	1.49	2.00
174	-0.07	5.72	1.49	2.00
175	-0.07	5.75	1.50	2.00
176	-0.07	5.79	1.50	2.00
177	-0.07	5.83	1.50	2.00
178	-0.06	5.85	1.49	2.00
179	-0.06	5.87	1.48	2.00
180	-0.06	5.90	1.49	2.00
181	-0.06	5.92	1.49	2.00
182	-0.06	5.95	1.49	2.00
183	-0.07	5.99	1.49	2.00
184	-0.08	6.02	1.49	2.00
185	-0.08	6.05	1.48	2.00
186	-0.08	6.08	1.49	2.00
187	-0.08	6.10	1.49	2.00
188	-0.08	6.13	1.50	2.00
189	-0.08	6.16	1.50	2.00
190	-0.08	6.18	1.51	2.00
191	-0.08	6.20	1.51	2.00
192	-0.08	6.23	1.51	2.00
193	-0.07	6.25	1.51	2.00
Target 2 (frames from 1 to 193)
Bounding Boxes (frame, x, y, width, height)
1	549	118	145	290
2	549	117	144	289
3	550	117	144	288
4	550	116	143	287
5	551	115	143	286
6	551	115	143	286
7	551	114	142	285
8	551	114	142	285
9	552	113	142	285
10	552	113	142	284
11	552	112	142	284
12	552	112	142	285
13	552	112	142	285
14	552	111	142	285
15	551	111	143	286
16	551	111	143	286
17	551	112	143	286
18	551	112	143	286
19	551	113	143	286
20	552	114	143	286
21	552	114	143	286
22	553	115	142	285
23	554	116	142	284
24	555	117	141	282
25	555	118	140	280
26	556	119	139	278
27	557	120	137	275
28	557	121	136	273
29	558	121	135	270
30	558	122	134	268
31	558	122	133	266
32	558	123	132	264
33	557	123	131	262
34	556	123	130	261
35	554	124	130	260
36	553	124	130	260
37	551	123	130	260
38	549	123	130	261
39	548	123	130	261
40	546	122	130	261
41	545	122	131	262
42	544	122	131	262
43	543	121	131	262
44	542	121	131	263
45	542	121	131	263
46	541	120	132	264
47	541	120	132	265
48	540	120	132	265
49	540	120	132	265
50	539	120	133	266
51	539	120	133	266
52	538	120	133	266
53	536	120	133	267
54	535	119	134	268
55	533	118	135	270
56	532	117	136	272
57	530	116	136	273
58	528	114	137	275
59	527	113	138	276
60	526	112	138	277
61	526	111	138	277
62	525	111	138	277
63	524	111	138	277
64	524	111	137	275
65	523	111	136	273
66	522	112	135	270
67	521	114	133	267
68	519	115	131	263
69	518	117	130	260
70	516	119	128	256
71	514	120	126	253
72	512	121	125	251
73	509	121	124	249
74	506	122	123	247
75	504	122	123	246
76	501	122	123	246
77	499	122	122	245
78	497	121	122	245
79	494	121	122	245
80	492	120	122	245
81	490	120	122	245
82	488	120	122	244
83	486	119	122	244
84	485	119	121	243
85	484	119	121	242
86	483	119	120	241
87	482	120	120	240
88	482	120	119	239
89	482	120	119	238
90	482	121	119	238
91	482	121	118	237
92	481	121	118	237
93	481	121	118	237
94	480	121	118	237
95	479	121	118	237
96	478	120	119	238
97	477	120	119	238
98	476	119	119	238
99	475	119	119	239
100	473	118	120	240
101	472	117	120	241
102	471	116	121	242
103	470	115	121	243
104	469	115	122	244
105	468	114	122	245
106	468	114	123	246
107	467	114	123	247
108	467	114	124	248
109	467	113	124	249
110	468	114	125	250
111	468	114	125	251
112	469	114	125	251
113	469	115	126	252
114	470	116	126	252
115	470	116	125	251
116	470	117	125	251
117	470	117	125	251
118	470	118	125	251
119	470	119	125	251
120	470	119	125	251
121	469	120	125	251
122	469	121	125	250
123	469	121	125	250
124	468	122	125	251
125	468	122	125	251
126	468	123	125	251
127	468	123	126	252
128	468	123	126	252
129	468	123	126	253
130	467	123	127	254
131	467	123	127	255
132	467	122	128	256
133	467	122	128	257
134	467	121	129	258
135	467	121	129	259
136	467	120	130	260
137	467	120	130	261
138	467	119	131	262
139	467	119	131	263
140	467	119	132	264
141	467	119	132	265
142	467	120	132	265
143	466	120	133	266
144	466	121	133	266
145	466	121	133	266
146	466	122	133	267
147	466	122	133	267
148	466	123	133	267
149	466	123	133	267
150	467	124	133	267
151	467	124	133	267
152	467	125	133	267
153	468	125	133	267
154	468	126	133	267
155	468	126	134	268
156	468	126	134	268
157	468	126	134	269
158	467	126	135	270
159	467	125	135	271
160	466	125	136	272
161	465	125	136	273
162	464	125	137	274
163	463	124	137	274
164	461	124	137	275
165	460	123	138	276
166	459	123	138	277
167	457	122	139	278
168	456	122	139	279
169	455	121	140	280
170	454	120	141	282
171	452	120	141	283
172	451	119	142	285
173	449	118	143	287
174	448	118	144	289
175	446	117	145	290
176	445	116	146	292
177	443	116	147	295
178	441	115	148	297
179	439	114	149	299
180	437	113	150	301
181	434	112	151	303
182	433	111	152	305
183	431	111	153	306
184	430	110	153	307
185	429	110	154	308
186	428	111	153	307
187	428	111	153	307
188	428	112	153	306
189	428	113	152	305
190	429	114	151	303
191	429	116	150	301
192	430	117	149	299
193	432	119	148	296
3D Trajetory (frame, x, z, height, pose)
1	1.38	2.59	1.51	2.00
2	1.38	2.61	1.51	2.00
3	1.39	2.63	1.52	2.00
4	1.39	2.63	1.52	2.00
5	1.39	2.62	1.52	2.00
6	1.40	2.63	1.51	2.00
7	1.41	2.63	1.51	2.00
8	1.41	2.64	1.51	2.00
9	1.42	2.65	1.51	2.00
10	1.42	2.66	1.52	2.00
11	1.43	2.66	1.52	2.00
12	1.43	2.66	1.52	2.00
13	1.42	2.65	1.51	2.00
14	1.42	2.65	1.52	2.00
15	1.42	2.66	1.52	2.00
16	1.41	2.65	1.52	2.00
17	1.41	2.64	1.52	2.00
18	1.42	2.64	1.52	2.00
19	1.42	2.64	1.53	2.00
20	1.42	2.64	1.52	2.00
21	1.42	2.64	1.51	2.00
22	1.42	2.64	1.51	2.00
23	1.43	2.65	1.50	2.00
24	1.43	2.65	1.50	2.00
25	1.43	2.65	1.49	2.00
26	1.43	2.65	1.50	2.00
27	1.43	2.66	1.50	2.00
28	1.45	2.70	1.49	2.00
29	1.47	2.74	1.48	2.00
30	1.48	2.76	1.47	2.00
31	1.50	2.78	1.47	2.00
32	1.49	2.78	1.46	2.00
33	1.48	2.79	1.46	2.00
34	1.48	2.79	1.46	2.00
35	1.47	2.79	1.46	2.00
36	1.46	2.79	1.46	2.00
37	1.46	2.79	1.46	2.00
38	1.45	2.79	1.47	2.00
39	1.44	2.80	1.47	4.00
40	1.44	2.80	1.48	4.00
41	1.43	2.81	1.48	4.00
42	1.43	2.81	1.48	4.00
43	1.42	2.81	1.49	4.00
44	1.42	2.82	1.49	4.00
45	1.42	2.82	1.49	4.00
46	1.42	2.82	1.49	4.00
47	1.41	2.82	1.49	4.00
48	1.42	2.82	1.50	4.00
49	1.42	2.81	1.50	4.00
50	1.41	2.80	1.50	4.00
51	1.40	2.80	1.50	4.00
52	1.39	2.80	1.51	4.00
53	1.39	2.80	1.51	4.00
54	1.38	2.80	1.51	4.00
55	1.37	2.80	1.50	4.00
56	1.36	2.80	1.51	4.00
57	1.36	2.80	1.52	4.00
58	1.35	2.80	1.53	4.00
59	1.33	2.79	1.55	2.00
60	1.33	2.78	1.56	2.00
61	1.32	2.77	1.58	2.00
62	1.31	2.77	1.57	2.00
63	1.31	2.78	1.56	2.00
64	1.31	2.79	1.55	2.00
65	1.32	2.80	1.53	2.00
66	1.31	2.80	1.52	2.00
67	1.31	2.81	1.51	2.00
68	1.30	2.83	1.50	2.00
69	1.29	2.85	1.49	2.00
70	1.28	2.86	1.47	2.00
71	1.27	2.88	1.46	2.00
72	1.25	2.89	1.46	2.00
73	1.24	2.90	1.45	4.00
74	1.23	2.91	1.45	4.00
75	1.23	2.92	1.44	4.00
76	1.22	2.92	1.44	4.00
77	1.21	2.93	1.43	4.00
78	1.19	2.93	1.44	4.00
79	1.17	2.93	1.46	4.00
80	1.15	2.93	1.46	4.00
81	1.13	2.94	1.46	4.00
82	1.13	2.94	1.46	4.00
83	1.12	2.95	1.45	4.00
84	1.11	2.96	1.45	4.00
85	1.11	2.97	1.45	4.00
86	1.10	2.98	1.44	4.00
87	1.09	2.99	1.44	4.00
88	1.09	3.00	1.44	4.00
89	1.09	3.01	1.44	4.00
90	1.09	3.01	1.44	4.00
91	1.09	3.02	1.44	4.00
92	1.09	3.03	1.44	4.00
93	1.10	3.03	1.44	4.00
94	1.09	3.03	1.44	4.00
95	1.09	3.02	1.44	4.00
96	1.08	3.02	1.44	4.00
97	1.07	3.02	1.44	4.00
98	1.06	3.02	1.45	4.00
99	1.05	3.02	1.46	4.00
100	1.05	3.01	1.46	4.00
101	1.04	3.01	1.46	3.00
102	1.04	3.01	1.46	3.00
103	1.03	3.01	1.46	3.00
104	1.02	3.00	1.47	3.00
105	1.01	2.99	1.47	3.00
106	1.01	2.96	1.47	3.00
107	1.00	2.94	1.47	3.00
108	1.00	2.93	1.47	3.00
109	1.00	2.92	1.46	3.00
110	1.00	2.91	1.46	3.00
111	1.00	2.91	1.46	3.00
112	0.99	2.89	1.46	3.00
113	0.99	2.88	1.46	3.00
114	0.99	2.87	1.46	3.00
115	0.99	2.86	1.45	4.00
116	0.99	2.86	1.45	4.00
117	0.99	2.86	1.44	4.00
118	0.99	2.85	1.44	4.00
119	0.98	2.85	1.43	4.00
120	0.98	2.85	1.43	4.00
121	0.97	2.84	1.43	4.00
122	0.97	2.83	1.42	4.00
123	0.97	2.82	1.41	4.00
124	0.96	2.80	1.42	4.00
125	0.96	2.79	1.42	4.00
126	0.96	2.79	1.42	4.00
127	0.95	2.79	1.41	4.00
128	0.95	2.78	1.41	4.00
129	0.95	2.77	1.40	4.00
130	0.95	2.76	1.41	4.00
131	0.95	2.76	1.41	4.00
132	0.95	2.76	1.42	4.00
133	0.95	2.75	1.42	4.00
134	0.95	2.75	1.43	4.00
135	0.94	2.74	1.43	4.00
136	0.94	2.73	1.43	4.00
137	0.94	2.72	1.43	4.00
138	0.94	2.71	1.43	4.00
139	0.93	2.70	1.43	2.00
140	0.93	2.69	1.43	2.00
141	0.93	2.68	1.43	2.00
142	0.93	2.68	1.43	2.00
143	0.93	2.68	1.43	2.00
144	0.93	2.67	1.43	2.00
145	0.92	2.66	1.43	2.00
146	0.92	2.65	1.42	2.00
147	0.92	2.64	1.42	2.00
148	0.92	2.63	1.41	2.00
149	0.92	2.62	1.41	2.00
150	0.92	2.61	1.40	2.00
151	0.92	2.60	1.39	2.00
152	0.92	2.59	1.39	2.00
153	0.91	2.58	1.39	2.00
154	0.92	2.58	1.39	2.00
155	0.93	2.58	1.39	4.00
156	0.92	2.58	1.39	4.00
157	0.92	2.57	1.39	4.00
158	0.91	2.56	1.39	4.00
159	0.91	2.55	1.40	4.00
160	0.90	2.55	1.40	4.00
161	0.89	2.55	1.40	4.00
162	0.89	2.54	1.40	4.00
163	0.89	2.54	1.40	4.00
164	0.88	2.53	1.40	4.00
165	0.87	2.52	1.40	4.00
166	0.86	2.51	1.40	4.00
167	0.85	2.50	1.41	4.00
168	0.84	2.50	1.40	4.00
169	0.83	2.50	1.40	4.00
170	0.82	2.49	1.41	4.00
171	0.81	2.47	1.41	4.00
172	0.81	2.46	1.41	4.00
173	0.80	2.45	1.41	4.00
174	0.79	2.44	1.42	4.00
175	0.78	2.43	1.42	2.00
176	0.77	2.42	1.42	2.00
177	0.76	2.41	1.43	2.00
178	0.75	2.40	1.44	2.00
179	0.74	2.40	1.45	2.00
180	0.73	2.39	1.45	2.00
181	0.72	2.39	1.45	2.00
182	0.72	2.38	1.46	2.00
183	0.71	2.38	1.46	2.00
184	0.71	2.37	1.47	2.00
185	0.70	2.37	1.47	2.00
186	0.70	2.36	1.47	2.00
187	0.70	2.36	1.47	2.00
188	0.70	2.36	1.47	2.00
189	0.70	2.35	1.47	2.00
190	0.70	2.36	1.45	2.00
191	0.71	2.36	1.43	2.00
192	0.72	2.37	1.42	2.00
193	0.72	2.38	1.41	2.00
Target 3 (frames from 1 to 61)
Bounding Boxes (frame, x, y, width, height)
1	158	86	148	296
2	159	86	147	295
3	159	86	147	295
4	159	86	147	294
5	159	86	147	294
6	159	86	147	295
7	159	86	147	295
8	158	85	148	296
9	157	85	148	297
10	157	85	149	298
11	155	84	150	300
12	154	83	151	302
13	152	82	152	304
14	150	81	153	307
15	149	81	154	309
16	147	81	155	310
17	147	81	155	311
18	146	81	156	312
19	146	82	156	312
20	147	83	155	311
21	147	84	155	311
22	148	85	155	310
23	150	86	154	309
24	152	87	154	308
25	154	89	153	306
26	156	90	152	304
27	158	92	150	301
28	160	94	149	299
29	162	96	148	296
30	164	97	146	293
31	165	99	145	291
32	165	101	144	288
33	166	103	143	286
34	166	104	141	283
35	165	106	140	281
36	165	107	139	279
37	164	108	139	278
38	163	108	139	278
39	162	109	138	276
40	161	110	137	275
41	161	112	136	272
42	161	114	134	269
43	161	116	133	267
44	161	118	132	264
45	162	119	131	262
46	161	120	130	260
47	161	119	129	259
48	160	119	130	260
49	159	117	130	261
50	158	115	132	264
51	157	112	134	268
52	156	109	136	272
53	156	107	137	275
54	155	105	139	278
55	154	102	140	281
56	153	100	142	285
57	152	97	145	290
58	152	94	147	294
59	151	91	149	299
60	150	87	152	305
61	149	84	155	310
3D Trajetory (frame, x, z, height, pose)
1	-0.72	2.87	1.70	4.00
2	-0.72	2.86	1.69	4.00
3	-0.72	2.85	1.69	4.00
4	-0.71	2.85	1.68	4.00
5	-0.70	2.84	1.67	4.00
6	-0.70	2.84	1.67	4.00
7	-0.70	2.84	1.67	4.00
8	-0.70	2.84	1.67	4.00
9	-0.70	2.84	1.67	4.00
10	-0.70	2.82	1.67	4.00
11	-0.70	2.80	1.67	4.00
12	-0.71	2.79	1.68	4.00
13	-0.71	2.78	1.69	4.00
14	-0.71	2.76	1.69	4.00
15	-0.72	2.74	1.69	4.00
16	-0.72	2.72	1.70	4.00
17	-0.72	2.70	1.70	4.00
18	-0.71	2.69	1.69	4.00
19	-0.71	2.68	1.69	4.00
20	-0.71	2.69	1.68	4.00
21	-0.70	2.70	1.68	4.00
22	-0.70	2.71	1.67	4.00
23	-0.69	2.72	1.66	4.00
24	-0.69	2.72	1.65	4.00
25	-0.69	2.72	1.65	4.00
26	-0.68	2.72	1.65	4.00
27	-0.67	2.71	1.65	4.00
28	-0.66	2.71	1.64	4.00
29	-0.65	2.71	1.64	4.00
30	-0.65	2.73	1.62	4.00
31	-0.65	2.75	1.59	4.00
32	-0.65	2.76	1.58	4.00
33	-0.66	2.77	1.57	1.00
34	-0.67	2.78	1.56	1.00
35	-0.67	2.78	1.55	1.00
36	-0.68	2.79	1.55	1.00
37	-0.69	2.79	1.56	1.00
38	-0.70	2.79	1.55	1.00
39	-0.71	2.79	1.55	2.00
40	-0.71	2.80	1.55	2.00
41	-0.71	2.81	1.54	2.00
42	-0.72	2.82	1.55	2.00
43	-0.72	2.83	1.55	2.00
44	-0.73	2.84	1.53	2.00
45	-0.73	2.85	1.51	2.00
46	-0.74	2.89	1.47	2.00
47	-0.75	2.93	1.44	2.00
48	-0.76	2.92	1.47	2.00
49	-0.77	2.91	1.50	2.00
50	-0.77	2.90	1.52	2.00
51	-0.77	2.89	1.55	1.00
52	-0.77	2.87	1.58	1.00
53	-0.77	2.86	1.61	1.00
54	-0.76	2.84	1.63	1.00
55	-0.75	2.83	1.64	1.00
56	-0.74	2.81	1.65	1.00
57	-0.73	2.79	1.66	1.00
58	-0.72	2.79	1.66	1.00
59	-0.72	2.79	1.65	1.00
60	-0.73	2.78	1.66	1.00
61	-0.74	2.77	1.68	1.00
Target 4 (frames from 1 to 193)
Bounding Boxes (frame, x, y, width, height)
1	225	100	162	325
2	227	100	161	322
3	228	100	160	320
4	230	100	159	318
5	231	101	157	315
6	233	101	156	312
7	234	102	154	309
8	235	102	153	307
9	236	103	152	304
10	237	104	150	300
11	239	105	147	294
12	240	107	144	289
13	241	109	143	286
14	242	109	141	283
15	242	110	140	280
16	243	111	139	278
17	243	111	138	277
18	242	111	138	276
19	242	111	138	276
20	241	112	137	275
21	240	112	137	275
22	239	112	137	274
23	238	113	137	274
24	237	113	136	273
25	236	114	136	272
26	235	114	135	270
27	235	115	134	269
28	234	115	133	267
29	232	116	133	266
30	231	116	132	265
31	230	116	131	263
32	229	116	131	262
33	229	116	130	260
34	228	116	129	258
35	227	117	128	257
36	226	117	128	256
37	225	117	127	255
38	224	117	127	255
39	223	117	127	254
40	223	118	127	254
41	222	118	126	253
42	222	118	126	253
43	222	118	126	253
44	223	118	126	252
45	224	118	125	251
46	225	119	125	251
47	226	119	125	250
48	227	119	124	249
49	228	120	124	248
50	230	121	123	246
51	231	122	122	245
52	232	123	121	243
53	233	125	120	241
54	234	126	119	239
55	234	128	118	236
56	235	130	117	234
57	235	132	115	231
58	236	134	114	228
59	236	136	112	225
60	237	137	111	222
61	237	138	109	219
62	238	139	108	217
63	239	139	107	215
64	239	139	106	213
65	239	139	105	211
66	239	139	104	209
67	240	139	103	207
68	240	139	103	206
69	240	139	102	204
70	240	139	101	203
71	240	139	101	202
72	240	138	100	201
73	240	138	100	200
74	241	138	99	199
75	241	137	99	198
76	241	136	99	198
77	241	135	99	198
78	242	134	99	198
79	242	133	99	198
80	242	131	99	199
81	242	130	99	199
82	243	129	99	199
83	243	128	99	199
84	243	127	99	199
85	243	126	99	199
86	243	125	99	199
87	244	125	99	199
88	244	124	99	198
89	244	124	99	198
90	244	124	98	197
91	245	124	98	197
92	245	124	98	196
93	245	124	97	195
94	245	124	97	194
95	245	124	97	194
96	245	124	96	193
97	245	125	96	192
98	245	125	95	191
99	245	125	94	189
100	245	125	94	188
101	244	126	93	186
102	244	126	92	184
103	244	126	91	183
104	244	127	90	181
105	244	127	89	179
106	245	127	88	177
107	245	128	88	176
108	245	128	87	174
109	246	128	86	173
110	246	128	86	172
111	246	128	85	171
112	247	128	85	170
113	247	128	84	169
114	247	128	84	169
115	248	128	84	168
116	248	127	83	167
117	248	127	83	167
118	249	127	83	166
119	249	126	82	165
120	250	126	82	165
121	250	125	82	165
122	251	124	82	164
123	251	124	82	164
124	252	124	81	163
125	252	123	81	163
126	253	123	81	162
127	253	123	80	161
128	254	123	80	160
129	254	124	79	159
130	255	125	78	157
131	256	125	78	156
132	256	125	77	154
133	257	126	76	152
134	258	126	75	151
135	259	127	74	149
136	260	127	74	148
137	261	127	73	146
138	262	127	72	145
139	263	127	72	144
140	263	127	71	143
141	264	127	71	142
142	264	127	70	141
143	264	127	70	140
144	264	127	69	139
145	265	127	69	138
146	265	127	68	137
147	264	127	68	136
148	264	126	68	136
149	264	126	67	135
150	264	125	67	135
151	264	125	67	134
152	264	124	67	134
153	264	124	67	134
154	264	123	67	134
155	264	123	67	134
156	264	123	66	133
157	264	122	66	133
158	265	122	66	133
159	265	122	66	133
160	266	122	66	132
161	266	122	66	132
162	267	121	66	132
163	267	121	65	131
164	268	121	65	131
165	268	120	65	130
166	269	120	65	130
167	269	120	64	129
168	270	119	64	128
169	271	119	63	127
170	271	119	63	126
171	272	119	63	126
172	272	119	62	125
173	273	119	62	124
174	274	120	61	123
175	274	120	61	122
176	274	120	60	121
177	275	120	60	121
178	275	120	60	121
179	274	120	60	120
180	274	119	60	120
181	274	119	60	120
182	273	118	60	120
183	273	118	60	121
184	272	117	60	121
185	272	117	60	121
186	271	117	60	121
187	271	116	60	121
188	271	116	60	120
189	271	115	60	120
190	270	115	60	120
191	270	114	60	120
192	270	114	60	120
193	270	113	60	120
3D Trajetory (frame, x, z, height, pose)
1	-0.26	2.54	1.56	3.00
2	-0.25	2.50	1.59	3.00
3	-0.23	2.45	1.62	3.00
4	-0.23	2.47	1.61	3.00
5	-0.23	2.49	1.61	3.00
6	-0.23	2.50	1.60	3.00
7	-0.23	2.52	1.60	2.00
8	-0.23	2.55	1.58	2.00
9	-0.23	2.58	1.56	2.00
10	-0.23	2.61	1.56	2.00
11	-0.23	2.65	1.55	2.00
12	-0.23	2.67	1.54	2.00
13	-0.23	2.70	1.54	2.00
14	-0.24	2.72	1.53	2.00
15	-0.24	2.75	1.52	2.00
16	-0.24	2.75	1.52	2.00
17	-0.25	2.75	1.52	2.00
18	-0.25	2.76	1.53	2.00
19	-0.25	2.76	1.54	4.00
20	-0.25	2.77	1.54	4.00
21	-0.25	2.77	1.54	3.00
22	-0.26	2.78	1.53	3.00
23	-0.27	2.79	1.53	3.00
24	-0.28	2.79	1.52	3.00
25	-0.29	2.79	1.52	3.00
26	-0.30	2.80	1.51	3.00
27	-0.31	2.81	1.51	3.00
28	-0.32	2.82	1.51	3.00
29	-0.33	2.83	1.51	4.00
30	-0.34	2.85	1.51	4.00
31	-0.35	2.86	1.51	4.00
32	-0.35	2.87	1.51	4.00
33	-0.36	2.88	1.51	2.00
34	-0.37	2.90	1.51	2.00
35	-0.39	2.92	1.50	2.00
36	-0.39	2.93	1.50	2.00
37	-0.40	2.94	1.50	2.00
38	-0.40	2.95	1.50	2.00
39	-0.41	2.96	1.50	4.00
40	-0.41	2.96	1.50	4.00
41	-0.41	2.96	1.50	4.00
42	-0.42	2.96	1.51	4.00
43	-0.42	2.97	1.51	4.00
44	-0.42	2.97	1.51	4.00
45	-0.42	2.98	1.51	4.00
46	-0.42	2.99	1.50	4.00
47	-0.41	3.00	1.50	2.00
48	-0.41	3.02	1.50	2.00
49	-0.40	3.04	1.50	2.00
50	-0.39	3.04	1.50	2.00
51	-0.38	3.05	1.50	2.00
52	-0.38	3.06	1.49	2.00
53	-0.39	3.06	1.49	2.00
54	-0.39	3.07	1.48	2.00
55	-0.40	3.07	1.46	2.00
56	-0.40	3.08	1.44	2.00
57	-0.40	3.09	1.42	2.00
58	-0.40	3.10	1.41	2.00
59	-0.40	3.12	1.41	2.00
60	-0.41	3.14	1.40	2.00
61	-0.41	3.15	1.39	2.00
62	-0.41	3.17	1.38	2.00
63	-0.42	3.19	1.37	2.00
64	-0.42	3.21	1.37	2.00
65	-0.43	3.22	1.37	2.00
66	-0.43	3.23	1.36	2.00
67	-0.43	3.25	1.36	2.00
68	-0.43	3.26	1.35	2.00
69	-0.44	3.28	1.35	2.00
70	-0.44	3.29	1.34	2.00
71	-0.44	3.30	1.34	2.00
72	-0.45	3.32	1.33	2.00
73	-0.45	3.33	1.33	2.00
74	-0.45	3.35	1.33	2.00
75	-0.45	3.36	1.33	2.00
76	-0.45	3.37	1.34	2.00
77	-0.45	3.39	1.35	2.00
78	-0.45	3.40	1.36	2.00
79	-0.45	3.42	1.37	2.00
80	-0.45	3.43	1.37	2.00
81	-0.45	3.45	1.37	2.00
82	-0.45	3.46	1.38	2.00
83	-0.46	3.47	1.39	2.00
84	-0.46	3.48	1.40	2.00
85	-0.47	3.49	1.40	2.00
86	-0.47	3.51	1.41	2.00
87	-0.47	3.52	1.41	2.00
88	-0.47	3.53	1.41	2.00
89	-0.47	3.54	1.41	2.00
90	-0.47	3.56	1.41	2.00
91	-0.48	3.57	1.41	2.00
92	-0.48	3.59	1.41	2.00
93	-0.48	3.60	1.42	2.00
94	-0.48	3.62	1.42	2.00
95	-0.49	3.63	1.42	2.00
96	-0.49	3.64	1.42	2.00
97	-0.50	3.66	1.41	2.00
98	-0.50	3.67	1.41	2.00
99	-0.50	3.68	1.41	4.00
100	-0.51	3.70	1.40	4.00
101	-0.52	3.72	1.39	4.00
102	-0.52	3.74	1.39	4.00
103	-0.53	3.76	1.39	2.00
104	-0.53	3.79	1.38	2.00
105	-0.54	3.82	1.38	2.00
106	-0.55	3.85	1.37	2.00
107	-0.55	3.87	1.36	2.00
108	-0.56	3.89	1.36	2.00
109	-0.56	3.91	1.36	2.00
110	-0.56	3.93	1.36	2.00
111	-0.56	3.95	1.36	2.00
112	-0.57	3.97	1.36	2.00
113	-0.57	3.99	1.36	2.00
114	-0.57	4.01	1.37	2.00
115	-0.57	4.03	1.37	2.00
116	-0.58	4.05	1.38	2.00
117	-0.58	4.06	1.38	2.00
118	-0.58	4.09	1.37	2.00
119	-0.59	4.13	1.36	2.00
120	-0.58	4.15	1.37	2.00
121	-0.58	4.17	1.37	2.00
122	-0.58	4.19	1.38	2.00
123	-0.58	4.22	1.39	2.00
124	-0.57	4.24	1.39	2.00
125	-0.57	4.27	1.40	2.00
126	-0.57	4.29	1.41	2.00
127	-0.57	4.31	1.41	2.00
128	-0.57	4.33	1.41	2.00
129	-0.58	4.35	1.40	2.00
130	-0.58	4.38	1.39	2.00
131	-0.58	4.41	1.38	2.00
132	-0.58	4.45	1.37	2.00
133	-0.58	4.48	1.37	2.00
134	-0.58	4.52	1.36	2.00
135	-0.58	4.55	1.36	2.00
136	-0.58	4.58	1.36	2.00
137	-0.58	4.62	1.36	2.00
138	-0.58	4.65	1.37	2.00
139	-0.58	4.69	1.37	2.00
140	-0.58	4.72	1.36	2.00
141	-0.57	4.76	1.36	2.00
142	-0.58	4.79	1.36	2.00
143	-0.59	4.83	1.36	4.00
144	-0.59	4.86	1.36	4.00
145	-0.60	4.89	1.36	4.00
146	-0.60	4.92	1.36	4.00
147	-0.61	4.95	1.36	4.00
148	-0.61	4.99	1.37	4.00
149	-0.60	5.03	1.37	4.00
150	-0.60	5.05	1.37	4.00
151	-0.60	5.07	1.37	2.00
152	-0.61	5.10	1.38	2.00
153	-0.62	5.14	1.38	2.00
154	-0.63	5.17	1.39	2.00
155	-0.63	5.20	1.40	4.00
156	-0.63	5.21	1.40	4.00
157	-0.64	5.22	1.41	4.00
158	-0.63	5.25	1.41	4.00
159	-0.63	5.27	1.41	4.00
160	-0.63	5.30	1.41	4.00
161	-0.63	5.32	1.41	4.00
162	-0.63	5.34	1.41	4.00
163	-0.62	5.37	1.41	4.00
164	-0.62	5.39	1.41	4.00
165	-0.62	5.42	1.42	2.00
166	-0.62	5.45	1.42	2.00
167	-0.63	5.48	1.43	4.00
168	-0.63	5.51	1.43	4.00
169	-0.63	5.54	1.43	4.00
170	-0.63	5.58	1.43	4.00
171	-0.63	5.62	1.43	4.00
172	-0.63	5.65	1.42	4.00
173	-0.63	5.68	1.41	4.00
174	-0.63	5.72	1.41	4.00
175	-0.63	5.75	1.41	4.00
176	-0.63	5.78	1.41	4.00
177	-0.64	5.82	1.42	4.00
178	-0.64	5.84	1.42	4.00
179	-0.65	5.87	1.43	2.00
180	-0.65	5.89	1.43	2.00
181	-0.65	5.92	1.43	2.00
182	-0.66	5.94	1.44	2.00
183	-0.67	5.97	1.46	2.00
184	-0.67	5.99	1.46	2.00
185	-0.68	6.02	1.47	2.00
186	-0.69	6.05	1.48	2.00
187	-0.70	6.09	1.48	4.00
188	-0.70	6.12	1.49	4.00
189	-0.69	6.14	1.49	4.00
190	-0.69	6.16	1.50	4.00
191	-0.69	6.18	1.50	2.00
192	-0.69	6.21	1.51	2.00
193	-0.69	6.23	1.51	2.00
Target 5 (frames from 35 to 193)
Bounding Boxes (frame, x, y, width, height)
35	160	117	110	220
36	158	116	111	222
37	156	115	112	224
38	155	114	113	226
39	153	113	114	228
40	152	113	115	230
41	151	112	116	232
42	150	111	117	234
43	149	111	117	235
44	148	110	118	236
45	148	110	118	236
46	147	110	118	237
47	147	109	118	237
48	146	109	119	238
49	146	108	120	240
50	145	106	121	242
51	144	105	122	244
52	143	104	123	246
53	143	103	124	248
54	142	102	125	250
55	141	101	126	252
56	140	100	126	253
57	139	100	127	254
58	139	99	127	255
59	139	99	127	255
60	138	100	127	254
61	138	100	126	253
62	139	100	126	252
63	139	100	125	251
64	140	100	125	250
65	140	100	125	250
66	141	99	124	249
67	141	99	124	249
68	141	98	124	249
69	141	98	124	248
70	141	98	123	247
71	141	98	122	245
72	141	99	121	243
73	141	101	120	241
74	141	103	119	238
75	141	105	117	235
76	142	107	115	231
77	142	108	114	228
78	143	110	112	225
79	144	111	111	223
80	145	111	110	221
81	146	111	110	220
82	147	110	110	220
83	148	109	109	219
84	149	108	109	219
85	150	107	110	220
86	150	106	110	220
87	151	105	110	221
88	151	104	110	221
89	152	103	110	221
90	153	103	110	221
91	154	102	110	221
92	154	102	110	221
93	155	101	110	220
94	156	101	109	219
95	157	101	109	218
96	158	100	108	217
97	159	100	108	216
98	160	100	107	214
99	162	100	106	213
100	163	100	105	210
101	165	101	103	207
102	166	102	102	204
103	168	103	100	200
104	170	105	98	197
105	171	106	96	193
106	173	108	95	190
107	174	110	93	187
108	176	111	92	184
109	177	112	91	182
110	178	113	90	180
111	179	113	89	178
112	180	114	88	177
113	181	114	88	177
114	181	114	88	176
115	182	114	87	175
116	183	114	87	174
117	184	114	86	173
118	184	115	86	172
119	185	115	85	170
120	186	115	84	169
121	186	115	84	168
122	187	115	83	167
123	187	115	83	167
124	187	114	83	166
125	187	114	83	166
126	188	113	83	166
127	188	112	83	166
128	188	111	83	166
129	189	111	83	167
130	189	109	83	167
131	189	108	84	168
132	189	107	84	168
133	190	106	84	168
134	190	105	84	169
135	191	105	84	169
136	192	104	84	169
137	193	103	84	169
138	194	102	85	170
139	195	101	85	170
140	195	101	85	170
141	196	100	85	170
142	196	99	85	170
143	196	98	85	170
144	196	98	85	170
145	196	97	85	171
146	196	96	85	171
147	196	95	85	171
148	196	95	85	170
149	196	95	85	170
150	197	95	84	169
151	197	95	84	168
152	197	95	83	167
153	198	95	83	166
154	198	95	82	165
155	199	96	82	164
156	199	96	81	163
157	199	97	81	162
158	200	97	80	161
159	200	97	80	160
160	201	98	80	160
161	201	97	79	159
162	201	97	79	159
163	202	97	79	159
164	202	96	79	158
165	202	96	78	157
166	203	96	78	156
167	204	97	77	155
168	205	97	76	153
169	206	98	76	152
170	207	99	75	150
171	209	100	74	148
172	210	101	73	147
173	212	101	72	145
174	213	102	72	144
175	214	103	71	143
176	216	104	70	141
177	217	104	70	140
178	217	104	70	140
179	218	104	69	139
180	218	104	69	139
181	218	103	69	139
182	218	103	69	139
183	218	103	69	139
184	218	103	69	138
185	218	103	69	138
186	218	103	68	137
187	219	103	68	136
188	219	103	67	135
189	219	103	67	135
190	219	104	67	134
191	220	104	66	133
192	220	104	66	132
193	220	105	65	131
3D Trajetory (frame, x, z, height, pose)
35	-0.97	3.44	1.48	4.00
36	-0.97	3.42	1.51	4.00
37	-0.98	3.40	1.54	4.00
38	-0.97	3.36	1.53	4.00
39	-0.96	3.32	1.53	4.00
40	-0.96	3.31	1.53	4.00
41	-0.96	3.31	1.54	4.00
42	-0.97	3.30	1.55	4.00
43	-0.97	3.30	1.56	4.00
44	-0.98	3.30	1.56	4.00
45	-0.98	3.30	1.57	4.00
46	-0.99	3.31	1.58	4.00
47	-1.00	3.31	1.58	4.00
48	-1.00	3.31	1.58	4.00
49	-1.00	3.32	1.57	2.00
50	-1.01	3.31	1.58	2.00
51	-1.01	3.31	1.58	2.00
52	-0.99	3.28	1.60	2.00
53	-0.98	3.26	1.61	2.00
54	-0.98	3.24	1.63	2.00
55	-0.99	3.23	1.65	2.00
56	-0.99	3.22	1.66	2.00
57	-0.99	3.21	1.67	2.00
58	-0.99	3.21	1.66	2.00
59	-1.00	3.20	1.64	2.00
60	-1.00	3.21	1.63	2.00
61	-1.01	3.22	1.62	2.00
62	-1.01	3.22	1.61	2.00
63	-1.01	3.22	1.61	2.00
64	-1.01	3.23	1.61	2.00
65	-1.00	3.24	1.61	2.00
66	-1.00	3.24	1.62	2.00
67	-1.01	3.24	1.62	2.00
68	-1.01	3.24	1.62	2.00
69	-1.00	3.24	1.62	2.00
70	-1.00	3.25	1.62	2.00
71	-1.00	3.25	1.62	2.00
72	-1.01	3.26	1.60	2.00
73	-1.02	3.27	1.58	2.00
74	-1.03	3.28	1.57	2.00
75	-1.04	3.29	1.56	2.00
76	-1.05	3.33	1.55	2.00
77	-1.07	3.37	1.54	2.00
78	-1.07	3.38	1.52	2.00
79	-1.07	3.40	1.51	2.00
80	-1.07	3.41	1.50	2.00
81	-1.07	3.43	1.50	2.00
82	-1.08	3.44	1.51	2.00
83	-1.08	3.45	1.51	2.00
84	-1.08	3.46	1.52	2.00
85	-1.07	3.47	1.54	2.00
86	-1.07	3.48	1.55	2.00
87	-1.07	3.48	1.56	2.00
88	-1.07	3.48	1.56	2.00
89	-1.07	3.48	1.57	2.00
90	-1.07	3.50	1.56	2.00
91	-1.08	3.53	1.55	2.00
92	-1.08	3.54	1.56	2.00
93	-1.08	3.55	1.57	2.00
94	-1.08	3.57	1.58	2.00
95	-1.08	3.59	1.58	2.00
96	-1.08	3.64	1.59	2.00
97	-1.08	3.69	1.60	2.00
98	-1.09	3.71	1.60	2.00
99	-1.09	3.73	1.61	2.00
100	-1.10	3.77	1.60	2.00
101	-1.10	3.81	1.58	2.00
102	-1.10	3.82	1.59	2.00
103	-1.10	3.84	1.60	2.00
104	-1.10	3.91	1.55	2.00
105	-1.11	3.98	1.51	2.00
106	-1.11	4.00	1.51	2.00
107	-1.12	4.03	1.50	2.00
108	-1.12	4.05	1.49	2.00
109	-1.12	4.07	1.48	2.00
110	-1.13	4.09	1.48	2.00
111	-1.13	4.11	1.48	2.00
112	-1.13	4.13	1.48	2.00
113	-1.13	4.15	1.48	2.00
114	-1.13	4.17	1.48	2.00
115	-1.13	4.19	1.48	2.00
116	-1.13	4.20	1.48	2.00
117	-1.13	4.22	1.48	2.00
118	-1.14	4.25	1.47	2.00
119	-1.14	4.27	1.47	2.00
120	-1.15	4.30	1.47	2.00
121	-1.16	4.33	1.48	2.00
122	-1.16	4.36	1.47	2.00
123	-1.16	4.38	1.45	2.00
124	-1.16	4.41	1.46	2.00
125	-1.15	4.43	1.46	2.00
126	-1.16	4.46	1.48	2.00
127	-1.17	4.48	1.51	2.00
128	-1.18	4.49	1.52	2.00
129	-1.18	4.51	1.53	2.00
130	-1.18	4.54	1.54	2.00
131	-1.18	4.56	1.54	2.00
132	-1.18	4.58	1.54	2.00
133	-1.18	4.59	1.55	2.00
134	-1.18	4.59	1.56	2.00
135	-1.17	4.60	1.56	2.00
136	-1.17	4.62	1.57	2.00
137	-1.17	4.64	1.58	2.00
138	-1.16	4.65	1.59	2.00
139	-1.15	4.66	1.59	2.00
140	-1.15	4.68	1.61	2.00
141	-1.15	4.70	1.63	2.00
142	-1.15	4.73	1.63	2.00
143	-1.16	4.76	1.64	2.00
144	-1.16	4.79	1.64	2.00
145	-1.16	4.82	1.64	2.00
146	-1.17	4.84	1.65	2.00
147	-1.17	4.87	1.66	2.00
148	-1.17	4.89	1.67	2.00
149	-1.17	4.90	1.68	2.00
150	-1.18	4.92	1.68	2.00
151	-1.18	4.94	1.69	2.00
152	-1.18	4.96	1.69	2.00
153	-1.18	4.99	1.69	2.00
154	-1.19	5.02	1.67	2.00
155	-1.19	5.06	1.64	2.00
156	-1.19	5.08	1.65	2.00
157	-1.20	5.11	1.66	2.00
158	-1.21	5.13	1.66	2.00
159	-1.21	5.16	1.67	2.00
160	-1.22	5.18	1.67	2.00
161	-1.23	5.20	1.67	2.00
162	-1.23	5.22	1.68	2.00
163	-1.24	5.25	1.68	2.00
164	-1.23	5.28	1.68	2.00
165	-1.23	5.31	1.67	2.00
166	-1.24	5.34	1.67	2.00
167	-1.25	5.36	1.67	2.00
168	-1.26	5.38	1.68	2.00
169	-1.26	5.41	1.68	2.00
170	-1.26	5.44	1.66	2.00
171	-1.25	5.48	1.64	2.00
172	-1.24	5.51	1.62	2.00
173	-1.23	5.55	1.60	2.00
174	-1.23	5.57	1.60	2.00
175	-1.22	5.60	1.60	2.00
176	-1.23	5.63	1.60	2.00
177	-1.23	5.66	1.61	2.00
178	-1.22	5.68	1.61	2.00
179	-1.22	5.71	1.61	2.00
180	-1.22	5.74	1.62	2.00
181	-1.23	5.78	1.62	2.00
182	-1.24	5.81	1.62	2.00
183	-1.25	5.84	1.63	2.00
184	-1.25	5.87	1.63	2.00
185	-1.26	5.89	1.64	2.00
186	-1.26	5.92	1.64	2.00
187	-1.25	5.95	1.64	2.00
188	-1.25	5.98	1.64	2.00
189	-1.25	6.02	1.64	2.00
190	-1.26	6.06	1.64	2.00
191	-1.26	6.09	1.63	2.00
192	-1.26	6.13	1.62	2.00
193	-1.27	6.16	1.61	2.00
