Total frames 486
Number of Targets 33
Target 1 (frames from 1 to 33)
Bounding Boxes (frame, x, y, width, height)
1	212	78	76	153
2	216	80	75	150
3	219	82	74	148
4	222	85	73	146
5	225	87	72	144
6	228	89	71	142
7	230	91	70	140
8	232	92	69	139
9	234	94	68	137
10	236	96	68	136
11	238	97	67	135
12	239	99	67	135
13	240	100	67	135
14	240	101	66	133
15	242	103	64	129
16	242	104	63	126
17	242	105	62	124
18	241	106	61	122
19	239	107	61	122
20	236	106	62	124
21	233	106	63	126
22	229	106	63	127
23	224	105	64	129
24	219	104	66	133
25	215	103	68	137
26	211	102	71	143
27	207	101	74	149
28	203	100	77	155
29	198	98	81	163
30	194	97	85	171
31	189	95	90	181
32	184	94	95	191
33	179	92	101	202
3D Trajetory (frame, x, z, height, pose)
1	-0.96	5.72	2.24	1.00
2	-0.92	5.51	2.15	1.00
3	-0.93	5.57	2.17	1.00
4	-0.95	6.15	2.19	1.00
5	-0.92	6.58	2.17	2.00
6	-0.87	6.49	2.17	2.00
7	-0.85	6.36	2.16	2.00
8	-0.83	6.25	2.15	2.00
9	-0.83	6.37	2.16	2.00
10	-0.84	6.48	2.16	2.00
11	-0.84	6.59	2.17	2.00
12	-0.85	6.71	2.17	2.00
13	-0.85	6.82	2.18	2.00
14	-0.86	6.94	2.18	2.00
15	-0.86	7.05	2.19	2.00
16	-0.87	7.17	2.20	2.00
17	-0.87	7.28	2.20	3.00
18	-0.92	7.22	2.20	2.00
19	-0.96	7.15	2.19	3.00
20	-1.05	7.54	2.18	3.00
21	-1.07	7.65	2.17	2.00
22	-1.07	7.66	2.17	2.00
23	-1.01	6.44	2.13	2.00
24	-0.99	5.76	2.10	2.00
25	-1.00	5.64	2.12	2.00
26	-1.00	5.55	2.13	2.00
27	-1.02	5.22	2.14	2.00
28	-1.09	5.27	2.14	2.00
29	-1.13	5.28	2.14	2.00
30	-1.12	5.14	2.13	2.00
31	-1.05	4.68	2.12	2.00
32	-0.99	4.37	2.10	2.00
33	-0.95	4.18	2.09	2.00
Target 2 (frames from 1 to 40)
Bounding Boxes (frame, x, y, width, height)
1	156	78	76	153
2	157	83	73	147
3	158	88	71	143
4	159	92	69	138
5	160	96	67	134
6	161	99	65	130
7	162	102	63	127
8	164	105	62	124
9	165	107	60	121
10	166	109	59	119
11	167	112	58	116
12	168	114	57	114
13	170	114	56	113
14	171	114	55	111
15	173	114	55	111
16	175	113	56	112
17	176	111	56	113
18	178	109	57	115
19	180	107	59	118
20	182	105	60	121
21	184	102	62	125
22	186	100	64	128
23	188	98	66	132
24	190	96	68	136
25	192	95	69	139
26	194	94	70	141
27	196	95	71	143
28	198	93	74	148
29	200	92	75	150
30	203	91	75	151
31	206	90	75	151
32	208	91	76	152
33	209	91	76	152
34	211	92	75	151
35	212	93	75	150
36	214	95	74	149
37	215	97	73	147
38	216	99	72	144
39	217	101	70	141
40	218	104	69	138
3D Trajetory (frame, x, z, height, pose)
1	-1.88	5.98	2.21	1.00
2	-1.81	5.76	2.12	1.00
3	-1.83	5.80	2.13	1.00
4	-1.89	6.00	2.09	1.00
5	-1.91	6.11	2.10	1.00
6	-1.93	6.22	2.11	1.00
7	-1.95	6.33	2.12	1.00
8	-1.97	6.45	2.13	1.00
9	-1.99	6.56	2.14	1.00
10	-2.01	6.67	2.14	1.00
11	-2.03	6.78	2.15	1.00
12	-2.05	6.89	2.16	1.00
13	-2.07	7.01	2.17	1.00
14	-2.09	7.12	2.18	1.00
15	-2.11	7.23	2.19	1.00
16	-2.13	7.34	2.20	1.00
17	-2.15	7.45	2.21	4.00
18	-2.11	7.31	2.16	4.00
19	-1.89	7.19	2.19	4.00
20	-1.86	7.25	2.21	4.00
21	-1.85	7.24	2.21	4.00
22	-1.85	7.23	2.20	4.00
23	-1.60	6.48	2.19	1.00
24	-1.56	6.52	2.19	1.00
25	-1.53	6.56	2.20	1.00
26	-1.50	6.60	2.21	1.00
27	-1.47	6.64	2.21	1.00
28	-1.44	6.68	2.22	1.00
29	-1.40	6.72	2.22	1.00
30	-1.37	6.76	2.23	1.00
31	-1.34	6.80	2.23	1.00
32	-1.31	6.84	2.24	1.00
33	-1.28	6.88	2.24	1.00
34	-1.24	6.92	2.25	1.00
35	-1.21	6.96	2.26	1.00
36	-1.18	7.00	2.26	1.00
37	-1.24	7.05	2.08	2.00
38	-0.84	4.99	2.04	2.00
39	-0.72	4.41	2.06	2.00
40	-0.70	4.28	1.96	2.00
Target 3 (frames from 9 to 35)
Bounding Boxes (frame, x, y, width, height)
9	203	20	105	211
10	203	21	105	210
11	204	21	104	208
12	204	22	103	207
13	205	23	102	205
14	205	23	102	204
15	206	24	101	203
16	206	24	101	202
17	206	25	100	201
18	206	25	100	200
19	206	25	100	200
20	206	25	100	200
21	206	25	99	199
22	206	25	99	199
23	206	25	99	199
24	206	26	99	198
25	206	26	99	198
26	207	26	98	196
27	207	26	98	196
28	206	26	98	197
29	206	25	99	198
30	205	25	100	200
31	204	24	100	201
32	204	24	101	203
33	203	23	103	206
34	202	22	104	208
35	200	21	105	211
3D Trajetory (frame, x, z, height, pose)
9	-1.03	6.37	3.39	4.00
10	-1.03	6.37	3.39	4.00
11	-0.91	5.82	3.00	4.00
12	-0.82	5.28	2.84	4.00
13	-0.84	5.41	2.83	4.00
14	-0.90	5.74	2.93	4.00
15	-0.94	6.02	3.03	4.00
16	-0.98	6.23	3.08	4.00
17	-0.99	6.25	3.10	4.00
18	-0.99	6.27	3.13	4.00
19	-0.99	6.29	3.15	4.00
20	-1.00	6.32	3.17	4.00
21	-1.00	6.34	3.20	4.00
22	-1.01	6.36	3.22	4.00
23	-1.01	6.38	3.24	4.00
24	-1.02	6.40	3.27	4.00
25	-1.02	6.42	3.29	4.00
26	-1.02	6.44	3.32	4.00
27	-1.03	6.46	3.34	4.00
28	-1.03	6.48	3.36	4.00
29	-1.04	6.50	3.39	4.00
30	-1.04	6.52	3.41	4.00
31	-1.04	6.55	3.43	4.00
32	-1.05	6.57	3.46	4.00
33	-1.05	6.59	3.48	4.00
34	-1.06	6.61	3.50	4.00
35	-0.92	4.92	3.09	4.00
Target 4 (frames from 9 to 22)
Bounding Boxes (frame, x, y, width, height)
9	309	126	59	118
10	309	125	60	120
11	309	124	61	122
12	309	123	61	123
13	309	122	62	125
14	309	122	63	127
15	310	121	64	128
16	311	120	65	130
17	312	119	66	132
18	313	119	66	133
19	314	119	67	134
20	315	118	67	135
21	317	118	68	136
22	318	118	68	136
3D Trajetory (frame, x, z, height, pose)
9	0.28	5.63	1.69	3.00
10	0.28	5.63	1.69	3.00
11	0.27	5.31	1.64	3.00
12	0.25	5.00	1.60	3.00
13	0.24	4.69	1.55	3.00
14	0.26	5.09	1.62	3.00
15	0.27	5.27	1.66	3.00
16	0.31	5.26	1.68	3.00
17	0.34	5.25	1.70	3.00
18	0.37	5.23	1.72	3.00
19	0.39	5.23	1.73	3.00
20	0.40	5.26	1.75	3.00
21	0.41	5.28	1.76	3.00
22	0.42	5.30	1.76	3.00
Target 5 (frames from 18 to 225)
Bounding Boxes (frame, x, y, width, height)
18	218	96	65	130
19	219	96	65	131
20	219	96	65	131
21	219	96	65	131
22	220	96	65	131
23	220	96	65	131
24	220	96	65	131
25	221	96	65	131
26	221	96	65	131
27	222	96	65	131
28	222	96	66	132
29	222	96	66	132
30	223	96	66	132
31	223	96	66	132
32	223	96	66	132
33	224	96	66	132
34	224	96	66	132
35	225	96	66	132
36	225	96	65	131
37	225	97	66	132
38	225	97	66	132
39	226	97	66	132
40	226	97	66	132
41	227	97	66	133
42	228	96	67	134
43	228	94	68	137
44	229	93	69	139
45	229	91	71	142
46	230	89	72	144
47	230	86	74	148
48	229	84	75	151
49	229	81	77	155
50	228	79	78	157
51	227	77	80	160
52	226	76	81	163
53	224	76	82	165
54	222	76	83	167
55	219	77	84	169
56	218	78	85	171
57	216	80	86	172
58	214	81	87	174
59	213	82	88	176
60	212	83	88	177
61	211	84	88	176
62	212	86	85	171
63	213	88	83	166
64	214	88	81	162
65	215	87	79	158
66	216	87	77	154
67	217	86	75	150
68	218	85	73	146
69	218	83	72	145
70	218	82	72	144
71	218	80	72	144
72	217	79	72	145
73	216	77	73	147
74	215	75	75	151
75	214	73	78	156
76	213	72	80	161
77	212	71	82	164
78	211	70	83	166
79	210	69	84	168
80	210	69	84	168
81	210	69	84	169
82	209	68	85	170
83	209	67	86	172
84	208	66	86	173
85	208	65	87	175
86	207	65	88	176
87	207	64	88	177
88	206	63	89	179
89	205	62	90	180
90	205	62	91	182
91	204	61	91	183
92	204	60	92	185
93	203	59	93	186
94	203	59	94	188
95	202	58	94	189
96	202	57	95	190
97	201	56	96	192
98	199	54	98	197
99	198	52	100	201
100	197	51	101	202
101	198	52	100	201
102	200	54	98	196
103	202	56	95	191
104	204	59	92	185
105	207	62	89	178
106	210	66	85	171
107	213	69	82	164
108	216	71	78	157
109	218	73	75	151
110	220	75	74	148
111	221	77	73	146
112	222	78	72	145
113	222	80	72	144
114	222	80	72	145
115	221	79	74	149
116	219	76	78	156
117	219	75	79	159
118	220	75	79	159
119	221	76	79	158
120	223	76	78	156
121	225	77	77	155
122	228	77	76	153
123	230	78	74	149
124	233	78	73	146
125	235	78	71	143
126	236	77	71	142
127	236	77	70	141
128	235	78	70	141
129	234	79	69	139
130	233	80	68	137
131	231	81	68	136
132	230	81	68	137
133	228	80	69	138
134	227	80	69	139
135	225	80	70	141
136	224	79	71	142
137	223	79	71	143
138	223	78	72	145
139	222	78	73	146
140	222	77	73	147
141	223	77	74	148
142	223	77	75	150
143	223	76	76	152
144	222	76	77	154
145	222	75	77	155
146	221	75	78	157
147	221	75	79	158
148	221	75	79	159
149	220	75	80	161
150	220	74	81	162
151	220	74	82	164
152	219	74	82	165
153	219	74	83	167
154	219	73	84	168
155	218	73	85	170
156	218	73	85	171
157	217	72	86	173
158	217	72	87	174
159	217	72	87	175
160	216	72	88	177
161	216	71	89	178
162	216	71	90	180
163	215	70	90	181
164	215	70	91	183
165	215	70	92	184
166	214	70	92	185
167	214	70	93	187
168	213	71	94	189
169	212	71	96	192
170	210	71	98	197
171	209	71	100	200
172	208	72	100	201
173	208	73	99	198
174	209	74	97	194
175	209	75	95	190
176	211	76	92	185
177	212	77	90	180
178	213	77	87	175
179	214	78	85	171
180	215	78	83	167
181	217	77	81	163
182	218	77	79	159
183	220	78	77	155
184	223	79	75	150
185	224	80	74	149
186	225	80	75	150
187	226	79	76	152
188	227	78	77	155
189	228	78	79	159
190	229	77	81	162
191	230	78	81	163
192	231	78	82	164
193	230	79	83	166
194	229	79	84	168
195	227	80	84	169
196	225	80	85	170
197	222	80	86	173
198	219	78	88	177
199	215	77	90	180
200	213	75	91	183
201	210	74	91	183
202	209	72	91	183
203	207	71	92	185
204	206	69	93	186
205	206	69	93	186
206	206	67	95	190
207	206	67	97	194
208	206	67	98	196
209	207	69	97	194
210	208	72	94	189
211	209	75	92	185
212	210	78	88	177
213	212	81	84	169
214	213	83	82	164
215	213	84	81	163
216	213	84	80	161
217	213	84	81	162
218	212	84	82	164
219	212	83	83	167
220	212	82	86	172
221	211	81	88	177
222	211	79	91	183
223	210	77	95	191
224	209	75	99	199
225	208	72	104	209
3D Trajetory (frame, x, z, height, pose)
18	-1.21	7.06	2.31	3.00
19	-1.20	7.05	2.31	2.00
20	-1.19	7.04	2.31	2.00
21	-1.18	7.03	2.31	2.00
22	-1.17	7.01	2.30	2.00
23	-1.17	7.00	2.30	2.00
24	-1.16	6.99	2.30	2.00
25	-1.15	6.98	2.30	2.00
26	-1.14	6.97	2.30	2.00
27	-1.13	6.96	2.29	2.00
28	-1.12	6.94	2.29	2.00
29	-1.11	6.93	2.29	2.00
30	-1.11	6.92	2.29	2.00
31	-1.10	6.91	2.29	2.00
32	-1.09	6.90	2.28	2.00
33	-1.08	6.88	2.28	2.00
34	-1.07	6.87	2.28	2.00
35	-1.06	6.86	2.28	2.00
36	-1.05	6.85	2.28	2.00
37	-1.04	6.84	2.27	2.00
38	-1.04	6.83	2.27	2.00
39	-1.03	6.81	2.27	2.00
40	-1.02	6.80	2.27	2.00
41	-1.01	6.79	2.27	3.00
42	-1.02	6.84	2.28	2.00
43	-1.02	6.84	2.28	2.00
44	-1.02	6.84	2.28	2.00
45	-0.75	5.85	2.28	2.00
46	-0.84	6.52	2.35	2.00
47	-0.85	6.66	2.34	2.00
48	-0.77	6.19	2.34	2.00
49	-0.71	5.77	2.32	2.00
50	-0.67	5.48	2.28	2.00
51	-0.65	5.30	2.26	2.00
52	-0.70	5.64	2.27	2.00
53	-0.70	5.37	2.26	2.00
54	-0.70	5.16	2.25	2.00
55	-0.70	5.02	2.24	2.00
56	-0.72	5.13	2.23	2.00
57	-0.72	5.02	2.21	2.00
58	-0.73	4.95	2.20	2.00
59	-0.72	4.79	2.19	2.00
60	-0.73	4.75	2.18	2.00
61	-0.74	4.73	2.18	2.00
62	-0.75	4.70	2.17	2.00
63	-0.75	4.68	2.17	2.00
64	-0.75	4.67	2.17	2.00
65	-0.75	4.65	2.16	2.00
66	-0.78	4.77	2.16	2.00
67	-0.81	4.93	2.15	2.00
68	-0.84	5.06	2.15	2.00
69	-0.86	5.18	2.14	2.00
70	-0.88	5.28	2.14	2.00
71	-0.89	5.33	2.14	2.00
72	-0.89	5.31	2.14	2.00
73	-0.90	5.35	2.14	2.00
74	-0.91	5.36	2.14	2.00
75	-0.91	5.38	2.14	2.00
76	-0.91	5.39	2.14	2.00
77	-0.92	5.41	2.14	2.00
78	-0.92	5.42	2.14	2.00
79	-0.93	5.44	2.14	2.00
80	-0.93	5.45	2.14	2.00
81	-0.93	5.47	2.14	2.00
82	-0.94	5.48	2.14	2.00
83	-0.94	5.50	2.14	2.00
84	-0.95	5.51	2.14	2.00
85	-0.95	5.53	2.14	2.00
86	-0.96	5.54	2.14	2.00
87	-0.96	5.56	2.14	2.00
88	-0.96	5.57	2.14	2.00
89	-0.97	5.59	2.14	2.00
90	-0.97	5.60	2.14	2.00
91	-0.98	5.62	2.14	2.00
92	-0.98	5.63	2.14	2.00
93	-0.98	5.65	2.14	2.00
94	-0.99	5.66	2.14	2.00
95	-0.99	5.68	2.14	2.00
96	-1.00	5.69	2.14	2.00
97	-1.00	5.70	2.14	2.00
98	-1.01	5.72	2.14	2.00
99	-1.01	5.73	2.14	2.00
100	-1.01	5.75	2.14	2.00
101	-1.02	5.76	2.14	2.00
102	-1.02	5.78	2.13	2.00
103	-1.03	5.79	2.13	2.00
104	-1.03	5.81	2.13	2.00
105	-1.03	5.82	2.13	2.00
106	-1.04	5.84	2.13	2.00
107	-1.00	5.96	2.13	2.00
108	-0.98	6.03	2.13	2.00
109	-0.97	6.08	2.14	2.00
110	-0.96	6.03	2.14	2.00
111	-0.95	5.97	2.14	2.00
112	-0.96	6.00	2.15	2.00
113	-0.95	6.01	2.15	2.00
114	-0.94	5.95	2.15	2.00
115	-0.92	5.88	2.15	3.00
116	-0.91	5.82	2.15	3.00
117	-0.89	5.69	2.14	3.00
118	-0.87	5.61	2.14	2.00
119	-0.87	5.67	2.14	2.00
120	-0.87	5.73	2.14	2.00
121	-0.84	5.71	2.14	2.00
122	-0.80	5.69	2.15	2.00
123	-0.78	5.66	2.15	2.00
124	-0.77	5.72	2.15	1.00
125	-0.76	5.78	2.16	1.00
126	-0.74	5.83	2.16	1.00
127	-0.75	5.85	2.16	1.00
128	-0.75	5.86	2.16	1.00
129	-0.75	5.88	2.16	1.00
130	-0.75	5.89	2.16	1.00
131	-0.75	5.91	2.16	1.00
132	-0.78	5.95	2.17	2.00
133	-0.81	5.98	2.17	2.00
134	-0.82	6.00	2.17	2.00
135	-0.84	6.04	2.17	2.00
136	-0.85	6.08	2.17	2.00
137	-0.86	6.11	2.17	2.00
138	-0.86	6.11	2.17	2.00
139	-0.86	6.10	2.17	2.00
140	-0.86	6.09	2.17	2.00
141	-0.87	6.09	2.17	2.00
142	-0.87	6.08	2.17	2.00
143	-0.87	6.07	2.17	2.00
144	-0.87	6.06	2.17	2.00
145	-0.87	6.05	2.17	2.00
146	-0.87	6.04	2.17	2.00
147	-0.87	6.03	2.17	2.00
148	-0.88	6.02	2.17	2.00
149	-0.88	6.02	2.17	2.00
150	-0.88	6.01	2.17	2.00
151	-0.88	6.00	2.17	2.00
152	-0.88	5.99	2.17	2.00
153	-0.88	5.98	2.17	2.00
154	-0.89	5.97	2.17	2.00
155	-0.89	5.96	2.17	2.00
156	-0.89	5.96	2.17	2.00
157	-0.89	5.95	2.17	2.00
158	-0.89	5.94	2.17	2.00
159	-0.89	5.93	2.17	2.00
160	-0.89	5.92	2.17	2.00
161	-0.90	5.91	2.17	2.00
162	-0.90	5.90	2.17	2.00
163	-0.90	5.89	2.17	2.00
164	-0.90	5.89	2.17	2.00
165	-0.90	5.88	2.17	2.00
166	-0.90	5.87	2.17	2.00
167	-0.91	5.86	2.17	2.00
168	-0.91	5.85	2.17	2.00
169	-0.91	5.84	2.17	2.00
170	-0.91	5.83	2.17	2.00
171	-0.91	5.82	2.17	2.00
172	-0.81	5.10	2.16	2.00
173	-0.74	4.70	2.16	2.00
174	-0.71	4.52	2.15	2.00
175	-0.70	4.40	2.15	2.00
176	-0.69	4.33	2.15	2.00
177	-0.68	4.28	2.15	2.00
178	-0.70	4.44	2.16	2.00
179	-0.72	4.64	2.16	2.00
180	-0.74	4.78	2.17	2.00
181	-0.75	4.90	2.17	2.00
182	-0.74	4.87	2.17	2.00
183	-0.75	4.92	2.17	2.00
184	-0.75	4.94	2.17	2.00
185	-0.75	4.96	2.17	2.00
186	-0.75	4.97	2.17	2.00
187	-0.73	5.04	2.17	2.00
188	-0.72	5.09	2.17	2.00
189	-0.70	5.18	2.17	2.00
190	-0.69	5.26	2.17	2.00
191	-0.70	5.33	2.17	3.00
192	-0.68	5.35	2.17	2.00
193	-0.65	5.27	2.17	2.00
194	-0.64	5.29	2.17	2.00
195	-0.63	5.30	2.17	2.00
196	-0.60	5.15	2.17	2.00
197	-0.62	5.09	2.17	2.00
198	-0.66	5.17	2.17	2.00
199	-0.69	5.24	2.17	2.00
200	-0.71	5.23	2.17	2.00
201	-0.72	5.15	2.17	2.00
202	-0.73	5.16	2.17	2.00
203	-0.75	5.15	2.17	2.00
204	-0.75	5.00	2.17	2.00
205	-0.75	4.85	2.17	2.00
206	-0.76	4.81	2.17	2.00
207	-0.76	4.78	2.17	2.00
208	-0.76	4.77	2.17	2.00
209	-0.76	4.76	2.17	2.00
210	-0.76	4.73	2.17	2.00
211	-0.76	4.71	2.17	2.00
212	-0.76	4.67	2.17	2.00
213	-0.76	4.65	2.17	2.00
214	-0.75	4.60	2.16	2.00
215	-0.78	4.69	2.17	2.00
216	-0.80	4.77	2.17	2.00
217	-0.82	4.85	2.17	2.00
218	-0.83	4.92	2.17	2.00
219	-0.84	4.96	2.17	2.00
220	-0.84	5.00	2.17	2.00
221	-0.83	4.94	2.17	2.00
222	-0.82	4.89	2.17	2.00
223	-0.80	4.84	2.16	2.00
224	-0.79	4.79	2.16	2.00
225	-0.73	4.69	2.16	2.00
Target 6 (frames from 24 to 58)
Bounding Boxes (frame, x, y, width, height)
24	446	118	54	109
25	444	117	55	110
26	442	115	55	111
27	439	114	56	112
28	437	113	56	113
29	435	112	57	115
30	433	111	58	117
31	430	110	59	119
32	428	109	60	121
33	425	109	61	123
34	422	107	63	126
35	419	107	64	129
36	417	106	66	132
37	414	105	68	136
38	412	105	69	139
39	410	105	70	141
40	408	105	71	142
41	406	106	71	142
42	405	106	71	142
43	404	106	70	141
44	403	107	70	140
45	402	107	70	140
46	402	106	70	141
47	401	105	70	141
48	400	103	71	142
49	399	101	71	142
50	398	99	71	143
51	397	97	72	144
52	397	95	72	144
53	396	93	72	145
54	395	90	73	146
55	395	87	74	148
56	394	84	74	149
57	394	80	75	150
58	394	76	76	152
3D Trajetory (frame, x, z, height, pose)
24	2.69	7.03	1.97	2.00
25	2.80	7.32	2.05	2.00
26	2.80	7.33	2.06	2.00
27	2.61	7.14	2.05	2.00
28	2.64	7.35	2.05	2.00
29	2.65	7.41	2.05	2.00
30	2.68	7.53	2.06	2.00
31	2.59	7.52	2.08	2.00
32	2.54	7.33	2.09	2.00
33	2.51	7.19	2.09	2.00
34	2.21	6.61	2.07	2.00
35	2.02	6.08	2.05	2.00
36	1.92	5.80	2.04	2.00
37	1.99	6.15	2.05	2.00
38	1.87	5.94	2.05	2.00
39	1.77	5.79	2.04	2.00
40	1.71	5.68	2.04	2.00
41	1.66	5.55	2.04	2.00
42	1.62	5.48	2.03	2.00
43	1.60	5.42	2.03	2.00
44	1.58	5.37	2.03	2.00
45	1.56	5.40	2.03	2.00
46	1.54	5.40	2.02	2.00
47	1.52	5.38	2.01	2.00
48	1.49	5.33	2.01	2.00
49	1.45	5.28	2.01	2.00
50	1.42	5.23	2.01	2.00
51	1.39	5.18	2.01	2.00
52	1.36	5.13	2.01	2.00
53	1.37	5.14	2.02	4.00
54	1.37	5.14	2.02	4.00
55	1.37	5.14	2.03	4.00
56	1.39	5.19	2.03	2.00
57	1.40	5.23	2.03	2.00
58	1.41	5.28	2.03	2.00
Target 7 (frames from 30 to 91)
Bounding Boxes (frame, x, y, width, height)
30	309	112	62	125
31	308	113	62	124
32	308	114	61	123
33	307	114	61	122
34	307	115	61	122
35	307	115	60	121
36	307	116	60	121
37	307	116	60	121
38	308	116	60	120
39	308	116	60	120
40	309	117	60	120
41	309	117	60	120
42	310	116	60	120
43	311	115	60	121
44	312	114	61	122
45	313	113	61	123
46	314	112	62	125
47	315	110	63	126
48	316	108	63	127
49	317	106	64	129
50	317	105	66	132
51	317	103	67	135
52	316	101	69	139
53	314	100	71	142
54	313	99	72	144
55	311	100	72	145
56	310	101	73	146
57	308	102	73	146
58	307	103	73	147
59	305	104	74	148
60	303	104	75	150
61	302	105	75	151
62	301	105	75	151
63	299	105	75	151
64	298	104	75	151
65	298	103	76	152
66	297	101	77	154
67	296	99	77	155
68	296	97	78	157
69	295	95	79	158
70	295	95	79	158
71	295	94	78	157
72	295	94	78	156
73	296	95	77	154
74	296	96	76	152
75	296	97	75	151
76	296	98	75	150
77	297	100	74	149
78	297	101	74	148
79	297	103	73	146
80	297	106	72	144
81	297	108	70	141
82	297	110	69	139
83	297	113	68	137
84	297	116	67	134
85	297	119	66	132
86	297	122	64	129
87	297	126	63	126
88	298	129	61	123
89	298	133	60	120
90	298	137	58	117
91	298	141	57	114
3D Trajetory (frame, x, z, height, pose)
30	0.32	6.47	2.00	1.00
31	0.30	6.38	1.98	1.00
32	0.31	6.44	1.99	1.00
33	0.31	6.46	2.00	1.00
34	0.30	6.34	1.97	1.00
35	0.30	6.28	1.95	1.00
36	0.29	6.31	1.94	1.00
37	0.29	6.34	1.93	4.00
38	0.30	6.31	1.92	4.00
39	0.30	6.29	1.92	4.00
40	0.30	6.28	1.91	4.00
41	0.31	6.18	1.91	4.00
42	0.31	6.23	1.91	4.00
43	0.31	6.27	1.91	4.00
44	0.32	6.30	1.91	4.00
45	0.35	6.44	1.91	4.00
46	0.36	6.24	1.92	2.00
47	0.39	6.21	1.92	2.00
48	0.42	6.23	1.92	2.00
49	0.42	5.99	1.91	2.00
50	0.43	5.91	1.91	2.00
51	0.44	5.85	1.90	2.00
52	0.44	5.75	1.89	2.00
53	0.44	5.62	1.89	2.00
54	0.43	5.51	1.89	2.00
55	0.43	5.42	1.89	2.00
56	0.40	5.25	1.88	2.00
57	0.38	5.13	1.88	2.00
58	0.37	5.05	1.88	2.00
59	0.35	4.98	1.88	2.00
60	0.33	4.98	1.88	2.00
61	0.32	4.98	1.88	4.00
62	0.30	4.98	1.88	4.00
63	0.29	4.98	1.88	4.00
64	0.27	4.89	1.88	2.00
65	0.25	4.81	1.88	2.00
66	0.24	4.77	1.88	2.00
67	0.23	4.74	1.88	2.00
68	0.21	4.73	1.88	2.00
69	0.20	4.72	1.88	2.00
70	0.19	4.71	1.88	2.00
71	0.18	4.67	1.88	2.00
72	0.17	4.62	1.88	2.00
73	0.17	4.61	1.88	2.00
74	0.16	4.64	1.88	2.00
75	0.16	4.66	1.89	2.00
76	0.15	4.68	1.89	2.00
77	0.15	4.70	1.89	2.00
78	0.15	4.72	1.89	2.00
79	0.15	4.72	1.89	2.00
80	0.14	4.73	1.88	2.00
81	0.13	4.77	1.88	2.00
82	0.13	4.78	1.88	2.00
83	0.13	4.81	1.88	2.00
84	0.14	4.85	1.88	2.00
85	0.13	4.91	1.88	2.00
86	0.12	4.97	1.88	2.00
87	0.12	5.03	1.87	2.00
88	0.11	5.07	1.87	2.00
89	0.11	5.11	1.87	2.00
90	0.11	5.20	1.87	2.00
91	0.10	5.27	1.87	2.00
Target 8 (frames from 34 to 88)
Bounding Boxes (frame, x, y, width, height)
34	187	104	69	138
35	183	104	71	142
36	178	103	73	147
37	174	103	75	151
38	170	102	78	156
39	166	101	80	160
40	162	100	82	164
41	158	98	84	168
42	154	96	85	171
43	150	94	87	175
44	147	91	89	179
45	143	88	91	183
46	139	85	93	187
47	136	82	94	189
48	133	79	95	191
49	130	76	96	193
50	128	74	96	193
51	125	72	97	195
52	121	71	99	198
53	118	70	98	197
54	115	70	98	196
55	111	70	97	194
56	108	71	96	192
57	105	71	95	191
58	102	71	96	192
59	99	71	96	193
60	97	71	97	195
61	95	71	98	196
62	93	71	99	198
63	91	71	99	199
64	89	71	99	199
65	89	71	99	199
66	89	70	100	200
67	88	69	100	200
68	88	69	100	201
69	87	68	101	203
70	86	67	102	204
71	86	67	101	203
72	86	67	102	204
73	85	66	102	204
74	84	65	102	204
75	84	65	101	202
76	84	65	100	201
77	84	65	99	198
78	84	67	97	195
79	84	69	95	191
80	84	71	94	189
81	83	74	93	187
82	82	77	92	185
83	82	81	91	182
84	81	85	90	180
85	80	89	88	177
86	79	94	87	174
87	79	99	85	171
88	78	105	84	168
3D Trajetory (frame, x, z, height, pose)
34	-1.53	6.07	2.04	2.00
35	-1.31	5.19	1.96	3.00
36	-1.33	5.26	1.98	2.00
37	-1.42	5.18	1.96	2.00
38	-1.43	5.14	1.98	2.00
39	-1.44	5.12	1.98	2.00
40	-1.44	5.12	1.98	2.00
41	-1.36	4.59	1.99	2.00
42	-1.41	4.54	2.00	2.00
43	-1.44	4.51	2.01	2.00
44	-1.46	4.50	2.01	2.00
45	-1.48	4.47	2.02	2.00
46	-1.50	4.40	2.03	2.00
47	-1.51	4.34	2.03	2.00
48	-1.51	4.29	2.04	2.00
49	-1.52	4.22	2.05	2.00
50	-1.52	4.16	2.05	2.00
51	-1.52	4.11	2.05	2.00
52	-1.51	4.00	2.05	2.00
53	-1.58	4.05	2.05	2.00
54	-1.61	4.07	2.06	2.00
55	-1.63	4.09	2.06	2.00
56	-1.63	4.03	2.06	2.00
57	-1.69	4.04	2.06	2.00
58	-1.74	4.07	2.06	2.00
59	-1.74	4.00	2.07	2.00
60	-1.83	4.14	2.08	2.00
61	-1.90	4.25	2.08	2.00
62	-1.89	4.19	2.09	2.00
63	-1.92	4.19	2.09	2.00
64	-1.90	4.14	2.09	2.00
65	-1.88	4.08	2.09	2.00
66	-1.89	4.05	2.09	2.00
67	-1.91	4.07	2.09	2.00
68	-1.93	4.09	2.10	2.00
69	-1.94	4.10	2.10	2.00
70	-1.96	4.12	2.10	2.00
71	-1.96	4.12	2.10	2.00
72	-1.97	4.14	2.10	2.00
73	-1.96	4.12	2.10	2.00
74	-1.95	4.11	2.10	2.00
75	-1.94	4.10	2.10	2.00
76	-1.93	4.09	2.10	2.00
77	-1.93	4.07	2.11	2.00
78	-1.96	4.11	2.11	2.00
79	-1.98	4.14	2.11	2.00
80	-2.00	4.17	2.12	2.00
81	-2.05	4.28	2.12	2.00
82	-2.09	4.35	2.12	2.00
83	-2.12	4.41	2.12	2.00
84	-2.13	4.43	2.12	2.00
85	-2.15	4.44	2.12	2.00
86	-2.18	4.46	2.12	2.00
87	-2.20	4.48	2.12	2.00
88	-2.22	4.49	2.12	2.00
Target 9 (frames from 53 to 166)
Bounding Boxes (frame, x, y, width, height)
53	482	92	89	178
54	485	93	90	181
55	487	94	92	184
56	490	95	93	186
57	492	96	94	189
58	494	97	95	191
59	496	97	96	193
60	497	97	97	195
61	498	96	98	197
62	499	96	99	199
63	501	95	100	201
64	502	94	101	202
65	502	92	101	203
66	502	90	102	205
67	501	88	103	206
68	500	87	103	207
69	500	86	104	208
70	499	86	103	207
71	499	86	103	207
72	499	86	103	206
73	499	87	102	205
74	500	88	102	204
75	500	89	101	202
76	500	91	100	201
77	500	92	99	199
78	501	93	99	198
79	501	94	99	198
80	501	95	98	197
81	501	95	98	196
82	501	95	98	196
83	502	95	98	196
84	502	95	98	196
85	502	96	97	195
86	502	96	97	194
87	503	97	96	193
88	503	97	96	193
89	503	98	96	192
90	503	98	96	193
91	503	98	96	193
92	503	98	96	192
93	504	98	96	192
94	504	98	96	192
95	504	99	96	192
96	504	99	96	192
97	504	99	95	191
98	504	99	95	191
99	504	99	95	191
100	505	100	95	191
101	505	100	95	191
102	505	100	95	190
103	505	100	95	190
104	505	100	95	190
105	505	101	95	190
106	505	101	95	190
107	506	101	94	189
108	506	101	94	189
109	506	101	94	189
110	506	102	94	189
111	506	102	94	188
112	507	103	93	187
113	507	104	93	186
114	507	104	93	186
115	507	104	93	187
116	507	102	94	189
117	506	100	95	191
118	505	98	97	194
119	504	96	98	196
120	503	94	99	199
121	502	91	100	201
122	500	89	102	204
123	499	87	103	207
124	498	84	105	210
125	497	83	106	212
126	497	82	106	212
127	497	82	105	211
128	497	82	105	210
129	498	83	103	207
130	499	85	102	204
131	499	86	102	204
132	499	85	102	204
133	499	85	102	204
134	499	84	102	205
135	499	84	102	205
136	499	84	102	205
137	499	84	102	205
138	499	83	102	205
139	498	83	103	206
140	498	83	104	208
141	498	83	104	208
142	499	83	104	208
143	499	85	102	205
144	500	88	101	202
145	500	90	99	198
146	501	93	97	194
147	502	97	95	191
148	502	100	93	187
149	503	104	92	184
150	503	107	90	180
151	503	110	88	177
152	503	114	87	174
153	504	117	85	171
154	504	120	84	168
155	504	124	81	163
156	505	128	80	160
157	504	130	79	159
158	503	131	79	159
159	502	131	80	160
160	501	131	81	162
161	499	130	82	165
162	497	128	84	168
163	495	126	86	172
164	492	123	88	177
165	490	120	91	182
166	487	116	94	189
3D Trajetory (frame, x, z, height, pose)
53	2.22	4.19	1.85	4.00
54	2.22	4.19	1.85	4.00
55	2.23	4.21	1.86	4.00
56	2.02	3.78	1.86	1.00
57	1.99	3.71	1.85	1.00
58	1.99	3.69	1.84	4.00
59	2.06	3.69	1.85	4.00
60	2.11	3.69	1.85	4.00
61	2.14	3.69	1.85	4.00
62	2.16	3.70	1.85	4.00
63	2.18	3.71	1.85	4.00
64	2.19	3.72	1.85	4.00
65	2.19	3.72	1.85	4.00
66	2.13	3.61	1.85	4.00
67	2.11	3.58	1.85	4.00
68	2.11	3.57	1.86	4.00
69	2.10	3.56	1.86	4.00
70	2.10	3.55	1.86	4.00
71	2.09	3.53	1.86	2.00
72	2.06	3.49	1.86	1.00
73	2.07	3.51	1.86	1.00
74	2.08	3.55	1.86	1.00
75	2.10	3.57	1.86	1.00
76	2.11	3.60	1.86	1.00
77	2.11	3.61	1.86	4.00
78	2.12	3.62	1.86	4.00
79	2.11	3.62	1.86	4.00
80	2.11	3.62	1.86	4.00
81	2.12	3.64	1.86	4.00
82	2.13	3.67	1.86	2.00
83	2.14	3.69	1.86	2.00
84	2.14	3.69	1.86	2.00
85	2.14	3.68	1.86	2.00
86	2.13	3.68	1.86	2.00
87	2.13	3.67	1.86	2.00
88	2.13	3.67	1.86	2.00
89	2.13	3.67	1.86	2.00
90	2.13	3.66	1.86	2.00
91	2.12	3.66	1.86	2.00
92	2.12	3.66	1.86	2.00
93	2.12	3.65	1.86	2.00
94	2.12	3.65	1.86	2.00
95	2.11	3.65	1.86	2.00
96	2.11	3.64	1.86	2.00
97	2.11	3.64	1.86	2.00
98	2.11	3.64	1.86	2.00
99	2.11	3.63	1.86	2.00
100	2.10	3.63	1.86	2.00
101	2.10	3.62	1.86	2.00
102	2.10	3.62	1.86	2.00
103	2.10	3.62	1.86	2.00
104	2.09	3.61	1.86	2.00
105	2.09	3.61	1.86	2.00
106	2.09	3.61	1.86	2.00
107	2.09	3.60	1.86	2.00
108	2.09	3.60	1.86	2.00
109	2.08	3.60	1.86	2.00
110	2.08	3.59	1.86	2.00
111	2.08	3.59	1.86	2.00
112	2.08	3.59	1.86	2.00
113	2.08	3.58	1.86	2.00
114	2.07	3.58	1.86	2.00
115	2.07	3.57	1.86	2.00
116	2.07	3.57	1.86	2.00
117	2.07	3.57	1.86	2.00
118	2.06	3.56	1.86	2.00
119	2.06	3.56	1.86	2.00
120	2.06	3.56	1.86	2.00
121	2.05	3.53	1.86	2.00
122	2.04	3.52	1.86	2.00
123	2.04	3.52	1.86	2.00
124	2.05	3.54	1.86	2.00
125	2.06	3.56	1.86	2.00
126	2.06	3.58	1.87	2.00
127	2.07	3.58	1.87	2.00
128	2.07	3.58	1.87	2.00
129	2.07	3.58	1.87	2.00
130	2.07	3.58	1.87	2.00
131	2.07	3.59	1.88	2.00
132	2.09	3.63	1.88	2.00
133	2.10	3.66	1.88	2.00
134	2.12	3.69	1.88	2.00
135	2.11	3.68	1.88	2.00
136	2.11	3.67	1.88	2.00
137	2.10	3.66	1.88	2.00
138	2.10	3.65	1.88	2.00
139	2.10	3.65	1.88	2.00
140	2.10	3.65	1.88	1.00
141	2.10	3.65	1.88	1.00
142	2.11	3.66	1.88	1.00
143	2.11	3.67	1.88	1.00
144	2.12	3.68	1.88	1.00
145	2.13	3.70	1.88	1.00
146	2.13	3.70	1.88	1.00
147	2.14	3.71	1.88	2.00
148	2.15	3.75	1.88	2.00
149	2.17	3.79	1.88	2.00
150	2.17	3.80	1.88	1.00
151	2.17	3.81	1.88	1.00
152	2.17	3.83	1.88	1.00
153	2.17	3.84	1.88	1.00
154	2.17	3.85	1.88	1.00
155	2.17	3.86	1.88	1.00
156	2.18	3.88	1.88	1.00
157	2.18	3.89	1.88	1.00
158	2.18	3.90	1.88	1.00
159	2.18	3.92	1.88	1.00
160	2.18	3.93	1.88	1.00
161	2.18	3.94	1.88	1.00
162	2.18	3.96	1.88	1.00
163	2.18	3.97	1.88	1.00
164	2.18	4.01	1.88	1.00
165	2.19	4.05	1.88	1.00
166	2.19	4.07	1.88	1.00
Target 10 (frames from 59 to 92)
Bounding Boxes (frame, x, y, width, height)
59	385	93	89	179
60	386	92	88	177
61	387	92	87	175
62	387	91	86	173
63	388	91	85	171
64	389	90	85	170
65	389	90	84	169
66	389	90	84	168
67	389	89	84	168
68	389	89	84	168
69	389	89	84	169
70	389	89	85	170
71	388	88	86	172
72	388	88	86	173
73	387	89	87	174
74	387	89	87	175
75	386	88	88	177
76	385	88	89	179
77	385	88	89	178
78	385	89	89	178
79	385	90	89	178
80	385	91	88	177
81	385	93	88	176
82	386	96	87	175
83	387	99	86	173
84	387	103	85	170
85	388	107	83	167
86	390	112	81	163
87	391	117	79	158
88	393	123	76	153
89	394	130	74	148
90	396	137	71	142
91	398	145	67	135
92	400	154	64	128
3D Trajetory (frame, x, z, height, pose)
59	1.21	4.40	2.00	4.00
60	1.21	4.40	1.99	4.00
61	1.17	4.26	1.97	2.00
62	1.29	4.61	1.98	2.00
63	1.33	4.76	1.98	2.00
64	1.37	4.89	1.99	2.00
65	1.37	4.89	2.00	2.00
66	1.36	4.82	1.98	2.00
67	1.42	5.03	1.99	2.00
68	1.37	4.89	1.98	2.00
69	1.33	4.78	1.98	2.00
70	1.31	4.69	1.97	2.00
71	1.29	4.64	1.97	2.00
72	1.27	4.54	1.96	2.00
73	1.26	4.52	1.96	2.00
74	1.26	4.51	1.96	2.00
75	1.26	4.51	1.96	2.00
76	1.26	4.50	1.96	2.00
77	1.25	4.50	1.97	2.00
78	1.25	4.50	1.97	4.00
79	1.24	4.48	1.97	4.00
80	1.23	4.46	1.97	4.00
81	1.21	4.42	1.96	4.00
82	1.21	4.41	1.97	4.00
83	1.21	4.41	1.97	4.00
84	1.24	4.51	1.97	1.00
85	1.25	4.52	1.97	1.00
86	1.26	4.53	1.96	1.00
87	1.26	4.54	1.96	1.00
88	1.28	4.62	1.95	1.00
89	1.29	4.66	1.95	1.00
90	1.30	4.69	1.95	1.00
91	1.31	4.72	1.95	1.00
92	1.32	4.76	1.95	1.00
Target 11 (frames from 96 to 123)
Bounding Boxes (frame, x, y, width, height)
96	307	132	60	121
97	306	127	62	125
98	305	122	64	129
99	304	118	66	132
100	303	115	67	135
101	303	111	69	138
102	302	108	70	140
103	302	105	71	143
104	302	103	72	145
105	302	101	73	146
106	303	99	74	148
107	304	98	74	149
108	305	98	74	148
109	306	98	74	149
110	307	98	74	149
111	308	99	74	149
112	309	99	74	148
113	310	99	73	147
114	310	99	73	147
115	310	99	73	147
116	310	99	74	148
117	310	98	74	149
118	310	98	75	150
119	310	98	75	151
120	310	98	76	152
121	309	98	77	154
122	309	98	77	155
123	308	98	78	157
3D Trajetory (frame, x, z, height, pose)
96	0.35	7.08	2.16	3.00
97	0.35	7.08	2.16	3.00
98	0.35	7.08	2.16	3.00
99	0.25	6.14	2.14	3.00
100	0.24	5.94	2.13	2.00
101	0.22	5.74	2.12	2.00
102	0.21	5.54	2.11	2.00
103	0.21	5.22	2.00	2.00
104	0.21	4.99	1.92	2.00
105	0.21	4.85	1.87	2.00
106	0.21	4.82	1.84	2.00
107	0.25	4.75	1.83	2.00
108	0.25	4.70	1.83	2.00
109	0.26	4.65	1.83	2.00
110	0.27	4.61	1.83	2.00
111	0.27	4.56	1.83	2.00
112	0.28	4.60	1.84	2.00
113	0.30	4.63	1.82	2.00
114	0.31	4.62	1.82	2.00
115	0.31	4.61	1.82	2.00
116	0.32	4.59	1.81	2.00
117	0.33	4.58	1.81	2.00
118	0.34	4.77	1.82	2.00
119	0.35	4.83	1.81	2.00
120	0.34	4.81	1.82	2.00
121	0.34	4.73	1.82	2.00
122	0.35	4.67	1.81	2.00
123	0.35	4.58	1.81	2.00
Target 12 (frames from 99 to 167)
Bounding Boxes (frame, x, y, width, height)
99	86	122	74	148
100	85	116	78	157
101	85	110	83	166
102	85	104	86	173
103	85	99	90	180
104	85	94	92	185
105	86	90	94	189
106	87	86	96	192
107	88	82	97	194
108	89	79	98	196
109	89	75	98	197
110	90	72	98	196
111	91	70	96	193
112	93	69	94	189
113	96	68	91	183
114	99	67	88	177
115	103	67	84	169
116	106	67	80	161
117	109	66	78	156
118	111	65	76	152
119	113	65	75	151
120	113	64	76	152
121	113	64	78	156
122	113	64	81	163
123	111	64	85	171
124	110	65	90	180
125	109	66	93	187
126	107	66	98	196
127	106	67	102	204
128	105	67	105	210
129	105	68	107	214
130	105	69	107	215
131	105	70	107	214
132	105	71	106	212
133	105	70	104	208
134	105	69	103	206
135	103	67	102	205
136	102	65	103	206
137	99	63	104	208
138	97	61	104	209
139	95	60	104	209
140	93	59	105	210
141	91	58	105	210
142	89	57	105	210
143	87	56	105	210
144	86	56	105	210
145	85	57	105	210
146	84	59	104	209
147	83	61	103	207
148	82	65	102	204
149	80	69	101	202
150	78	74	99	198
151	76	79	97	194
152	73	86	95	190
153	71	93	92	185
154	68	100	90	180
155	65	107	87	175
156	63	113	84	169
157	62	119	81	163
158	60	124	79	159
159	59	127	78	156
160	58	129	76	153
161	57	131	75	151
162	56	132	74	149
163	56	132	74	148
164	56	131	74	148
165	56	129	74	148
166	56	127	74	148
167	57	124	74	149
3D Trajetory (frame, x, z, height, pose)
99	-2.58	5.16	2.02	2.00
100	-2.50	5.03	2.00	3.00
101	-2.41	5.00	2.03	3.00
102	-2.26	4.74	1.99	2.00
103	-2.12	4.48	1.95	2.00
104	-1.97	4.21	1.91	2.00
105	-1.82	3.95	1.88	2.00
106	-1.68	3.68	1.84	3.00
107	-1.94	4.24	1.99	2.00
108	-1.97	4.31	2.00	2.00
109	-1.98	4.33	2.01	2.00
110	-1.78	4.04	2.00	2.00
111	-1.78	4.00	2.01	2.00
112	-1.77	3.95	2.03	2.00
113	-1.86	4.19	2.05	2.00
114	-1.95	4.44	2.06	2.00
115	-2.03	4.66	2.06	2.00
116	-2.10	4.83	2.07	2.00
117	-2.12	5.00	2.07	2.00
118	-2.21	5.21	2.08	2.00
119	-2.30	5.42	2.09	2.00
120	-2.35	5.57	2.09	2.00
121	-2.40	5.71	2.10	2.00
122	-2.46	5.86	2.11	2.00
123	-2.51	5.99	2.12	2.00
124	-2.34	5.63	2.13	2.00
125	-2.18	5.29	2.14	2.00
126	-2.11	5.17	2.13	2.00
127	-2.04	5.04	2.13	2.00
128	-1.93	4.81	2.13	2.00
129	-1.89	4.72	2.13	2.00
130	-1.85	4.63	2.12	2.00
131	-1.81	4.55	2.12	2.00
132	-1.74	4.36	2.12	2.00
133	-1.69	4.22	2.11	2.00
134	-1.66	4.13	2.11	2.00
135	-1.67	4.14	2.11	2.00
136	-1.67	4.14	2.11	2.00
137	-1.70	4.15	2.11	2.00
138	-1.71	4.14	2.11	2.00
139	-1.71	4.11	2.12	2.00
140	-1.71	4.08	2.12	2.00
141	-1.71	4.06	2.13	2.00
142	-1.73	4.04	2.13	2.00
143	-1.75	4.01	2.13	2.00
144	-1.77	4.00	2.14	2.00
145	-1.78	4.00	2.14	2.00
146	-1.84	4.10	2.15	2.00
147	-1.85	4.08	2.15	2.00
148	-1.85	4.06	2.15	2.00
149	-1.89	4.10	2.16	2.00
150	-1.92	4.11	2.16	2.00
151	-1.95	4.13	2.16	2.00
152	-1.98	4.14	2.16	2.00
153	-2.02	4.16	2.16	2.00
154	-2.08	4.19	2.16	2.00
155	-2.13	4.22	2.15	1.00
156	-2.21	4.29	2.15	1.00
157	-2.28	4.32	2.14	1.00
158	-2.35	4.39	2.14	1.00
159	-2.42	4.46	2.13	1.00
160	-2.48	4.53	2.13	1.00
161	-2.51	4.55	2.13	1.00
162	-2.54	4.57	2.13	1.00
163	-2.57	4.59	2.13	1.00
164	-2.60	4.60	2.13	1.00
165	-2.63	4.62	2.13	1.00
166	-2.65	4.64	2.12	1.00
167	-2.68	4.66	2.12	1.00
Target 13 (frames from 99 to 155)
Bounding Boxes (frame, x, y, width, height)
99	386	106	86	173
100	386	101	87	174
101	386	96	88	176
102	386	91	88	177
103	386	88	89	178
104	386	85	89	179
105	386	82	89	179
106	385	80	90	180
107	385	78	90	181
108	385	77	90	181
109	384	78	90	181
110	384	80	90	181
111	384	82	90	180
112	383	84	90	180
113	383	85	90	180
114	382	85	90	180
115	382	86	90	180
116	382	86	89	179
117	382	86	89	178
118	382	86	88	177
119	383	85	88	177
120	384	85	89	178
121	385	85	90	180
122	387	85	90	181
123	388	85	91	182
124	389	86	91	183
125	390	86	91	182
126	391	87	91	182
127	391	88	90	181
128	391	89	90	180
129	391	90	89	178
130	390	90	88	176
131	390	90	87	174
132	390	90	86	172
133	390	90	85	170
134	389	89	84	168
135	389	89	83	167
136	389	88	83	167
137	389	88	84	168
138	389	87	85	170
139	388	87	86	172
140	388	87	86	173
141	388	87	87	175
142	388	86	88	176
143	388	86	88	177
144	388	86	88	177
145	388	87	88	177
146	388	89	88	176
147	388	91	87	174
148	389	94	86	172
149	389	98	85	170
150	390	102	83	167
151	390	106	81	163
152	391	111	79	159
153	392	117	77	155
154	393	123	75	150
155	394	129	72	145
3D Trajetory (frame, x, z, height, pose)
99	1.37	4.90	2.07	2.00
100	1.36	4.87	2.05	2.00
101	1.31	4.72	2.06	2.00
102	1.25	4.56	2.07	2.00
103	1.21	4.42	2.04	2.00
104	1.17	4.31	2.01	2.00
105	1.16	4.25	1.99	2.00
106	1.16	4.26	2.00	2.00
107	1.17	4.28	1.99	2.00
108	1.17	4.28	1.99	2.00
109	1.18	4.29	1.98	2.00
110	1.16	4.24	1.97	2.00
111	1.19	4.29	1.96	2.00
112	1.21	4.34	1.96	2.00
113	1.21	4.32	1.95	2.00
114	1.17	4.28	1.95	2.00
115	1.14	4.22	1.94	2.00
116	1.10	4.14	1.93	2.00
117	1.08	4.10	1.92	2.00
118	1.11	4.17	1.93	2.00
119	1.12	4.20	1.93	2.00
120	1.14	4.23	1.93	2.00
121	1.16	4.27	1.93	2.00
122	1.17	4.29	1.93	2.00
123	1.18	4.32	1.93	2.00
124	1.18	4.31	1.93	2.00
125	1.21	4.28	1.93	2.00
126	1.23	4.25	1.93	2.00
127	1.22	4.20	1.93	2.00
128	1.20	4.15	1.94	2.00
129	1.22	4.22	1.94	2.00
130	1.23	4.27	1.94	2.00
131	1.24	4.31	1.94	2.00
132	1.25	4.36	1.94	2.00
133	1.26	4.41	1.94	2.00
134	1.27	4.45	1.94	2.00
135	1.27	4.46	1.94	2.00
136	1.27	4.48	1.94	2.00
137	1.27	4.49	1.94	2.00
138	1.27	4.49	1.94	2.00
139	1.27	4.49	1.94	2.00
140	1.27	4.50	1.94	2.00
141	1.27	4.50	1.94	2.00
142	1.27	4.51	1.94	2.00
143	1.27	4.51	1.94	2.00
144	1.28	4.52	1.94	2.00
145	1.28	4.52	1.94	2.00
146	1.28	4.53	1.94	2.00
147	1.28	4.53	1.95	2.00
148	1.28	4.54	1.95	4.00
149	1.26	4.52	1.95	4.00
150	1.27	4.53	1.95	4.00
151	1.27	4.54	1.95	4.00
152	1.28	4.60	1.95	4.00
153	1.29	4.62	1.94	2.00
154	1.31	4.68	1.94	2.00
155	1.32	4.74	1.94	2.00
Target 14 (frames from 124 to 146)
Bounding Boxes (frame, x, y, width, height)
124	308	99	74	148
125	306	98	75	150
126	304	97	76	152
127	302	96	76	153
128	301	95	77	155
129	300	95	78	156
130	298	94	78	157
131	297	93	79	158
132	297	93	79	159
133	296	92	80	160
134	294	91	80	161
135	294	90	81	163
136	294	88	82	164
137	294	88	82	165
138	294	88	82	164
139	294	88	81	163
140	294	89	81	162
141	294	91	80	160
142	295	92	78	157
143	296	94	77	154
144	297	96	75	150
145	298	99	73	146
146	299	102	71	142
3D Trajetory (frame, x, z, height, pose)
124	0.22	4.93	1.93	2.00
125	0.30	5.08	1.93	2.00
126	0.39	5.33	1.96	2.00
127	0.32	5.17	1.96	2.00
128	0.30	5.14	1.96	2.00
129	0.24	5.16	1.95	2.00
130	0.22	5.17	1.95	2.00
131	0.19	5.03	1.95	2.00
132	0.18	4.96	1.96	2.00
133	0.18	4.88	1.96	2.00
134	0.17	4.84	1.96	2.00
135	0.17	4.76	1.96	2.00
136	0.17	4.70	1.96	2.00
137	0.16	4.70	1.96	2.00
138	0.16	4.69	1.96	2.00
139	0.17	4.72	1.95	2.00
140	0.17	4.72	1.95	2.00
141	0.17	4.73	1.95	2.00
142	0.17	4.74	1.96	2.00
143	0.17	4.75	1.96	2.00
144	0.17	4.83	1.96	2.00
145	0.17	4.90	1.96	2.00
146	0.16	5.01	1.95	2.00
Target 15 (frames from 168 to 321)
Bounding Boxes (frame, x, y, width, height)
168	383	92	90	181
169	383	91	91	182
170	384	90	91	183
171	384	90	91	183
172	384	89	92	184
173	384	89	92	184
174	384	89	92	185
175	384	88	92	185
176	385	88	92	185
177	385	88	92	185
178	385	89	92	184
179	385	90	91	183
180	384	92	90	181
181	384	93	89	179
182	384	93	89	179
183	384	92	90	180
184	383	91	90	181
185	384	90	91	182
186	385	89	91	183
187	386	88	92	184
188	388	88	91	183
189	391	88	91	183
190	393	88	92	184
191	394	87	92	185
192	394	87	93	187
193	395	87	94	189
194	395	88	95	190
195	395	88	95	191
196	394	88	95	191
197	394	88	95	191
198	394	88	95	190
199	393	87	94	189
200	393	86	94	189
201	393	86	94	189
202	393	85	94	189
203	393	85	94	188
204	394	85	93	187
205	395	85	91	183
206	397	85	90	181
207	398	85	90	181
208	398	84	91	182
209	397	84	91	183
210	396	85	92	184
211	395	85	92	184
212	393	85	92	184
213	392	85	92	184
214	390	85	92	184
215	389	85	91	183
216	388	84	91	183
217	387	83	92	185
218	385	82	93	186
219	385	82	94	188
220	384	83	94	188
221	384	84	93	187
222	384	85	92	185
223	386	87	91	182
224	386	87	91	182
225	387	87	91	182
226	388	88	91	182
227	388	89	90	181
228	387	90	90	181
229	387	91	90	180
230	386	92	91	182
231	385	92	91	182
232	384	94	90	181
233	384	95	90	181
234	383	97	90	180
235	383	99	89	178
236	384	103	87	174
237	386	107	84	169
238	388	111	81	162
239	390	115	77	155
240	393	119	74	149
241	395	122	71	142
242	396	125	69	138
243	397	126	68	137
244	398	125	69	138
245	399	123	71	143
246	399	120	75	150
247	399	115	79	158
248	399	110	84	168
249	398	104	88	177
250	397	97	92	185
251	397	92	96	193
252	396	87	99	199
253	396	83	101	203
254	396	80	102	205
255	396	78	103	206
256	396	78	102	204
257	395	78	100	201
258	394	80	98	197
259	392	84	96	192
260	391	88	93	187
261	391	92	92	184
262	391	95	91	182
263	392	97	91	182
264	392	99	91	183
265	393	99	92	185
266	393	98	94	189
267	394	96	95	191
268	395	94	96	193
269	396	92	96	193
270	398	90	97	194
271	399	88	97	194
272	399	86	97	194
273	399	84	97	194
274	399	82	96	192
275	398	81	95	191
276	397	80	95	190
277	396	81	94	189
278	395	83	93	187
279	394	84	93	187
280	394	86	93	187
281	393	88	94	188
282	393	89	94	189
283	393	90	94	189
284	394	92	94	189
285	396	94	92	185
286	398	96	91	182
287	400	99	90	180
288	401	101	88	177
289	402	103	87	175
290	403	105	87	174
291	404	106	86	173
292	405	107	86	172
293	405	108	86	172
294	405	109	86	172
295	404	109	86	172
296	402	109	86	173
297	400	109	87	174
298	398	109	87	174
299	396	108	87	175
300	392	108	88	176
301	389	108	88	177
302	385	108	89	178
303	382	109	89	178
304	379	109	90	180
305	376	110	90	181
306	373	110	91	182
307	371	111	91	182
308	368	112	91	182
309	367	112	91	183
310	365	112	91	183
311	363	112	91	183
312	361	111	92	184
313	359	110	92	185
314	357	109	93	186
315	355	108	93	187
316	353	106	94	188
317	351	105	95	190
318	349	103	95	191
319	347	100	96	193
320	345	98	97	195
321	343	95	98	197
3D Trajetory (frame, x, z, height, pose)
168	1.16	4.27	1.92	2.00
169	1.16	4.27	1.92	2.00
170	1.16	4.27	1.92	2.00
171	1.21	4.41	1.95	2.00
172	1.17	4.21	1.98	2.00
173	1.16	4.14	2.00	2.00
174	1.17	4.21	2.00	2.00
175	1.19	4.22	1.98	2.00
176	1.19	4.22	1.97	2.00
177	1.20	4.22	1.95	2.00
178	1.18	4.19	1.95	2.00
179	1.17	4.19	1.95	2.00
180	1.16	4.19	1.95	2.00
181	1.16	4.20	1.95	2.00
182	1.17	4.23	1.95	2.00
183	1.18	4.27	1.95	2.00
184	1.19	4.30	1.95	2.00
185	1.19	4.31	1.95	2.00
186	1.19	4.31	1.95	4.00
187	1.19	4.31	1.95	4.00
188	1.19	4.30	1.95	4.00
189	1.20	4.25	1.95	2.00
190	1.20	4.21	1.95	2.00
191	1.21	4.19	1.95	2.00
192	1.24	4.19	1.95	2.00
193	1.26	4.21	1.95	2.00
194	1.28	4.22	1.95	2.00
195	1.30	4.22	1.95	2.00
196	1.31	4.22	1.95	2.00
197	1.29	4.18	1.95	2.00
198	1.27	4.15	1.96	2.00
199	1.25	4.11	1.96	3.00
200	1.25	4.11	1.96	2.00
201	1.26	4.12	1.96	2.00
202	1.26	4.13	1.96	2.00
203	1.27	4.13	1.96	2.00
204	1.28	4.15	1.96	2.00
205	1.30	4.18	1.96	2.00
206	1.30	4.18	1.96	2.00
207	1.29	4.17	1.96	2.00
208	1.30	4.18	1.96	2.00
209	1.30	4.19	1.96	2.00
210	1.30	4.19	1.96	2.00
211	1.29	4.21	1.96	2.00
212	1.30	4.22	1.96	2.00
213	1.31	4.23	1.96	2.00
214	1.28	4.17	1.96	2.00
215	1.26	4.18	1.96	2.00
216	1.24	4.20	1.96	2.00
217	1.24	4.23	1.95	2.00
218	1.23	4.25	1.96	2.00
219	1.22	4.26	1.96	2.00
220	1.22	4.28	1.96	2.00
221	1.21	4.30	1.96	2.00
222	1.20	4.28	1.96	2.00
223	1.20	4.26	1.96	2.00
224	1.19	4.24	1.97	2.00
225	1.18	4.22	1.97	2.00
226	1.19	4.26	1.97	2.00
227	1.20	4.30	1.97	2.00
228	1.21	4.35	1.97	2.00
229	1.22	4.38	1.97	2.00
230	1.22	4.38	1.97	2.00
231	1.22	4.38	1.97	2.00
232	1.21	4.34	1.97	2.00
233	1.20	4.35	1.97	2.00
234	1.18	4.34	1.97	2.00
235	1.17	4.33	1.97	2.00
236	1.17	4.34	1.97	3.00
237	1.17	4.35	1.97	3.00
238	1.18	4.35	1.97	3.00
239	1.21	4.47	1.96	3.00
240	1.22	4.49	1.96	3.00
241	1.22	4.51	1.96	3.00
242	1.23	4.54	1.96	3.00
243	1.24	4.56	1.96	2.00
244	1.25	4.57	1.96	2.00
245	1.25	4.57	1.96	2.00
246	1.26	4.58	1.96	2.00
247	1.26	4.59	1.96	2.00
248	1.27	4.60	1.96	2.00
249	1.28	4.59	1.96	2.00
250	1.32	4.49	1.96	2.00
251	1.33	4.38	1.96	2.00
252	1.34	4.28	1.96	2.00
253	1.35	4.20	1.96	2.00
254	1.33	4.18	1.96	1.00
255	1.32	4.14	1.96	1.00
256	1.31	4.11	1.96	1.00
257	1.28	4.04	1.96	1.00
258	1.29	4.05	1.96	2.00
259	1.29	4.06	1.96	2.00
260	1.29	4.07	1.96	2.00
261	1.28	4.09	1.96	4.00
262	1.26	4.11	1.96	4.00
263	1.25	4.14	1.96	4.00
264	1.24	4.16	1.96	4.00
265	1.25	4.16	1.96	4.00
266	1.26	4.16	1.96	4.00
267	1.26	4.16	1.96	2.00
268	1.27	4.16	1.96	2.00
269	1.28	4.12	1.96	2.00
270	1.28	4.08	1.97	2.00
271	1.27	4.05	1.97	2.00
272	1.26	4.01	1.97	1.00
273	1.28	4.04	1.97	1.00
274	1.29	4.06	1.97	1.00
275	1.32	4.15	1.97	1.00
276	1.31	4.15	1.97	1.00
277	1.30	4.14	1.97	1.00
278	1.29	4.14	1.97	1.00
279	1.29	4.13	1.97	4.00
280	1.28	4.12	1.97	4.00
281	1.27	4.13	1.97	4.00
282	1.27	4.13	1.97	2.00
283	1.26	4.13	1.97	2.00
284	1.26	4.13	1.97	2.00
285	1.26	4.14	1.97	2.00
286	1.27	4.16	1.97	2.00
287	1.29	4.20	1.97	2.00
288	1.31	4.23	1.97	2.00
289	1.33	4.27	1.97	2.00
290	1.34	4.30	1.97	2.00
291	1.36	4.33	1.97	2.00
292	1.38	4.37	1.98	2.00
293	1.39	4.40	1.98	2.00
294	1.40	4.42	1.98	2.00
295	1.41	4.46	1.98	2.00
296	1.41	4.47	1.98	3.00
297	1.42	4.49	1.98	3.00
298	1.42	4.50	1.98	3.00
299	1.42	4.52	1.98	3.00
300	1.40	4.54	1.98	3.00
301	1.37	4.55	1.98	2.00
302	1.34	4.54	1.98	2.00
303	1.32	4.54	1.98	1.00
304	1.29	4.53	1.98	1.00
305	1.25	4.52	1.97	1.00
306	1.21	4.51	1.97	1.00
307	1.16	4.48	1.97	1.00
308	1.12	4.46	1.97	1.00
309	1.10	4.45	1.97	1.00
310	1.08	4.45	1.97	1.00
311	1.05	4.44	1.97	1.00
312	1.03	4.43	1.97	1.00
313	0.99	4.42	1.97	2.00
314	0.95	4.42	1.97	2.00
315	0.92	4.41	1.97	2.00
316	0.89	4.37	1.97	2.00
317	0.87	4.33	1.97	2.00
318	0.84	4.31	1.97	2.00
319	0.81	4.28	1.97	2.00
320	0.78	4.25	1.97	2.00
321	0.76	4.22	1.97	2.00
Target 16 (frames from 178 to 321)
Bounding Boxes (frame, x, y, width, height)
178	511	91	108	216
179	509	90	109	218
180	507	90	109	219
181	505	89	110	220
182	504	88	110	220
183	502	88	110	221
184	501	88	110	221
185	500	88	110	220
186	499	88	110	220
187	498	88	109	219
188	496	88	108	217
189	496	89	108	216
190	495	90	107	214
191	496	90	106	212
192	496	91	105	210
193	497	91	104	208
194	498	92	103	206
195	499	92	102	204
196	500	93	100	201
197	501	93	99	198
198	501	93	98	196
199	502	93	97	194
200	503	93	96	193
201	503	92	96	193
202	502	92	98	196
203	501	92	99	199
204	501	92	100	201
205	501	93	100	201
206	502	93	99	199
207	503	92	98	197
208	505	91	98	196
209	505	90	97	195
210	506	89	96	193
211	507	89	96	192
212	507	88	94	189
213	507	89	93	187
214	506	89	93	186
215	505	89	93	187
216	504	88	95	191
217	503	87	97	195
218	502	87	99	199
219	501	87	102	205
220	501	89	105	210
221	501	91	107	214
222	503	93	107	215
223	505	95	107	215
224	508	98	107	214
225	511	100	106	212
226	513	102	105	211
227	515	101	106	212
228	515	100	106	213
229	516	99	107	214
230	516	98	107	215
231	516	98	107	214
232	515	97	107	214
233	514	97	107	215
234	513	96	107	215
235	511	97	107	214
236	510	100	105	211
237	509	103	103	207
238	508	108	101	202
239	507	114	98	196
240	506	119	96	192
241	504	123	94	188
242	502	126	92	185
243	500	125	93	186
244	498	122	95	190
245	496	116	98	197
246	495	110	102	204
247	495	104	105	211
248	495	98	108	217
249	494	93	110	221
250	494	88	112	225
251	494	85	114	228
252	494	82	114	229
253	495	81	115	230
254	496	81	115	230
255	498	82	114	229
256	499	84	113	227
257	501	86	112	224
258	504	89	110	221
259	505	90	109	218
260	507	91	109	218
261	508	92	109	218
262	510	92	109	218
263	512	92	109	219
264	513	93	110	220
265	514	93	110	221
266	513	93	110	221
267	513	93	110	221
268	512	93	111	222
269	511	93	111	223
270	510	92	112	224
271	510	91	112	225
272	509	89	113	226
273	509	88	113	227
274	509	86	113	227
275	509	85	113	227
276	508	84	112	225
277	507	84	112	224
278	505	84	111	223
279	503	84	111	222
280	502	85	110	221
281	500	85	110	220
282	500	85	110	220
283	500	86	110	220
284	501	88	109	219
285	503	89	109	218
286	505	91	108	217
287	508	92	108	216
288	511	94	107	214
289	513	96	106	212
290	514	98	105	210
291	514	101	103	207
292	514	103	102	205
293	512	105	101	202
294	508	108	99	199
295	503	111	98	196
296	498	113	96	193
297	492	115	95	191
298	487	117	94	189
299	482	119	93	186
300	478	121	92	184
301	474	123	91	182
302	471	125	90	181
303	468	127	89	179
304	465	129	89	178
305	462	132	88	177
306	458	134	88	176
307	453	137	87	175
308	448	140	87	175
309	442	139	89	178
310	435	138	91	183
311	428	137	94	188
312	420	134	97	194
313	414	132	98	196
314	409	129	99	198
315	404	125	100	200
316	399	121	101	202
317	394	116	102	204
318	389	110	103	206
319	384	104	104	208
320	380	97	104	209
321	376	90	105	211
3D Trajetory (frame, x, z, height, pose)
178	1.93	3.34	1.81	2.00
179	2.09	3.39	1.87	2.00
180	2.09	3.39	1.87	1.00
181	2.10	3.41	1.87	2.00
182	2.05	3.38	1.87	2.00
183	2.00	3.36	1.87	2.00
184	1.95	3.33	1.86	2.00
185	1.90	3.31	1.86	1.00
186	2.08	3.57	1.87	2.00
187	2.07	3.55	1.86	2.00
188	2.07	3.55	1.86	2.00
189	1.95	3.37	1.85	3.00
190	1.91	3.31	1.85	3.00
191	1.90	3.29	1.86	3.00
192	1.90	3.30	1.86	4.00
193	1.97	3.43	1.86	4.00
194	2.02	3.51	1.86	4.00
195	2.05	3.57	1.85	4.00
196	2.12	3.68	1.86	4.00
197	2.15	3.72	1.86	4.00
198	2.17	3.75	1.87	4.00
199	2.18	3.77	1.87	4.00
200	2.20	3.81	1.86	4.00
201	2.23	3.87	1.87	4.00
202	2.25	3.92	1.87	4.00
203	2.25	3.91	1.87	2.00
204	2.23	3.87	1.86	2.00
205	2.21	3.82	1.86	2.00
206	2.22	3.82	1.86	2.00
207	2.23	3.83	1.85	2.00
208	2.20	3.78	1.85	2.00
209	2.17	3.74	1.85	2.00
210	2.15	3.69	1.85	2.00
211	2.23	3.81	1.85	2.00
212	2.29	3.90	1.86	2.00
213	2.35	3.98	1.86	2.00
214	2.35	3.99	1.86	2.00
215	2.35	4.00	1.86	1.00
216	2.34	4.01	1.86	4.00
217	2.33	3.98	1.86	4.00
218	2.31	3.96	1.86	2.00
219	2.30	3.94	1.86	2.00
220	2.28	3.92	1.86	2.00
221	2.25	3.87	1.86	2.00
222	2.23	3.79	1.86	2.00
223	2.20	3.71	1.86	3.00
224	2.18	3.64	1.86	2.00
225	2.19	3.62	1.86	2.00
226	2.20	3.60	1.85	2.00
227	2.21	3.59	1.85	2.00
228	2.21	3.58	1.85	2.00
229	2.20	3.55	1.84	2.00
230	2.20	3.53	1.84	2.00
231	2.20	3.51	1.84	4.00
232	2.19	3.50	1.84	4.00
233	2.17	3.46	1.84	4.00
234	2.14	3.42	1.84	2.00
235	2.12	3.39	1.85	3.00
236	2.14	3.42	1.85	3.00
237	2.13	3.43	1.85	3.00
238	2.12	3.43	1.84	3.00
239	2.11	3.44	1.84	3.00
240	2.10	3.49	1.84	3.00
241	2.10	3.54	1.84	3.00
242	2.10	3.58	1.84	3.00
243	2.10	3.58	1.84	3.00
244	2.09	3.59	1.84	3.00
245	2.08	3.59	1.83	3.00
246	2.07	3.59	1.83	2.00
247	2.06	3.59	1.83	2.00
248	2.03	3.56	1.84	2.00
249	2.00	3.53	1.84	2.00
250	2.00	3.48	1.84	4.00
251	1.98	3.43	1.84	4.00
252	1.96	3.38	1.84	2.00
253	1.95	3.34	1.84	2.00
254	1.94	3.34	1.84	4.00
255	1.93	3.34	1.84	4.00
256	1.91	3.33	1.84	4.00
257	1.91	3.33	1.84	4.00
258	1.93	3.31	1.84	4.00
259	1.95	3.30	1.85	2.00
260	1.96	3.30	1.85	2.00
261	1.98	3.29	1.85	2.00
262	2.00	3.29	1.85	2.00
263	2.01	3.29	1.85	2.00
264	2.03	3.30	1.85	2.00
265	2.05	3.32	1.85	2.00
266	2.07	3.33	1.85	2.00
267	2.05	3.31	1.85	2.00
268	2.05	3.31	1.85	2.00
269	2.06	3.31	1.85	2.00
270	2.07	3.31	1.85	2.00
271	2.05	3.30	1.85	4.00
272	2.05	3.29	1.85	2.00
273	2.05	3.28	1.85	1.00
274	2.04	3.28	1.85	1.00
275	2.04	3.28	1.85	1.00
276	2.03	3.28	1.85	1.00
277	2.03	3.29	1.85	1.00
278	2.03	3.29	1.85	1.00
279	2.02	3.29	1.86	1.00
280	2.02	3.29	1.86	1.00
281	2.00	3.31	1.86	1.00
282	1.99	3.32	1.85	4.00
283	1.98	3.35	1.86	4.00
284	1.97	3.37	1.86	4.00
285	1.97	3.39	1.86	4.00
286	1.99	3.40	1.86	4.00
287	2.02	3.41	1.86	1.00
288	2.04	3.41	1.86	2.00
289	2.06	3.42	1.86	2.00
290	2.09	3.45	1.86	2.00
291	2.12	3.47	1.86	3.00
292	2.15	3.50	1.87	3.00
293	2.16	3.55	1.87	3.00
294	2.17	3.60	1.87	2.00
295	2.18	3.65	1.87	1.00
296	2.16	3.69	1.87	2.00
297	2.14	3.72	1.87	1.00
298	2.13	3.75	1.87	2.00
299	2.12	3.77	1.87	2.00
300	2.11	3.80	1.87	2.00
301	2.06	3.85	1.87	2.00
302	2.02	3.87	1.86	2.00
303	1.99	3.90	1.86	2.00
304	1.96	3.93	1.86	3.00
305	1.94	3.99	1.86	3.00
306	1.93	4.04	1.86	3.00
307	1.88	4.04	1.86	3.00
308	1.83	4.04	1.85	3.00
309	1.77	4.05	1.85	3.00
310	1.72	4.06	1.85	3.00
311	1.67	4.06	1.85	3.00
312	1.61	4.06	1.85	3.00
313	1.54	4.05	1.85	3.00
314	1.46	4.02	1.84	3.00
315	1.39	3.98	1.84	3.00
316	1.29	3.89	1.84	4.00
317	1.21	3.79	1.84	4.00
318	1.13	3.76	1.84	4.00
319	1.10	3.78	1.84	4.00
320	1.08	3.79	1.84	4.00
321	1.06	3.80	1.84	4.00
Target 17 (frames from 178 to 209)
Bounding Boxes (frame, x, y, width, height)
178	301	104	73	147
179	301	104	73	147
180	302	103	74	148
181	302	103	74	148
182	302	103	74	148
183	302	102	74	148
184	302	102	74	148
185	302	102	74	149
186	302	102	74	149
187	302	101	74	149
188	302	101	74	149
189	302	100	75	150
190	302	100	75	150
191	302	100	75	150
192	302	99	75	151
193	302	99	75	151
194	302	98	75	151
195	302	98	75	151
196	302	98	75	151
197	302	97	76	152
198	302	97	76	153
199	302	96	77	154
200	302	95	77	155
201	302	95	78	156
202	302	96	78	156
203	302	96	78	156
204	302	96	78	156
205	302	97	77	155
206	302	98	77	155
207	302	99	77	155
208	301	100	77	154
209	301	101	76	153
3D Trajetory (frame, x, z, height, pose)
178	0.24	4.97	1.83	2.00
179	0.24	5.02	1.87	4.00
180	0.24	5.02	1.87	4.00
181	0.24	5.10	1.88	4.00
182	0.24	5.08	1.88	4.00
183	0.24	5.07	1.88	4.00
184	0.25	5.05	1.88	4.00
185	0.25	5.03	1.89	4.00
186	0.25	5.02	1.89	4.00
187	0.25	5.00	1.89	4.00
188	0.25	4.98	1.89	4.00
189	0.25	4.97	1.89	4.00
190	0.25	4.95	1.90	4.00
191	0.25	4.93	1.90	4.00
192	0.25	4.92	1.90	4.00
193	0.26	4.90	1.90	4.00
194	0.26	4.88	1.91	4.00
195	0.26	4.87	1.91	4.00
196	0.26	4.85	1.91	4.00
197	0.26	4.83	1.91	4.00
198	0.26	4.81	1.91	4.00
199	0.26	4.80	1.92	4.00
200	0.26	4.78	1.92	4.00
201	0.26	4.76	1.92	4.00
202	0.27	4.75	1.92	4.00
203	0.27	4.73	1.92	4.00
204	0.27	4.58	1.86	2.00
205	0.26	4.48	1.83	2.00
206	0.26	4.65	1.84	2.00
207	0.26	4.71	1.84	2.00
208	0.22	4.90	1.84	2.00
209	0.21	5.02	1.84	2.00
Target 18 (frames from 185 to 306)
Bounding Boxes (frame, x, y, width, height)
185	312	103	73	147
186	312	103	75	150
187	312	103	76	152
188	311	102	77	154
189	311	102	78	156
190	310	102	78	157
191	310	101	79	158
192	309	101	79	159
193	308	100	79	159
194	308	100	80	160
195	307	100	78	157
196	306	99	78	156
197	304	98	77	155
198	303	97	77	155
199	302	96	77	154
200	301	95	77	154
201	300	93	77	155
202	298	91	78	157
203	297	90	79	159
204	296	88	80	160
205	295	87	80	160
206	295	86	79	159
207	294	86	79	159
208	294	85	79	159
209	294	86	79	159
210	295	87	78	157
211	295	88	78	156
212	295	88	78	156
213	296	89	78	157
214	296	90	78	157
215	296	91	78	157
216	297	92	78	156
217	297	93	77	155
218	297	93	77	155
219	298	93	77	155
220	297	93	78	156
221	298	93	78	156
222	298	93	78	156
223	299	93	78	156
224	300	93	77	155
225	300	94	77	154
226	301	95	77	154
227	302	97	76	152
228	302	98	75	151
229	303	100	75	150
230	303	102	74	149
231	303	104	73	147
232	304	107	72	145
233	304	109	71	142
234	305	111	69	139
235	305	114	68	136
236	306	117	66	132
237	306	120	64	128
238	307	122	63	126
239	306	123	63	126
240	305	123	63	127
241	304	122	64	129
242	303	120	66	133
243	301	117	69	138
244	299	113	72	144
245	297	108	75	150
246	295	104	77	155
247	293	98	80	161
248	291	92	84	168
249	288	87	87	174
250	286	82	89	179
251	285	78	91	183
252	284	77	92	185
253	284	77	92	184
254	284	79	90	181
255	286	82	89	178
256	287	85	88	176
257	288	88	86	173
258	289	91	85	171
259	291	95	84	168
260	292	98	82	165
261	294	101	81	163
262	296	104	80	160
263	298	106	78	157
264	299	106	78	157
265	300	105	78	157
266	300	104	79	159
267	300	102	80	160
268	300	101	80	161
269	300	100	81	162
270	301	98	81	162
271	301	97	81	162
272	302	96	81	162
273	302	95	81	162
274	302	94	81	162
275	302	93	81	162
276	302	92	81	162
277	302	93	80	161
278	303	93	80	160
279	303	94	80	160
280	304	95	79	159
281	304	95	79	158
282	304	95	79	158
283	305	96	78	157
284	305	98	77	155
285	306	100	77	154
286	307	101	77	154
287	308	103	76	153
288	309	105	76	152
289	310	107	75	151
290	310	108	75	151
291	310	109	75	151
292	310	111	75	151
293	311	112	74	149
294	311	113	74	149
295	309	113	75	150
296	308	112	75	151
297	306	111	76	153
298	305	110	77	154
299	303	108	78	156
300	302	105	79	158
301	301	102	80	161
302	300	99	82	164
303	298	95	83	167
304	297	91	85	171
305	295	86	87	174
306	293	81	89	178
3D Trajetory (frame, x, z, height, pose)
185	0.42	5.47	1.77	2.00
186	0.28	4.85	1.94	2.00
187	0.36	4.74	1.87	2.00
188	0.38	4.74	1.86	2.00
189	0.37	4.58	1.86	2.00
190	0.36	4.51	1.85	2.00
191	0.36	4.48	1.85	2.00
192	0.36	4.46	1.85	2.00
193	0.36	4.54	1.86	2.00
194	0.34	4.68	1.87	2.00
195	0.33	4.76	1.88	2.00
196	0.31	4.82	1.88	2.00
197	0.30	4.87	1.89	2.00
198	0.29	4.91	1.89	2.00
199	0.29	4.94	1.90	2.00
200	0.28	5.07	1.90	4.00
201	0.26	5.06	1.91	4.00
202	0.24	5.04	1.91	4.00
203	0.24	5.06	1.91	4.00
204	0.23	5.08	1.91	4.00
205	0.22	5.11	1.91	4.00
206	0.22	5.13	1.92	4.00
207	0.21	5.15	1.92	4.00
208	0.20	5.17	1.92	4.00
209	0.20	5.19	1.92	4.00
210	0.19	5.21	1.92	4.00
211	0.19	5.25	1.92	4.00
212	0.19	5.26	1.92	4.00
213	0.19	5.27	1.92	4.00
214	0.19	5.20	1.93	2.00
215	0.19	5.13	1.93	2.00
216	0.18	5.08	1.93	2.00
217	0.18	5.08	1.93	2.00
218	0.18	5.06	1.93	2.00
219	0.18	5.04	1.93	2.00
220	0.18	5.02	1.94	2.00
221	0.19	5.08	1.94	2.00
222	0.19	5.12	1.94	2.00
223	0.20	5.16	1.95	2.00
224	0.21	5.20	1.95	2.00
225	0.20	5.19	1.95	2.00
226	0.22	5.18	1.96	2.00
227	0.23	5.17	1.96	2.00
228	0.24	5.16	1.96	2.00
229	0.25	5.14	1.96	2.00
230	0.25	5.16	1.95	2.00
231	0.25	5.19	1.95	2.00
232	0.25	5.20	1.95	2.00
233	0.25	5.20	1.95	2.00
234	0.25	5.21	1.95	2.00
235	0.25	5.21	1.95	2.00
236	0.25	5.22	1.95	2.00
237	0.25	5.23	1.95	2.00
238	0.25	5.23	1.95	2.00
239	0.25	5.24	1.95	2.00
240	0.25	5.24	1.95	2.00
241	0.25	5.25	1.95	2.00
242	0.25	5.26	1.95	2.00
243	0.25	5.26	1.95	2.00
244	0.25	5.27	1.95	2.00
245	0.24	5.23	1.95	2.00
246	0.21	5.16	1.95	2.00
247	0.19	5.10	1.95	2.00
248	0.19	5.04	1.96	2.00
249	0.19	4.99	1.96	3.00
250	0.17	4.89	1.97	3.00
251	0.16	4.86	1.97	3.00
252	0.16	4.84	1.97	3.00
253	0.15	4.82	1.98	3.00
254	0.13	4.73	1.98	2.00
255	0.12	4.66	1.98	2.00
256	0.11	4.59	1.98	2.00
257	0.11	4.58	1.98	2.00
258	0.12	4.59	1.98	2.00
259	0.13	4.60	1.98	2.00
260	0.14	4.61	1.98	2.00
261	0.15	4.63	1.98	2.00
262	0.16	4.65	1.98	2.00
263	0.17	4.66	1.98	2.00
264	0.17	4.68	1.98	2.00
265	0.18	4.70	1.98	2.00
266	0.20	4.72	1.98	2.00
267	0.22	4.74	1.98	2.00
268	0.23	4.76	1.98	2.00
269	0.23	4.77	1.98	2.00
270	0.23	4.79	1.98	2.00
271	0.24	4.77	1.98	2.00
272	0.25	4.74	1.98	2.00
273	0.26	4.76	1.98	2.00
274	0.27	4.79	1.98	2.00
275	0.28	4.80	1.98	2.00
276	0.29	4.81	1.98	2.00
277	0.29	4.83	1.98	2.00
278	0.30	4.84	1.98	2.00
279	0.30	4.85	1.98	2.00
280	0.29	4.84	1.98	2.00
281	0.30	4.85	1.98	2.00
282	0.30	4.86	1.98	2.00
283	0.31	4.89	1.98	2.00
284	0.32	4.91	1.98	2.00
285	0.33	4.94	1.98	2.00
286	0.33	4.97	1.98	2.00
287	0.34	5.01	1.98	2.00
288	0.35	5.05	1.98	2.00
289	0.35	5.09	1.98	2.00
290	0.35	5.12	1.99	2.00
291	0.36	5.14	1.99	2.00
292	0.37	5.16	1.99	2.00
293	0.38	5.18	1.99	2.00
294	0.37	5.22	1.99	2.00
295	0.37	5.26	1.99	2.00
296	0.38	5.27	1.99	2.00
297	0.38	5.28	1.99	2.00
298	0.38	5.30	1.99	2.00
299	0.37	5.32	1.99	2.00
300	0.36	5.36	1.99	2.00
301	0.33	5.34	2.00	3.00
302	0.30	5.30	2.00	3.00
303	0.27	5.26	2.00	3.00
304	0.29	5.25	2.00	3.00
305	0.29	5.23	2.01	3.00
306	0.30	5.21	2.01	1.00
Target 19 (frames from 204 to 292)
Bounding Boxes (frame, x, y, width, height)
204	120	67	79	158
205	118	66	82	165
206	116	65	86	172
207	115	64	89	178
208	113	63	92	184
209	112	63	94	189
210	110	63	97	194
211	108	63	99	199
212	107	63	101	203
213	105	63	103	207
214	103	63	105	211
215	101	64	107	215
216	99	65	109	219
217	98	66	111	222
218	97	67	112	224
219	96	69	113	226
220	95	71	113	226
221	94	72	113	227
222	94	74	113	226
223	94	76	113	226
224	94	77	112	225
225	94	77	113	226
226	94	77	113	227
227	93	77	115	230
228	93	77	115	231
229	92	77	115	230
230	92	77	114	228
231	92	77	113	226
232	91	76	112	224
233	91	76	112	224
234	91	75	111	223
235	91	75	112	224
236	90	74	112	225
237	90	74	112	224
238	89	75	111	222
239	89	76	110	221
240	89	77	110	221
241	89	77	110	221
242	88	78	110	221
243	87	79	111	222
244	86	79	112	224
245	85	79	113	226
246	84	80	113	226
247	83	80	113	226
248	82	80	114	228
249	82	79	115	230
250	81	78	116	232
251	80	76	117	234
252	79	74	118	236
253	78	72	119	238
254	77	71	119	239
255	76	70	119	238
256	75	69	118	236
257	74	69	117	235
258	73	68	117	234
259	72	68	117	234
260	71	68	117	234
261	70	68	117	235
262	69	69	118	236
263	68	69	119	238
264	68	70	120	240
265	68	69	121	243
266	68	67	124	249
267	67	64	127	254
268	67	62	128	257
269	67	59	129	259
270	68	57	129	258
271	70	55	128	256
272	71	53	126	252
273	72	51	124	248
274	74	51	121	243
275	75	51	118	237
276	76	52	115	231
277	76	53	114	229
278	76	53	114	229
279	75	55	115	230
280	74	58	115	231
281	73	61	117	234
282	71	64	118	237
283	68	68	120	240
284	66	73	119	238
285	63	78	117	235
286	61	84	116	232
287	58	90	113	227
288	55	97	111	222
289	52	105	108	216
290	48	113	104	209
291	44	122	100	201
292	40	131	96	192
3D Trajetory (frame, x, z, height, pose)
204	-2.18	5.44	2.36	2.00
205	-2.20	5.50	2.35	2.00
206	-2.22	5.56	2.34	2.00
207	-2.19	5.48	2.34	2.00
208	-2.11	5.27	2.32	2.00
209	-2.03	5.07	2.29	2.00
210	-1.95	4.86	2.26	2.00
211	-1.88	4.65	2.24	2.00
212	-1.80	4.45	2.21	2.00
213	-1.72	4.24	2.18	2.00
214	-1.64	4.04	2.15	2.00
215	-1.50	3.67	2.14	3.00
216	-1.51	3.71	2.15	3.00
217	-1.60	3.84	2.15	3.00
218	-1.68	3.98	2.14	3.00
219	-1.72	4.02	2.13	3.00
220	-1.73	4.04	2.13	3.00
221	-1.75	4.05	2.13	3.00
222	-1.61	3.81	2.10	3.00
223	-1.52	3.64	2.08	3.00
224	-1.46	3.54	2.06	3.00
225	-1.49	3.56	2.06	3.00
226	-1.51	3.57	2.06	3.00
227	-1.52	3.58	2.06	3.00
228	-1.53	3.59	2.06	3.00
229	-1.49	3.54	2.05	3.00
230	-1.50	3.54	2.05	3.00
231	-1.51	3.54	2.05	2.00
232	-1.52	3.54	2.05	2.00
233	-1.52	3.54	2.04	2.00
234	-1.53	3.55	2.05	2.00
235	-1.54	3.56	2.05	2.00
236	-1.59	3.68	2.06	2.00
237	-1.60	3.68	2.06	2.00
238	-1.60	3.69	2.06	2.00
239	-1.61	3.71	2.07	3.00
240	-1.62	3.72	2.08	3.00
241	-1.63	3.74	2.08	3.00
242	-1.64	3.76	2.09	3.00
243	-1.66	3.76	2.09	3.00
244	-1.69	3.80	2.09	3.00
245	-1.71	3.83	2.09	3.00
246	-1.69	3.80	2.09	3.00
247	-1.67	3.77	2.09	3.00
248	-1.67	3.74	2.09	3.00
249	-1.67	3.71	2.09	3.00
250	-1.67	3.68	2.08	2.00
251	-1.66	3.65	2.08	2.00
252	-1.66	3.63	2.08	2.00
253	-1.65	3.60	2.07	2.00
254	-1.64	3.58	2.07	2.00
255	-1.63	3.56	2.07	2.00
256	-1.60	3.52	2.07	2.00
257	-1.62	3.51	2.07	2.00
258	-1.64	3.51	2.07	2.00
259	-1.65	3.51	2.07	2.00
260	-1.67	3.52	2.07	2.00
261	-1.68	3.52	2.08	2.00
262	-1.69	3.52	2.08	2.00
263	-1.69	3.52	2.08	2.00
264	-1.70	3.53	2.08	2.00
265	-1.68	3.52	2.08	2.00
266	-1.67	3.49	2.08	2.00
267	-1.66	3.46	2.08	2.00
268	-1.64	3.42	2.08	2.00
269	-1.62	3.38	2.08	2.00
270	-1.59	3.36	2.08	2.00
271	-1.58	3.34	2.09	2.00
272	-1.57	3.33	2.09	2.00
273	-1.57	3.32	2.09	2.00
274	-1.57	3.31	2.10	2.00
275	-1.58	3.38	2.10	2.00
276	-1.60	3.44	2.10	2.00
277	-1.62	3.49	2.11	2.00
278	-1.63	3.54	2.11	2.00
279	-1.64	3.55	2.11	2.00
280	-1.65	3.55	2.11	2.00
281	-1.66	3.56	2.11	2.00
282	-1.67	3.57	2.11	2.00
283	-1.69	3.56	2.11	2.00
284	-1.67	3.51	2.11	2.00
285	-1.65	3.47	2.11	3.00
286	-1.68	3.47	2.10	3.00
287	-1.71	3.46	2.10	1.00
288	-1.74	3.46	2.10	1.00
289	-1.76	3.46	2.09	1.00
290	-1.84	3.51	2.09	1.00
291	-1.91	3.57	2.08	1.00
292	-1.97	3.62	2.08	1.00
Target 20 (frames from 236 to 282)
Bounding Boxes (frame, x, y, width, height)
236	127	77	121	242
237	126	78	120	240
238	126	79	119	239
239	126	80	119	238
240	125	81	118	237
241	125	81	118	237
242	124	81	118	236
243	124	81	118	237
244	124	81	118	237
245	123	81	119	238
246	123	81	119	238
247	124	81	119	239
248	124	80	120	240
249	123	77	122	244
250	121	74	125	250
251	120	71	127	255
252	119	69	128	257
253	118	67	130	260
254	117	66	131	262
255	116	65	131	263
256	116	64	131	263
257	115	64	131	263
258	115	65	131	262
259	115	66	130	260
260	116	67	129	258
261	116	68	127	255
262	117	70	126	252
263	118	72	124	249
264	119	73	123	246
265	120	75	122	245
266	121	75	122	245
267	120	73	124	248
268	120	72	124	249
269	120	72	124	249
270	120	73	124	248
271	120	73	124	248
272	121	73	124	248
273	120	73	124	249
274	120	72	125	251
275	119	70	126	252
276	117	69	127	255
277	116	67	128	257
278	114	66	130	260
279	112	63	131	263
280	110	61	133	267
281	108	59	135	271
282	105	56	137	275
3D Trajetory (frame, x, z, height, pose)
236	-1.14	3.43	2.07	3.00
237	-1.14	3.43	2.06	3.00
238	-1.15	3.43	2.06	3.00
239	-1.15	3.43	2.05	3.00
240	-1.16	3.43	2.05	3.00
241	-1.16	3.43	2.04	3.00
242	-1.17	3.43	2.04	3.00
243	-1.17	3.43	2.03	3.00
244	-1.18	3.43	2.03	3.00
245	-1.14	3.33	1.97	3.00
246	-1.13	3.29	1.96	3.00
247	-1.11	3.25	1.96	3.00
248	-1.09	3.21	1.96	3.00
249	-1.08	3.17	1.95	3.00
250	-1.06	3.13	1.95	3.00
251	-1.04	3.08	1.94	3.00
252	-1.03	3.04	1.94	3.00
253	-1.01	3.00	1.93	3.00
254	-0.99	2.96	1.93	3.00
255	-1.01	2.91	1.99	3.00
256	-1.02	2.87	2.04	3.00
257	-1.03	2.82	2.10	3.00
258	-1.12	3.23	2.06	3.00
259	-1.18	3.46	2.07	3.00
260	-1.18	3.48	2.07	3.00
261	-1.14	3.23	2.06	2.00
262	-1.14	3.29	2.05	2.00
263	-1.14	3.32	2.05	2.00
264	-1.14	3.33	2.04	2.00
265	-1.13	3.31	2.04	2.00
266	-1.13	3.28	2.04	2.00
267	-1.12	3.26	2.04	2.00
268	-1.12	3.23	2.04	2.00
269	-1.11	3.20	2.03	2.00
270	-1.11	3.18	2.03	2.00
271	-1.11	3.15	2.03	2.00
272	-1.10	3.13	2.03	2.00
273	-1.10	3.10	2.03	2.00
274	-1.09	3.08	2.03	2.00
275	-1.09	3.05	2.03	2.00
276	-1.09	3.03	2.02	2.00
277	-1.08	3.00	2.02	2.00
278	-1.08	2.98	2.02	2.00
279	-1.07	2.95	2.02	2.00
280	-1.07	2.95	2.02	2.00
281	-1.09	2.98	2.04	2.00
282	-1.09	2.99	2.04	2.00
Target 21 (frames from 248 to 293)
Bounding Boxes (frame, x, y, width, height)
248	241	96	62	124
249	235	92	67	135
250	229	89	72	145
251	224	86	77	155
252	220	83	82	164
253	215	81	86	172
254	212	79	89	179
255	209	77	92	185
256	206	76	95	191
257	204	76	98	196
258	202	75	100	201
259	201	76	102	204
260	202	78	103	206
261	202	80	103	207
262	203	82	103	206
263	204	84	102	205
264	204	85	103	206
265	204	85	104	208
266	204	84	104	209
267	205	84	102	205
268	207	83	100	201
269	208	83	98	197
270	209	83	96	193
271	210	83	95	190
272	211	83	93	187
273	211	82	93	186
274	211	80	92	185
275	211	79	92	185
276	211	79	92	184
277	211	79	92	184
278	211	80	92	185
279	211	80	93	186
280	211	81	94	189
281	210	82	96	193
282	208	81	99	199
283	207	81	101	203
284	206	81	103	206
285	205	82	104	208
286	204	82	105	211
287	203	82	106	213
288	202	83	107	215
289	201	83	109	218
290	200	84	110	220
291	199	85	111	222
292	198	85	111	223
293	196	86	112	225
3D Trajetory (frame, x, z, height, pose)
248	-0.82	6.82	2.26	2.00
249	-0.82	6.82	2.26	2.00
250	-0.78	6.47	2.23	2.00
251	-0.85	5.64	2.23	2.00
252	-0.89	5.56	2.25	2.00
253	-0.90	5.48	2.23	2.00
254	-0.76	4.57	2.21	2.00
255	-0.69	4.17	2.18	2.00
256	-0.66	3.98	2.16	2.00
257	-0.74	4.38	2.16	2.00
258	-0.71	4.19	2.14	2.00
259	-0.69	4.07	2.12	2.00
260	-0.68	4.00	2.11	2.00
261	-0.66	3.89	2.10	2.00
262	-0.65	3.81	2.10	2.00
263	-0.64	3.75	2.10	2.00
264	-0.63	3.72	2.10	2.00
265	-0.63	3.75	2.09	2.00
266	-0.63	3.83	2.09	2.00
267	-0.63	3.85	2.09	2.00
268	-0.62	3.84	2.08	2.00
269	-0.62	3.85	2.08	2.00
270	-0.62	3.86	2.07	2.00
271	-0.62	3.87	2.07	2.00
272	-0.62	3.88	2.07	2.00
273	-0.64	4.02	2.08	2.00
274	-0.65	4.14	2.08	2.00
275	-0.65	4.16	2.07	2.00
276	-0.65	4.17	2.07	2.00
277	-0.65	4.18	2.06	2.00
278	-0.65	4.19	2.06	2.00
279	-0.65	4.21	2.06	2.00
280	-0.65	4.22	2.06	2.00
281	-0.65	4.21	2.06	2.00
282	-0.65	4.21	2.06	2.00
283	-0.64	4.20	2.06	2.00
284	-0.64	4.18	2.06	2.00
285	-0.64	4.17	2.06	2.00
286	-0.64	4.14	2.07	2.00
287	-0.63	4.09	2.07	2.00
288	-0.63	4.04	2.07	2.00
289	-0.63	4.00	2.07	2.00
290	-0.63	3.99	2.07	2.00
291	-0.63	3.97	2.07	2.00
292	-0.63	3.96	2.07	2.00
293	-0.63	3.95	2.07	1.00
Target 22 (frames from 257 to 403)
Bounding Boxes (frame, x, y, width, height)
257	213	70	116	232
258	213	70	116	232
259	213	70	116	232
260	213	70	116	232
261	214	71	115	231
262	214	71	115	231
263	214	71	115	231
264	214	71	115	230
265	214	72	115	230
266	214	72	115	230
267	214	72	115	230
268	214	73	114	229
269	214	73	114	229
270	214	73	114	229
271	214	73	114	229
272	214	74	114	228
273	214	74	114	228
274	214	74	114	228
275	214	74	113	227
276	214	75	113	227
277	214	75	113	227
278	214	75	113	227
279	214	76	113	226
280	215	76	113	226
281	215	76	113	226
282	215	76	113	226
283	215	77	112	225
284	215	77	112	225
285	215	77	112	225
286	215	77	112	225
287	215	78	112	225
288	214	78	112	225
289	214	78	113	227
290	214	78	114	228
291	214	79	113	227
292	214	80	112	224
293	216	80	110	220
294	218	81	107	214
295	221	82	103	206
296	224	82	98	197
297	228	82	94	189
298	231	81	91	183
299	234	80	89	179
300	237	80	88	176
301	240	79	87	175
302	243	79	88	176
303	246	79	89	178
304	249	79	91	182
305	251	79	93	187
306	253	80	96	193
307	255	80	100	200
308	258	81	102	204
309	261	82	102	204
310	264	83	101	203
311	267	84	100	201
312	271	84	98	197
313	274	85	96	192
314	276	84	94	188
315	278	82	93	187
316	279	81	93	187
317	280	80	94	189
318	281	79	95	191
319	282	78	97	194
320	282	78	99	199
321	282	77	102	204
322	280	77	105	211
323	279	77	109	219
324	279	76	113	226
325	279	75	117	235
326	280	75	121	242
327	281	74	123	247
328	282	75	125	251
329	283	74	127	254
330	284	74	128	256
331	285	73	129	258
332	287	71	130	261
333	288	70	132	264
334	289	68	133	267
335	290	66	134	269
336	290	64	135	271
337	291	63	136	272
338	291	62	136	273
339	291	62	137	274
340	290	62	137	275
341	291	63	137	275
342	291	63	138	276
343	293	64	137	275
344	294	65	137	274
345	295	67	135	270
346	296	68	133	267
347	296	69	132	264
348	297	70	131	263
349	297	70	131	262
350	298	70	131	262
351	298	70	131	262
352	298	69	131	263
353	298	68	131	263
354	298	68	131	263
355	298	68	131	262
356	298	68	131	262
357	298	68	131	263
358	298	67	131	263
359	297	67	132	264
360	298	68	132	264
361	298	68	132	264
362	299	70	131	262
363	299	71	131	262
364	298	72	130	261
365	297	74	130	260
366	296	75	130	260
367	295	77	129	259
368	293	78	130	260
369	291	79	130	261
370	289	79	131	262
371	287	79	132	264
372	285	79	133	266
373	283	79	133	267
374	281	78	134	269
375	280	77	135	270
376	279	76	135	271
377	279	76	135	271
378	280	76	134	269
379	280	77	133	267
380	281	78	133	266
381	280	77	133	266
382	281	79	131	262
383	282	81	127	255
384	285	84	123	246
385	288	87	118	237
386	291	89	113	227
387	294	91	108	217
388	297	93	103	206
389	301	95	97	195
390	304	96	92	184
391	307	97	87	174
392	310	97	82	165
393	312	96	78	156
394	314	96	73	147
395	316	94	71	142
396	317	93	69	139
397	317	91	68	136
398	317	88	68	136
399	317	85	68	136
400	316	82	69	138
401	315	78	71	142
402	313	73	73	146
403	311	68	76	152
3D Trajetory (frame, x, z, height, pose)
257	-0.42	3.46	2.02	2.00
258	-0.42	3.48	2.02	2.00
259	-0.42	3.50	2.03	2.00
260	-0.42	3.52	2.04	2.00
261	-0.43	3.54	2.05	2.00
262	-0.43	3.56	2.06	2.00
263	-0.43	3.58	2.07	2.00
264	-0.43	3.60	2.08	2.00
265	-0.44	3.62	2.08	2.00
266	-0.44	3.64	2.09	2.00
267	-0.44	3.66	2.10	2.00
268	-0.44	3.68	2.11	2.00
269	-0.45	3.70	2.12	2.00
270	-0.45	3.71	2.13	2.00
271	-0.45	3.73	2.13	2.00
272	-0.45	3.75	2.14	2.00
273	-0.45	3.77	2.15	2.00
274	-0.46	3.79	2.16	2.00
275	-0.46	3.81	2.17	2.00
276	-0.46	3.83	2.18	2.00
277	-0.46	3.85	2.18	2.00
278	-0.47	3.87	2.19	2.00
279	-0.47	3.89	2.20	2.00
280	-0.47	3.91	2.21	2.00
281	-0.47	3.93	2.22	2.00
282	-0.48	3.95	2.23	2.00
283	-0.48	3.97	2.24	2.00
284	-0.48	3.98	2.24	2.00
285	-0.48	4.00	2.25	2.00
286	-0.49	4.02	2.26	2.00
287	-0.49	4.04	2.27	2.00
288	-0.49	4.06	2.28	2.00
289	-0.49	4.08	2.29	2.00
290	-0.50	4.10	2.29	2.00
291	-0.50	4.12	2.30	2.00
292	-0.50	4.14	2.31	2.00
293	-0.50	4.16	2.32	2.00
294	-0.51	4.18	2.33	2.00
295	-0.51	4.21	2.34	2.00
296	-0.47	4.26	2.28	2.00
297	-0.46	4.26	2.27	2.00
298	-0.57	5.22	2.32	2.00
299	-0.64	5.80	2.34	2.00
300	-0.59	6.12	2.37	1.00
301	-0.56	6.43	2.39	1.00
302	-0.53	6.56	2.40	4.00
303	-0.51	6.63	2.41	4.00
304	-0.39	5.84	2.38	2.00
305	-0.30	5.17	2.34	2.00
306	-0.26	4.76	2.31	2.00
307	-0.17	4.63	2.29	2.00
308	-0.11	4.57	2.29	3.00
309	-0.07	4.53	2.29	3.00
310	-0.04	4.50	2.29	3.00
311	-0.02	4.61	2.30	3.00
312	0.00	4.63	2.31	3.00
313	0.04	4.71	2.32	2.00
314	0.08	4.76	2.32	2.00
315	0.10	4.81	2.32	2.00
316	0.12	4.86	2.32	2.00
317	0.13	4.90	2.31	2.00
318	0.15	4.87	2.32	2.00
319	0.18	4.86	2.32	2.00
320	0.19	4.84	2.32	2.00
321	0.21	4.82	2.31	2.00
322	0.23	4.70	2.31	2.00
323	0.24	4.58	2.30	2.00
324	0.25	4.46	2.28	2.00
325	0.26	4.35	2.27	2.00
326	0.26	4.26	2.27	1.00
327	0.26	4.17	2.27	1.00
328	0.27	4.08	2.26	1.00
329	0.27	3.98	2.26	1.00
330	0.31	3.78	2.24	1.00
331	0.33	3.67	2.24	1.00
332	0.36	3.57	2.23	1.00
333	0.37	3.44	2.21	1.00
334	0.34	3.41	2.20	1.00
335	0.31	3.39	2.20	3.00
336	0.33	3.31	2.19	3.00
337	0.33	3.20	2.17	3.00
338	0.33	3.11	2.16	3.00
339	0.34	3.03	2.16	3.00
340	0.33	2.96	2.14	2.00
341	0.33	2.94	2.14	2.00
342	0.33	2.90	2.13	2.00
343	0.33	2.90	2.13	2.00
344	0.33	2.89	2.12	2.00
345	0.33	2.88	2.11	2.00
346	0.33	2.88	2.10	2.00
347	0.33	2.88	2.10	2.00
348	0.33	2.89	2.09	2.00
349	0.33	2.90	2.09	2.00
350	0.33	2.90	2.08	2.00
351	0.34	2.91	2.08	2.00
352	0.34	2.92	2.08	2.00
353	0.34	2.93	2.07	2.00
354	0.34	2.95	2.07	2.00
355	0.34	2.96	2.07	2.00
356	0.34	2.97	2.06	2.00
357	0.34	2.98	2.06	2.00
358	0.34	2.99	2.06	2.00
359	0.34	3.00	2.06	2.00
360	0.34	3.01	2.06	2.00
361	0.34	3.02	2.06	2.00
362	0.34	3.03	2.05	2.00
363	0.34	3.04	2.05	2.00
364	0.34	3.04	2.05	2.00
365	0.33	3.02	2.05	2.00
366	0.34	3.05	2.05	1.00
367	0.34	3.07	2.05	1.00
368	0.35	3.09	2.05	1.00
369	0.30	3.10	2.05	1.00
370	0.31	3.13	2.04	2.00
371	0.26	3.09	2.05	2.00
372	0.27	3.12	2.05	2.00
373	0.27	3.12	2.05	2.00
374	0.26	3.11	2.05	2.00
375	0.25	3.11	2.05	2.00
376	0.24	3.10	2.05	2.00
377	0.24	3.15	2.05	2.00
378	0.24	3.19	2.05	2.00
379	0.25	3.24	2.05	2.00
380	0.25	3.28	2.05	2.00
381	0.25	3.33	2.05	2.00
382	0.25	3.37	2.05	2.00
383	0.25	3.42	2.05	2.00
384	0.25	3.46	2.05	2.00
385	0.25	3.51	2.05	2.00
386	0.25	3.55	2.05	2.00
387	0.25	3.60	2.06	2.00
388	0.25	3.64	2.06	2.00
389	0.27	3.80	2.06	2.00
390	0.28	3.96	2.06	2.00
391	0.30	4.12	2.06	2.00
392	0.32	4.25	2.05	2.00
393	0.33	4.37	2.05	2.00
394	0.34	4.52	2.05	2.00
395	0.34	4.59	2.05	2.00
396	0.34	4.67	2.05	2.00
397	0.34	4.75	2.05	2.00
398	0.33	4.83	2.05	2.00
399	0.33	4.91	2.05	2.00
400	0.33	4.99	2.05	2.00
401	0.33	5.07	2.05	2.00
402	0.36	5.12	2.05	2.00
403	0.40	5.18	2.06	2.00
Target 23 (frames from 258 to 299)
Bounding Boxes (frame, x, y, width, height)
258	443	102	102	205
259	442	102	103	206
260	442	102	103	206
261	442	103	103	207
262	441	103	104	208
263	441	103	104	208
264	441	103	104	209
265	440	103	104	209
266	440	103	105	210
267	440	103	105	210
268	440	104	105	210
269	439	104	105	211
270	439	104	105	211
271	439	104	105	211
272	439	105	105	211
273	439	105	105	211
274	438	105	106	212
275	438	105	106	212
276	438	106	106	212
277	438	106	106	212
278	438	106	106	212
279	437	106	106	213
280	437	106	106	213
281	437	107	106	213
282	437	107	106	213
283	436	107	107	214
284	436	107	107	215
285	435	107	108	216
286	435	108	107	215
287	436	108	107	214
288	437	109	106	212
289	438	110	104	209
290	439	110	103	207
291	439	110	103	206
292	440	109	102	205
293	440	109	102	204
294	440	108	102	204
295	440	107	101	203
296	440	106	101	202
297	440	105	100	201
298	440	103	100	200
299	440	101	99	199
3D Trajetory (frame, x, z, height, pose)
258	1.52	3.49	1.80	3.00
259	1.54	3.54	1.82	3.00
260	1.54	3.54	1.82	3.00
261	1.53	3.50	1.82	3.00
262	1.51	3.47	1.81	3.00
263	1.49	3.44	1.81	3.00
264	1.48	3.42	1.80	3.00
265	1.49	3.44	1.81	3.00
266	1.50	3.45	1.81	3.00
267	1.50	3.47	1.82	3.00
268	1.51	3.48	1.82	3.00
269	1.52	3.50	1.83	3.00
270	1.52	3.51	1.83	3.00
271	1.53	3.53	1.84	3.00
272	1.54	3.54	1.84	3.00
273	1.54	3.56	1.85	3.00
274	1.55	3.57	1.85	3.00
275	1.55	3.59	1.86	3.00
276	1.56	3.60	1.86	3.00
277	1.57	3.62	1.87	3.00
278	1.57	3.63	1.87	3.00
279	1.58	3.65	1.88	3.00
280	1.59	3.66	1.88	3.00
281	1.59	3.68	1.89	3.00
282	1.60	3.69	1.89	3.00
283	1.61	3.71	1.90	3.00
284	1.61	3.72	1.90	3.00
285	1.62	3.74	1.91	3.00
286	1.63	3.75	1.91	3.00
287	1.63	3.77	1.92	3.00
288	1.64	3.78	1.92	3.00
289	1.65	3.80	1.93	3.00
290	1.65	3.81	1.93	3.00
291	1.66	3.83	1.94	3.00
292	1.70	3.92	1.98	3.00
293	1.71	3.95	1.95	3.00
294	1.76	4.05	1.95	3.00
295	1.78	4.09	1.96	3.00
296	1.68	3.94	1.96	2.00
297	1.63	3.86	1.96	2.00
298	1.60	3.80	1.96	2.00
299	1.58	3.77	1.95	2.00
Target 24 (frames from 298 to 325)
Bounding Boxes (frame, x, y, width, height)
298	103	103	104	209
299	104	103	104	209
300	105	103	104	209
301	107	103	104	209
302	109	103	104	209
303	112	103	104	209
304	115	103	104	209
305	119	102	105	210
306	123	102	105	210
307	128	101	105	211
308	133	100	106	212
309	140	98	106	213
310	146	97	108	216
311	153	96	108	217
312	159	95	108	217
313	165	95	108	217
314	171	95	108	216
315	178	96	107	214
316	184	96	105	211
317	189	96	105	210
318	193	97	104	209
319	197	97	104	209
320	200	97	104	208
321	202	98	103	207
322	205	99	102	205
323	206	99	102	204
324	207	100	101	203
325	208	101	101	202
3D Trajetory (frame, x, z, height, pose)
298	-1.49	3.66	1.91	1.00
299	-1.49	3.66	1.91	1.00
300	-1.37	3.39	1.91	3.00
301	-1.45	3.62	1.92	3.00
302	-1.47	3.67	1.91	2.00
303	-1.48	3.70	1.90	2.00
304	-1.39	3.71	1.91	2.00
305	-1.35	3.74	1.91	1.00
306	-1.33	3.77	1.92	1.00
307	-1.30	3.75	1.92	1.00
308	-1.28	3.74	1.93	1.00
309	-1.22	3.71	1.94	1.00
310	-1.18	3.70	1.94	2.00
311	-1.10	3.68	1.95	2.00
312	-1.04	3.69	1.96	2.00
313	-0.95	3.68	1.96	1.00
314	-0.87	3.65	1.97	4.00
315	-0.81	3.63	1.97	4.00
316	-0.76	3.64	1.96	3.00
317	-0.72	3.66	1.96	3.00
318	-0.70	3.71	1.96	1.00
319	-0.66	3.71	1.96	1.00
320	-0.62	3.72	1.96	1.00
321	-0.58	3.72	1.96	1.00
322	-0.54	3.73	1.96	1.00
323	-0.50	3.73	1.96	1.00
324	-0.50	3.74	1.96	1.00
325	-0.49	3.74	1.96	1.00
Target 25 (frames from 366 to 411)
Bounding Boxes (frame, x, y, width, height)
366	241	96	118	237
367	240	99	117	234
368	240	102	116	232
369	239	105	114	229
370	239	107	113	227
371	239	109	112	225
372	239	111	112	224
373	238	112	111	223
374	238	113	111	222
375	238	114	111	222
376	238	115	110	221
377	238	114	111	222
378	238	113	111	223
379	238	112	112	224
380	238	111	113	226
381	239	111	113	226
382	239	111	113	227
383	239	112	113	227
384	239	114	113	226
385	239	116	112	224
386	239	119	112	224
387	239	122	111	223
388	240	125	110	220
389	240	127	109	219
390	240	129	109	218
391	240	130	109	218
392	239	130	109	219
393	239	129	110	220
394	240	126	110	221
395	239	124	111	222
396	239	121	110	221
397	239	118	110	220
398	238	116	109	219
399	237	114	108	217
400	235	112	108	216
401	233	109	107	215
402	231	106	108	216
403	230	104	108	217
404	230	102	109	219
405	229	99	110	221
406	229	97	111	223
407	229	95	113	226
408	229	92	115	230
409	229	90	116	233
410	230	88	119	238
411	230	86	121	242
3D Trajetory (frame, x, z, height, pose)
366	-0.16	3.17	1.81	4.00
367	-0.17	3.18	1.89	4.00
368	-0.17	3.18	1.89	4.00
369	-0.18	3.21	1.88	2.00
370	-0.18	3.24	1.87	2.00
371	-0.19	3.28	1.86	2.00
372	-0.20	3.31	1.85	2.00
373	-0.23	3.42	1.83	2.00
374	-0.23	3.44	1.83	2.00
375	-0.23	3.44	1.84	2.00
376	-0.21	3.37	1.87	1.00
377	-0.21	3.49	1.95	1.00
378	-0.22	3.60	2.02	1.00
379	-0.22	3.71	2.10	1.00
380	-0.22	3.83	2.17	4.00
381	-0.21	3.71	2.13	1.00
382	-0.21	3.68	2.12	1.00
383	-0.22	3.70	2.10	1.00
384	-0.23	3.72	2.09	1.00
385	-0.24	3.75	2.08	1.00
386	-0.25	3.77	2.07	1.00
387	-0.25	3.77	2.07	1.00
388	-0.24	3.58	1.98	1.00
389	-0.23	3.55	1.96	2.00
390	-0.22	3.44	1.96	2.00
391	-0.20	3.28	1.88	2.00
392	-0.18	3.16	1.82	2.00
393	-0.18	3.12	1.79	2.00
394	-0.18	3.11	1.77	2.00
395	-0.19	3.19	1.77	2.00
396	-0.19	3.24	1.77	2.00
397	-0.21	3.22	1.80	2.00
398	-0.21	3.25	1.81	1.00
399	-0.21	3.26	1.82	1.00
400	-0.21	3.26	1.82	1.00
401	-0.22	3.34	1.83	1.00
402	-0.25	3.38	1.83	4.00
403	-0.29	3.43	1.82	4.00
404	-0.29	3.42	1.83	4.00
405	-0.29	3.40	1.83	4.00
406	-0.29	3.39	1.84	4.00
407	-0.28	3.37	1.84	4.00
408	-0.27	3.36	1.84	4.00
409	-0.26	3.34	1.85	4.00
410	-0.24	3.29	1.85	4.00
411	-0.22	3.25	1.86	4.00
Target 26 (frames from 369 to 390)
Bounding Boxes (frame, x, y, width, height)
369	346	85	122	244
370	348	89	120	240
371	350	93	118	236
372	352	97	116	232
373	353	102	114	228
374	355	106	112	224
375	356	110	110	220
376	358	114	108	216
377	359	119	106	212
378	361	123	104	208
379	361	128	102	205
380	362	134	100	201
381	363	139	98	197
382	365	143	96	193
383	366	146	95	190
384	368	150	93	187
385	370	152	91	183
386	372	155	90	180
387	374	157	88	177
388	376	159	86	173
389	378	160	85	170
390	381	162	83	167
3D Trajetory (frame, x, z, height, pose)
369	0.69	3.21	1.97	3.00
370	0.73	3.31	1.99	3.00
371	0.77	3.42	2.01	3.00
372	0.80	3.53	2.03	3.00
373	0.84	3.63	2.05	3.00
374	0.85	3.66	2.07	3.00
375	0.85	3.66	2.07	3.00
376	0.89	3.75	1.99	2.00
377	0.89	3.80	1.98	2.00
378	0.90	3.89	2.00	2.00
379	0.91	3.95	2.01	2.00
380	0.94	4.01	2.00	2.00
381	0.96	4.08	1.98	2.00
382	0.98	4.14	1.96	2.00
383	1.01	4.20	1.94	2.00
384	1.03	4.26	1.92	2.00
385	1.05	4.32	1.90	2.00
386	1.07	4.39	1.88	2.00
387	1.07	4.39	1.88	3.00
388	1.06	4.17	1.84	2.00
389	1.05	3.95	1.79	2.00
390	1.04	3.73	1.75	2.00
Target 27 (frames from 401 to 486)
Bounding Boxes (frame, x, y, width, height)
401	335	81	114	229
402	335	81	114	229
403	335	81	114	229
404	336	81	115	230
405	336	81	115	230
406	337	81	115	230
407	337	82	115	230
408	338	82	115	230
409	338	82	115	230
410	339	82	115	230
411	339	82	115	230
412	339	82	115	231
413	340	82	115	231
414	340	83	115	231
415	341	83	115	231
416	341	83	115	231
417	342	83	115	231
418	342	83	115	231
419	343	83	115	231
420	343	84	116	232
421	343	84	116	232
422	344	84	116	232
423	344	84	116	232
424	345	84	116	232
425	345	84	116	232
426	346	84	116	232
427	346	85	116	232
428	347	85	116	232
429	347	85	116	233
430	347	85	116	233
431	348	85	116	233
432	348	85	116	233
433	349	86	116	233
434	349	86	116	233
435	350	86	116	233
436	349	86	116	233
437	349	86	117	234
438	349	85	117	235
439	350	85	117	235
440	352	86	117	235
441	354	86	117	235
442	356	86	117	235
443	359	88	116	233
444	363	89	115	231
445	366	90	114	229
446	369	91	113	227
447	372	92	113	227
448	374	92	113	227
449	375	92	114	229
450	377	91	115	231
451	378	89	117	234
452	378	87	119	239
453	378	84	121	243
454	377	81	123	247
455	377	77	126	252
456	377	74	127	255
457	378	74	127	255
458	378	75	127	255
459	378	76	126	253
460	378	77	125	251
461	378	79	124	248
462	378	81	122	244
463	377	83	120	241
464	376	85	119	238
465	374	88	117	234
466	373	90	115	230
467	371	91	114	228
468	369	92	113	226
469	368	93	112	225
470	367	93	112	225
471	367	93	112	225
472	368	92	113	226
473	369	91	113	226
474	371	92	112	225
475	374	94	111	223
476	377	94	112	224
477	380	94	112	225
478	383	95	111	223
479	386	96	110	221
480	388	97	109	219
481	391	98	108	216
482	395	99	106	213
483	398	101	104	209
484	402	102	102	205
485	406	103	100	201
486	409	105	98	196
3D Trajetory (frame, x, z, height, pose)
401	0.67	3.72	2.14	1.00
402	0.68	3.71	2.13	2.00
403	0.68	3.70	2.13	2.00
404	0.68	3.69	2.12	2.00
405	0.68	3.68	2.12	2.00
406	0.69	3.67	2.11	2.00
407	0.69	3.66	2.11	2.00
408	0.69	3.65	2.11	2.00
409	0.69	3.65	2.10	2.00
410	0.69	3.64	2.10	2.00
411	0.70	3.63	2.09	2.00
412	0.70	3.62	2.09	2.00
413	0.70	3.61	2.08	2.00
414	0.70	3.60	2.08	2.00
415	0.71	3.59	2.08	2.00
416	0.71	3.58	2.07	2.00
417	0.71	3.57	2.07	2.00
418	0.71	3.56	2.06	2.00
419	0.72	3.55	2.06	2.00
420	0.72	3.54	2.05	2.00
421	0.72	3.53	2.05	2.00
422	0.72	3.52	2.05	2.00
423	0.72	3.52	2.04	2.00
424	0.73	3.51	2.04	2.00
425	0.73	3.50	2.03	2.00
426	0.73	3.49	2.03	2.00
427	0.73	3.48	2.02	2.00
428	0.74	3.47	2.02	2.00
429	0.74	3.46	2.02	2.00
430	0.74	3.45	2.01	2.00
431	0.74	3.44	2.01	2.00
432	0.75	3.43	2.00	2.00
433	0.75	3.42	2.00	2.00
434	0.75	3.41	1.99	2.00
435	0.75	3.40	1.99	2.00
436	0.75	3.39	1.99	2.00
437	0.76	3.39	1.98	2.00
438	0.76	3.38	1.98	2.00
439	0.76	3.37	1.97	2.00
440	0.76	3.36	1.97	2.00
441	0.77	3.35	1.96	2.00
442	0.80	3.44	2.04	2.00
443	0.80	3.44	2.04	2.00
444	0.80	3.43	2.04	2.00
445	0.92	3.40	2.03	2.00
446	0.99	3.52	2.02	2.00
447	1.03	3.59	2.01	2.00
448	1.00	3.48	2.01	2.00
449	1.04	3.56	2.00	1.00
450	1.05	3.58	1.99	1.00
451	1.07	3.63	1.99	1.00
452	1.03	3.48	1.98	2.00
453	1.00	3.37	1.98	2.00
454	0.98	3.29	1.98	2.00
455	0.98	3.21	1.98	2.00
456	0.98	3.17	1.98	2.00
457	0.98	3.14	1.99	2.00
458	0.98	3.11	1.99	2.00
459	0.98	3.10	2.00	2.00
460	0.98	3.09	2.00	2.00
461	1.01	3.16	2.00	2.00
462	1.01	3.17	2.00	4.00
463	0.99	3.17	1.99	1.00
464	0.97	3.20	1.98	1.00
465	0.95	3.22	1.97	1.00
466	0.95	3.21	1.98	2.00
467	0.94	3.22	1.98	2.00
468	0.93	3.24	1.98	2.00
469	0.92	3.27	1.97	2.00
470	0.91	3.31	1.97	2.00
471	0.91	3.35	1.97	2.00
472	0.90	3.38	1.97	2.00
473	0.89	3.41	1.97	2.00
474	0.90	3.41	1.96	2.00
475	0.90	3.41	1.96	2.00
476	0.91	3.41	1.96	2.00
477	0.93	3.41	1.96	1.00
478	0.96	3.42	1.96	1.00
479	0.98	3.42	1.96	2.00
480	1.00	3.44	1.95	2.00
481	1.04	3.44	1.95	2.00
482	1.07	3.46	1.95	2.00
483	1.10	3.47	1.94	2.00
484	1.13	3.49	1.94	2.00
485	1.15	3.55	1.94	2.00
486	1.17	3.61	1.94	2.00
Target 28 (frames from 402 to 440)
Bounding Boxes (frame, x, y, width, height)
402	249	84	129	259
403	250	85	128	257
404	251	86	128	256
405	251	87	127	254
406	252	87	126	253
407	253	88	125	251
408	254	88	125	250
409	256	88	124	249
410	257	89	123	247
411	258	88	123	246
412	260	88	122	244
413	262	87	121	242
414	264	86	120	241
415	266	85	120	240
416	267	85	119	239
417	269	84	119	238
418	271	84	117	234
419	273	84	115	231
420	275	83	115	230
421	276	82	115	231
422	277	80	116	233
423	277	78	118	237
424	277	76	121	242
425	276	74	123	247
426	275	72	126	253
427	274	71	129	259
428	274	71	132	264
429	273	71	134	268
430	273	73	135	270
431	273	76	135	271
432	275	77	135	271
433	277	78	135	270
434	279	80	134	268
435	281	81	132	265
436	285	84	130	261
437	288	86	128	256
438	292	89	125	250
439	297	92	121	242
440	302	95	117	234
3D Trajetory (frame, x, z, height, pose)
402	-0.02	3.32	2.11	3.00
403	-0.02	3.26	2.08	3.00
404	-0.05	3.08	2.03	3.00
405	-0.06	3.06	2.02	3.00
406	-0.04	3.13	2.02	3.00
407	-0.03	3.21	2.01	1.00
408	-0.02	3.20	2.02	1.00
409	-0.01	3.19	2.02	1.00
410	0.00	3.19	2.02	1.00
411	0.01	3.18	2.02	1.00
412	0.02	3.17	2.02	1.00
413	0.03	3.17	2.02	1.00
414	0.04	3.16	2.02	1.00
415	0.05	3.15	2.02	1.00
416	0.06	3.14	2.02	1.00
417	0.08	3.14	2.02	1.00
418	0.09	3.13	2.02	1.00
419	0.10	3.12	2.03	1.00
420	0.11	3.11	2.03	1.00
421	0.12	3.11	2.03	1.00
422	0.13	3.10	2.03	1.00
423	0.14	3.09	2.03	1.00
424	0.15	3.09	2.03	1.00
425	0.16	3.08	2.03	1.00
426	0.17	3.07	2.03	1.00
427	0.15	2.98	2.04	1.00
428	0.15	2.98	2.04	2.00
429	0.15	2.98	2.04	2.00
430	0.15	2.98	2.04	2.00
431	0.15	2.94	2.02	2.00
432	0.15	2.90	2.01	2.00
433	0.16	2.95	1.99	1.00
434	0.21	3.03	2.00	1.00
435	0.25	3.11	2.01	1.00
436	0.29	3.19	2.02	1.00
437	0.33	3.27	2.03	1.00
438	0.38	3.35	2.04	1.00
439	0.33	3.23	2.05	1.00
440	0.33	3.23	2.05	1.00
Target 29 (frames from 406 to 436)
Bounding Boxes (frame, x, y, width, height)
406	288	79	123	247
407	290	78	124	248
408	292	77	124	249
409	294	76	125	250
410	295	75	125	250
411	296	74	125	251
412	297	73	125	251
413	298	73	125	251
414	299	72	125	251
415	300	72	125	251
416	301	73	124	249
417	301	73	124	249
418	299	72	125	250
419	299	72	125	250
420	298	72	124	249
421	298	73	123	247
422	298	73	124	248
423	297	72	125	250
424	296	70	126	253
425	295	68	129	259
426	294	66	132	264
427	294	65	133	267
428	293	66	134	268
429	294	68	134	269
430	294	71	134	268
431	294	74	134	268
432	295	78	133	266
433	296	83	132	264
434	297	88	130	261
435	298	94	129	258
436	300	100	127	254
3D Trajetory (frame, x, z, height, pose)
406	0.31	3.31	1.99	1.00
407	0.24	3.22	2.06	1.00
408	0.16	3.14	2.13	1.00
409	0.30	3.45	2.10	1.00
410	0.36	3.56	2.09	1.00
411	0.36	3.54	2.08	1.00
412	0.34	3.18	2.08	1.00
413	0.37	3.29	2.09	1.00
414	0.35	3.11	2.08	1.00
415	0.35	3.01	2.07	1.00
416	0.35	3.10	2.06	2.00
417	0.35	3.16	2.05	2.00
418	0.35	3.19	2.05	2.00
419	0.35	3.24	2.05	2.00
420	0.36	3.27	2.04	2.00
421	0.36	3.30	2.04	2.00
422	0.36	3.33	2.04	2.00
423	0.35	3.30	2.04	2.00
424	0.35	3.27	2.04	2.00
425	0.35	3.25	2.05	2.00
426	0.35	3.24	2.05	2.00
427	0.35	3.23	2.04	2.00
428	0.34	3.21	2.04	2.00
429	0.34	3.20	2.04	2.00
430	0.34	3.19	2.04	2.00
431	0.34	3.18	2.04	2.00
432	0.34	3.16	2.04	2.00
433	0.34	3.15	2.04	2.00
434	0.34	3.13	2.03	3.00
435	0.34	3.12	2.03	1.00
436	0.34	3.12	2.02	3.00
Target 30 (frames from 416 to 425)
Bounding Boxes (frame, x, y, width, height)
416	232	77	129	258
417	233	79	128	256
418	233	80	127	254
419	233	81	126	253
420	233	83	126	252
421	233	82	126	252
422	233	83	126	252
423	234	83	125	251
424	234	85	125	250
425	235	86	124	249
3D Trajetory (frame, x, z, height, pose)
416	-0.18	3.02	1.98	1.00
417	-0.16	3.06	1.93	1.00
418	-0.17	3.07	1.92	1.00
419	-0.18	3.05	1.95	4.00
420	-0.18	3.07	1.95	4.00
421	-0.18	3.08	1.94	4.00
422	-0.18	3.09	1.94	4.00
423	-0.18	3.09	1.94	4.00
424	-0.17	3.10	1.94	4.00
425	-0.17	3.10	1.94	4.00
Target 31 (frames from 442 to 486)
Bounding Boxes (frame, x, y, width, height)
442	302	104	109	219
443	300	101	108	217
444	298	99	108	216
445	296	97	107	214
446	295	96	106	213
447	293	94	106	212
448	292	93	105	211
449	290	93	105	210
450	289	92	105	210
451	288	92	105	210
452	287	92	105	210
453	286	93	105	211
454	285	94	106	212
455	284	96	107	214
456	283	98	107	215
457	283	100	107	214
458	283	102	106	213
459	283	103	106	212
460	282	103	106	213
461	281	102	108	216
462	281	101	108	217
463	281	100	109	219
464	281	99	109	219
465	281	99	109	219
466	281	98	110	220
467	280	97	111	222
468	280	95	112	225
469	280	93	114	228
470	280	93	115	230
471	279	92	116	233
472	277	92	117	235
473	275	92	118	237
474	273	93	119	239
475	271	94	119	239
476	270	95	119	238
477	269	96	119	239
478	268	96	119	239
479	267	95	120	240
480	266	95	120	240
481	265	94	120	240
482	264	93	120	240
483	263	92	120	240
484	263	91	120	240
485	262	89	119	239
486	262	88	119	239
3D Trajetory (frame, x, z, height, pose)
442	0.30	3.46	1.92	2.00
443	0.30	3.46	1.92	2.00
444	0.30	3.45	1.91	2.00
445	0.28	3.41	1.90	2.00
446	0.27	3.71	1.93	2.00
447	0.27	3.88	1.94	2.00
448	0.27	3.99	1.95	2.00
449	0.22	3.91	1.96	2.00
450	0.19	3.85	1.96	2.00
451	0.17	3.80	1.96	2.00
452	0.19	3.86	1.96	2.00
453	0.18	3.79	1.96	2.00
454	0.16	3.73	1.96	2.00
455	0.15	3.70	1.95	4.00
456	0.15	3.64	1.94	4.00
457	0.14	3.59	1.93	4.00
458	0.14	3.56	1.93	4.00
459	0.13	3.55	1.92	4.00
460	0.12	3.54	1.91	4.00
461	0.12	3.54	1.91	4.00
462	0.11	3.52	1.90	4.00
463	0.11	3.51	1.90	4.00
464	0.12	3.50	1.90	4.00
465	0.12	3.50	1.90	4.00
466	0.12	3.46	1.90	4.00
467	0.12	3.40	1.90	4.00
468	0.12	3.34	1.90	4.00
469	0.12	3.35	1.90	4.00
470	0.12	3.37	1.90	4.00
471	0.12	3.38	1.90	4.00
472	0.12	3.38	1.90	4.00
473	0.12	3.33	1.90	4.00
474	0.12	3.27	1.90	4.00
475	0.12	3.21	1.90	2.00
476	0.12	3.18	1.90	2.00
477	0.09	3.14	1.89	2.00
478	0.07	3.12	1.89	2.00
479	0.05	3.11	1.89	2.00
480	0.03	3.09	1.89	2.00
481	0.04	3.09	1.88	2.00
482	0.05	3.10	1.89	2.00
483	0.05	3.11	1.88	2.00
484	0.04	3.10	1.89	2.00
485	0.03	3.10	1.89	2.00
486	0.01	3.10	1.89	2.00
Target 32 (frames from 442 to 486)
Bounding Boxes (frame, x, y, width, height)
442	210	78	126	252
443	208	78	124	249
444	206	77	123	247
445	203	76	122	245
446	201	76	121	243
447	199	75	120	241
448	197	75	120	240
449	196	75	119	238
450	194	74	118	237
451	192	74	118	236
452	191	73	117	235
453	190	73	117	234
454	188	72	116	233
455	187	72	116	232
456	186	72	116	232
457	186	71	116	232
458	185	71	116	233
459	185	71	117	234
460	184	72	117	234
461	184	72	117	234
462	183	72	116	233
463	182	73	116	233
464	181	73	116	232
465	180	73	115	231
466	180	74	115	231
467	179	74	115	230
468	179	74	115	230
469	178	74	115	230
470	176	74	114	229
471	175	75	114	228
472	173	74	114	228
473	173	74	114	228
474	172	74	113	227
475	172	74	113	227
476	172	74	114	228
477	172	74	114	228
478	172	74	114	228
479	171	74	113	227
480	171	75	112	225
481	171	75	112	224
482	171	76	111	222
483	171	77	109	219
484	171	78	108	217
485	172	78	107	214
486	172	80	105	211
3D Trajetory (frame, x, z, height, pose)
442	-0.42	3.39	2.11	3.00
443	-0.42	3.39	2.11	3.00
444	-0.42	3.37	2.10	3.00
445	-0.44	3.37	2.09	1.00
446	-0.46	3.36	2.10	1.00
447	-0.46	3.37	2.10	1.00
448	-0.54	3.52	2.10	1.00
449	-0.60	3.58	2.11	1.00
450	-0.64	3.63	2.11	3.00
451	-0.66	3.67	2.12	3.00
452	-0.68	3.74	2.12	2.00
453	-0.69	3.74	2.12	2.00
454	-0.69	3.73	2.13	2.00
455	-0.69	3.69	2.12	2.00
456	-0.69	3.68	2.12	2.00
457	-0.69	3.66	2.12	2.00
458	-0.69	3.65	2.12	2.00
459	-0.73	3.70	2.12	2.00
460	-0.76	3.73	2.12	2.00
461	-0.79	3.77	2.13	2.00
462	-0.78	3.75	2.13	2.00
463	-0.76	3.73	2.12	2.00
464	-0.75	3.72	2.12	2.00
465	-0.74	3.71	2.12	2.00
466	-0.76	3.68	2.12	2.00
467	-0.78	3.70	2.12	2.00
468	-0.80	3.72	2.12	2.00
469	-0.81	3.74	2.12	2.00
470	-0.82	3.73	2.12	2.00
471	-0.83	3.75	2.12	2.00
472	-0.83	3.77	2.13	2.00
473	-0.84	3.81	2.13	2.00
474	-0.85	3.79	2.13	2.00
475	-0.86	3.78	2.13	2.00
476	-0.87	3.78	2.13	2.00
477	-0.88	3.76	2.13	2.00
478	-0.87	3.78	2.13	2.00
479	-0.87	3.79	2.13	2.00
480	-0.87	3.80	2.13	3.00
481	-0.90	3.81	2.13	3.00
482	-0.90	3.82	2.13	3.00
483	-0.90	3.82	2.13	3.00
484	-0.90	3.82	2.13	3.00
485	-0.92	3.87	2.13	3.00
486	-0.94	3.91	2.13	3.00
Target 33 (frames from 462 to 486)
Bounding Boxes (frame, x, y, width, height)
462	152	109	79	158
463	149	109	80	160
464	146	108	81	162
465	142	108	82	164
466	139	108	83	166
467	137	108	84	168
468	134	108	85	170
469	132	107	86	172
470	130	107	87	174
471	127	107	88	176
472	125	107	89	179
473	123	107	90	181
474	122	107	92	184
475	121	107	93	186
476	119	107	94	188
477	118	107	94	189
478	118	107	94	189
479	118	107	94	188
480	119	107	93	187
481	120	107	92	185
482	121	107	91	183
483	123	107	90	180
484	125	107	88	177
485	127	107	86	173
486	130	107	84	168
3D Trajetory (frame, x, z, height, pose)
462	-1.49	4.68	1.90	2.00
463	-1.52	4.67	1.90	2.00
464	-1.55	4.66	1.89	2.00
465	-1.58	4.65	1.89	2.00
466	-1.61	4.64	1.88	2.00
467	-1.64	4.63	1.88	2.00
468	-1.64	4.63	1.88	2.00
469	-1.65	4.55	1.91	2.00
470	-1.58	4.24	1.92	2.00
471	-1.54	4.11	1.91	2.00
472	-1.52	4.06	1.90	2.00
473	-1.56	4.15	1.91	2.00
474	-1.54	4.09	1.90	2.00
475	-1.53	4.03	1.89	2.00
476	-1.51	3.98	1.88	2.00
477	-1.50	3.92	1.87	2.00
478	-1.49	3.86	1.85	2.00
479	-1.49	3.86	1.85	2.00
480	-1.53	4.01	1.88	2.00
481	-1.57	4.16	1.90	2.00
482	-1.61	4.31	1.92	2.00
483	-1.65	4.46	1.95	2.00
484	-1.69	4.61	1.97	2.00
485	-1.67	4.58	1.93	2.00
486	-1.68	4.61	1.94	2.00
