Total frames 257
Number of Targets 12
Target 1 (frames from 1 to 255)
Bounding Boxes (frame, x, y, width, height)
1	89	185	57	114
2	89	184	57	114
3	88	182	57	114
4	88	181	57	115
5	87	180	57	115
6	85	179	57	115
7	84	178	57	115
8	82	176	58	116
9	81	176	58	116
10	79	175	58	116
11	76	173	58	117
12	73	172	58	117
13	70	171	59	118
14	68	171	59	119
15	65	171	59	119
16	63	171	59	119
17	61	171	60	120
18	59	171	60	120
19	58	172	60	120
20	56	173	60	120
21	53	174	60	121
22	51	175	60	121
23	50	176	60	121
24	49	177	60	121
25	48	178	60	121
26	48	179	60	121
27	47	181	60	121
28	48	182	60	121
29	49	184	60	120
30	50	185	60	120
31	52	187	60	120
32	54	188	60	120
33	56	188	59	119
34	57	189	59	119
35	59	188	59	119
36	60	188	59	118
37	60	187	59	118
38	61	187	59	118
39	62	186	59	118
40	62	185	59	118
41	62	183	59	118
42	62	182	59	118
43	63	182	59	118
44	64	181	59	118
45	64	181	59	118
46	65	181	58	117
47	66	181	58	117
48	67	182	58	117
49	68	183	58	117
50	69	183	58	117
51	69	184	58	117
52	70	185	58	117
53	71	185	58	116
54	71	186	58	116
55	72	186	58	116
56	73	186	57	115
57	73	186	57	115
58	72	186	57	115
59	72	185	57	115
60	72	185	57	115
61	72	184	57	114
62	71	184	57	114
63	71	184	57	114
64	72	184	56	113
65	72	184	56	113
66	73	184	56	113
67	73	184	56	113
68	74	184	56	113
69	74	185	56	113
70	75	185	56	112
71	75	185	56	112
72	75	185	56	112
73	75	184	56	113
74	75	184	56	113
75	74	183	56	113
76	73	183	57	114
77	71	182	57	115
78	69	181	57	115
79	68	181	58	116
80	67	180	58	116
81	65	180	58	117
82	64	180	58	117
83	62	179	58	117
84	61	179	59	118
85	60	179	59	118
86	59	179	59	118
87	59	179	58	117
88	59	180	58	117
89	60	180	58	117
90	61	180	58	117
91	62	181	58	116
92	63	181	58	116
93	64	181	58	116
94	65	181	58	116
95	65	182	58	116
96	65	182	58	116
97	65	183	58	116
98	65	183	58	116
99	64	183	58	116
100	63	184	58	116
101	61	184	58	116
102	60	184	58	116
103	58	184	58	116
104	56	185	58	116
105	55	185	58	116
106	54	185	58	116
107	52	185	58	116
108	51	185	58	116
109	50	185	58	116
110	50	185	58	116
111	49	184	58	116
112	48	184	58	116
113	47	183	58	117
114	47	182	58	117
115	46	182	58	117
116	46	181	58	117
117	45	180	59	118
118	45	180	59	118
119	45	179	59	118
120	45	179	59	119
121	45	178	59	119
122	44	177	60	120
123	44	177	60	120
124	44	176	60	120
125	43	175	60	121
126	43	175	60	121
127	42	174	60	121
128	42	174	61	122
129	41	173	61	122
130	40	173	61	122
131	40	173	61	122
132	41	173	61	122
133	41	174	61	122
134	42	174	61	122
135	42	174	61	122
136	43	174	61	122
137	44	175	61	122
138	44	175	61	122
139	45	175	61	122
140	45	175	61	122
141	45	176	61	122
142	45	176	60	121
143	44	176	61	122
144	44	176	61	122
145	44	176	61	122
146	44	176	61	122
147	43	176	60	121
148	43	177	60	121
149	43	177	60	121
150	43	177	60	121
151	44	177	60	121
152	44	177	60	121
153	44	177	60	121
154	44	177	60	121
155	44	177	60	121
156	45	177	60	121
157	44	177	60	121
158	44	177	60	121
159	44	177	60	121
160	44	177	61	122
161	43	177	61	122
162	43	176	61	122
163	42	176	61	122
164	41	176	60	121
165	41	176	60	121
166	40	176	60	121
167	40	176	60	121
168	39	177	60	121
169	39	177	60	120
170	40	177	60	120
171	40	177	60	120
172	41	177	60	120
173	42	178	59	119
174	43	178	59	119
175	44	178	59	119
176	45	178	59	119
177	46	178	59	119
178	47	177	59	119
179	47	177	59	119
180	48	177	59	119
181	48	177	59	119
182	48	176	59	119
183	48	176	59	119
184	48	176	59	119
185	48	176	59	119
186	48	176	59	118
187	47	176	59	118
188	47	176	59	118
189	47	176	59	118
190	47	177	59	118
191	47	177	58	117
192	47	177	58	117
193	48	178	58	117
194	48	178	58	117
195	49	179	59	118
196	49	180	59	118
197	50	180	59	118
198	50	181	59	119
199	50	181	59	119
200	50	181	59	119
201	50	181	60	120
202	50	181	60	120
203	49	181	60	121
204	49	181	60	121
205	49	181	60	121
206	48	181	60	121
207	48	181	60	121
208	49	181	60	121
209	49	181	60	121
210	49	181	60	121
211	50	182	60	121
212	50	182	60	121
213	50	182	60	120
214	50	183	60	120
215	51	183	60	120
216	52	184	60	120
217	54	185	60	120
218	57	186	60	120
219	60	186	60	120
220	63	187	59	119
221	68	188	59	119
222	72	188	59	119
223	76	189	59	119
224	80	189	59	119
225	84	189	59	118
226	88	190	59	118
227	91	190	59	118
228	93	191	59	118
229	95	191	59	118
230	96	191	59	118
231	96	191	59	118
232	96	191	59	118
233	96	192	59	118
234	96	192	59	118
235	96	192	59	118
236	96	192	58	117
237	98	192	58	117
238	99	192	58	117
239	101	191	58	117
240	102	191	58	116
241	104	190	58	116
242	107	189	58	116
243	110	189	58	116
244	113	188	58	116
245	116	188	58	116
246	119	187	58	116
247	122	187	58	116
248	125	186	58	116
249	128	185	58	116
250	131	185	58	116
251	134	184	58	116
252	136	183	57	115
253	139	182	57	115
254	142	182	57	115
255	145	181	57	115
3D Trajetory (frame, x, z, height, pose)
1	-3.70	7.66	1.76	2.00
2	-3.72	7.69	1.77	2.00
3	-3.73	7.71	1.77	2.00
4	-3.74	7.71	1.77	2.00
5	-3.75	7.71	1.77	2.00
6	-3.77	7.73	1.78	2.00
7	-3.78	7.75	1.79	2.00
8	-3.79	7.73	1.79	2.00
9	-3.79	7.70	1.79	2.00
10	-3.80	7.71	1.79	2.00
11	-3.81	7.73	1.80	2.00
12	-3.81	7.74	1.81	2.00
13	-3.81	7.76	1.82	2.00
14	-3.82	7.76	1.83	2.00
15	-3.82	7.77	1.84	2.00
16	-3.83	7.78	1.84	2.00
17	-3.83	7.79	1.85	2.00
18	-3.83	7.80	1.85	2.00
19	-3.83	7.82	1.84	2.00
20	-3.85	7.82	1.85	2.00
21	-3.87	7.82	1.85	2.00
22	-3.87	7.82	1.84	2.00
23	-3.87	7.83	1.84	2.00
24	-3.88	7.83	1.84	2.00
25	-3.89	7.84	1.85	2.00
26	-3.90	7.84	1.85	2.00
27	-3.91	7.85	1.85	2.00
28	-3.91	7.85	1.85	2.00
29	-3.91	7.86	1.85	2.00
30	-3.92	7.86	1.85	2.00
31	-3.92	7.86	1.85	2.00
32	-3.93	7.87	1.85	2.00
33	-3.95	7.87	1.85	2.00
34	-3.96	7.87	1.85	2.00
35	-3.97	7.87	1.84	2.00
36	-4.00	7.88	1.84	2.00
37	-4.02	7.89	1.84	2.00
38	-4.03	7.89	1.84	2.00
39	-4.03	7.89	1.85	2.00
40	-4.05	7.90	1.85	2.00
41	-4.06	7.91	1.85	2.00
42	-4.06	7.91	1.85	2.00
43	-4.05	7.91	1.85	2.00
44	-4.07	7.92	1.86	2.00
45	-4.09	7.93	1.86	2.00
46	-4.10	7.94	1.86	2.00
47	-4.12	7.95	1.85	2.00
48	-4.12	7.95	1.86	2.00
49	-4.12	7.95	1.87	2.00
50	-4.15	7.96	1.87	2.00
51	-4.18	7.98	1.87	2.00
52	-4.17	7.97	1.86	2.00
53	-4.17	7.97	1.86	2.00
54	-4.18	7.97	1.86	2.00
55	-4.20	7.98	1.87	2.00
56	-4.22	8.00	1.87	2.00
57	-4.24	8.02	1.87	2.00
58	-4.26	8.04	1.86	2.00
59	-4.29	8.06	1.86	2.00
60	-4.31	8.08	1.86	2.00
61	-4.33	8.09	1.87	2.00
62	-4.34	8.10	1.87	2.00
63	-4.36	8.11	1.87	2.00
64	-4.37	8.11	1.87	2.00
65	-4.37	8.11	1.86	2.00
66	-4.37	8.12	1.86	2.00
67	-4.37	8.13	1.86	2.00
68	-4.38	8.13	1.86	2.00
69	-4.40	8.14	1.85	2.00
70	-4.41	8.14	1.85	2.00
71	-4.42	8.14	1.86	2.00
72	-4.43	8.14	1.86	2.00
73	-4.43	8.14	1.87	2.00
74	-4.44	8.16	1.87	2.00
75	-4.45	8.18	1.87	2.00
76	-4.46	8.17	1.88	2.00
77	-4.47	8.16	1.89	2.00
78	-4.48	8.16	1.91	2.00
79	-4.49	8.16	1.93	2.00
80	-4.50	8.17	1.93	2.00
81	-4.52	8.17	1.93	2.00
82	-4.53	8.17	1.94	2.00
83	-4.55	8.17	1.96	2.00
84	-4.55	8.18	1.95	2.00
85	-4.54	8.20	1.93	2.00
86	-4.55	8.20	1.94	2.00
87	-4.55	8.20	1.94	2.00
88	-4.56	8.19	1.94	2.00
89	-4.57	8.18	1.94	2.00
90	-4.58	8.20	1.94	2.00
91	-4.58	8.21	1.94	2.00
92	-4.59	8.22	1.94	2.00
93	-4.61	8.22	1.93	2.00
94	-4.62	8.23	1.93	2.00
95	-4.64	8.23	1.93	2.00
96	-4.65	8.23	1.93	2.00
97	-4.66	8.22	1.93	3.00
98	-4.67	8.21	1.94	3.00
99	-4.68	8.20	1.94	4.00
100	-4.70	8.19	1.93	4.00
101	-4.72	8.18	1.93	4.00
102	-4.73	8.18	1.94	4.00
103	-4.75	8.18	1.94	4.00
104	-4.77	8.17	1.94	4.00
105	-4.79	8.15	1.94	2.00
106	-4.80	8.16	1.93	2.00
107	-4.82	8.16	1.93	2.00
108	-4.83	8.16	1.93	2.00
109	-4.85	8.16	1.93	2.00
110	-4.86	8.16	1.93	2.00
111	-4.88	8.16	1.93	2.00
112	-4.88	8.15	1.93	2.00
113	-4.89	8.15	1.94	2.00
114	-4.89	8.15	1.93	2.00
115	-4.89	8.15	1.93	2.00
116	-4.90	8.15	1.94	2.00
117	-4.91	8.15	1.95	2.00
118	-4.91	8.15	1.96	2.00
119	-4.92	8.14	1.97	2.00
120	-4.93	8.14	1.98	2.00
121	-4.93	8.14	1.98	2.00
122	-4.94	8.14	1.99	2.00
123	-4.94	8.14	1.99	2.00
124	-4.95	8.13	1.99	2.00
125	-4.96	8.12	2.00	2.00
126	-4.97	8.11	2.01	2.00
127	-4.98	8.11	2.01	2.00
128	-4.99	8.11	2.01	2.00
129	-5.00	8.10	2.01	2.00
130	-4.99	8.10	2.01	2.00
131	-4.98	8.09	2.02	2.00
132	-4.98	8.09	2.02	2.00
133	-4.97	8.09	2.02	2.00
134	-4.97	8.08	2.02	2.00
135	-4.97	8.08	2.02	2.00
136	-4.97	8.07	2.02	2.00
137	-4.97	8.06	2.01	2.00
138	-4.97	8.05	2.00	2.00
139	-4.97	8.04	1.99	2.00
140	-4.97	8.03	1.99	2.00
141	-4.97	8.02	2.00	2.00
142	-4.97	8.01	2.00	2.00
143	-4.97	8.00	2.01	2.00
144	-4.98	7.99	1.99	2.00
145	-4.98	7.98	1.98	2.00
146	-4.98	7.98	1.99	2.00
147	-4.98	7.98	1.99	2.00
148	-4.98	7.98	1.99	2.00
149	-4.98	7.98	1.99	2.00
150	-4.98	7.97	1.99	2.00
151	-4.97	7.95	1.98	2.00
152	-4.95	7.95	1.97	2.00
153	-4.93	7.94	1.96	2.00
154	-4.93	7.94	1.96	2.00
155	-4.93	7.93	1.97	2.00
156	-4.92	7.92	1.97	2.00
157	-4.91	7.90	1.97	2.00
158	-4.91	7.90	1.97	2.00
159	-4.91	7.90	1.97	2.00
160	-4.91	7.89	1.97	2.00
161	-4.91	7.89	1.97	2.00
162	-4.91	7.88	1.96	2.00
163	-4.90	7.87	1.96	2.00
164	-4.90	7.87	1.95	2.00
165	-4.90	7.87	1.95	2.00
166	-4.90	7.87	1.95	2.00
167	-4.91	7.87	1.95	2.00
168	-4.92	7.87	1.95	2.00
169	-4.93	7.88	1.94	2.00
170	-4.94	7.89	1.94	2.00
171	-4.94	7.90	1.93	2.00
172	-4.94	7.91	1.93	2.00
173	-4.94	7.91	1.93	2.00
174	-4.94	7.92	1.93	2.00
175	-4.95	7.92	1.94	2.00
176	-4.95	7.91	1.93	2.00
177	-4.95	7.91	1.93	2.00
178	-4.95	7.91	1.93	2.00
179	-4.95	7.91	1.93	2.00
180	-4.95	7.91	1.93	2.00
181	-4.94	7.92	1.93	2.00
182	-4.94	7.92	1.94	2.00
183	-4.94	7.93	1.94	2.00
184	-4.93	7.93	1.94	2.00
185	-4.93	7.93	1.94	2.00
186	-4.92	7.93	1.93	2.00
187	-4.92	7.93	1.93	2.00
188	-4.93	7.94	1.92	2.00
189	-4.93	7.94	1.92	2.00
190	-4.93	7.94	1.91	2.00
191	-4.92	7.94	1.91	2.00
192	-4.92	7.94	1.91	2.00
193	-4.91	7.94	1.91	2.00
194	-4.91	7.93	1.91	2.00
195	-4.90	7.93	1.91	2.00
196	-4.90	7.92	1.92	2.00
197	-4.90	7.92	1.92	2.00
198	-4.89	7.91	1.93	2.00
199	-4.88	7.91	1.95	2.00
200	-4.88	7.91	1.94	2.00
201	-4.88	7.91	1.94	2.00
202	-4.88	7.90	1.95	2.00
203	-4.87	7.90	1.95	2.00
204	-4.86	7.89	1.96	2.00
205	-4.85	7.88	1.97	2.00
206	-4.85	7.87	1.96	2.00
207	-4.85	7.87	1.96	2.00
208	-4.84	7.87	1.96	2.00
209	-4.84	7.87	1.96	2.00
210	-4.84	7.86	1.95	2.00
211	-4.83	7.85	1.94	2.00
212	-4.83	7.86	1.94	2.00
213	-4.84	7.87	1.94	2.00
214	-4.83	7.87	1.95	2.00
215	-4.82	7.87	1.95	2.00
216	-4.82	7.87	1.94	2.00
217	-4.81	7.86	1.94	2.00
218	-4.80	7.86	1.94	2.00
219	-4.79	7.86	1.94	2.00
220	-4.78	7.86	1.94	2.00
221	-4.77	7.85	1.95	2.00
222	-4.76	7.85	1.95	2.00
223	-4.75	7.85	1.94	2.00
224	-4.76	7.85	1.95	2.00
225	-4.76	7.86	1.96	2.00
226	-4.77	7.84	1.95	2.00
227	-4.79	7.83	1.95	2.00
228	-4.79	7.81	1.96	2.00
229	-4.79	7.80	1.97	2.00
230	-4.78	7.80	1.96	2.00
231	-4.77	7.79	1.96	2.00
232	-4.78	7.78	1.96	2.00
233	-4.78	7.76	1.96	2.00
234	-4.78	7.76	1.94	2.00
235	-4.77	7.76	1.93	2.00
236	-4.77	7.75	1.93	2.00
237	-4.78	7.73	1.94	2.00
238	-4.76	7.74	1.93	2.00
239	-4.75	7.75	1.92	2.00
240	-4.75	7.75	1.93	2.00
241	-4.74	7.74	1.93	2.00
242	-4.72	7.74	1.92	2.00
243	-4.70	7.73	1.92	2.00
244	-4.70	7.72	1.92	2.00
245	-4.70	7.71	1.93	2.00
246	-4.68	7.70	1.94	2.00
247	-4.66	7.69	1.94	2.00
248	-4.65	7.69	1.94	2.00
249	-4.65	7.68	1.94	2.00
250	-4.65	7.67	1.94	2.00
251	-4.66	7.65	1.94	2.00
252	-4.66	7.66	1.93	2.00
253	-4.67	7.66	1.92	2.00
254	-4.66	7.66	1.92	2.00
255	-4.66	7.65	1.92	2.00
Target 2 (frames from 1 to 223)
Bounding Boxes (frame, x, y, width, height)
1	215	183	65	130
2	214	181	65	131
3	214	180	65	131
4	213	178	66	132
5	212	177	66	133
6	211	176	66	133
7	209	175	67	134
8	208	174	67	134
9	206	173	67	134
10	204	172	67	135
11	201	171	67	135
12	198	171	67	135
13	195	171	67	135
14	193	171	67	135
15	190	171	67	135
16	188	172	67	134
17	186	173	67	134
18	185	174	67	134
19	183	174	67	134
20	181	176	67	134
21	180	177	67	134
22	178	178	67	134
23	177	180	67	134
24	176	181	66	133
25	176	182	66	133
26	175	184	66	133
27	175	185	66	133
28	176	187	66	132
29	177	189	66	132
30	178	191	66	132
31	180	193	65	131
32	182	194	65	131
33	184	194	65	131
34	186	195	65	131
35	187	194	65	130
36	188	194	65	130
37	189	193	65	130
38	190	192	65	130
39	190	191	65	130
40	190	190	65	130
41	190	189	65	130
42	190	188	65	130
43	191	187	65	130
44	191	187	65	130
45	192	186	65	130
46	193	187	65	130
47	194	187	65	130
48	196	188	65	130
49	197	188	65	130
50	199	188	65	130
51	200	188	65	131
52	202	189	65	131
53	204	188	65	131
54	207	188	65	131
55	209	188	65	131
56	212	188	65	131
57	214	187	65	131
58	216	187	65	131
59	218	186	66	132
60	219	185	66	132
61	221	185	66	132
62	223	184	66	132
63	225	183	66	132
64	226	183	66	132
65	228	183	66	133
66	230	182	66	133
67	232	182	67	134
68	233	181	67	134
69	235	181	67	135
70	237	181	67	135
71	239	181	67	135
72	241	181	68	136
73	243	181	68	136
74	244	180	68	136
75	246	181	67	135
76	247	181	67	135
77	248	180	67	135
78	249	180	67	135
79	250	181	67	135
80	251	181	67	135
81	252	181	67	135
82	253	181	67	134
83	254	181	67	134
84	254	181	67	134
85	256	182	67	134
86	257	182	67	134
87	259	183	67	134
88	261	183	66	133
89	264	184	66	133
90	267	184	66	133
91	270	185	66	133
92	274	185	66	133
93	277	185	67	134
94	280	185	67	134
95	283	185	67	135
96	286	185	67	135
97	288	185	68	136
98	291	185	68	137
99	292	184	69	138
100	294	184	69	139
101	295	184	69	139
102	297	184	70	140
103	299	184	70	141
104	300	184	70	141
105	302	184	70	141
106	304	185	70	141
107	306	185	71	142
108	307	185	71	142
109	309	185	71	142
110	311	185	71	142
111	313	185	70	141
112	315	184	70	141
113	317	184	70	141
114	318	184	70	141
115	320	183	70	141
116	322	183	70	141
117	324	183	70	141
118	326	183	70	141
119	328	184	70	141
120	330	184	70	141
121	332	183	70	141
122	335	183	70	141
123	337	183	71	142
124	339	182	71	142
125	341	181	71	143
126	343	180	72	144
127	345	179	72	145
128	347	179	72	145
129	349	178	73	146
130	351	178	73	147
131	353	177	74	148
132	355	177	74	149
133	358	177	75	150
134	360	177	75	150
135	363	178	75	151
136	365	178	75	151
137	368	178	76	152
138	371	178	76	152
139	373	178	76	153
140	376	178	76	153
141	378	178	77	154
142	381	178	77	154
143	383	178	77	155
144	385	178	78	156
145	387	178	78	156
146	389	178	78	157
147	391	178	78	157
148	393	178	79	158
149	395	179	79	158
150	397	179	79	158
151	400	179	79	158
152	402	180	79	158
153	404	180	79	158
154	407	180	79	158
155	410	180	79	159
156	413	180	79	159
157	415	180	79	159
158	418	180	79	159
159	420	180	80	160
160	423	180	80	161
161	425	179	80	161
162	428	179	81	162
163	430	179	81	162
164	432	179	81	163
165	434	179	81	163
166	437	179	81	163
167	440	179	82	164
168	443	179	82	164
169	446	179	82	165
170	450	179	83	166
171	454	178	83	167
172	458	178	84	168
173	462	177	84	169
174	465	177	85	170
175	469	176	85	171
176	473	176	85	171
177	476	176	86	172
178	480	176	86	172
179	483	177	86	172
180	486	177	86	172
181	489	178	86	172
182	491	178	85	171
183	494	178	85	171
184	497	179	85	171
185	499	179	85	171
186	502	179	85	171
187	505	179	85	171
188	508	179	85	171
189	511	179	86	172
190	515	179	86	173
191	519	178	87	174
192	523	178	87	175
193	527	178	88	176
194	532	179	88	177
195	535	179	89	178
196	539	179	89	179
197	542	179	90	180
198	545	179	90	181
199	548	179	91	182
200	551	180	91	183
201	553	180	91	183
202	555	180	92	184
203	557	180	92	184
204	559	180	92	185
205	562	180	92	185
206	564	180	92	185
207	566	181	93	186
208	569	181	93	186
209	571	182	93	186
210	574	182	93	186
211	577	183	93	186
212	581	184	92	185
213	584	185	93	186
214	587	185	93	186
215	591	186	93	186
216	595	188	93	186
217	599	189	93	187
218	604	190	93	187
219	608	192	93	187
220	613	193	93	187
221	618	195	94	188
222	624	197	94	188
223	629	199	94	189
3D Trajetory (frame, x, z, height, pose)
1	-1.52	6.79	1.77	2.00
2	-1.52	6.74	1.77	2.00
3	-1.51	6.68	1.77	2.00
4	-1.52	6.68	1.77	2.00
5	-1.52	6.68	1.77	2.00
6	-1.52	6.68	1.78	2.00
7	-1.51	6.67	1.79	2.00
8	-1.53	6.65	1.79	2.00
9	-1.54	6.64	1.79	2.00
10	-1.55	6.63	1.79	2.00
11	-1.56	6.63	1.79	2.00
12	-1.56	6.62	1.79	2.00
13	-1.57	6.62	1.79	2.00
14	-1.58	6.62	1.78	2.00
15	-1.60	6.61	1.77	2.00
16	-1.60	6.61	1.76	2.00
17	-1.60	6.61	1.75	2.00
18	-1.60	6.61	1.75	2.00
19	-1.60	6.61	1.75	2.00
20	-1.60	6.61	1.75	2.00
21	-1.60	6.61	1.75	2.00
22	-1.61	6.60	1.75	2.00
23	-1.61	6.60	1.75	2.00
24	-1.62	6.60	1.75	2.00
25	-1.62	6.60	1.75	2.00
26	-1.63	6.61	1.74	2.00
27	-1.64	6.62	1.73	2.00
28	-1.64	6.62	1.73	2.00
29	-1.64	6.61	1.72	2.00
30	-1.64	6.62	1.72	2.00
31	-1.64	6.63	1.72	2.00
32	-1.64	6.63	1.72	2.00
33	-1.64	6.64	1.72	2.00
34	-1.64	6.64	1.72	2.00
35	-1.65	6.63	1.73	2.00
36	-1.66	6.64	1.73	2.00
37	-1.66	6.65	1.73	2.00
38	-1.66	6.65	1.73	2.00
39	-1.66	6.64	1.73	2.00
40	-1.68	6.66	1.73	2.00
41	-1.70	6.68	1.73	2.00
42	-1.71	6.68	1.73	2.00
43	-1.71	6.68	1.72	2.00
44	-1.71	6.68	1.73	2.00
45	-1.71	6.69	1.74	2.00
46	-1.72	6.69	1.74	2.00
47	-1.72	6.70	1.74	2.00
48	-1.71	6.70	1.75	2.00
49	-1.71	6.69	1.75	4.00
50	-1.71	6.71	1.75	4.00
51	-1.71	6.72	1.75	1.00
52	-1.70	6.73	1.75	1.00
53	-1.68	6.74	1.76	1.00
54	-1.67	6.77	1.78	1.00
55	-1.66	6.79	1.80	1.00
56	-1.63	6.80	1.81	1.00
57	-1.61	6.81	1.81	1.00
58	-1.59	6.82	1.81	1.00
59	-1.56	6.83	1.81	1.00
60	-1.54	6.84	1.81	1.00
61	-1.52	6.86	1.81	1.00
62	-1.51	6.85	1.81	1.00
63	-1.49	6.85	1.82	2.00
64	-1.48	6.86	1.82	2.00
65	-1.47	6.86	1.82	2.00
66	-1.44	6.86	1.84	2.00
67	-1.42	6.85	1.86	4.00
68	-1.40	6.85	1.86	4.00
69	-1.39	6.85	1.85	4.00
70	-1.37	6.85	1.86	4.00
71	-1.36	6.84	1.87	4.00
72	-1.34	6.84	1.87	4.00
73	-1.32	6.84	1.87	4.00
74	-1.30	6.84	1.87	4.00
75	-1.27	6.84	1.86	4.00
76	-1.25	6.85	1.87	4.00
77	-1.22	6.86	1.87	4.00
78	-1.20	6.87	1.86	4.00
79	-1.17	6.87	1.86	4.00
80	-1.15	6.86	1.85	4.00
81	-1.12	6.85	1.85	4.00
82	-1.11	6.86	1.86	4.00
83	-1.10	6.87	1.86	4.00
84	-1.08	6.87	1.86	4.00
85	-1.06	6.87	1.85	4.00
86	-1.03	6.86	1.84	4.00
87	-0.99	6.84	1.84	4.00
88	-0.97	6.82	1.83	4.00
89	-0.94	6.80	1.82	1.00
90	-0.91	6.79	1.82	1.00
91	-0.87	6.78	1.81	1.00
92	-0.84	6.77	1.81	1.00
93	-0.81	6.75	1.81	1.00
94	-0.78	6.74	1.81	1.00
95	-0.75	6.73	1.81	2.00
96	-0.72	6.72	1.82	2.00
97	-0.69	6.71	1.83	2.00
98	-0.66	6.71	1.85	2.00
99	-0.63	6.70	1.86	4.00
100	-0.61	6.69	1.86	4.00
101	-0.59	6.68	1.87	4.00
102	-0.56	6.65	1.87	4.00
103	-0.54	6.61	1.88	4.00
104	-0.51	6.60	1.87	4.00
105	-0.48	6.59	1.87	4.00
106	-0.45	6.58	1.87	4.00
107	-0.41	6.58	1.86	4.00
108	-0.39	6.57	1.86	4.00
109	-0.37	6.56	1.85	4.00
110	-0.34	6.55	1.85	4.00
111	-0.31	6.54	1.85	4.00
112	-0.29	6.53	1.86	4.00
113	-0.27	6.52	1.86	2.00
114	-0.24	6.51	1.85	2.00
115	-0.22	6.50	1.84	2.00
116	-0.20	6.50	1.84	2.00
117	-0.18	6.50	1.83	2.00
118	-0.14	6.48	1.83	2.00
119	-0.11	6.47	1.83	1.00
120	-0.10	6.46	1.82	1.00
121	-0.08	6.44	1.82	1.00
122	-0.05	6.44	1.81	1.00
123	-0.02	6.43	1.81	1.00
124	0.00	6.41	1.82	1.00
125	0.03	6.39	1.82	4.00
126	0.06	6.38	1.84	4.00
127	0.09	6.37	1.85	4.00
128	0.12	6.35	1.86	4.00
129	0.14	6.34	1.86	4.00
130	0.18	6.32	1.86	4.00
131	0.21	6.31	1.86	4.00
132	0.23	6.27	1.86	4.00
133	0.25	6.23	1.86	4.00
134	0.27	6.21	1.86	4.00
135	0.30	6.18	1.86	4.00
136	0.32	6.16	1.86	4.00
137	0.35	6.14	1.86	1.00
138	0.37	6.12	1.85	1.00
139	0.40	6.10	1.85	1.00
140	0.42	6.08	1.85	1.00
141	0.45	6.05	1.85	2.00
142	0.48	6.03	1.85	2.00
143	0.51	6.00	1.86	2.00
144	0.53	5.97	1.85	2.00
145	0.56	5.95	1.85	2.00
146	0.58	5.92	1.85	2.00
147	0.60	5.90	1.85	4.00
148	0.63	5.87	1.85	4.00
149	0.65	5.84	1.85	1.00
150	0.67	5.84	1.85	1.00
151	0.69	5.83	1.85	1.00
152	0.72	5.84	1.84	1.00
153	0.75	5.84	1.83	1.00
154	0.77	5.83	1.83	1.00
155	0.80	5.81	1.82	1.00
156	0.83	5.79	1.82	1.00
157	0.86	5.77	1.82	1.00
158	0.90	5.74	1.82	1.00
159	0.94	5.71	1.82	1.00
160	0.96	5.70	1.82	1.00
161	0.99	5.69	1.82	1.00
162	1.00	5.66	1.82	1.00
163	1.01	5.64	1.83	1.00
164	1.04	5.61	1.82	1.00
165	1.07	5.59	1.82	1.00
166	1.11	5.57	1.81	1.00
167	1.15	5.56	1.80	1.00
168	1.18	5.54	1.80	1.00
169	1.21	5.52	1.79	1.00
170	1.24	5.50	1.79	1.00
171	1.26	5.47	1.79	1.00
172	1.32	5.47	1.81	1.00
173	1.37	5.47	1.83	1.00
174	1.39	5.45	1.83	1.00
175	1.41	5.43	1.83	1.00
176	1.44	5.41	1.84	1.00
177	1.47	5.39	1.84	1.00
178	1.49	5.37	1.83	1.00
179	1.51	5.35	1.83	1.00
180	1.54	5.34	1.82	1.00
181	1.56	5.32	1.80	1.00
182	1.58	5.32	1.78	1.00
183	1.60	5.32	1.77	1.00
184	1.63	5.30	1.78	1.00
185	1.65	5.29	1.79	1.00
186	1.69	5.27	1.78	1.00
187	1.72	5.25	1.77	1.00
188	1.76	5.23	1.77	1.00
189	1.79	5.22	1.77	1.00
190	1.83	5.20	1.77	1.00
191	1.86	5.18	1.78	1.00
192	1.89	5.17	1.78	1.00
193	1.93	5.16	1.77	2.00
194	1.97	5.14	1.78	2.00
195	2.00	5.13	1.79	4.00
196	2.03	5.12	1.80	4.00
197	2.06	5.10	1.81	4.00
198	2.08	5.10	1.81	4.00
199	2.11	5.09	1.82	1.00
200	2.13	5.08	1.82	1.00
201	2.15	5.07	1.82	1.00
202	2.17	5.05	1.82	1.00
203	2.18	5.04	1.83	1.00
204	2.21	5.02	1.82	1.00
205	2.23	5.01	1.82	2.00
206	2.24	5.00	1.81	2.00
207	2.26	4.99	1.81	2.00
208	2.28	4.97	1.80	2.00
209	2.30	4.95	1.80	2.00
210	2.31	4.94	1.80	2.00
211	2.33	4.93	1.79	2.00
212	2.35	4.91	1.79	2.00
213	2.37	4.90	1.78	4.00
214	2.40	4.90	1.77	4.00
215	2.43	4.89	1.77	1.00
216	2.45	4.88	1.76	1.00
217	2.48	4.86	1.76	1.00
218	2.50	4.84	1.76	1.00
219	2.52	4.83	1.76	1.00
220	2.53	4.82	1.76	1.00
221	2.54	4.81	1.76	1.00
222	2.54	4.81	1.74	1.00
223	2.55	4.81	1.72	1.00
Target 3 (frames from 1 to 165)
Bounding Boxes (frame, x, y, width, height)
1	302	186	58	116
2	304	185	57	115
3	305	183	57	115
4	305	182	57	115
5	306	181	57	115
6	306	180	58	116
7	306	179	58	116
8	305	178	58	116
9	305	177	58	116
10	304	177	58	116
11	302	175	58	116
12	299	174	58	117
13	297	173	58	117
14	296	173	58	117
15	294	173	59	118
16	292	173	59	118
17	291	173	59	119
18	290	173	59	119
19	290	173	60	120
20	289	173	60	120
21	288	174	60	121
22	287	175	61	122
23	287	175	61	122
24	288	176	61	123
25	289	177	61	123
26	291	178	61	123
27	292	179	62	124
28	295	180	62	124
29	298	182	62	124
30	302	183	62	124
31	306	185	62	124
32	310	186	62	124
33	314	186	62	124
34	318	187	62	124
35	321	186	61	123
36	325	186	61	123
37	328	186	61	123
38	331	185	61	123
39	334	184	61	123
40	336	183	61	123
41	339	182	62	124
42	342	181	62	124
43	345	181	62	124
44	348	180	62	124
45	351	180	62	124
46	355	180	62	125
47	358	181	62	125
48	361	182	62	125
49	364	182	63	126
50	367	183	63	126
51	370	184	63	126
52	373	184	63	127
53	375	185	63	127
54	378	185	63	127
55	381	185	64	128
56	383	185	64	128
57	385	185	64	128
58	387	185	64	129
59	389	184	64	129
60	391	184	64	129
61	393	183	65	130
62	395	183	65	130
63	398	182	65	130
64	400	182	65	130
65	403	182	65	131
66	406	182	65	131
67	409	182	65	131
68	412	183	65	131
69	415	183	65	131
70	417	183	65	131
71	420	183	65	131
72	422	184	66	132
73	424	184	66	132
74	425	183	66	132
75	426	183	66	132
76	427	183	66	133
77	428	183	66	133
78	428	183	66	133
79	429	183	67	134
80	430	182	67	134
81	430	182	67	134
82	431	182	67	135
83	432	182	67	135
84	432	182	68	136
85	433	181	68	136
86	435	181	68	136
87	436	181	68	137
88	439	182	68	137
89	441	182	68	137
90	444	182	69	138
91	447	182	69	138
92	450	182	69	138
93	453	182	69	138
94	456	183	69	138
95	459	184	69	138
96	462	185	69	138
97	465	186	69	138
98	468	187	69	138
99	471	188	69	138
100	473	189	68	137
101	475	190	68	136
102	477	191	68	136
103	479	193	67	135
104	481	194	67	134
105	483	195	67	134
106	485	195	67	134
107	487	195	67	134
108	489	195	67	134
109	491	195	67	134
110	493	195	67	134
111	495	194	67	135
112	497	193	67	135
113	499	192	68	136
114	501	192	68	137
115	503	191	69	138
116	505	190	69	138
117	507	189	69	139
118	510	189	70	140
119	512	188	70	141
120	515	188	71	142
121	518	187	71	142
122	521	186	71	143
123	524	186	72	144
124	527	185	72	145
125	530	184	73	146
126	533	183	73	147
127	535	183	73	147
128	538	183	74	148
129	540	183	74	148
130	543	183	74	148
131	546	184	74	148
132	549	184	74	148
133	552	184	74	148
134	555	185	74	148
135	558	185	74	148
136	561	185	74	148
137	565	186	74	148
138	568	186	74	148
139	571	187	74	148
140	574	187	74	148
141	577	188	74	148
142	581	188	74	148
143	584	189	74	148
144	587	189	74	148
145	589	189	74	148
146	592	189	74	149
147	594	189	75	150
148	596	188	76	152
149	598	187	76	153
150	600	187	77	154
151	602	186	77	155
152	604	186	78	156
153	606	186	78	156
154	609	186	78	156
155	611	186	78	156
156	614	187	78	156
157	616	187	78	156
158	619	187	78	156
159	621	188	77	155
160	624	188	77	155
161	626	188	77	155
162	629	189	77	154
163	631	189	77	154
164	634	190	76	153
165	636	190	76	152
3D Trajetory (frame, x, z, height, pose)
1	-0.45	7.57	1.76	2.00
2	-0.42	7.56	1.75	2.00
3	-0.39	7.55	1.74	2.00
4	-0.37	7.53	1.74	2.00
5	-0.36	7.51	1.74	2.00
6	-0.34	7.53	1.75	2.00
7	-0.32	7.56	1.76	2.00
8	-0.34	7.56	1.76	2.00
9	-0.35	7.56	1.77	2.00
10	-0.35	7.59	1.78	2.00
11	-0.34	7.61	1.78	2.00
12	-0.34	7.61	1.78	2.00
13	-0.33	7.61	1.78	2.00
14	-0.33	7.60	1.78	2.00
15	-0.32	7.60	1.79	2.00
16	-0.32	7.60	1.80	2.00
17	-0.32	7.60	1.80	2.00
18	-0.31	7.61	1.82	2.00
19	-0.30	7.61	1.84	2.00
20	-0.28	7.61	1.84	2.00
21	-0.27	7.61	1.85	4.00
22	-0.26	7.60	1.85	4.00
23	-0.26	7.60	1.85	1.00
24	-0.24	7.59	1.86	1.00
25	-0.23	7.57	1.87	1.00
26	-0.20	7.58	1.87	1.00
27	-0.17	7.58	1.88	1.00
28	-0.13	7.57	1.87	1.00
29	-0.09	7.57	1.87	1.00
30	-0.05	7.56	1.87	1.00
31	-0.01	7.54	1.87	1.00
32	0.02	7.54	1.87	1.00
33	0.04	7.54	1.87	1.00
34	0.07	7.55	1.86	1.00
35	0.11	7.55	1.85	1.00
36	0.13	7.54	1.86	1.00
37	0.16	7.53	1.87	2.00
38	0.19	7.52	1.87	2.00
39	0.21	7.51	1.87	2.00
40	0.25	7.51	1.86	2.00
41	0.29	7.50	1.86	1.00
42	0.32	7.48	1.85	1.00
43	0.36	7.45	1.85	1.00
44	0.39	7.42	1.85	1.00
45	0.43	7.39	1.84	2.00
46	0.46	7.38	1.84	2.00
47	0.48	7.37	1.84	2.00
48	0.52	7.34	1.84	2.00
49	0.56	7.32	1.85	2.00
50	0.59	7.30	1.85	2.00
51	0.61	7.27	1.85	2.00
52	0.64	7.25	1.85	2.00
53	0.66	7.24	1.84	4.00
54	0.68	7.22	1.84	4.00
55	0.69	7.20	1.84	1.00
56	0.72	7.19	1.84	1.00
57	0.75	7.18	1.84	1.00
58	0.77	7.17	1.84	1.00
59	0.80	7.15	1.85	1.00
60	0.82	7.13	1.85	1.00
61	0.84	7.11	1.85	1.00
62	0.87	7.10	1.85	1.00
63	0.89	7.08	1.84	1.00
64	0.92	7.08	1.84	1.00
65	0.95	7.07	1.84	1.00
66	0.99	7.05	1.84	1.00
67	1.02	7.03	1.85	2.00
68	1.05	7.02	1.84	2.00
69	1.08	7.01	1.83	2.00
70	1.10	7.00	1.83	2.00
71	1.13	6.99	1.83	2.00
72	1.16	6.98	1.83	2.00
73	1.18	6.97	1.83	2.00
74	1.20	6.95	1.83	2.00
75	1.21	6.94	1.83	2.00
76	1.22	6.92	1.83	2.00
77	1.23	6.89	1.83	2.00
78	1.25	6.88	1.83	2.00
79	1.26	6.87	1.83	2.00
80	1.28	6.86	1.83	2.00
81	1.30	6.84	1.83	2.00
82	1.32	6.83	1.84	2.00
83	1.34	6.82	1.84	2.00
84	1.36	6.80	1.84	2.00
85	1.38	6.79	1.85	2.00
86	1.40	6.78	1.85	2.00
87	1.43	6.76	1.85	2.00
88	1.44	6.76	1.85	2.00
89	1.46	6.75	1.84	2.00
90	1.49	6.73	1.85	2.00
91	1.51	6.72	1.85	2.00
92	1.54	6.71	1.84	2.00
93	1.56	6.69	1.84	2.00
94	1.58	6.67	1.84	2.00
95	1.61	6.65	1.84	2.00
96	1.63	6.64	1.83	2.00
97	1.65	6.63	1.83	2.00
98	1.68	6.60	1.81	2.00
99	1.71	6.57	1.80	1.00
100	1.73	6.55	1.78	1.00
101	1.74	6.53	1.77	2.00
102	1.76	6.51	1.76	2.00
103	1.78	6.50	1.75	2.00
104	1.81	6.51	1.74	2.00
105	1.84	6.52	1.72	1.00
106	1.87	6.51	1.72	1.00
107	1.90	6.51	1.72	2.00
108	1.92	6.50	1.72	2.00
109	1.94	6.49	1.72	2.00
110	1.97	6.48	1.72	2.00
111	1.99	6.46	1.73	1.00
112	2.01	6.42	1.74	1.00
113	2.03	6.38	1.75	2.00
114	2.06	6.37	1.75	2.00
115	2.08	6.36	1.74	2.00
116	2.11	6.35	1.74	2.00
117	2.13	6.35	1.74	1.00
118	2.15	6.33	1.75	1.00
119	2.17	6.31	1.75	1.00
120	2.20	6.28	1.76	1.00
121	2.23	6.25	1.77	1.00
122	2.25	6.23	1.78	1.00
123	2.28	6.21	1.78	1.00
124	2.30	6.19	1.78	1.00
125	2.33	6.17	1.78	1.00
126	2.36	6.15	1.78	1.00
127	2.39	6.12	1.78	1.00
128	2.41	6.11	1.78	1.00
129	2.44	6.09	1.79	1.00
130	2.46	6.08	1.79	1.00
131	2.49	6.06	1.78	4.00
132	2.51	6.06	1.77	4.00
133	2.53	6.05	1.75	4.00
134	2.56	6.03	1.76	4.00
135	2.58	6.01	1.76	1.00
136	2.62	6.01	1.76	1.00
137	2.66	6.01	1.76	1.00
138	2.68	6.00	1.75	1.00
139	2.70	5.98	1.75	1.00
140	2.72	5.98	1.74	1.00
141	2.74	5.98	1.73	1.00
142	2.76	5.96	1.73	1.00
143	2.78	5.94	1.73	1.00
144	2.81	5.93	1.72	1.00
145	2.84	5.92	1.71	4.00
146	2.87	5.88	1.72	4.00
147	2.90	5.83	1.72	3.00
148	2.92	5.82	1.72	3.00
149	2.94	5.80	1.71	1.00
150	2.94	5.79	1.73	1.00
151	2.94	5.78	1.75	1.00
152	2.95	5.76	1.77	1.00
153	2.96	5.74	1.79	1.00
154	2.98	5.73	1.79	1.00
155	3.00	5.71	1.79	1.00
156	3.04	5.70	1.76	1.00
157	3.08	5.69	1.72	1.00
158	3.11	5.71	1.70	1.00
159	3.15	5.72	1.69	1.00
160	3.16	5.70	1.69	1.00
161	3.18	5.68	1.68	1.00
162	3.20	5.67	1.69	1.00
163	3.22	5.66	1.69	1.00
164	3.23	5.63	1.71	1.00
165	3.23	5.60	1.73	1.00
Target 4 (frames from 1 to 29)
Bounding Boxes (frame, x, y, width, height)
1	345	181	60	120
2	345	179	60	121
3	345	178	60	121
4	346	177	60	121
5	346	176	61	122
6	346	175	61	122
7	345	174	61	122
8	345	173	61	122
9	345	173	61	122
10	344	172	61	122
11	342	171	61	122
12	341	171	61	122
13	339	171	60	121
14	338	171	60	121
15	337	172	60	121
16	336	172	60	121
17	336	172	60	121
18	336	173	60	121
19	336	173	60	121
20	336	174	61	122
21	336	174	61	122
22	336	175	61	123
23	336	175	62	124
24	337	176	62	124
25	338	177	62	125
26	338	177	63	126
27	339	178	63	127
28	340	178	64	129
29	342	179	65	130
3D Trajetory (frame, x, z, height, pose)
1	0.23	7.59	1.82	1.00
2	0.24	7.58	1.82	1.00
3	0.24	7.56	1.82	1.00
4	0.25	7.52	1.83	1.00
5	0.25	7.49	1.85	1.00
6	0.27	7.48	1.84	1.00
7	0.28	7.47	1.84	1.00
8	0.28	7.46	1.84	1.00
9	0.28	7.44	1.83	1.00
10	0.29	7.45	1.82	1.00
11	0.30	7.46	1.81	1.00
12	0.31	7.47	1.82	1.00
13	0.32	7.47	1.82	1.00
14	0.32	7.47	1.82	1.00
15	0.32	7.46	1.82	1.00
16	0.34	7.45	1.81	1.00
17	0.35	7.44	1.79	1.00
18	0.38	7.44	1.80	1.00
19	0.40	7.44	1.81	1.00
20	0.43	7.43	1.81	1.00
21	0.45	7.42	1.82	1.00
22	0.47	7.41	1.83	1.00
23	0.48	7.39	1.84	1.00
24	0.50	7.38	1.85	1.00
25	0.51	7.36	1.86	1.00
26	0.53	7.34	1.87	1.00
27	0.56	7.32	1.89	1.00
28	0.58	7.31	1.89	1.00
29	0.61	7.30	1.89	1.00
Target 5 (frames from 1 to 79)
Bounding Boxes (frame, x, y, width, height)
1	427	190	53	107
2	428	188	53	107
3	428	186	54	108
4	429	185	54	108
5	429	184	54	109
6	429	182	54	109
7	429	181	54	109
8	429	180	55	110
9	429	180	55	110
10	429	179	55	110
11	428	178	55	110
12	427	177	55	110
13	426	177	55	110
14	425	177	55	110
15	424	177	55	111
16	424	178	55	111
17	425	178	55	111
18	425	179	55	111
19	426	180	55	111
20	427	181	55	110
21	428	183	55	110
22	428	184	55	110
23	430	186	55	110
24	431	187	55	110
25	433	189	54	109
26	436	190	54	109
27	438	192	54	109
28	441	194	54	109
29	445	196	54	108
30	449	197	54	108
31	453	199	54	109
32	458	200	54	109
33	462	200	54	109
34	466	200	54	109
35	471	200	55	110
36	475	199	55	110
37	479	198	55	111
38	483	197	56	112
39	486	195	56	113
40	489	193	57	114
41	493	191	57	115
42	496	190	58	116
43	500	189	58	117
44	503	188	58	117
45	507	187	59	118
46	511	187	59	119
47	515	188	59	119
48	519	188	60	120
49	523	189	60	120
50	527	190	60	120
51	531	191	60	120
52	536	192	60	120
53	541	193	60	121
54	545	193	60	121
55	551	194	60	121
56	556	194	60	121
57	560	194	60	121
58	564	194	60	121
59	568	193	60	121
60	571	193	61	122
61	575	192	61	122
62	578	192	61	123
63	581	192	61	123
64	584	191	62	124
65	588	191	62	124
66	592	192	62	125
67	596	192	62	125
68	600	192	63	126
69	604	192	63	126
70	608	192	63	127
71	611	192	63	127
72	615	192	63	127
73	618	193	64	128
74	622	193	64	128
75	625	193	64	128
76	628	193	64	128
77	631	193	64	128
78	635	193	64	128
79	638	193	64	128
3D Trajetory (frame, x, z, height, pose)
1	1.52	8.08	1.69	2.00
2	1.50	7.93	1.71	2.00
3	1.47	7.78	1.72	2.00
4	1.50	7.81	1.73	2.00
5	1.54	7.84	1.73	1.00
6	1.57	7.92	1.73	1.00
7	1.60	7.99	1.73	1.00
8	1.59	7.94	1.73	1.00
9	1.59	7.89	1.74	2.00
10	1.59	7.85	1.74	2.00
11	1.60	7.81	1.73	2.00
12	1.61	7.81	1.73	2.00
13	1.63	7.80	1.73	1.00
14	1.65	7.79	1.73	1.00
15	1.67	7.78	1.74	1.00
16	1.70	7.77	1.74	1.00
17	1.72	7.76	1.74	1.00
18	1.75	7.72	1.72	1.00
19	1.78	7.69	1.71	1.00
20	1.80	7.67	1.72	1.00
21	1.82	7.65	1.73	1.00
22	1.86	7.64	1.71	1.00
23	1.90	7.63	1.69	1.00
24	1.93	7.62	1.69	1.00
25	1.96	7.61	1.68	1.00
26	1.98	7.59	1.68	1.00
27	2.01	7.58	1.68	1.00
28	2.03	7.58	1.68	1.00
29	2.06	7.58	1.68	3.00
30	2.13	7.57	1.67	3.00
31	2.20	7.57	1.65	2.00
32	2.22	7.56	1.66	2.00
33	2.25	7.54	1.66	2.00
34	2.28	7.52	1.66	2.00
35	2.30	7.50	1.66	1.00
36	2.34	7.49	1.67	1.00
37	2.38	7.49	1.68	1.00
38	2.41	7.47	1.68	1.00
39	2.44	7.45	1.69	1.00
40	2.49	7.43	1.70	1.00
41	2.54	7.40	1.72	2.00
42	2.58	7.38	1.72	2.00
43	2.62	7.36	1.73	2.00
44	2.66	7.34	1.74	2.00
45	2.69	7.32	1.75	2.00
46	2.72	7.30	1.75	2.00
47	2.75	7.28	1.76	1.00
48	2.79	7.26	1.74	1.00
49	2.83	7.24	1.73	1.00
50	2.85	7.22	1.73	1.00
51	2.88	7.20	1.73	1.00
52	2.91	7.18	1.73	1.00
53	2.94	7.16	1.74	3.00
54	3.02	7.14	1.73	3.00
55	3.10	7.12	1.71	2.00
56	3.15	7.10	1.71	2.00
57	3.20	7.09	1.72	2.00
58	3.23	7.08	1.71	2.00
59	3.27	7.06	1.71	1.00
60	3.30	7.05	1.70	1.00
61	3.34	7.03	1.70	1.00
62	3.37	7.01	1.70	1.00
63	3.39	6.99	1.71	1.00
64	3.41	6.96	1.71	1.00
65	3.43	6.92	1.72	1.00
66	3.47	6.89	1.72	1.00
67	3.50	6.86	1.72	1.00
68	3.53	6.84	1.70	1.00
69	3.56	6.82	1.69	1.00
70	3.60	6.79	1.69	1.00
71	3.64	6.76	1.70	1.00
72	3.67	6.75	1.70	1.00
73	3.71	6.73	1.70	1.00
74	3.74	6.72	1.70	1.00
75	3.78	6.71	1.70	1.00
76	3.81	6.69	1.70	1.00
77	3.85	6.67	1.70	1.00
78	3.87	6.66	1.69	1.00
79	3.90	6.64	1.68	1.00
Target 6 (frames from 33 to 105)
Bounding Boxes (frame, x, y, width, height)
33	377	198	62	124
34	379	197	61	123
35	382	196	61	123
36	384	195	61	122
37	386	194	61	122
38	389	193	60	121
39	391	192	60	121
40	394	191	60	121
41	396	191	60	121
42	399	190	60	121
43	402	190	60	120
44	405	189	60	120
45	408	188	60	121
46	411	188	61	122
47	414	188	61	122
48	417	189	61	122
49	421	190	61	122
50	424	191	61	122
51	427	192	60	121
52	431	193	60	121
53	435	194	60	121
54	439	195	60	120
55	443	195	60	120
56	448	196	60	120
57	452	195	60	120
58	455	195	60	120
59	459	195	60	120
60	463	194	60	121
61	467	193	60	121
62	471	193	61	122
63	475	192	61	122
64	480	191	61	123
65	485	191	62	124
66	489	191	62	124
67	494	190	62	125
68	498	190	63	126
69	501	190	63	126
70	505	191	63	126
71	509	191	63	127
72	513	191	63	127
73	516	191	63	127
74	519	190	64	128
75	522	190	64	128
76	524	190	64	128
77	527	190	64	129
78	529	189	64	129
79	531	189	64	129
80	533	189	65	130
81	535	188	65	130
82	537	188	65	131
83	540	187	66	132
84	542	187	66	132
85	545	186	66	133
86	548	186	66	133
87	552	186	67	134
88	557	186	67	134
89	561	186	67	135
90	565	186	67	135
91	570	186	68	136
92	574	186	68	136
93	578	187	68	137
94	583	187	68	137
95	587	187	68	137
96	591	188	68	137
97	595	188	69	138
98	599	189	69	138
99	603	190	69	138
100	607	190	68	137
101	611	191	68	137
102	615	192	68	137
103	619	192	68	137
104	623	193	68	137
105	627	194	68	136
3D Trajetory (frame, x, z, height, pose)
33	0.92	7.17	1.71	1.00
34	0.91	6.93	1.74	1.00
35	0.90	6.70	1.77	1.00
36	0.92	6.91	1.73	1.00
37	0.95	7.12	1.70	1.00
38	0.98	7.09	1.69	1.00
39	1.02	7.06	1.68	1.00
40	1.05	7.06	1.68	1.00
41	1.08	7.06	1.69	1.00
42	1.11	7.06	1.70	1.00
43	1.14	7.06	1.72	1.00
44	1.17	7.06	1.73	1.00
45	1.20	7.06	1.74	1.00
46	1.22	7.06	1.74	1.00
47	1.24	7.05	1.74	1.00
48	1.28	7.05	1.73	1.00
49	1.31	7.05	1.72	1.00
50	1.33	7.05	1.72	1.00
51	1.36	7.05	1.72	1.00
52	1.41	7.05	1.71	1.00
53	1.46	7.05	1.70	1.00
54	1.51	7.05	1.70	1.00
55	1.56	7.05	1.69	1.00
56	1.59	7.05	1.69	1.00
57	1.62	7.05	1.69	1.00
58	1.66	7.04	1.69	1.00
59	1.70	7.03	1.68	1.00
60	1.78	7.02	1.69	1.00
61	1.87	7.01	1.70	1.00
62	1.91	7.00	1.70	1.00
63	1.94	6.99	1.71	1.00
64	1.99	6.98	1.72	1.00
65	2.03	6.96	1.72	1.00
66	2.09	6.94	1.72	1.00
67	2.14	6.93	1.73	1.00
68	2.19	6.90	1.73	1.00
69	2.23	6.88	1.73	1.00
70	2.26	6.87	1.73	1.00
71	2.30	6.86	1.73	1.00
72	2.34	6.84	1.73	1.00
73	2.39	6.83	1.73	1.00
74	2.42	6.83	1.73	1.00
75	2.45	6.83	1.73	1.00
76	2.49	6.81	1.73	1.00
77	2.53	6.80	1.73	1.00
78	2.56	6.79	1.74	1.00
79	2.60	6.78	1.75	1.00
80	2.63	6.77	1.75	1.00
81	2.67	6.76	1.76	1.00
82	2.71	6.74	1.76	1.00
83	2.74	6.73	1.76	1.00
84	2.79	6.71	1.76	1.00
85	2.83	6.69	1.77	1.00
86	2.87	6.68	1.78	1.00
87	2.91	6.66	1.79	1.00
88	2.95	6.65	1.79	1.00
89	2.99	6.63	1.79	1.00
90	3.04	6.61	1.79	1.00
91	3.09	6.59	1.79	1.00
92	3.13	6.58	1.78	1.00
93	3.17	6.57	1.77	1.00
94	3.20	6.57	1.77	1.00
95	3.24	6.58	1.77	1.00
96	3.25	6.57	1.78	1.00
97	3.26	6.56	1.79	1.00
98	3.30	6.53	1.78	1.00
99	3.34	6.50	1.77	1.00
100	3.39	6.48	1.76	1.00
101	3.44	6.47	1.75	1.00
102	3.49	6.47	1.75	1.00
103	3.55	6.47	1.74	1.00
104	3.61	6.47	1.74	1.00
105	3.68	6.47	1.73	1.00
Target 7 (frames from 25 to 81)
Bounding Boxes (frame, x, y, width, height)
25	262	176	65	131
26	264	177	66	132
27	266	179	67	134
28	268	180	67	135
29	270	181	68	136
30	272	182	68	137
31	274	182	69	138
32	277	183	69	138
33	279	183	69	139
34	281	183	69	139
35	284	183	69	139
36	287	183	69	139
37	290	182	69	138
38	293	182	69	138
39	295	181	69	138
40	298	180	69	138
41	300	179	69	138
42	302	178	68	137
43	305	178	68	137
44	307	178	68	137
45	310	177	68	137
46	312	178	68	137
47	315	178	69	138
48	318	179	69	138
49	320	180	69	138
50	323	180	69	138
51	325	181	69	138
52	327	181	69	138
53	330	182	69	139
54	332	182	69	139
55	334	182	69	139
56	336	181	70	140
57	337	181	70	140
58	339	181	70	140
59	340	180	70	141
60	341	179	70	141
61	342	178	71	142
62	344	178	71	143
63	346	177	71	143
64	347	176	72	144
65	350	175	72	145
66	352	174	73	147
67	354	174	74	148
68	356	173	74	149
69	358	173	75	150
70	360	173	75	151
71	361	172	75	151
72	363	172	76	152
73	364	172	76	152
74	366	172	76	153
75	367	171	76	153
76	368	171	76	153
77	369	171	77	154
78	369	171	77	154
79	370	171	77	154
80	370	171	77	154
81	370	171	76	153
3D Trajetory (frame, x, z, height, pose)
25	-0.49	7.00	1.80	4.00
26	-0.48	6.97	1.83	4.00
27	-0.47	6.93	1.85	1.00
28	-0.46	6.86	1.86	1.00
29	-0.44	6.80	1.87	4.00
30	-0.42	6.80	1.87	4.00
31	-0.40	6.80	1.87	4.00
32	-0.39	6.78	1.87	4.00
33	-0.39	6.76	1.87	4.00
34	-0.38	6.74	1.88	4.00
35	-0.37	6.72	1.88	4.00
36	-0.34	6.74	1.88	4.00
37	-0.30	6.77	1.87	4.00
38	-0.28	6.78	1.86	4.00
39	-0.26	6.78	1.86	1.00
40	-0.24	6.79	1.86	1.00
41	-0.22	6.79	1.86	1.00
42	-0.20	6.78	1.87	1.00
43	-0.18	6.78	1.87	1.00
44	-0.15	6.77	1.87	1.00
45	-0.13	6.75	1.86	1.00
46	-0.11	6.75	1.86	1.00
47	-0.08	6.74	1.86	1.00
48	-0.06	6.73	1.86	1.00
49	-0.04	6.73	1.86	1.00
50	-0.02	6.72	1.86	1.00
51	-0.00	6.72	1.86	1.00
52	0.02	6.72	1.86	1.00
53	0.04	6.71	1.86	1.00
54	0.06	6.70	1.87	1.00
55	0.07	6.70	1.88	1.00
56	0.08	6.69	1.88	1.00
57	0.10	6.69	1.88	1.00
58	0.11	6.68	1.88	1.00
59	0.13	6.67	1.88	1.00
60	0.14	6.66	1.89	1.00
61	0.16	6.65	1.89	1.00
62	0.17	6.64	1.89	1.00
63	0.19	6.62	1.90	1.00
64	0.20	6.61	1.91	1.00
65	0.22	6.60	1.91	1.00
66	0.26	6.57	1.92	1.00
67	0.29	6.54	1.93	1.00
68	0.32	6.52	1.94	1.00
69	0.34	6.50	1.96	1.00
70	0.36	6.48	1.96	1.00
71	0.37	6.46	1.97	1.00
72	0.38	6.45	1.97	1.00
73	0.38	6.44	1.97	1.00
74	0.40	6.43	1.96	1.00
75	0.41	6.42	1.95	1.00
76	0.43	6.40	1.95	1.00
77	0.44	6.39	1.95	1.00
78	0.46	6.38	1.95	1.00
79	0.49	6.36	1.95	1.00
80	0.51	6.35	1.96	1.00
81	0.52	6.34	1.96	1.00
Target 8 (frames from 79 to 213)
Bounding Boxes (frame, x, y, width, height)
79	224	192	50	101
80	222	192	51	102
81	220	192	51	103
82	219	191	52	104
83	218	191	52	104
84	216	191	52	105
85	215	191	53	106
86	215	191	53	106
87	214	191	53	107
88	213	190	53	107
89	213	190	54	108
90	213	190	54	108
91	213	190	54	108
92	213	189	54	109
93	213	189	54	109
94	213	189	54	109
95	213	189	55	110
96	213	189	55	110
97	213	189	55	111
98	213	189	55	111
99	212	189	56	112
100	210	189	56	113
101	209	188	56	113
102	207	188	57	114
103	205	189	57	114
104	204	189	57	115
105	202	189	57	115
106	201	189	57	115
107	200	189	57	115
108	198	189	58	116
109	197	189	58	116
110	195	188	58	116
111	194	188	58	116
112	192	188	58	116
113	191	187	58	116
114	190	187	58	116
115	188	187	58	116
116	187	187	58	116
117	185	186	57	115
118	184	186	57	115
119	183	186	57	115
120	182	186	57	115
121	181	186	57	115
122	180	186	57	115
123	179	186	57	115
124	177	186	57	115
125	176	186	57	114
126	175	185	57	114
127	174	185	57	114
128	172	185	57	114
129	171	185	57	114
130	170	185	57	114
131	169	185	57	114
132	169	186	57	114
133	168	186	57	114
134	168	186	56	113
135	168	187	56	113
136	168	187	56	113
137	169	188	56	112
138	169	188	56	112
139	169	189	55	111
140	169	189	55	111
141	169	189	55	110
142	169	189	55	110
143	169	190	55	110
144	168	190	54	109
145	167	190	54	109
146	167	190	55	110
147	166	190	55	110
148	165	189	55	111
149	165	189	55	111
150	164	188	56	112
151	163	188	56	112
152	162	187	56	113
153	162	187	57	114
154	161	186	57	114
155	160	186	57	115
156	160	185	57	115
157	159	184	58	116
158	158	184	58	117
159	157	183	59	118
160	156	182	59	118
161	155	182	59	119
162	153	181	59	119
163	152	181	60	120
164	151	180	60	121
165	150	180	60	121
166	148	179	61	122
167	147	179	61	122
168	146	179	61	123
169	146	179	61	123
170	146	179	62	124
171	146	179	62	124
172	146	179	62	124
173	146	179	62	125
174	146	179	62	125
175	147	179	62	125
176	147	179	62	125
177	147	179	62	125
178	148	179	62	125
179	148	179	62	125
180	148	180	62	124
181	148	180	61	123
182	148	181	61	123
183	148	181	61	122
184	147	181	60	121
185	147	182	60	120
186	146	183	60	120
187	145	183	59	119
188	144	183	59	119
189	144	183	59	119
190	143	183	59	119
191	144	184	59	119
192	144	184	59	118
193	145	184	59	118
194	146	185	59	118
195	146	186	59	118
196	147	186	59	118
197	147	187	59	118
198	148	188	59	118
199	148	189	59	118
200	149	190	59	118
201	149	191	58	117
202	149	191	58	117
203	149	191	58	117
204	149	192	58	116
205	149	192	58	116
206	149	192	58	116
207	149	193	58	116
208	149	193	57	115
209	150	193	57	115
210	150	193	57	115
211	150	193	57	114
212	151	193	57	114
213	151	193	57	114
3D Trajetory (frame, x, z, height, pose)
79	-2.07	8.42	1.73	2.00
80	-2.06	8.42	1.73	2.00
81	-2.05	8.42	1.74	2.00
82	-2.04	8.34	1.74	2.00
83	-2.03	8.26	1.73	2.00
84	-2.02	8.21	1.74	2.00
85	-2.01	8.16	1.75	2.00
86	-2.01	8.15	1.75	2.00
87	-2.02	8.14	1.75	2.00
88	-2.05	8.17	1.76	2.00
89	-2.09	8.20	1.77	2.00
90	-2.10	8.19	1.78	2.00
91	-2.11	8.19	1.79	2.00
92	-2.12	8.19	1.79	2.00
93	-2.13	8.18	1.79	2.00
94	-2.14	8.17	1.81	2.00
95	-2.15	8.16	1.82	2.00
96	-2.17	8.16	1.82	2.00
97	-2.18	8.16	1.82	2.00
98	-2.19	8.13	1.83	2.00
99	-2.20	8.11	1.85	2.00
100	-2.22	8.11	1.85	2.00
101	-2.24	8.11	1.85	2.00
102	-2.25	8.08	1.85	2.00
103	-2.26	8.05	1.86	2.00
104	-2.27	8.03	1.86	2.00
105	-2.29	8.00	1.87	2.00
106	-2.31	8.00	1.87	2.00
107	-2.33	7.99	1.87	2.00
108	-2.34	7.98	1.86	2.00
109	-2.36	7.97	1.85	4.00
110	-2.37	7.96	1.86	4.00
111	-2.39	7.95	1.86	4.00
112	-2.40	7.94	1.86	4.00
113	-2.42	7.94	1.85	4.00
114	-2.45	7.92	1.85	4.00
115	-2.47	7.91	1.84	4.00
116	-2.49	7.90	1.84	4.00
117	-2.51	7.89	1.85	2.00
118	-2.53	7.89	1.84	2.00
119	-2.55	7.88	1.84	2.00
120	-2.57	7.89	1.83	2.00
121	-2.60	7.89	1.83	2.00
122	-2.62	7.88	1.82	2.00
123	-2.64	7.87	1.81	2.00
124	-2.67	7.86	1.81	2.00
125	-2.69	7.86	1.82	2.00
126	-2.71	7.85	1.82	2.00
127	-2.72	7.84	1.82	2.00
128	-2.74	7.83	1.82	2.00
129	-2.76	7.83	1.82	2.00
130	-2.77	7.84	1.81	2.00
131	-2.79	7.84	1.81	2.00
132	-2.81	7.85	1.80	2.00
133	-2.82	7.85	1.79	2.00
134	-2.83	7.85	1.80	2.00
135	-2.85	7.85	1.81	2.00
136	-2.85	7.85	1.80	2.00
137	-2.86	7.86	1.80	2.00
138	-2.87	7.87	1.79	2.00
139	-2.88	7.88	1.78	2.00
140	-2.89	7.89	1.77	2.00
141	-2.91	7.90	1.76	2.00
142	-2.92	7.91	1.76	2.00
143	-2.94	7.92	1.76	2.00
144	-2.95	7.92	1.75	2.00
145	-2.96	7.92	1.75	2.00
146	-2.96	7.91	1.76	2.00
147	-2.96	7.91	1.78	2.00
148	-2.97	7.90	1.78	2.00
149	-2.98	7.89	1.79	2.00
150	-2.99	7.88	1.79	2.00
151	-3.00	7.87	1.79	2.00
152	-3.00	7.87	1.81	2.00
153	-3.00	7.87	1.82	2.00
154	-3.01	7.87	1.83	2.00
155	-3.02	7.86	1.83	2.00
156	-3.03	7.85	1.84	2.00
157	-3.04	7.85	1.84	2.00
158	-3.04	7.83	1.86	2.00
159	-3.04	7.81	1.87	2.00
160	-3.05	7.79	1.87	2.00
161	-3.05	7.76	1.88	2.00
162	-3.06	7.73	1.88	2.00
163	-3.06	7.70	1.89	2.00
164	-3.05	7.68	1.89	2.00
165	-3.05	7.65	1.88	2.00
166	-3.05	7.63	1.88	2.00
167	-3.06	7.61	1.88	2.00
168	-3.05	7.58	1.88	2.00
169	-3.05	7.56	1.88	2.00
170	-3.04	7.53	1.89	2.00
171	-3.04	7.50	1.89	2.00
172	-3.04	7.49	1.90	2.00
173	-3.04	7.48	1.91	2.00
174	-3.04	7.45	1.90	2.00
175	-3.04	7.42	1.89	2.00
176	-3.03	7.40	1.89	2.00
177	-3.02	7.39	1.88	2.00
178	-3.03	7.38	1.89	2.00
179	-3.04	7.37	1.89	2.00
180	-3.05	7.39	1.87	2.00
181	-3.06	7.41	1.86	4.00
182	-3.06	7.40	1.85	4.00
183	-3.05	7.40	1.83	4.00
184	-3.06	7.40	1.83	4.00
185	-3.07	7.39	1.82	4.00
186	-3.08	7.39	1.80	4.00
187	-3.09	7.39	1.79	2.00
188	-3.09	7.39	1.78	2.00
189	-3.09	7.40	1.78	2.00
190	-3.09	7.40	1.78	2.00
191	-3.10	7.41	1.78	2.00
192	-3.10	7.41	1.79	2.00
193	-3.10	7.42	1.80	2.00
194	-3.10	7.42	1.80	2.00
195	-3.09	7.43	1.80	2.00
196	-3.08	7.44	1.79	2.00
197	-3.07	7.45	1.79	2.00
198	-3.07	7.45	1.78	2.00
199	-3.07	7.45	1.78	4.00
200	-3.07	7.44	1.78	4.00
201	-3.07	7.44	1.78	4.00
202	-3.08	7.45	1.78	4.00
203	-3.08	7.46	1.78	2.00
204	-3.08	7.48	1.78	2.00
205	-3.08	7.49	1.77	2.00
206	-3.08	7.50	1.77	2.00
207	-3.08	7.50	1.76	2.00
208	-3.08	7.51	1.76	2.00
209	-3.07	7.51	1.75	2.00
210	-3.08	7.51	1.75	2.00
211	-3.08	7.51	1.75	2.00
212	-3.08	7.52	1.75	2.00
213	-3.08	7.52	1.74	2.00
Target 9 (frames from 87 to 167)
Bounding Boxes (frame, x, y, width, height)
87	409	191	64	128
88	410	190	64	129
89	410	190	65	130
90	411	189	65	131
91	411	189	66	132
92	412	188	66	133
93	413	188	67	134
94	414	188	67	135
95	415	188	68	136
96	416	187	68	137
97	417	187	69	138
98	419	187	69	139
99	420	187	70	140
100	421	187	70	140
101	423	187	70	141
102	424	187	70	141
103	426	188	71	142
104	428	188	71	143
105	430	188	71	143
106	433	188	72	144
107	435	188	72	145
108	437	188	72	145
109	439	188	73	146
110	441	187	73	147
111	443	186	74	148
112	445	185	74	149
113	447	184	75	150
114	449	183	75	151
115	451	182	76	152
116	453	182	76	153
117	455	181	76	153
118	457	181	77	154
119	460	180	77	155
120	463	180	77	155
121	466	180	78	156
122	468	179	78	157
123	471	179	78	157
124	474	179	79	158
125	476	178	79	159
126	479	177	80	160
127	481	176	80	161
128	484	176	81	162
129	486	175	81	163
130	488	174	82	164
131	490	173	82	165
132	493	173	83	166
133	495	172	84	168
134	497	171	84	169
135	499	171	85	170
136	501	170	85	170
137	503	170	85	171
138	505	170	85	171
139	507	170	85	171
140	509	170	85	171
141	511	170	85	171
142	513	170	86	172
143	516	170	86	172
144	518	170	86	172
145	520	171	86	172
146	523	171	86	172
147	526	171	86	172
148	529	172	86	172
149	532	172	86	172
150	534	172	86	172
151	537	172	86	173
152	539	172	86	173
153	541	172	86	173
154	544	172	86	173
155	546	172	87	174
156	548	172	87	174
157	550	172	87	174
158	551	172	87	174
159	553	172	87	174
160	554	172	87	174
161	556	172	87	174
162	557	172	87	174
163	558	172	87	174
164	559	172	87	174
165	560	172	87	174
166	561	172	87	174
167	562	171	87	174
3D Trajetory (frame, x, z, height, pose)
87	1.04	6.74	1.74	1.00
88	1.03	6.69	1.74	1.00
89	1.02	6.64	1.74	1.00
90	1.01	6.65	1.74	1.00
91	1.00	6.66	1.74	1.00
92	0.99	6.66	1.75	1.00
93	0.99	6.65	1.76	2.00
94	0.99	6.60	1.76	2.00
95	0.99	6.56	1.76	2.00
96	1.01	6.55	1.78	2.00
97	1.02	6.54	1.80	1.00
98	1.03	6.52	1.81	1.00
99	1.04	6.50	1.82	1.00
100	1.05	6.48	1.82	1.00
101	1.07	6.46	1.83	1.00
102	1.09	6.43	1.82	1.00
103	1.11	6.40	1.81	1.00
104	1.13	6.38	1.80	1.00
105	1.16	6.35	1.79	3.00
106	1.19	6.31	1.79	3.00
107	1.23	6.27	1.79	4.00
108	1.25	6.24	1.80	4.00
109	1.27	6.22	1.82	1.00
110	1.30	6.18	1.82	1.00
111	1.32	6.14	1.83	1.00
112	1.34	6.14	1.83	1.00
113	1.36	6.13	1.82	1.00
114	1.38	6.10	1.83	1.00
115	1.40	6.07	1.83	1.00
116	1.42	6.05	1.84	1.00
117	1.45	6.03	1.84	1.00
118	1.47	6.02	1.84	1.00
119	1.49	6.00	1.84	1.00
120	1.52	5.96	1.84	1.00
121	1.54	5.93	1.85	1.00
122	1.57	5.91	1.85	1.00
123	1.59	5.90	1.84	1.00
124	1.62	5.88	1.84	1.00
125	1.64	5.86	1.84	1.00
126	1.67	5.85	1.84	1.00
127	1.69	5.84	1.84	1.00
128	1.71	5.80	1.85	1.00
129	1.73	5.77	1.86	1.00
130	1.75	5.76	1.87	1.00
131	1.77	5.74	1.89	1.00
132	1.80	5.73	1.89	1.00
133	1.83	5.71	1.90	1.00
134	1.85	5.71	1.91	1.00
135	1.87	5.71	1.91	1.00
136	1.89	5.70	1.92	1.00
137	1.91	5.70	1.92	1.00
138	1.92	5.71	1.93	1.00
139	1.93	5.71	1.93	1.00
140	1.93	5.71	1.93	1.00
141	1.93	5.71	1.94	1.00
142	1.97	5.70	1.93	1.00
143	2.00	5.68	1.92	1.00
144	2.02	5.68	1.91	1.00
145	2.04	5.67	1.91	1.00
146	2.07	5.65	1.91	1.00
147	2.11	5.63	1.91	1.00
148	2.13	5.63	1.91	1.00
149	2.16	5.63	1.91	1.00
150	2.18	5.62	1.91	1.00
151	2.20	5.60	1.92	4.00
152	2.23	5.60	1.91	4.00
153	2.26	5.59	1.91	4.00
154	2.28	5.59	1.90	4.00
155	2.30	5.58	1.90	1.00
156	2.32	5.58	1.90	1.00
157	2.34	5.58	1.89	2.00
158	2.35	5.57	1.90	2.00
159	2.37	5.56	1.91	3.00
160	2.38	5.54	1.90	3.00
161	2.39	5.53	1.90	3.00
162	2.39	5.52	1.89	3.00
163	2.40	5.52	1.89	3.00
164	2.42	5.52	1.88	3.00
165	2.44	5.52	1.87	1.00
166	2.47	5.51	1.88	1.00
167	2.49	5.50	1.89	1.00
Target 10 (frames from 137 to 179)
Bounding Boxes (frame, x, y, width, height)
137	633	214	57	115
138	631	211	60	120
139	630	208	62	125
140	628	205	65	130
141	627	203	67	134
142	625	201	69	138
143	624	199	70	141
144	623	197	72	144
145	622	196	73	146
146	621	195	74	148
147	619	195	75	150
148	617	194	75	151
149	616	195	75	151
150	615	195	75	150
151	615	196	74	149
152	615	196	74	148
153	615	197	73	147
154	616	197	72	145
155	617	198	72	144
156	617	198	71	142
157	617	198	70	141
158	618	198	70	140
159	618	199	69	139
160	618	199	69	138
161	617	198	69	139
162	617	198	69	139
163	616	197	70	140
164	615	197	70	140
165	614	196	70	141
166	613	196	70	141
167	612	195	71	142
168	611	195	71	143
169	610	194	72	144
170	609	193	73	146
171	609	193	73	147
172	609	192	74	148
173	609	191	75	150
174	610	190	75	151
175	611	189	76	153
176	612	188	77	154
177	613	187	78	156
178	614	186	79	158
179	616	185	80	160
3D Trajetory (frame, x, z, height, pose)
137	3.32	6.08	1.43	2.00
138	3.33	6.10	1.45	2.00
139	3.34	6.12	1.47	2.00
140	3.36	6.06	1.51	2.00
141	3.37	6.01	1.55	2.00
142	3.31	5.94	1.58	2.00
143	3.25	5.87	1.61	3.00
144	3.18	5.81	1.63	3.00
145	3.11	5.75	1.65	3.00
146	3.08	5.71	1.65	3.00
147	3.04	5.67	1.66	3.00
148	3.02	5.63	1.65	3.00
149	2.99	5.60	1.65	3.00
150	2.92	5.50	1.65	3.00
151	2.85	5.40	1.66	3.00
152	2.97	5.58	1.64	3.00
153	3.08	5.76	1.63	3.00
154	3.13	5.84	1.62	3.00
155	3.17	5.93	1.61	3.00
156	3.15	5.91	1.62	3.00
157	3.14	5.89	1.62	3.00
158	3.13	5.88	1.62	3.00
159	3.12	5.87	1.61	3.00
160	3.13	5.88	1.61	3.00
161	3.14	5.90	1.61	1.00
162	3.14	5.89	1.61	1.00
163	3.13	5.88	1.61	1.00
164	3.13	5.88	1.61	1.00
165	3.14	5.88	1.60	1.00
166	3.12	5.86	1.61	1.00
167	3.11	5.84	1.62	1.00
168	3.07	5.80	1.64	1.00
169	3.02	5.76	1.65	1.00
170	3.02	5.75	1.66	1.00
171	3.01	5.73	1.66	1.00
172	2.99	5.72	1.67	1.00
173	2.96	5.70	1.68	1.00
174	2.95	5.68	1.68	1.00
175	2.95	5.66	1.69	1.00
176	2.96	5.63	1.70	1.00
177	2.97	5.61	1.70	1.00
178	2.96	5.58	1.71	1.00
179	2.95	5.55	1.73	1.00
Target 11 (frames from 167 to 257)
Bounding Boxes (frame, x, y, width, height)
167	536	186	81	163
168	534	185	81	163
169	531	185	81	163
170	529	184	81	163
171	527	184	81	162
172	525	184	81	162
173	523	183	81	162
174	521	183	81	162
175	519	183	80	161
176	517	183	80	161
177	516	183	80	160
178	514	183	80	160
179	512	183	79	159
180	510	183	79	158
181	509	183	79	158
182	507	183	79	158
183	505	182	78	157
184	503	182	78	157
185	500	182	78	157
186	498	181	78	156
187	495	181	78	156
188	492	181	77	155
189	489	180	77	154
190	486	180	76	152
191	483	181	75	151
192	481	181	75	150
193	479	181	74	148
194	477	182	73	147
195	475	183	73	146
196	473	183	72	145
197	471	184	72	144
198	469	185	71	143
199	467	186	71	142
200	466	187	71	142
201	464	187	71	142
202	461	187	71	142
203	459	187	71	142
204	457	188	71	142
205	454	188	71	142
206	452	188	71	142
207	449	188	71	142
208	447	189	71	142
209	444	189	71	142
210	442	189	71	143
211	439	190	71	143
212	437	190	71	143
213	435	190	71	143
214	433	191	72	144
215	432	191	72	144
216	431	192	72	144
217	431	193	72	144
218	431	194	72	144
219	432	195	72	144
220	433	195	72	145
221	434	196	72	145
222	436	196	73	146
223	438	196	73	146
224	439	197	73	147
225	441	197	73	147
226	442	197	74	148
227	442	197	74	149
228	442	197	74	149
229	441	197	75	150
230	440	197	75	150
231	438	197	75	150
232	436	197	75	150
233	434	197	75	150
234	432	197	74	149
235	430	197	74	149
236	429	197	74	149
237	428	197	74	148
238	427	197	74	148
239	427	197	73	147
240	427	197	73	147
241	427	197	73	147
242	428	196	73	146
243	429	196	73	146
244	430	195	73	146
245	431	195	73	146
246	432	194	73	146
247	433	193	73	146
248	434	192	73	146
249	435	192	73	146
250	436	191	73	146
251	437	190	73	146
252	437	189	73	146
253	438	189	73	146
254	439	188	73	146
255	441	187	73	146
256	442	186	73	146
257	443	185	73	146
3D Trajetory (frame, x, z, height, pose)
167	2.09	5.36	1.70	1.00
168	2.10	5.39	1.72	1.00
169	2.10	5.42	1.75	1.00
170	2.07	5.43	1.75	1.00
171	2.05	5.45	1.76	1.00
172	2.02	5.48	1.76	1.00
173	1.99	5.52	1.75	3.00
174	1.96	5.53	1.76	3.00
175	1.94	5.55	1.77	3.00
176	1.92	5.56	1.77	3.00
177	1.90	5.58	1.76	1.00
178	1.89	5.60	1.76	1.00
179	1.87	5.62	1.75	1.00
180	1.86	5.64	1.76	1.00
181	1.85	5.66	1.76	1.00
182	1.84	5.69	1.76	1.00
183	1.82	5.71	1.76	1.00
184	1.79	5.73	1.76	1.00
185	1.76	5.75	1.76	1.00
186	1.74	5.77	1.77	1.00
187	1.72	5.78	1.77	1.00
188	1.71	5.74	1.76	1.00
189	1.70	5.69	1.75	1.00
190	1.68	5.83	1.78	1.00
191	1.66	5.98	1.80	1.00
192	1.65	6.07	1.80	1.00
193	1.63	6.16	1.80	2.00
194	1.62	6.21	1.79	2.00
195	1.60	6.27	1.78	2.00
196	1.57	6.29	1.78	2.00
197	1.55	6.31	1.77	1.00
198	1.53	6.33	1.79	1.00
199	1.51	6.35	1.80	1.00
200	1.50	6.37	1.80	1.00
201	1.48	6.38	1.80	1.00
202	1.46	6.37	1.80	1.00
203	1.43	6.36	1.79	1.00
204	1.40	6.36	1.79	1.00
205	1.38	6.37	1.79	1.00
206	1.34	6.35	1.78	1.00
207	1.30	6.33	1.78	1.00
208	1.27	6.30	1.78	1.00
209	1.23	6.27	1.78	4.00
210	1.19	6.24	1.77	4.00
211	1.15	6.20	1.76	4.00
212	1.13	6.20	1.76	4.00
213	1.10	6.19	1.76	4.00
214	1.07	6.18	1.76	4.00
215	1.05	6.17	1.75	4.00
216	1.03	6.17	1.76	4.00
217	1.02	6.16	1.77	4.00
218	1.00	6.17	1.77	4.00
219	0.99	6.18	1.78	1.00
220	0.98	6.18	1.77	1.00
221	0.97	6.18	1.76	1.00
222	0.94	6.17	1.76	1.00
223	0.92	6.16	1.77	1.00
224	0.89	6.16	1.78	1.00
225	0.86	6.15	1.80	1.00
226	0.84	6.15	1.80	1.00
227	0.81	6.14	1.80	1.00
228	0.79	6.15	1.79	1.00
229	0.76	6.15	1.79	2.00
230	0.73	6.15	1.80	2.00
231	0.71	6.14	1.81	2.00
232	0.67	6.13	1.81	2.00
233	0.63	6.13	1.82	1.00
234	0.61	6.14	1.82	1.00
235	0.59	6.15	1.81	1.00
236	0.57	6.17	1.80	1.00
237	0.55	6.19	1.79	1.00
238	0.53	6.19	1.79	1.00
239	0.51	6.19	1.78	1.00
240	0.50	6.19	1.78	1.00
241	0.49	6.20	1.78	1.00
242	0.48	6.20	1.78	1.00
243	0.47	6.21	1.78	3.00
244	0.45	6.22	1.78	3.00
245	0.42	6.24	1.79	3.00
246	0.41	6.24	1.79	3.00
247	0.39	6.25	1.79	2.00
248	0.38	6.26	1.79	2.00
249	0.36	6.27	1.79	2.00
250	0.33	6.28	1.79	2.00
251	0.30	6.29	1.79	1.00
252	0.28	6.29	1.79	1.00
253	0.26	6.29	1.80	1.00
254	0.24	6.30	1.80	1.00
255	0.22	6.31	1.80	1.00
256	0.21	6.32	1.79	1.00
257	0.19	6.33	1.79	1.00
Target 12 (frames from 231 to 255)
Bounding Boxes (frame, x, y, width, height)
231	636	209	66	133
232	634	208	67	135
233	632	206	68	137
234	630	205	69	138
235	629	204	69	139
236	627	203	70	141
237	626	202	71	142
238	624	202	71	142
239	623	201	71	143
240	622	200	72	144
241	620	200	71	143
242	619	199	71	142
243	618	199	71	142
244	618	198	71	142
245	617	198	71	142
246	617	197	71	142
247	617	196	71	142
248	617	195	71	142
249	618	195	71	142
250	618	194	71	143
251	620	193	71	143
252	621	192	71	143
253	623	191	71	143
254	625	190	71	143
255	627	189	71	143
3D Trajetory (frame, x, z, height, pose)
231	3.19	6.84	1.62	3.00
232	3.11	6.70	1.68	3.00
233	3.04	6.57	1.73	3.00
234	3.01	6.54	1.74	3.00
235	2.99	6.51	1.74	3.00
236	2.96	6.48	1.75	3.00
237	2.93	6.45	1.75	1.00
238	2.92	6.47	1.74	1.00
239	2.91	6.49	1.74	3.00
240	2.86	6.51	1.74	3.00
241	2.81	6.53	1.74	3.00
242	2.78	6.55	1.74	3.00
243	2.75	6.57	1.74	3.00
244	2.70	6.61	1.74	3.00
245	2.66	6.65	1.74	3.00
246	2.64	6.65	1.76	3.00
247	2.63	6.65	1.77	4.00
248	2.59	6.67	1.76	4.00
249	2.56	6.69	1.75	4.00
250	2.52	6.68	1.76	4.00
251	2.49	6.66	1.77	1.00
252	2.48	6.68	1.76	1.00
253	2.48	6.69	1.75	1.00
254	2.47	6.70	1.74	1.00
255	2.45	6.71	1.73	3.00
