Total frames 401
Number of Targets 16
Target 1 (frames from 1 to 110)
Bounding Boxes (frame, x, y, width, height)
1	70	204	54	109
2	71	202	55	111
3	72	201	56	112
4	73	201	56	113
5	74	200	56	113
6	76	199	57	114
7	77	199	57	115
8	79	199	57	115
9	80	198	57	115
10	82	198	57	115
11	84	199	57	115
12	87	200	57	114
13	89	202	56	113
14	91	202	56	112
15	94	203	56	112
16	96	203	56	112
17	98	202	56	112
18	100	202	56	112
19	102	201	56	112
20	104	200	56	112
21	105	199	56	113
22	106	197	57	114
23	107	196	56	113
24	109	196	56	113
25	111	196	56	112
26	114	197	55	111
27	116	197	55	111
28	119	197	55	110
29	121	198	55	111
30	124	198	56	112
31	126	198	57	114
32	129	198	59	118
33	130	198	61	123
34	131	197	64	129
35	132	196	67	135
36	132	194	70	141
37	132	193	73	147
38	132	192	76	153
39	131	191	78	157
40	131	190	79	159
41	132	191	79	158
42	134	192	77	155
43	137	194	75	150
44	140	196	71	143
45	144	198	68	136
46	147	200	64	129
47	151	202	61	123
48	155	203	58	117
49	159	203	56	113
50	162	204	55	110
51	165	204	54	109
52	167	203	54	109
53	169	202	55	110
54	170	202	55	111
55	170	201	57	114
56	170	201	58	116
57	171	201	59	118
58	171	202	59	119
59	172	203	59	119
60	173	204	59	119
61	174	206	59	119
62	175	208	59	118
63	176	209	59	118
64	176	210	59	119
65	177	210	60	120
66	177	209	60	120
67	177	209	60	120
68	177	208	59	119
69	178	207	59	119
70	178	206	59	119
71	178	205	59	119
72	178	205	59	118
73	178	204	58	117
74	178	204	57	115
75	177	203	57	114
76	177	203	56	113
77	177	203	56	112
78	176	203	55	111
79	176	204	55	111
80	176	205	55	110
81	175	205	55	111
82	174	206	56	112
83	174	206	56	113
84	173	206	57	114
85	173	207	57	115
86	173	207	58	116
87	173	208	58	117
88	173	208	59	118
89	173	208	59	119
90	173	208	60	120
91	174	208	60	120
92	174	207	60	121
93	174	206	60	121
94	175	205	60	121
95	176	204	60	120
96	177	203	59	119
97	177	203	59	119
98	178	202	59	118
99	178	202	59	118
100	179	202	58	116
101	179	203	57	115
102	180	203	57	115
103	180	202	58	117
104	180	202	59	118
105	181	202	60	121
106	181	202	61	123
107	181	202	63	126
108	181	202	65	130
109	181	202	67	134
110	181	202	69	138
3D Trajetory (frame, x, z, height, pose)
1	-4.10	7.43	2.00	1.00
2	-4.03	7.29	1.97	1.00
3	-4.01	7.25	1.96	1.00
4	-3.69	6.85	1.97	1.00
5	-3.62	6.72	1.98	1.00
6	-3.59	6.67	1.99	1.00
7	-3.57	6.69	1.98	1.00
8	-3.58	6.72	1.97	1.00
9	-3.47	6.63	1.96	1.00
10	-3.36	6.45	1.96	1.00
11	-3.42	6.58	1.97	1.00
12	-3.46	6.67	1.98	1.00
13	-3.54	6.92	1.98	1.00
14	-3.51	7.00	1.98	1.00
15	-3.50	7.06	1.98	1.00
16	-3.47	7.10	1.99	1.00
17	-3.46	7.14	2.00	1.00
18	-3.45	7.18	2.01	1.00
19	-3.44	7.23	2.01	1.00
20	-3.41	7.23	2.01	1.00
21	-3.37	7.24	2.01	1.00
22	-3.33	7.25	2.01	1.00
23	-3.30	7.25	2.01	1.00
24	-3.26	7.26	2.01	1.00
25	-3.22	7.27	2.01	1.00
26	-3.19	7.27	2.01	1.00
27	-3.15	7.28	2.01	1.00
28	-3.11	7.29	2.01	1.00
29	-3.08	7.29	2.01	1.00
30	-3.04	7.30	2.01	1.00
31	-2.95	7.23	2.01	1.00
32	-2.88	7.15	2.01	1.00
33	-2.83	7.11	2.01	1.00
34	-2.72	6.93	2.01	1.00
35	-2.61	6.75	2.01	1.00
36	-2.50	6.57	2.01	1.00
37	-2.39	6.39	2.00	1.00
38	-2.28	6.21	2.00	1.00
39	-2.00	5.55	1.99	1.00
40	-1.85	5.16	1.98	1.00
41	-1.86	5.14	1.99	1.00
42	-1.85	5.19	1.99	1.00
43	-1.83	5.24	1.99	1.00
44	-1.81	5.29	1.99	1.00
45	-1.80	5.35	2.00	1.00
46	-1.78	5.40	2.00	1.00
47	-1.82	5.62	2.00	1.00
48	-1.86	5.80	2.00	4.00
49	-1.89	5.93	1.99	4.00
50	-1.89	6.02	1.99	4.00
51	-1.90	6.09	1.99	4.00
52	-1.90	6.15	1.99	4.00
53	-1.89	6.19	1.99	4.00
54	-1.88	6.23	1.99	4.00
55	-1.86	6.28	1.99	1.00
56	-1.85	6.32	1.99	1.00
57	-1.85	6.36	1.99	1.00
58	-1.85	6.39	1.98	1.00
59	-1.80	6.35	1.99	1.00
60	-1.79	6.36	1.98	1.00
61	-1.78	6.37	1.98	1.00
62	-1.77	6.37	1.98	1.00
63	-1.75	6.38	1.98	1.00
64	-1.73	6.38	1.98	1.00
65	-1.71	6.38	1.98	1.00
66	-1.69	6.38	1.98	1.00
67	-1.68	6.39	1.98	1.00
68	-1.66	6.39	1.98	1.00
69	-1.64	6.39	1.98	1.00
70	-1.67	6.39	1.98	1.00
71	-1.68	6.38	1.98	1.00
72	-1.69	6.38	1.98	1.00
73	-1.71	6.42	1.98	2.00
74	-1.73	6.46	1.97	2.00
75	-1.73	6.46	1.97	2.00
76	-1.73	6.46	1.97	2.00
77	-1.73	6.46	1.97	2.00
78	-1.73	6.45	1.97	2.00
79	-1.72	6.45	1.97	2.00
80	-1.72	6.45	1.97	2.00
81	-1.72	6.45	1.97	2.00
82	-1.77	6.47	1.97	4.00
83	-1.81	6.48	1.97	4.00
84	-1.83	6.51	1.96	1.00
85	-1.85	6.53	1.96	1.00
86	-1.87	6.56	1.96	1.00
87	-1.87	6.56	1.96	1.00
88	-1.87	6.56	1.96	1.00
89	-1.86	6.55	1.96	1.00
90	-1.86	6.55	1.96	1.00
91	-1.86	6.55	1.96	1.00
92	-1.86	6.55	1.97	1.00
93	-1.85	6.55	1.97	1.00
94	-1.86	6.56	1.97	1.00
95	-1.86	6.57	1.97	1.00
96	-1.87	6.58	1.97	1.00
97	-1.87	6.59	1.97	1.00
98	-1.88	6.60	1.97	1.00
99	-1.89	6.64	1.97	1.00
100	-1.88	6.67	1.97	1.00
101	-1.88	6.71	1.97	1.00
102	-1.87	6.75	1.97	4.00
103	-1.88	6.74	1.97	1.00
104	-1.87	6.72	1.97	1.00
105	-1.87	6.70	1.97	1.00
106	-1.84	6.70	1.97	1.00
107	-1.84	6.71	1.97	1.00
108	-1.84	6.71	1.97	1.00
109	-1.78	6.59	1.97	1.00
110	-1.72	6.46	1.97	2.00
Target 2 (frames from 20 to 144)
Bounding Boxes (frame, x, y, width, height)
20	252	192	72	145
21	251	191	72	145
22	249	191	72	145
23	248	191	72	144
24	246	191	72	144
25	245	190	72	144
26	244	190	72	144
27	243	190	72	144
28	242	189	72	144
29	241	189	72	144
30	240	189	71	143
31	239	189	71	143
32	238	189	71	142
33	238	189	70	141
34	238	188	70	141
35	238	188	71	142
36	237	187	71	143
37	237	186	71	143
38	236	186	72	144
39	236	185	73	146
40	236	184	73	146
41	235	184	73	147
42	234	185	73	147
43	232	186	73	146
44	230	187	72	145
45	228	187	72	144
46	227	188	71	143
47	225	189	71	142
48	224	190	70	140
49	222	190	69	139
50	221	191	68	137
51	220	192	68	136
52	220	192	67	135
53	219	193	67	135
54	219	193	68	136
55	219	193	68	136
56	220	194	68	136
57	221	194	67	135
58	221	194	67	135
59	221	194	68	136
60	220	194	68	136
61	219	194	68	136
62	219	194	68	136
63	218	194	68	136
64	218	195	67	135
65	217	195	67	134
66	217	196	66	133
67	217	196	66	132
68	217	196	65	131
69	218	197	65	130
70	219	198	64	129
71	219	198	64	129
72	219	198	65	130
73	219	197	65	130
74	218	197	65	131
75	217	196	65	131
76	215	196	66	132
77	212	195	66	133
78	210	194	67	135
79	207	194	68	136
80	205	193	68	137
81	203	193	68	137
82	201	193	69	138
83	200	193	68	137
84	199	193	68	137
85	199	194	68	136
86	200	195	67	134
87	201	196	67	134
88	203	196	67	134
89	204	196	67	134
90	205	195	67	135
91	207	194	68	136
92	208	193	68	136
93	210	193	68	136
94	211	193	67	135
95	212	193	67	134
96	212	193	66	133
97	213	194	65	131
98	213	194	65	130
99	213	195	64	128
100	212	196	63	127
101	211	197	63	127
102	210	199	63	127
103	209	200	63	127
104	208	201	63	127
105	207	202	63	127
106	206	202	63	127
107	206	201	64	128
108	205	201	64	128
109	204	200	64	128
110	203	199	63	127
111	203	198	63	127
112	202	198	63	126
113	201	197	62	124
114	201	196	61	123
115	200	195	61	122
116	200	194	60	121
117	199	193	61	122
118	198	192	61	122
119	197	191	61	123
120	196	191	62	124
121	195	190	62	125
122	194	190	62	125
123	193	189	62	125
124	192	188	62	125
125	191	187	63	126
126	190	187	63	126
127	189	186	63	127
128	188	185	63	127
129	187	185	63	127
130	187	184	64	128
131	186	183	64	128
132	185	182	64	128
133	184	182	64	129
134	183	181	64	129
135	182	179	65	130
136	181	179	65	130
137	180	179	65	130
138	179	178	65	130
139	178	178	65	130
140	177	179	65	131
141	176	179	65	131
142	176	179	65	131
143	175	180	65	131
144	174	180	65	131
3D Trajetory (frame, x, z, height, pose)
20	-0.49	5.63	1.99	3.00
21	-0.49	5.63	1.99	3.00
22	-0.47	5.55	2.00	3.00
23	-0.46	5.47	2.01	3.00
24	-0.45	5.38	2.01	3.00
25	-0.44	5.30	2.02	3.00
26	-0.56	5.62	2.00	3.00
27	-0.57	5.64	2.00	3.00
28	-0.52	5.33	2.00	3.00
29	-0.50	5.25	2.00	3.00
30	-0.59	5.51	2.00	3.00
31	-0.63	5.63	2.00	3.00
32	-0.70	5.80	2.01	3.00
33	-0.75	5.93	2.02	3.00
34	-0.71	5.88	2.03	3.00
35	-0.68	5.82	2.04	3.00
36	-0.66	5.77	2.04	3.00
37	-0.67	5.80	2.05	3.00
38	-0.68	5.83	2.05	4.00
39	-0.69	5.86	2.05	4.00
40	-0.70	5.88	2.05	4.00
41	-0.71	5.81	2.06	4.00
42	-0.72	5.76	2.06	3.00
43	-0.72	5.72	2.06	4.00
44	-0.73	5.70	2.06	3.00
45	-0.75	5.72	2.06	4.00
46	-0.77	5.77	2.07	4.00
47	-0.78	5.79	2.07	4.00
48	-0.83	5.81	2.08	3.00
49	-0.87	5.82	2.08	3.00
50	-0.89	5.86	2.08	3.00
51	-0.92	5.93	2.08	3.00
52	-0.95	5.99	2.08	3.00
53	-0.96	6.01	2.08	3.00
54	-0.98	6.03	2.08	3.00
55	-1.01	6.05	2.08	3.00
56	-1.03	6.08	2.08	3.00
57	-1.03	6.09	2.08	3.00
58	-1.03	6.10	2.08	3.00
59	-1.03	6.10	2.08	3.00
60	-1.02	6.10	2.08	3.00
61	-1.04	6.12	2.08	3.00
62	-1.05	6.17	2.08	3.00
63	-1.06	6.21	2.09	3.00
64	-1.08	6.21	2.08	3.00
65	-1.09	6.21	2.08	3.00
66	-1.10	6.21	2.08	3.00
67	-1.12	6.22	2.08	3.00
68	-1.13	6.23	2.09	3.00
69	-1.13	6.28	2.09	3.00
70	-1.13	6.31	2.09	3.00
71	-1.13	6.34	2.08	3.00
72	-1.12	6.36	2.08	3.00
73	-1.12	6.39	2.08	3.00
74	-1.12	6.41	2.08	3.00
75	-1.13	6.41	2.08	3.00
76	-1.14	6.41	2.08	3.00
77	-1.14	6.40	2.08	3.00
78	-1.17	6.37	2.08	3.00
79	-1.19	6.34	2.08	3.00
80	-1.22	6.32	2.08	3.00
81	-1.23	6.34	2.08	3.00
82	-1.25	6.33	2.08	3.00
83	-1.27	6.32	2.08	3.00
84	-1.29	6.31	2.08	2.00
85	-1.30	6.31	2.08	3.00
86	-1.32	6.31	2.08	2.00
87	-1.33	6.30	2.08	2.00
88	-1.33	6.28	2.08	2.00
89	-1.34	6.27	2.08	2.00
90	-1.35	6.27	2.08	2.00
91	-1.33	6.28	2.08	3.00
92	-1.32	6.28	2.08	3.00
93	-1.30	6.30	2.08	3.00
94	-1.28	6.28	2.08	3.00
95	-1.25	6.27	2.08	3.00
96	-1.23	6.25	2.08	3.00
97	-1.24	6.27	2.08	3.00
98	-1.24	6.28	2.08	3.00
99	-1.24	6.30	2.08	3.00
100	-1.24	6.33	2.08	3.00
101	-1.25	6.36	2.08	3.00
102	-1.25	6.39	2.08	3.00
103	-1.26	6.41	2.08	3.00
104	-1.26	6.43	2.08	3.00
105	-1.26	6.44	2.08	3.00
106	-1.26	6.42	2.07	3.00
107	-1.27	6.40	2.07	3.00
108	-1.28	6.42	2.07	3.00
109	-1.30	6.44	2.07	3.00
110	-1.31	6.47	2.07	3.00
111	-1.32	6.50	2.08	3.00
112	-1.33	6.52	2.08	3.00
113	-1.35	6.57	2.08	3.00
114	-1.38	6.58	2.08	3.00
115	-1.40	6.59	2.08	3.00
116	-1.41	6.60	2.08	3.00
117	-1.43	6.61	2.08	3.00
118	-1.44	6.61	2.08	3.00
119	-1.46	6.62	2.08	3.00
120	-1.47	6.62	2.08	3.00
121	-1.49	6.63	2.08	3.00
122	-1.50	6.64	2.08	3.00
123	-1.52	6.64	2.08	3.00
124	-1.53	6.65	2.08	3.00
125	-1.55	6.65	2.08	3.00
126	-1.56	6.66	2.08	3.00
127	-1.58	6.67	2.08	3.00
128	-1.59	6.67	2.08	3.00
129	-1.61	6.68	2.08	3.00
130	-1.62	6.68	2.08	3.00
131	-1.64	6.69	2.08	3.00
132	-1.65	6.70	2.08	3.00
133	-1.67	6.70	2.08	3.00
134	-1.68	6.71	2.08	3.00
135	-1.70	6.71	2.08	3.00
136	-1.71	6.72	2.08	3.00
137	-1.73	6.73	2.08	3.00
138	-1.74	6.73	2.08	3.00
139	-1.76	6.74	2.08	3.00
140	-1.77	6.74	2.08	3.00
141	-1.79	6.75	2.08	3.00
142	-1.80	6.76	2.08	3.00
143	-1.82	6.76	2.08	3.00
144	-1.85	6.68	2.07	3.00
Target 3 (frames from 20 to 47)
Bounding Boxes (frame, x, y, width, height)
20	305	198	50	101
21	308	197	50	101
22	310	196	50	101
23	313	195	51	102
24	316	194	51	102
25	318	194	51	102
26	321	193	51	103
27	323	193	51	103
28	326	193	52	104
29	328	193	52	105
30	331	194	53	106
31	332	195	54	108
32	335	196	54	109
33	338	196	55	110
34	340	197	55	111
35	343	197	55	111
36	346	197	56	112
37	349	197	56	112
38	351	196	56	113
39	354	196	57	114
40	357	196	57	114
41	360	197	57	115
42	363	197	58	116
43	366	197	58	116
44	369	197	58	117
45	373	197	58	117
46	376	197	58	117
47	379	198	59	118
3D Trajetory (frame, x, z, height, pose)
20	0.30	8.62	2.08	4.00
21	0.08	7.42	2.09	1.00
22	0.33	8.16	2.14	2.00
23	0.45	8.66	2.18	2.00
24	0.48	8.77	2.19	2.00
25	0.49	8.73	2.18	2.00
26	0.58	8.42	2.18	2.00
27	0.62	8.25	2.18	2.00
28	0.71	8.38	2.18	2.00
29	0.77	8.46	2.19	2.00
30	0.81	8.42	2.18	4.00
31	0.82	8.31	2.17	4.00
32	0.88	8.17	2.16	4.00
33	0.92	8.07	2.15	2.00
34	0.98	7.83	2.15	2.00
35	1.02	7.67	2.14	2.00
36	1.05	7.57	2.14	2.00
37	1.07	7.38	2.12	2.00
38	1.14	7.38	2.12	2.00
39	1.20	7.40	2.12	2.00
40	1.24	7.41	2.12	2.00
41	1.32	7.43	2.13	2.00
42	1.38	7.46	2.13	4.00
43	1.42	7.38	2.13	2.00
44	1.47	7.39	2.13	2.00
45	1.49	7.21	2.12	2.00
46	1.54	7.12	2.11	2.00
47	1.59	7.05	2.11	2.00
Target 4 (frames from 22 to 125)
Bounding Boxes (frame, x, y, width, height)
22	284	193	56	113
23	286	193	56	113
24	288	194	56	113
25	290	195	56	113
26	292	195	56	113
27	294	196	56	113
28	296	197	56	113
29	297	197	56	113
30	299	198	56	113
31	300	198	56	113
32	302	199	56	113
33	304	201	56	112
34	306	201	55	111
35	307	202	55	111
36	307	202	56	112
37	307	202	57	114
38	307	201	58	116
39	306	200	59	118
40	306	199	60	121
41	305	198	62	124
42	305	197	63	126
43	305	196	63	127
44	304	196	63	127
45	305	195	63	127
46	305	195	63	127
47	306	195	63	127
48	306	195	63	126
49	307	195	63	126
50	307	195	62	125
51	309	196	62	124
52	309	196	62	125
53	310	196	62	125
54	311	196	63	126
55	311	196	63	127
56	312	196	64	128
57	313	196	64	129
58	314	196	65	130
59	315	197	65	130
60	316	198	64	129
61	318	199	63	127
62	319	201	62	125
63	320	202	62	124
64	321	203	61	123
65	322	204	60	121
66	322	205	60	120
67	322	206	59	119
68	322	206	59	118
69	322	207	59	118
70	322	208	58	117
71	323	208	58	117
72	323	208	58	116
73	323	209	57	115
74	323	210	57	115
75	323	210	57	114
76	323	211	57	114
77	324	211	56	113
78	324	212	56	112
79	324	213	56	112
80	324	213	55	111
81	325	215	55	110
82	325	216	54	108
83	326	216	54	108
84	326	217	53	107
85	325	217	53	107
86	324	215	55	110
87	322	213	56	113
88	320	210	57	115
89	317	209	58	117
90	316	207	59	119
91	314	205	60	120
92	312	203	61	122
93	311	201	62	124
94	309	198	63	126
95	309	196	64	128
96	308	194	65	130
97	309	193	66	132
98	309	192	66	133
99	311	191	67	134
100	312	191	68	136
101	313	190	69	138
102	314	188	70	141
103	314	187	72	144
104	314	184	74	149
105	314	183	76	152
106	314	182	77	154
107	315	182	78	156
108	315	181	78	157
109	316	181	79	159
110	316	180	80	161
111	317	179	81	163
112	317	178	83	166
113	317	177	84	168
114	318	176	85	170
115	318	175	86	172
116	319	174	87	174
117	319	174	88	176
118	320	173	89	178
119	320	172	90	180
120	320	171	91	182
121	321	170	92	184
122	321	169	93	187
123	322	168	94	189
124	322	167	95	191
125	323	167	96	193
3D Trajetory (frame, x, z, height, pose)
22	-0.07	7.16	2.00	1.00
23	-0.08	7.53	2.11	1.00
24	-0.08	7.54	2.12	1.00
25	-0.05	7.33	2.10	1.00
26	-0.02	7.12	2.09	1.00
27	-0.01	7.05	2.08	1.00
28	0.08	7.08	2.07	4.00
29	0.14	6.92	2.05	4.00
30	0.16	7.16	2.05	4.00
31	0.18	7.24	2.05	4.00
32	0.18	7.16	2.06	1.00
33	0.18	7.08	2.06	1.00
34	0.17	7.01	2.06	1.00
35	0.17	6.93	2.06	1.00
36	0.16	6.85	2.06	1.00
37	0.16	6.77	2.06	1.00
38	0.16	6.69	2.06	1.00
39	0.15	6.62	2.06	1.00
40	0.15	6.54	2.07	1.00
41	0.15	6.46	2.07	1.00
42	0.15	6.46	2.07	1.00
43	0.29	6.23	2.05	1.00
44	0.32	6.23	2.05	1.00
45	0.33	6.31	2.05	1.00
46	0.34	6.40	2.05	1.00
47	0.36	6.48	2.05	1.00
48	0.36	6.64	2.04	1.00
49	0.37	6.80	2.04	4.00
50	0.38	6.91	2.04	4.00
51	0.38	6.99	2.04	4.00
52	0.38	7.04	2.05	4.00
53	0.41	6.79	2.06	4.00
54	0.39	6.71	2.06	4.00
55	0.38	6.65	2.06	4.00
56	0.37	6.60	2.06	4.00
57	0.40	6.51	2.06	4.00
58	0.42	6.44	2.06	4.00
59	0.44	6.42	2.06	4.00
60	0.46	6.44	2.06	1.00
61	0.47	6.46	2.06	1.00
62	0.49	6.48	2.06	1.00
63	0.50	6.54	2.06	1.00
64	0.50	6.54	2.06	1.00
65	0.50	6.54	2.06	1.00
66	0.50	6.54	2.06	1.00
67	0.49	6.54	2.06	1.00
68	0.49	6.54	2.06	1.00
69	0.49	6.54	2.06	1.00
70	0.49	6.54	2.06	1.00
71	0.49	6.54	2.06	1.00
72	0.49	6.54	2.06	1.00
73	0.48	6.54	2.06	1.00
74	0.48	6.54	2.06	1.00
75	0.48	6.54	2.06	1.00
76	0.48	6.54	2.06	1.00
77	0.48	6.54	2.06	1.00
78	0.47	6.54	2.06	1.00
79	0.47	6.54	2.06	1.00
80	0.47	6.54	2.06	1.00
81	0.47	6.54	2.06	1.00
82	0.47	6.53	2.06	1.00
83	0.47	6.53	2.06	1.00
84	0.46	6.53	2.06	1.00
85	0.46	6.53	2.06	1.00
86	0.46	6.53	2.06	1.00
87	0.46	6.53	2.06	1.00
88	0.46	6.53	2.06	1.00
89	0.44	6.51	2.06	1.00
90	0.43	6.48	2.06	1.00
91	0.41	6.46	2.06	1.00
92	0.40	6.44	2.06	1.00
93	0.39	6.41	2.06	1.00
94	0.37	6.39	2.06	1.00
95	0.35	6.33	2.05	4.00
96	0.34	6.31	2.05	4.00
97	0.34	6.40	2.05	4.00
98	0.37	6.37	2.06	4.00
99	0.36	6.25	2.07	4.00
100	0.36	6.23	2.07	4.00
101	0.36	6.22	2.07	4.00
102	0.37	6.20	2.07	4.00
103	0.37	6.18	2.06	4.00
104	0.37	6.17	2.06	4.00
105	0.37	6.15	2.06	4.00
106	0.37	6.14	2.06	4.00
107	0.37	6.12	2.06	4.00
108	0.37	6.10	2.06	4.00
109	0.37	6.09	2.06	4.00
110	0.38	6.07	2.06	4.00
111	0.38	6.05	2.06	4.00
112	0.38	6.04	2.06	4.00
113	0.38	6.02	2.06	4.00
114	0.38	6.01	2.06	4.00
115	0.38	5.99	2.06	4.00
116	0.38	5.97	2.06	4.00
117	0.38	5.96	2.06	4.00
118	0.39	5.94	2.06	4.00
119	0.39	5.93	2.06	4.00
120	0.39	5.91	2.06	4.00
121	0.39	5.89	2.06	4.00
122	0.39	5.88	2.06	4.00
123	0.39	5.86	2.06	4.00
124	0.39	5.85	2.06	4.00
125	0.39	5.83	2.06	4.00
Target 5 (frames from 38 to 58)
Bounding Boxes (frame, x, y, width, height)
38	399	197	59	118
39	399	197	59	119
40	399	197	60	120
41	399	198	61	122
42	399	198	61	123
43	399	198	62	124
44	398	198	62	125
45	398	198	63	126
46	397	198	63	127
47	397	198	64	128
48	396	198	64	129
49	395	198	65	130
50	395	197	65	131
51	394	197	66	132
52	394	196	66	132
53	393	196	66	133
54	393	195	67	134
55	393	194	67	134
56	392	193	67	135
57	392	192	67	135
58	392	191	68	136
3D Trajetory (frame, x, z, height, pose)
38	1.82	6.62	1.99	1.00
39	1.82	6.62	1.99	1.00
40	1.82	6.62	1.99	1.00
41	1.80	6.56	1.99	1.00
42	1.79	6.51	2.00	1.00
43	1.77	6.45	2.00	1.00
44	1.75	6.39	2.00	1.00
45	1.73	6.34	2.00	1.00
46	1.71	6.28	2.01	1.00
47	1.70	6.22	2.01	1.00
48	1.68	6.17	2.01	1.00
49	1.66	6.11	2.02	1.00
50	1.64	6.05	2.02	1.00
51	1.64	6.05	2.02	1.00
52	1.64	6.05	2.02	1.00
53	1.63	6.19	2.03	1.00
54	1.62	6.22	2.05	1.00
55	1.62	6.23	2.06	1.00
56	1.62	6.24	2.07	1.00
57	1.67	6.21	2.08	1.00
58	1.70	6.20	2.08	1.00
Target 6 (frames from 46 to 226)
Bounding Boxes (frame, x, y, width, height)
46	127	198	61	123
47	126	197	62	125
48	124	195	63	127
49	122	194	64	128
50	121	193	64	129
51	119	192	65	130
52	117	192	65	131
53	116	192	66	132
54	114	191	66	132
55	113	192	66	132
56	111	193	65	131
57	110	195	64	128
58	109	196	63	127
59	107	197	62	125
60	105	198	62	124
61	102	198	62	124
62	101	198	62	125
63	99	198	62	125
64	99	198	62	125
65	99	198	62	125
66	99	198	62	124
67	99	198	61	123
68	100	198	61	123
69	100	198	61	122
70	100	199	61	122
71	100	199	61	122
72	100	199	61	122
73	100	199	62	124
74	100	199	62	125
75	99	199	62	125
76	99	199	62	125
77	99	199	62	125
78	99	198	63	126
79	99	198	64	128
80	99	197	64	129
81	99	197	64	129
82	100	196	64	129
83	101	196	64	129
84	101	196	64	128
85	102	196	63	127
86	103	196	63	126
87	103	196	62	125
88	104	196	62	124
89	104	197	61	123
90	105	197	61	122
91	106	197	60	121
92	106	197	60	120
93	106	197	59	119
94	106	196	59	119
95	106	196	59	119
96	106	195	60	120
97	106	194	60	120
98	106	193	60	121
99	106	193	60	121
100	106	193	60	121
101	106	193	60	121
102	106	193	60	121
103	106	193	61	122
104	106	193	61	122
105	105	193	61	123
106	105	193	62	124
107	105	193	62	125
108	104	194	62	125
109	104	194	62	125
110	103	193	62	124
111	102	193	62	124
112	101	192	61	123
113	100	192	61	122
114	99	192	61	122
115	98	193	60	120
116	98	193	59	119
117	97	194	59	118
118	97	195	58	117
119	97	197	58	116
120	97	198	58	116
121	96	198	59	118
122	95	198	60	120
123	93	198	61	123
124	92	198	62	125
125	92	199	63	126
126	92	199	63	126
127	91	200	63	126
128	91	200	63	126
129	91	200	63	126
130	91	200	62	125
131	91	200	62	125
132	91	201	62	125
133	92	201	63	126
134	93	201	63	126
135	93	202	64	128
136	94	202	64	129
137	94	201	66	132
138	93	201	67	134
139	93	200	68	137
140	93	199	70	140
141	92	199	71	142
142	92	199	71	143
143	92	199	71	143
144	93	199	71	143
145	93	200	71	143
146	93	201	71	142
147	93	202	70	140
148	94	203	69	138
149	95	203	68	136
150	96	204	67	134
151	97	203	66	132
152	98	203	65	130
153	100	202	64	129
154	101	202	63	127
155	102	200	62	125
156	104	199	62	124
157	106	197	61	123
158	107	195	61	122
159	109	193	60	120
160	110	191	59	119
161	111	191	59	118
162	112	191	58	117
163	112	191	57	115
164	112	192	57	115
165	112	193	57	114
166	112	194	56	113
167	111	195	56	113
168	110	195	56	113
169	109	195	57	114
170	108	195	57	115
171	106	195	58	116
172	105	194	59	118
173	104	193	60	120
174	103	192	61	122
175	102	190	61	123
176	102	189	62	124
177	102	189	62	125
178	102	189	62	124
179	102	190	61	123
180	103	191	61	122
181	104	193	60	120
182	105	194	59	119
183	106	195	59	118
184	107	195	58	116
185	108	196	58	116
186	108	196	58	116
187	109	196	58	116
188	110	195	58	116
189	110	194	58	117
190	110	193	59	118
191	110	192	60	120
192	110	191	61	122
193	111	190	62	124
194	111	190	62	125
195	112	190	63	126
196	112	190	64	128
197	113	190	64	129
198	113	190	64	129
199	113	190	65	130
200	113	190	65	131
201	112	189	66	132
202	112	189	66	133
203	112	189	66	133
204	112	189	66	132
205	111	189	65	131
206	110	190	65	130
207	110	191	64	129
208	109	192	64	128
209	108	193	64	128
210	108	194	63	127
211	108	195	62	125
212	107	196	61	123
213	107	196	61	122
214	107	197	60	120
215	107	197	59	119
216	107	196	59	119
217	107	196	59	119
218	108	196	59	119
219	108	196	59	118
220	108	196	59	118
221	109	196	59	118
222	110	196	59	119
223	111	197	59	119
224	112	197	59	119
225	113	197	60	120
226	114	197	60	121
3D Trajetory (frame, x, z, height, pose)
46	-2.77	6.96	1.97	4.00
47	-2.79	7.00	1.98	4.00
48	-2.49	6.02	2.09	1.00
49	-2.65	6.16	2.12	1.00
50	-2.55	5.98	2.11	1.00
51	-2.51	5.95	2.11	1.00
52	-2.50	5.96	2.11	1.00
53	-2.63	6.19	2.11	1.00
54	-2.69	6.28	2.11	1.00
55	-2.75	6.38	2.11	1.00
56	-2.82	6.50	2.11	1.00
57	-2.87	6.53	2.11	1.00
58	-2.92	6.55	2.11	1.00
59	-2.97	6.58	2.11	1.00
60	-3.00	6.56	2.10	1.00
61	-3.03	6.54	2.10	1.00
62	-3.06	6.56	2.10	1.00
63	-3.09	6.58	2.10	1.00
64	-3.17	6.69	2.10	1.00
65	-3.24	6.78	2.10	1.00
66	-3.30	6.86	2.10	1.00
67	-3.30	6.85	2.10	1.00
68	-3.29	6.84	2.10	1.00
69	-3.29	6.82	2.11	1.00
70	-3.32	6.90	2.11	1.00
71	-3.34	6.96	2.11	1.00
72	-3.36	7.02	2.11	1.00
73	-3.37	6.99	2.10	1.00
74	-3.37	6.96	2.09	1.00
75	-3.35	6.92	2.09	1.00
76	-3.35	6.90	2.09	1.00
77	-3.32	6.86	2.08	1.00
78	-3.30	6.83	2.08	1.00
79	-3.27	6.80	2.08	1.00
80	-3.25	6.77	2.08	1.00
81	-3.23	6.74	2.08	1.00
82	-3.22	6.75	2.08	1.00
83	-3.22	6.75	2.07	1.00
84	-3.20	6.72	2.07	1.00
85	-3.18	6.71	2.07	1.00
86	-3.17	6.70	2.08	1.00
87	-3.17	6.71	2.08	1.00
88	-3.15	6.70	2.07	1.00
89	-3.16	6.74	2.07	4.00
90	-3.16	6.76	2.08	4.00
91	-3.16	6.79	2.08	4.00
92	-3.17	6.82	2.08	4.00
93	-3.17	6.85	2.08	4.00
94	-3.18	6.88	2.08	4.00
95	-3.19	6.91	2.08	4.00
96	-3.19	6.93	2.08	4.00
97	-3.20	6.97	2.08	4.00
98	-3.21	6.99	2.08	4.00
99	-3.22	7.01	2.09	4.00
100	-3.22	7.01	2.09	4.00
101	-3.22	7.03	2.09	4.00
102	-3.22	7.05	2.10	4.00
103	-3.23	7.07	2.10	4.00
104	-3.24	7.09	2.10	4.00
105	-3.24	7.10	2.10	4.00
106	-3.25	7.12	2.10	4.00
107	-3.25	7.13	2.10	4.00
108	-3.26	7.14	2.11	1.00
109	-3.26	7.14	2.11	1.00
110	-3.26	7.11	2.11	1.00
111	-3.26	7.07	2.11	1.00
112	-3.25	7.06	2.11	1.00
113	-3.25	7.04	2.11	1.00
114	-3.29	7.08	2.11	1.00
115	-3.32	7.12	2.11	1.00
116	-3.35	7.13	2.11	1.00
117	-3.37	7.14	2.11	1.00
118	-3.40	7.16	2.11	1.00
119	-3.41	7.15	2.11	1.00
120	-3.41	7.14	2.11	4.00
121	-3.42	7.13	2.11	4.00
122	-3.43	7.13	2.11	4.00
123	-3.44	7.13	2.11	4.00
124	-3.45	7.13	2.11	4.00
125	-3.45	7.10	2.11	1.00
126	-3.45	7.05	2.11	1.00
127	-3.44	7.01	2.11	1.00
128	-3.44	6.97	2.10	1.00
129	-3.42	6.91	2.10	1.00
130	-3.42	6.90	2.10	1.00
131	-3.42	6.89	2.10	1.00
132	-3.41	6.88	2.10	1.00
133	-3.41	6.89	2.10	1.00
134	-3.41	6.89	2.10	1.00
135	-3.39	6.85	2.10	1.00
136	-3.36	6.79	2.09	1.00
137	-3.33	6.74	2.09	1.00
138	-3.27	6.66	2.09	1.00
139	-3.22	6.58	2.08	1.00
140	-3.20	6.53	2.08	1.00
141	-3.17	6.48	2.08	1.00
142	-3.13	6.40	2.08	1.00
143	-3.12	6.40	2.08	1.00
144	-3.11	6.40	2.08	1.00
145	-3.10	6.39	2.08	1.00
146	-3.09	6.39	2.08	1.00
147	-3.09	6.39	2.08	1.00
148	-3.08	6.39	2.08	1.00
149	-3.07	6.39	2.08	1.00
150	-3.06	6.39	2.08	1.00
151	-3.05	6.38	2.08	1.00
152	-3.05	6.38	2.08	1.00
153	-3.04	6.38	2.08	1.00
154	-3.03	6.38	2.08	1.00
155	-3.02	6.44	2.08	3.00
156	-3.03	6.50	2.08	3.00
157	-3.02	6.51	2.08	3.00
158	-3.01	6.52	2.08	3.00
159	-3.01	6.52	2.08	3.00
160	-3.00	6.53	2.08	3.00
161	-3.00	6.54	2.08	3.00
162	-3.00	6.54	2.08	3.00
163	-2.99	6.55	2.08	3.00
164	-2.99	6.56	2.08	3.00
165	-2.98	6.56	2.08	3.00
166	-3.03	6.68	2.08	4.00
167	-3.07	6.77	2.08	4.00
168	-3.11	6.85	2.08	4.00
169	-3.12	6.90	2.08	4.00
170	-3.14	6.95	2.08	4.00
171	-3.14	6.96	2.08	4.00
172	-3.15	6.96	2.08	4.00
173	-3.16	6.95	2.08	4.00
174	-3.16	6.95	2.08	4.00
175	-3.17	6.94	2.08	1.00
176	-3.17	6.93	2.08	1.00
177	-3.17	6.92	2.08	1.00
178	-3.17	6.92	2.08	1.00
179	-3.17	6.92	2.08	1.00
180	-3.18	6.93	2.08	1.00
181	-3.18	6.93	2.08	1.00
182	-3.19	6.96	2.08	1.00
183	-3.20	6.98	2.08	1.00
184	-3.21	7.00	2.09	1.00
185	-3.21	7.01	2.09	1.00
186	-3.21	7.02	2.09	1.00
187	-3.21	7.03	2.09	2.00
188	-3.22	7.05	2.09	2.00
189	-3.21	7.05	2.09	2.00
190	-3.20	7.06	2.09	2.00
191	-3.20	7.06	2.09	2.00
192	-3.19	7.06	2.09	2.00
193	-3.18	7.06	2.09	2.00
194	-3.18	7.07	2.09	2.00
195	-3.17	7.07	2.09	2.00
196	-3.13	7.04	2.09	2.00
197	-3.09	6.98	2.09	2.00
198	-3.06	6.93	2.09	2.00
199	-3.02	6.88	2.09	1.00
200	-3.00	6.87	2.09	1.00
201	-2.98	6.86	2.09	1.00
202	-2.97	6.82	2.09	1.00
203	-2.96	6.79	2.09	1.00
204	-2.95	6.77	2.09	4.00
205	-2.93	6.72	2.09	4.00
206	-2.92	6.67	2.09	1.00
207	-2.91	6.64	2.09	1.00
208	-2.89	6.62	2.09	1.00
209	-2.88	6.60	2.09	1.00
210	-2.92	6.64	2.09	1.00
211	-2.94	6.64	2.09	2.00
212	-2.95	6.63	2.09	2.00
213	-2.97	6.64	2.09	2.00
214	-2.96	6.63	2.09	2.00
215	-2.98	6.64	2.09	2.00
216	-3.00	6.66	2.09	2.00
217	-3.00	6.67	2.09	2.00
218	-3.01	6.67	2.09	2.00
219	-3.01	6.68	2.09	2.00
220	-3.02	6.68	2.09	2.00
221	-3.00	6.69	2.09	2.00
222	-3.01	6.71	2.09	2.00
223	-3.02	6.72	2.09	2.00
224	-3.03	6.74	2.09	2.00
225	-3.04	6.75	2.09	2.00
226	-3.06	6.77	2.10	2.00
Target 7 (frames from 73 to 401)
Bounding Boxes (frame, x, y, width, height)
73	422	198	66	133
74	422	198	66	133
75	422	198	66	132
76	421	198	66	132
77	421	198	66	132
78	421	198	66	132
79	421	198	65	131
80	420	198	65	131
81	420	198	65	131
82	420	197	65	131
83	420	198	65	130
84	419	198	65	130
85	419	198	64	129
86	419	197	64	129
87	419	197	64	129
88	419	198	64	129
89	418	198	64	128
90	418	198	64	128
91	418	197	64	128
92	418	197	63	127
93	418	197	63	127
94	418	198	63	126
95	418	198	62	124
96	418	199	61	123
97	418	200	60	121
98	418	201	60	120
99	417	202	59	118
100	417	203	58	116
101	417	204	57	115
102	416	205	57	114
103	415	206	56	112
104	415	207	56	112
105	414	207	55	111
106	413	208	55	111
107	411	208	55	111
108	410	208	55	111
109	410	207	55	111
110	409	207	55	111
111	408	207	55	111
112	407	206	56	112
113	406	206	56	112
114	405	206	56	112
115	404	206	56	112
116	403	207	55	111
117	403	207	55	111
118	401	206	56	112
119	400	205	57	114
120	398	204	57	114
121	396	203	57	115
122	393	201	58	117
123	391	199	59	119
124	389	198	60	120
125	386	197	60	121
126	385	196	60	121
127	383	196	60	121
128	382	197	60	121
129	381	197	60	120
130	381	199	59	118
131	381	200	58	116
132	382	202	57	114
133	383	204	56	112
134	384	207	54	109
135	385	209	54	108
136	385	211	53	107
137	386	211	53	106
138	385	211	53	106
139	385	210	54	108
140	384	208	55	110
141	383	207	56	112
142	382	205	56	112
143	380	204	57	114
144	379	202	57	115
145	377	201	58	116
146	376	200	58	117
147	375	199	59	118
148	373	199	59	119
149	372	199	59	119
150	371	200	59	119
151	371	201	59	119
152	370	202	59	118
153	370	202	59	119
154	369	202	60	120
155	368	200	60	121
156	367	199	61	123
157	367	198	61	123
158	367	197	61	123
159	367	196	61	122
160	367	196	61	122
161	367	195	61	123
162	368	195	61	123
163	369	196	61	123
164	370	196	61	123
165	371	196	61	123
166	371	196	61	123
167	372	196	61	123
168	373	196	61	123
169	374	195	62	124
170	374	195	62	124
171	375	195	62	124
172	375	194	62	124
173	375	194	62	124
174	375	194	61	123
175	376	194	61	122
176	376	195	61	122
177	376	195	61	122
178	377	195	61	123
179	377	195	61	123
180	378	196	61	122
181	378	196	61	122
182	378	195	60	121
183	378	195	60	121
184	378	194	60	121
185	377	194	60	120
186	377	193	60	120
187	377	192	60	120
188	377	192	60	121
189	377	192	60	121
190	376	193	60	120
191	376	193	60	121
192	375	194	60	121
193	374	194	61	122
194	374	195	61	123
195	374	195	61	123
196	374	196	61	123
197	374	196	61	122
198	374	197	60	121
199	373	196	60	120
200	372	196	59	119
201	372	196	59	118
202	372	195	59	118
203	371	196	58	117
204	371	196	58	116
205	371	197	57	115
206	370	197	57	115
207	369	198	57	115
208	369	198	57	115
209	368	199	58	116
210	367	199	58	116
211	366	199	58	116
212	366	199	58	117
213	366	199	58	117
214	366	198	59	118
215	365	197	59	119
216	365	196	60	120
217	365	196	60	121
218	365	196	60	121
219	365	196	60	121
220	365	198	60	120
221	365	199	59	119
222	365	200	59	119
223	365	202	59	119
224	365	203	59	119
225	365	203	60	120
226	364	204	60	120
227	364	204	60	121
228	364	204	60	121
229	364	203	61	122
230	364	202	62	124
231	364	200	62	125
232	364	199	63	126
233	363	198	63	126
234	363	197	63	126
235	363	197	63	126
236	363	198	62	125
237	363	199	62	124
238	362	200	61	123
239	361	201	61	122
240	360	202	60	121
241	358	204	59	119
242	357	206	58	116
243	356	209	56	113
244	354	210	56	113
245	352	211	57	114
246	350	210	58	116
247	348	208	59	118
248	346	206	60	120
249	343	204	61	123
250	340	202	63	126
251	338	200	64	129
252	335	198	65	131
253	332	196	66	133
254	329	195	67	134
255	327	194	67	134
256	325	193	66	133
257	322	192	66	133
258	321	192	66	132
259	319	193	65	131
260	318	194	64	129
261	317	193	64	128
262	316	192	65	130
263	314	192	65	130
264	313	191	65	130
265	312	190	65	130
266	311	190	65	130
267	310	190	65	130
268	310	190	64	129
269	309	191	64	129
270	308	192	64	128
271	308	193	63	127
272	308	194	62	125
273	307	195	62	124
274	307	195	62	124
275	306	196	62	124
276	306	197	62	125
277	306	197	62	125
278	306	197	63	126
279	305	197	63	126
280	304	198	63	127
281	303	198	63	127
282	303	198	63	127
283	302	198	64	128
284	301	198	64	128
285	300	199	64	129
286	300	199	65	130
287	299	199	65	131
288	299	200	64	129
289	298	200	63	127
290	297	199	62	125
291	295	198	61	123
292	293	197	60	121
293	290	195	60	120
294	287	193	59	119
295	284	192	59	119
296	281	191	59	118
297	278	190	59	118
298	275	190	59	118
299	272	191	59	118
300	270	191	59	119
301	268	192	59	119
302	266	193	60	121
303	265	195	61	123
304	264	196	62	124
305	264	197	62	124
306	263	197	61	123
307	263	198	61	123
308	262	198	61	123
309	261	198	61	123
310	260	198	61	123
311	259	198	61	123
312	258	199	61	123
313	257	200	61	122
314	256	202	61	122
315	255	203	60	121
316	254	204	60	120
317	254	205	59	119
318	253	205	59	118
319	253	205	59	118
320	252	205	59	118
321	252	203	59	119
322	251	202	60	121
323	249	200	61	123
324	248	199	62	125
325	248	198	63	126
326	247	198	63	126
327	247	198	63	126
328	246	198	63	126
329	245	199	63	127
330	245	200	63	127
331	244	201	64	128
332	243	201	64	129
333	243	202	64	129
334	242	203	64	129
335	242	203	65	130
336	241	203	65	130
337	241	203	65	130
338	240	203	65	130
339	238	202	65	130
340	237	202	65	130
341	235	202	64	129
342	234	203	64	128
343	233	204	62	125
344	231	204	62	124
345	229	205	61	123
346	227	206	61	122
347	226	206	61	122
348	224	207	61	123
349	223	207	61	123
350	223	207	61	123
351	222	207	62	124
352	221	207	62	125
353	221	206	63	127
354	221	205	64	128
355	220	204	64	129
356	220	204	65	130
357	220	204	65	130
358	219	204	64	129
359	219	204	64	128
360	219	204	63	126
361	219	204	62	124
362	218	204	62	124
363	218	203	62	125
364	217	203	63	126
365	216	202	63	126
366	216	201	63	127
367	216	201	63	127
368	215	201	63	126
369	214	200	63	126
370	213	200	63	127
371	213	200	63	127
372	213	201	63	127
373	214	202	63	126
374	215	203	62	125
375	216	204	62	124
376	218	205	61	122
377	220	207	60	121
378	223	208	59	119
379	226	209	60	120
380	229	210	60	121
381	232	210	61	122
382	235	211	61	123
383	238	211	62	124
384	240	212	62	124
385	243	212	62	125
386	246	213	62	125
387	249	213	62	125
388	251	213	63	126
389	254	214	63	126
390	257	215	63	127
391	259	216	64	128
392	262	217	64	128
393	265	217	64	128
394	268	216	64	128
395	271	215	64	128
396	274	213	64	128
397	277	212	63	127
398	280	210	63	127
399	282	208	63	126
400	285	205	63	126
401	288	202	62	125
3D Trajetory (frame, x, z, height, pose)
73	2.05	6.03	1.99	3.00
74	2.04	6.03	2.02	3.00
75	2.05	6.05	2.02	3.00
76	2.05	6.07	2.02	3.00
77	2.05	6.09	2.02	3.00
78	2.05	6.11	2.02	3.00
79	2.05	6.13	2.02	3.00
80	2.05	6.15	2.02	3.00
81	2.06	6.17	2.02	3.00
82	2.06	6.19	2.02	3.00
83	2.06	6.20	2.02	3.00
84	2.06	6.22	2.03	3.00
85	2.06	6.24	2.03	3.00
86	2.06	6.26	2.03	3.00
87	2.07	6.28	2.03	3.00
88	2.07	6.30	2.03	3.00
89	2.07	6.32	2.03	3.00
90	2.07	6.34	2.03	3.00
91	2.07	6.36	2.03	3.00
92	2.07	6.38	2.03	3.00
93	2.07	6.40	2.03	3.00
94	2.08	6.41	2.03	3.00
95	2.08	6.48	2.05	3.00
96	2.09	6.52	2.06	3.00
97	2.10	6.54	2.06	3.00
98	2.21	6.77	2.06	4.00
99	2.27	6.87	2.06	4.00
100	2.24	6.98	2.04	4.00
101	2.23	7.10	2.04	4.00
102	2.23	7.17	2.03	3.00
103	2.23	7.22	2.02	3.00
104	2.22	7.23	2.01	3.00
105	2.21	7.23	2.01	3.00
106	2.19	7.23	2.01	3.00
107	2.16	7.22	2.01	3.00
108	2.14	7.22	2.01	3.00
109	2.12	7.21	2.01	3.00
110	2.09	7.21	2.01	3.00
111	2.07	7.21	2.01	3.00
112	2.05	7.20	2.01	3.00
113	2.02	7.20	2.01	3.00
114	2.00	7.19	2.01	3.00
115	1.98	7.19	2.01	3.00
116	1.95	7.18	2.01	3.00
117	1.93	7.18	2.01	3.00
118	1.91	7.17	2.01	3.00
119	1.88	7.17	2.01	3.00
120	1.86	7.16	2.01	3.00
121	1.83	7.16	2.01	3.00
122	1.81	7.15	2.01	3.00
123	1.79	7.15	2.01	3.00
124	1.75	7.05	2.02	2.00
125	1.59	6.55	2.03	2.00
126	1.61	6.80	2.04	1.00
127	1.61	6.92	2.05	4.00
128	1.61	7.01	2.06	4.00
129	1.55	6.76	2.06	3.00
130	1.56	6.85	2.06	3.00
131	1.56	6.92	2.06	3.00
132	1.57	7.00	2.06	3.00
133	1.56	6.98	2.06	3.00
134	1.55	6.97	2.06	3.00
135	1.54	6.95	2.06	3.00
136	1.53	6.94	2.06	3.00
137	1.52	6.92	2.06	3.00
138	1.51	6.91	2.06	3.00
139	1.50	6.89	2.06	3.00
140	1.49	6.88	2.06	3.00
141	1.48	6.87	2.06	3.00
142	1.47	6.85	2.06	3.00
143	1.47	6.88	2.06	3.00
144	1.47	6.86	2.06	3.00
145	1.48	6.89	2.06	4.00
146	1.48	6.92	2.06	4.00
147	1.47	6.97	2.07	4.00
148	1.47	7.02	2.07	3.00
149	1.46	7.06	2.07	3.00
150	1.44	6.99	2.06	3.00
151	1.42	6.93	2.06	3.00
152	1.41	6.97	2.06	3.00
153	1.41	6.98	2.06	3.00
154	1.39	6.97	2.06	3.00
155	1.38	6.95	2.06	3.00
156	1.37	6.94	2.06	3.00
157	1.36	6.93	2.06	3.00
158	1.34	6.89	2.06	3.00
159	1.32	6.86	2.06	3.00
160	1.32	6.86	2.06	3.00
161	1.32	6.87	2.06	3.00
162	1.32	6.87	2.06	3.00
163	1.32	6.87	2.06	3.00
164	1.34	6.88	2.06	3.00
165	1.37	6.89	2.06	3.00
166	1.37	6.85	2.06	3.00
167	1.37	6.82	2.06	3.00
168	1.36	6.79	2.06	3.00
169	1.38	6.77	2.06	3.00
170	1.39	6.75	2.06	3.00
171	1.39	6.73	2.06	3.00
172	1.38	6.71	2.06	3.00
173	1.39	6.70	2.06	3.00
174	1.41	6.68	2.06	3.00
175	1.41	6.67	2.06	3.00
176	1.42	6.66	2.06	3.00
177	1.43	6.65	2.06	3.00
178	1.44	6.65	2.06	3.00
179	1.44	6.65	2.05	3.00
180	1.45	6.65	2.05	3.00
181	1.45	6.64	2.05	3.00
182	1.46	6.64	2.06	3.00
183	1.47	6.62	2.06	3.00
184	1.48	6.60	2.06	3.00
185	1.48	6.62	2.06	3.00
186	1.49	6.67	2.06	2.00
187	1.49	6.71	2.06	2.00
188	1.49	6.75	2.06	2.00
189	1.49	6.74	2.06	2.00
190	1.49	6.74	2.06	2.00
191	1.49	6.74	2.06	2.00
192	1.49	6.74	2.06	2.00
193	1.49	6.73	2.06	2.00
194	1.49	6.73	2.06	2.00
195	1.47	6.72	2.06	2.00
196	1.46	6.71	2.06	1.00
197	1.46	6.74	2.07	4.00
198	1.45	6.74	2.07	4.00
199	1.44	6.74	2.07	4.00
200	1.44	6.78	2.07	4.00
201	1.45	6.81	2.07	4.00
202	1.45	6.84	2.07	4.00
203	1.45	6.88	2.07	2.00
204	1.43	6.88	2.07	2.00
205	1.41	6.88	2.07	3.00
206	1.40	6.88	2.07	3.00
207	1.39	6.90	2.07	4.00
208	1.39	6.92	2.07	4.00
209	1.39	6.94	2.07	4.00
210	1.38	6.97	2.07	4.00
211	1.37	7.00	2.07	4.00
212	1.35	6.99	2.07	4.00
213	1.34	6.99	2.07	1.00
214	1.33	6.99	2.07	1.00
215	1.32	6.99	2.07	2.00
216	1.32	6.98	2.07	2.00
217	1.31	6.98	2.07	2.00
218	1.30	6.97	2.07	2.00
219	1.30	6.97	2.07	2.00
220	1.30	6.96	2.07	2.00
221	1.29	6.96	2.07	2.00
222	1.29	6.96	2.07	2.00
223	1.29	6.97	2.07	2.00
224	1.29	6.97	2.07	2.00
225	1.29	6.97	2.07	2.00
226	1.29	6.97	2.07	2.00
227	1.27	6.96	2.07	2.00
228	1.27	6.95	2.07	2.00
229	1.28	6.95	2.07	2.00
230	1.28	6.95	2.07	2.00
231	1.28	6.95	2.07	2.00
232	1.28	6.92	2.07	2.00
233	1.27	6.90	2.07	2.00
234	1.27	6.89	2.07	2.00
235	1.27	6.87	2.07	2.00
236	1.27	6.86	2.07	3.00
237	1.28	6.83	2.07	3.00
238	1.26	6.82	2.07	3.00
239	1.25	6.82	2.08	3.00
240	1.23	6.82	2.08	3.00
241	1.23	6.84	2.07	3.00
242	1.21	6.83	2.07	1.00
243	1.19	6.82	2.07	1.00
244	1.16	6.82	2.07	1.00
245	1.14	6.81	2.07	1.00
246	1.12	6.80	2.07	1.00
247	1.10	6.80	2.07	1.00
248	1.08	6.79	2.07	1.00
249	1.06	6.78	2.07	1.00
250	1.04	6.77	2.07	1.00
251	0.97	6.64	2.07	1.00
252	0.91	6.51	2.07	1.00
253	0.85	6.50	2.07	2.00
254	0.80	6.45	2.07	2.00
255	0.76	6.41	2.07	2.00
256	0.72	6.38	2.07	2.00
257	0.67	6.35	2.07	2.00
258	0.62	6.33	2.07	2.00
259	0.57	6.32	2.07	2.00
260	0.54	6.33	2.07	2.00
261	0.51	6.38	2.07	2.00
262	0.49	6.42	2.07	2.00
263	0.46	6.38	2.07	2.00
264	0.43	6.34	2.07	2.00
265	0.40	6.30	2.07	2.00
266	0.39	6.31	2.07	2.00
267	0.36	6.32	2.07	2.00
268	0.33	6.32	2.07	2.00
269	0.30	6.33	2.08	2.00
270	0.28	6.34	2.08	2.00
271	0.27	6.37	2.08	2.00
272	0.25	6.40	2.08	2.00
273	0.24	6.41	2.08	2.00
274	0.23	6.42	2.08	2.00
275	0.22	6.43	2.08	2.00
276	0.22	6.43	2.08	2.00
277	0.20	6.43	2.08	2.00
278	0.18	6.43	2.08	2.00
279	0.16	6.43	2.08	2.00
280	0.14	6.43	2.08	2.00
281	0.13	6.43	2.08	2.00
282	0.11	6.43	2.08	2.00
283	0.09	6.42	2.08	2.00
284	0.07	6.42	2.08	2.00
285	0.05	6.42	2.08	2.00
286	0.03	6.42	2.08	2.00
287	0.01	6.42	2.08	2.00
288	-0.00	6.42	2.08	2.00
289	-0.02	6.42	2.08	2.00
290	-0.04	6.42	2.08	2.00
291	-0.06	6.41	2.08	2.00
292	-0.08	6.41	2.08	2.00
293	-0.10	6.41	2.08	2.00
294	-0.12	6.61	2.08	2.00
295	-0.14	6.77	2.08	2.00
296	-0.15	6.90	2.08	2.00
297	-0.19	6.88	2.08	4.00
298	-0.22	6.86	2.08	4.00
299	-0.25	6.87	2.08	4.00
300	-0.27	6.85	2.08	4.00
301	-0.29	6.84	2.08	2.00
302	-0.31	6.83	2.08	2.00
303	-0.35	6.85	2.08	4.00
304	-0.38	6.88	2.08	4.00
305	-0.41	6.90	2.08	4.00
306	-0.43	6.92	2.08	4.00
307	-0.46	6.93	2.08	4.00
308	-0.48	6.94	2.08	4.00
309	-0.49	6.95	2.09	2.00
310	-0.51	6.93	2.09	2.00
311	-0.53	6.92	2.09	2.00
312	-0.54	6.90	2.09	2.00
313	-0.56	6.88	2.09	2.00
314	-0.59	6.91	2.09	2.00
315	-0.61	6.93	2.09	2.00
316	-0.63	6.96	2.09	2.00
317	-0.65	6.99	2.09	2.00
318	-0.67	7.00	2.09	2.00
319	-0.68	7.01	2.09	2.00
320	-0.70	7.02	2.09	2.00
321	-0.71	7.02	2.09	2.00
322	-0.72	7.03	2.09	2.00
323	-0.72	7.04	2.09	3.00
324	-0.74	7.03	2.09	2.00
325	-0.76	7.03	2.09	2.00
326	-0.77	7.02	2.09	2.00
327	-0.79	7.02	2.09	3.00
328	-0.80	6.97	2.09	3.00
329	-0.81	6.93	2.09	2.00
330	-0.80	6.94	2.09	3.00
331	-0.80	6.94	2.09	4.00
332	-0.79	6.95	2.09	4.00
333	-0.80	6.94	2.09	2.00
334	-0.81	6.89	2.09	2.00
335	-0.82	6.84	2.09	2.00
336	-0.82	6.79	2.09	2.00
337	-0.81	6.73	2.09	2.00
338	-0.82	6.73	2.09	2.00
339	-0.84	6.74	2.09	2.00
340	-0.86	6.75	2.09	2.00
341	-0.87	6.75	2.09	2.00
342	-0.88	6.73	2.09	2.00
343	-0.89	6.70	2.09	2.00
344	-0.92	6.70	2.09	2.00
345	-0.95	6.70	2.09	2.00
346	-0.97	6.70	2.09	2.00
347	-1.00	6.72	2.09	2.00
348	-1.04	6.74	2.09	2.00
349	-1.07	6.76	2.09	2.00
350	-1.08	6.74	2.09	2.00
351	-1.10	6.71	2.09	2.00
352	-1.11	6.69	2.09	2.00
353	-1.11	6.67	2.09	2.00
354	-1.12	6.65	2.09	2.00
355	-1.13	6.66	2.09	2.00
356	-1.13	6.64	2.09	2.00
357	-1.15	6.65	2.09	2.00
358	-1.16	6.61	2.09	2.00
359	-1.16	6.57	2.09	2.00
360	-1.16	6.53	2.09	2.00
361	-1.18	6.55	2.09	2.00
362	-1.19	6.58	2.09	2.00
363	-1.20	6.60	2.09	2.00
364	-1.21	6.62	2.09	2.00
365	-1.22	6.65	2.09	2.00
366	-1.23	6.65	2.09	4.00
367	-1.23	6.65	2.09	4.00
368	-1.24	6.65	2.09	4.00
369	-1.21	6.54	2.09	4.00
370	-1.22	6.53	2.09	1.00
371	-1.22	6.51	2.09	1.00
372	-1.24	6.54	2.09	1.00
373	-1.25	6.54	2.09	1.00
374	-1.25	6.55	2.09	1.00
375	-1.25	6.56	2.09	1.00
376	-1.25	6.58	2.09	1.00
377	-1.22	6.60	2.09	1.00
378	-1.20	6.61	2.09	1.00
379	-1.17	6.62	2.09	1.00
380	-1.14	6.62	2.09	1.00
381	-1.10	6.63	2.09	1.00
382	-1.07	6.63	2.09	1.00
383	-1.04	6.64	2.09	1.00
384	-1.01	6.64	2.09	1.00
385	-0.97	6.65	2.09	1.00
386	-0.94	6.65	2.09	1.00
387	-0.91	6.66	2.09	1.00
388	-0.88	6.66	2.09	1.00
389	-0.84	6.67	2.09	1.00
390	-0.81	6.67	2.09	1.00
391	-0.78	6.68	2.09	1.00
392	-0.75	6.68	2.09	1.00
393	-0.71	6.69	2.09	1.00
394	-0.68	6.69	2.09	1.00
395	-0.65	6.70	2.09	1.00
396	-0.61	6.70	2.09	1.00
397	-0.58	6.71	2.09	1.00
398	-0.55	6.71	2.09	1.00
399	-0.33	6.59	2.08	1.00
400	-0.22	6.55	2.08	4.00
401	-0.15	6.51	2.08	4.00
Target 8 (frames from 98 to 134)
Bounding Boxes (frame, x, y, width, height)
98	386	197	63	127
99	386	198	63	127
100	386	199	64	128
101	386	200	64	128
102	386	201	64	128
103	386	202	64	128
104	386	202	64	128
105	387	203	63	127
106	387	204	63	127
107	388	204	63	126
108	388	204	62	125
109	389	204	61	123
110	390	204	61	122
111	391	205	60	121
112	392	205	60	120
113	393	205	59	118
114	394	205	58	117
115	395	205	58	117
116	396	205	58	116
117	397	205	57	115
118	398	205	57	114
119	399	205	56	113
120	400	205	56	112
121	401	206	55	111
122	402	206	55	110
123	402	206	54	109
124	404	206	53	106
125	406	207	52	104
126	406	207	52	104
127	406	206	52	105
128	406	206	53	107
129	405	205	54	109
130	405	204	55	111
131	404	204	57	115
132	403	203	59	118
133	401	202	61	122
134	400	200	63	127
3D Trajetory (frame, x, z, height, pose)
98	1.59	6.56	2.11	1.00
99	1.71	6.86	2.06	1.00
100	1.50	6.11	2.01	1.00
101	1.51	6.17	2.04	1.00
102	1.51	6.16	2.04	1.00
103	1.54	6.27	2.04	1.00
104	1.58	6.38	2.04	1.00
105	1.61	6.48	2.04	1.00
106	1.65	6.59	2.04	1.00
107	1.67	6.66	2.07	1.00
108	1.67	6.64	2.07	1.00
109	1.68	6.62	2.06	1.00
110	1.68	6.59	2.06	1.00
111	1.69	6.57	2.05	1.00
112	1.69	6.54	2.05	1.00
113	1.70	6.52	2.04	1.00
114	1.70	6.49	2.04	1.00
115	1.71	6.47	2.03	1.00
116	1.71	6.44	2.03	1.00
117	1.72	6.42	2.02	1.00
118	1.72	6.40	2.02	1.00
119	1.73	6.37	2.01	1.00
120	1.73	6.35	2.01	1.00
121	1.74	6.32	2.01	1.00
122	1.74	6.30	2.00	1.00
123	1.75	6.27	2.00	1.00
124	1.75	6.25	1.99	1.00
125	1.76	6.22	1.99	1.00
126	1.76	6.20	1.98	1.00
127	1.77	6.18	1.98	1.00
128	1.77	6.15	1.97	1.00
129	1.78	6.13	1.97	1.00
130	1.78	6.10	1.96	1.00
131	1.79	6.08	1.96	1.00
132	1.79	6.05	1.96	1.00
133	1.63	6.06	2.08	1.00
134	1.63	6.06	2.08	1.00
Target 9 (frames from 109 to 360)
Bounding Boxes (frame, x, y, width, height)
109	189	198	61	123
110	188	197	62	125
111	187	196	63	127
112	186	196	64	129
113	185	195	65	130
114	184	195	65	131
115	184	195	66	132
116	183	195	66	133
117	183	195	66	133
118	182	195	67	134
119	182	196	67	134
120	182	197	66	133
121	182	198	66	132
122	182	200	65	131
123	181	201	65	130
124	181	202	64	129
125	181	203	64	128
126	181	204	64	128
127	180	205	63	127
128	180	205	63	127
129	180	205	64	128
130	178	204	64	129
131	176	203	65	131
132	175	202	66	133
133	174	201	67	134
134	173	200	68	136
135	173	199	69	138
136	174	198	69	138
137	176	198	69	138
138	178	198	68	136
139	180	197	67	135
140	183	197	67	135
141	185	197	67	134
142	186	197	67	134
143	187	196	67	135
144	188	196	67	135
145	189	196	67	135
146	190	196	67	135
147	191	197	66	133
148	193	198	65	131
149	196	199	64	128
150	198	200	63	126
151	200	201	62	124
152	202	202	61	122
153	204	203	60	120
154	206	203	59	119
155	208	203	59	119
156	210	202	59	119
157	210	201	60	121
158	210	200	61	123
159	210	198	63	127
160	208	196	66	132
161	206	193	69	138
162	204	191	71	142
163	203	189	73	146
164	202	186	76	152
165	201	183	78	156
166	201	182	79	158
167	201	182	79	159
168	202	182	78	157
169	203	183	77	154
170	206	185	75	150
171	208	187	73	146
172	210	189	70	140
173	213	191	67	134
174	216	194	64	129
175	218	196	61	123
176	220	198	59	118
177	222	200	56	113
178	224	201	55	110
179	225	202	54	108
180	226	202	54	108
181	225	201	54	109
182	224	199	57	114
183	224	199	57	115
184	224	198	58	116
185	224	198	58	116
186	225	198	58	116
187	225	197	58	116
188	226	197	58	116
189	226	197	58	116
190	226	197	58	117
191	227	197	58	117
192	227	197	59	118
193	228	197	59	119
194	228	198	60	120
195	229	198	60	120
196	230	199	60	120
197	231	199	60	120
198	232	200	59	119
199	233	201	59	119
200	233	201	59	118
201	234	202	59	118
202	234	202	58	117
203	235	202	58	117
204	235	202	58	116
205	235	202	58	116
206	234	202	57	115
207	234	202	57	115
208	233	202	57	115
209	232	202	58	116
210	231	202	58	117
211	231	202	58	117
212	230	202	59	118
213	229	202	59	118
214	229	202	59	118
215	229	202	59	118
216	229	201	59	118
217	229	200	59	119
218	230	200	60	120
219	230	199	60	120
220	231	199	60	120
221	231	199	60	120
222	232	199	60	121
223	233	199	60	121
224	233	199	60	121
225	234	200	61	122
226	234	200	61	122
227	235	201	61	123
228	235	201	61	123
229	236	201	62	124
230	236	201	62	124
231	237	201	62	124
232	238	201	62	125
233	239	201	62	125
234	240	201	63	126
235	242	200	63	127
236	243	200	63	127
237	244	200	63	127
238	245	201	63	127
239	246	200	64	128
240	247	200	64	129
241	248	200	64	129
242	250	201	64	129
243	251	202	64	128
244	253	202	63	126
245	255	203	62	125
246	258	204	61	123
247	260	204	60	121
248	262	203	59	119
249	263	202	59	118
250	265	202	58	116
251	266	201	57	115
252	267	200	56	113
253	268	200	56	112
254	268	199	56	112
255	268	199	56	112
256	268	198	56	113
257	268	198	57	115
258	269	198	58	116
259	269	199	58	117
260	270	199	59	118
261	271	200	59	118
262	272	201	59	118
263	273	201	59	118
264	274	202	59	118
265	275	202	59	118
266	276	202	58	117
267	277	202	58	116
268	277	202	57	115
269	278	203	56	112
270	278	204	55	111
271	278	204	55	110
272	279	203	55	111
273	280	202	56	113
274	280	201	58	116
275	281	199	59	119
276	282	198	60	121
277	283	196	62	124
278	285	195	63	127
279	286	194	64	128
280	288	193	65	130
281	290	193	65	130
282	291	193	65	130
283	292	194	64	129
284	293	195	64	128
285	294	196	63	126
286	295	198	61	123
287	297	200	60	120
288	299	202	59	118
289	302	203	58	116
290	304	203	58	116
291	306	203	58	116
292	308	202	58	116
293	309	201	58	117
294	311	200	59	118
295	312	198	60	120
296	312	197	60	121
297	313	196	61	122
298	312	194	61	123
299	312	192	62	125
300	310	191	63	126
301	310	190	63	127
302	309	190	63	127
303	310	191	63	126
304	311	193	62	125
305	312	195	61	123
306	315	198	61	122
307	317	200	60	120
308	318	203	59	119
309	320	205	58	117
310	321	208	58	116
311	322	210	57	115
312	322	212	57	114
313	322	213	57	114
314	322	213	56	113
315	321	213	56	113
316	321	213	57	114
317	321	213	56	113
318	321	213	56	113
319	322	213	56	112
320	323	213	55	111
321	324	213	55	110
322	326	213	54	109
323	328	213	54	109
324	330	213	54	108
325	331	213	53	107
326	333	214	53	106
327	335	214	52	105
328	336	214	52	104
329	337	214	51	103
330	339	214	51	103
331	340	214	51	103
332	341	214	51	102
333	342	214	51	102
334	344	214	51	102
335	345	214	51	102
336	347	214	50	101
337	348	214	50	101
338	349	214	50	101
339	351	214	50	100
340	352	214	49	99
341	353	214	49	99
342	355	214	49	99
343	356	214	50	100
344	357	214	50	100
345	359	215	50	100
346	360	215	50	101
347	362	215	51	103
348	363	216	52	104
349	365	216	53	106
350	366	216	54	108
351	367	216	55	110
352	368	216	55	111
353	369	216	56	112
354	370	216	56	113
355	371	215	57	114
356	371	215	57	114
357	372	214	57	115
358	372	213	57	115
359	373	213	58	116
360	373	212	58	116
3D Trajetory (frame, x, z, height, pose)
109	-1.66	6.61	2.08	1.00
110	-1.65	6.53	2.07	1.00
111	-1.63	6.46	2.06	1.00
112	-1.61	6.36	2.04	1.00
113	-1.58	6.27	2.03	1.00
114	-1.56	6.17	2.02	1.00
115	-1.53	6.08	2.00	1.00
116	-1.51	5.98	1.99	1.00
117	-1.51	5.98	1.99	1.00
118	-1.51	5.98	1.99	1.00
119	-1.61	5.95	1.99	4.00
120	-1.64	5.96	2.00	4.00
121	-1.66	5.97	2.01	4.00
122	-1.59	5.93	1.99	4.00
123	-1.58	6.01	1.99	4.00
124	-1.58	6.08	1.99	1.00
125	-1.53	5.97	1.99	1.00
126	-1.60	6.12	1.98	4.00
127	-1.64	6.21	1.97	4.00
128	-1.67	6.27	1.96	4.00
129	-1.67	6.18	1.96	4.00
130	-1.67	6.18	1.96	4.00
131	-1.66	6.18	1.96	4.00
132	-1.66	6.18	1.97	4.00
133	-1.65	6.18	1.97	4.00
134	-1.65	6.18	1.97	4.00
135	-1.64	6.18	1.97	4.00
136	-1.64	6.18	1.97	4.00
137	-1.64	6.18	1.97	4.00
138	-1.63	6.18	1.97	1.00
139	-1.58	6.11	1.98	1.00
140	-1.57	6.09	1.98	1.00
141	-1.56	6.08	1.98	1.00
142	-1.55	6.06	1.98	1.00
143	-1.54	6.05	1.98	1.00
144	-1.53	6.03	1.98	1.00
145	-1.52	6.02	1.98	1.00
146	-1.50	5.97	1.98	4.00
147	-1.49	5.99	1.99	3.00
148	-1.48	6.01	1.99	3.00
149	-1.47	6.03	1.99	3.00
150	-1.46	6.05	1.99	3.00
151	-1.44	6.10	2.00	4.00
152	-1.43	6.29	2.00	3.00
153	-1.41	6.35	1.99	1.00
154	-1.40	6.41	1.99	1.00
155	-1.38	6.51	1.99	1.00
156	-1.37	6.60	1.99	1.00
157	-1.36	6.53	2.00	1.00
158	-1.35	6.55	2.00	1.00
159	-1.33	6.56	2.00	1.00
160	-1.32	6.58	2.00	1.00
161	-1.31	6.60	2.00	1.00
162	-1.30	6.62	2.00	1.00
163	-1.29	6.64	2.00	1.00
164	-1.28	6.65	2.00	1.00
165	-1.27	6.67	2.00	1.00
166	-1.26	6.69	2.00	1.00
167	-1.25	6.71	2.00	1.00
168	-1.24	6.72	2.00	1.00
169	-1.23	6.74	2.00	1.00
170	-1.22	6.76	2.00	1.00
171	-1.21	6.78	2.00	1.00
172	-1.20	6.79	1.99	1.00
173	-1.20	6.82	1.99	1.00
174	-1.19	6.84	1.99	1.00
175	-1.18	6.84	1.99	1.00
176	-1.16	6.84	1.99	1.00
177	-1.15	6.84	1.99	1.00
178	-1.15	6.86	1.99	1.00
179	-1.16	6.88	1.99	1.00
180	-1.15	6.89	1.99	1.00
181	-1.14	6.91	1.99	1.00
182	-1.13	6.92	1.99	1.00
183	-1.12	6.93	1.99	1.00
184	-1.12	6.94	1.99	1.00
185	-1.11	6.96	1.99	1.00
186	-1.10	6.97	1.99	1.00
187	-1.09	6.98	1.99	1.00
188	-1.08	7.00	1.99	1.00
189	-1.07	7.01	1.99	1.00
190	-1.06	7.02	1.99	1.00
191	-1.06	7.03	1.99	1.00
192	-1.05	7.05	1.99	1.00
193	-1.04	7.06	1.99	2.00
194	-1.03	7.04	1.99	2.00
195	-1.04	7.03	1.99	4.00
196	-1.04	7.02	1.99	4.00
197	-1.04	7.02	1.99	4.00
198	-1.00	6.94	1.99	4.00
199	-0.97	6.88	2.00	4.00
200	-0.96	6.89	2.00	4.00
201	-0.96	6.90	2.00	4.00
202	-0.95	6.91	2.00	4.00
203	-0.95	6.92	2.00	4.00
204	-0.94	6.90	1.99	4.00
205	-0.94	6.89	1.99	4.00
206	-0.94	6.87	1.99	4.00
207	-0.94	6.86	1.99	4.00
208	-0.94	6.87	1.99	4.00
209	-0.94	6.87	1.99	4.00
210	-0.95	6.87	1.99	4.00
211	-0.96	6.86	1.99	4.00
212	-0.96	6.85	1.99	4.00
213	-0.97	6.85	1.99	4.00
214	-0.97	6.84	1.98	4.00
215	-0.99	6.81	1.98	4.00
216	-1.00	6.79	1.98	4.00
217	-1.00	6.78	1.98	4.00
218	-1.00	6.77	1.98	4.00
219	-1.00	6.76	1.98	4.00
220	-1.00	6.77	1.98	4.00
221	-1.00	6.78	1.98	4.00
222	-0.98	6.77	1.99	1.00
223	-0.97	6.76	1.99	1.00
224	-0.96	6.75	1.99	1.00
225	-0.96	6.76	1.99	1.00
226	-0.96	6.77	2.00	1.00
227	-0.97	6.79	2.00	1.00
228	-0.95	6.78	2.00	1.00
229	-0.94	6.77	2.00	1.00
230	-0.93	6.76	2.01	1.00
231	-0.91	6.76	2.01	1.00
232	-0.89	6.77	2.01	1.00
233	-0.88	6.77	2.01	1.00
234	-0.86	6.77	2.00	1.00
235	-0.84	6.77	2.00	1.00
236	-0.83	6.78	2.00	1.00
237	-0.81	6.78	2.00	1.00
238	-0.80	6.78	2.00	1.00
239	-0.78	6.78	2.00	1.00
240	-0.76	6.79	2.00	1.00
241	-0.75	6.79	2.00	1.00
242	-0.73	6.79	2.00	1.00
243	-0.72	6.79	2.00	1.00
244	-0.70	6.80	2.00	1.00
245	-0.68	6.80	2.00	1.00
246	-0.67	6.80	2.00	1.00
247	-0.65	6.80	2.00	1.00
248	-0.57	6.80	2.00	4.00
249	-0.52	6.81	2.00	4.00
250	-0.49	6.81	2.00	4.00
251	-0.46	6.86	2.00	4.00
252	-0.44	6.90	2.00	4.00
253	-0.42	6.90	2.00	4.00
254	-0.41	6.93	2.01	2.00
255	-0.39	6.96	2.01	2.00
256	-0.38	6.99	2.01	2.00
257	-0.38	7.02	2.01	2.00
258	-0.37	7.03	2.01	2.00
259	-0.36	7.04	2.01	2.00
260	-0.34	7.02	2.01	2.00
261	-0.32	7.00	2.01	4.00
262	-0.30	6.97	2.01	4.00
263	-0.28	6.97	2.01	4.00
264	-0.26	6.96	2.01	4.00
265	-0.25	6.94	2.01	4.00
266	-0.23	6.94	2.01	4.00
267	-0.22	6.94	2.01	4.00
268	-0.21	6.94	2.01	4.00
269	-0.20	6.95	2.01	4.00
270	-0.19	6.96	2.01	4.00
271	-0.18	6.97	2.01	4.00
272	-0.17	6.98	2.01	4.00
273	-0.16	6.98	2.01	4.00
274	-0.15	6.97	2.01	4.00
275	-0.13	6.96	2.01	4.00
276	-0.11	6.96	2.01	4.00
277	-0.09	6.95	2.01	2.00
278	-0.05	6.83	2.01	2.00
279	-0.01	6.72	2.01	1.00
280	0.02	6.61	2.01	1.00
281	0.02	6.58	2.01	4.00
282	0.02	6.54	2.01	4.00
283	0.06	6.49	2.01	4.00
284	0.07	6.49	2.01	4.00
285	0.09	6.49	2.01	4.00
286	0.11	6.49	2.01	4.00
287	0.12	6.49	2.01	3.00
288	0.14	6.51	2.01	3.00
289	0.15	6.51	2.01	4.00
290	0.16	6.51	2.01	4.00
291	0.19	6.53	2.01	4.00
292	0.22	6.55	2.01	4.00
293	0.27	6.59	2.01	4.00
294	0.31	6.59	2.01	4.00
295	0.35	6.59	2.01	4.00
296	0.38	6.60	2.00	4.00
297	0.39	6.58	2.01	4.00
298	0.40	6.57	2.01	4.00
299	0.40	6.56	2.01	3.00
300	0.42	6.56	2.01	4.00
301	0.44	6.56	2.01	4.00
302	0.46	6.57	2.01	4.00
303	0.48	6.57	2.01	4.00
304	0.50	6.57	2.01	4.00
305	0.52	6.58	2.01	4.00
306	0.54	6.58	2.01	3.00
307	0.54	6.59	2.01	4.00
308	0.55	6.60	2.01	4.00
309	0.57	6.65	2.01	4.00
310	0.57	6.65	2.01	4.00
311	0.58	6.66	2.01	4.00
312	0.58	6.66	2.01	4.00
313	0.59	6.67	2.01	4.00
314	0.58	6.71	2.01	4.00
315	0.57	6.74	2.00	4.00
316	0.56	6.77	2.00	4.00
317	0.56	6.78	2.00	4.00
318	0.57	6.80	2.00	4.00
319	0.57	6.82	2.00	4.00
320	0.57	6.84	2.00	4.00
321	0.58	6.87	2.00	4.00
322	0.60	6.90	2.00	4.00
323	0.61	6.91	2.00	4.00
324	0.63	6.94	2.00	4.00
325	0.65	6.99	2.00	4.00
326	0.66	7.04	2.00	4.00
327	0.68	7.04	2.00	4.00
328	0.71	7.05	2.00	4.00
329	0.73	7.06	2.00	4.00
330	0.75	7.07	2.00	4.00
331	0.77	7.08	2.00	4.00
332	0.79	7.09	2.00	4.00
333	0.82	7.10	2.00	4.00
334	0.84	7.11	2.00	4.00
335	0.86	7.12	2.00	4.00
336	0.88	7.13	2.00	4.00
337	0.90	7.14	2.00	4.00
338	0.93	7.15	2.00	4.00
339	0.95	7.16	2.00	4.00
340	0.97	7.17	2.00	4.00
341	0.99	7.18	2.00	4.00
342	1.01	7.19	2.00	4.00
343	1.04	7.20	2.00	4.00
344	1.06	7.21	2.00	4.00
345	1.08	7.22	2.00	4.00
346	1.10	7.23	2.00	4.00
347	1.12	7.24	2.00	4.00
348	1.20	7.22	2.00	4.00
349	1.24	7.24	2.00	2.00
350	1.29	7.26	2.00	2.00
351	1.32	7.29	2.00	4.00
352	1.35	7.31	2.00	4.00
353	1.38	7.24	2.00	4.00
354	1.40	7.18	2.00	4.00
355	1.43	7.17	2.00	4.00
356	1.45	7.16	2.00	4.00
357	1.45	7.13	2.00	2.00
358	1.47	7.12	2.00	2.00
359	1.48	7.12	2.00	4.00
360	1.50	7.11	2.00	4.00
Target 10 (frames from 147 to 401)
Bounding Boxes (frame, x, y, width, height)
147	172	202	62	125
148	172	200	62	125
149	171	199	62	124
150	171	198	62	124
151	171	197	62	124
152	171	196	62	124
153	171	195	62	124
154	171	194	62	124
155	171	193	62	125
156	171	193	62	125
157	171	192	62	125
158	173	190	62	125
159	174	190	62	125
160	174	190	63	126
161	174	190	64	128
162	174	191	64	129
163	173	192	65	130
164	173	193	65	131
165	172	194	66	132
166	172	194	66	133
167	170	194	67	134
168	169	194	67	134
169	168	193	67	134
170	167	192	67	134
171	166	191	67	134
172	165	190	66	133
173	165	189	66	133
174	164	188	66	132
175	164	188	65	131
176	164	188	65	131
177	164	189	65	130
178	164	191	64	128
179	163	192	63	127
180	163	193	63	127
181	163	193	64	129
182	162	193	65	130
183	162	193	65	131
184	161	192	66	133
185	160	191	66	133
186	160	191	66	132
187	160	191	65	131
188	160	191	64	129
189	160	190	64	128
190	161	190	63	127
191	161	190	63	127
192	161	190	63	127
193	161	190	63	127
194	161	191	63	127
195	161	192	64	128
196	161	193	64	128
197	161	193	64	129
198	160	193	65	131
199	160	193	65	131
200	160	193	65	130
201	160	193	64	128
202	160	194	62	125
203	160	194	60	121
204	160	194	59	118
205	159	194	58	116
206	158	194	57	115
207	156	194	57	114
208	155	194	57	114
209	154	195	57	114
210	154	195	57	114
211	154	195	57	115
212	154	195	58	116
213	154	194	58	117
214	154	194	58	117
215	155	194	59	118
216	156	193	59	118
217	157	193	59	119
218	158	194	59	118
219	159	195	58	117
220	159	196	58	117
221	159	197	58	117
222	158	198	59	119
223	158	199	60	121
224	157	200	61	123
225	157	201	62	125
226	157	202	63	126
227	158	203	63	127
228	158	204	63	127
229	158	204	63	127
230	158	203	63	127
231	158	202	63	127
232	157	201	63	127
233	156	200	63	127
234	155	199	64	128
235	154	198	64	128
236	152	198	64	128
237	150	197	64	128
238	148	196	64	129
239	145	195	65	130
240	143	194	65	131
241	141	193	66	133
242	139	192	67	134
243	137	191	67	135
244	135	190	68	136
245	134	189	68	136
246	132	189	68	137
247	131	189	68	137
248	129	190	68	136
249	128	190	67	135
250	127	192	67	134
251	125	193	66	133
252	124	195	65	131
253	123	196	64	129
254	121	198	63	127
255	120	199	63	126
256	119	199	62	125
257	118	200	62	124
258	117	199	62	124
259	116	199	62	124
260	115	198	62	125
261	114	196	63	126
262	113	196	63	126
263	112	195	63	127
264	111	194	64	128
265	111	194	64	129
266	110	193	64	129
267	110	193	65	130
268	109	193	65	130
269	109	194	64	129
270	109	194	64	128
271	108	194	64	128
272	108	194	63	127
273	107	194	63	127
274	107	194	63	126
275	107	193	62	125
276	106	192	62	125
277	106	192	62	125
278	105	193	62	124
279	104	193	61	123
280	103	193	61	123
281	103	193	61	123
282	103	194	62	124
283	102	194	62	124
284	102	195	62	124
285	103	195	62	124
286	103	195	61	123
287	103	196	61	123
288	103	196	61	123
289	104	195	62	124
290	104	195	62	124
291	104	195	62	124
292	104	195	62	124
293	104	195	62	124
294	104	194	62	124
295	104	194	62	124
296	103	195	62	124
297	103	195	62	125
298	102	196	62	125
299	102	196	62	125
300	102	197	62	125
301	102	197	62	125
302	102	197	62	125
303	102	197	62	125
304	102	197	62	124
305	102	197	62	124
306	101	198	62	124
307	101	198	61	123
308	100	199	61	123
309	100	200	61	123
310	99	201	61	123
311	98	202	61	123
312	98	202	61	123
313	98	203	61	123
314	98	204	61	122
315	98	204	61	122
316	99	204	61	122
317	100	204	61	122
318	101	204	61	122
319	103	204	61	122
320	105	204	61	122
321	107	203	61	122
322	109	203	61	122
323	112	203	60	121
324	114	203	60	121
325	116	204	60	121
326	118	204	60	121
327	121	204	60	120
328	123	204	60	120
329	125	205	59	119
330	128	205	58	117
331	130	205	58	116
332	132	206	58	116
333	135	206	58	116
334	137	205	58	116
335	140	205	57	115
336	143	205	57	115
337	145	205	57	115
338	148	205	57	115
339	150	205	57	115
340	152	205	57	115
341	153	206	57	115
342	155	206	57	115
343	156	206	57	114
344	156	207	57	115
345	157	207	58	116
346	158	208	58	116
347	159	208	57	115
348	160	208	58	116
349	160	208	58	117
350	161	207	60	120
351	162	207	60	121
352	163	207	60	120
353	165	207	59	119
354	167	207	59	118
355	169	207	58	117
356	171	207	57	115
357	172	207	56	113
358	173	208	56	112
359	174	208	55	111
360	174	207	55	111
361	174	206	56	113
362	174	206	57	115
363	175	205	58	117
364	175	204	59	118
365	175	203	59	119
366	176	202	60	121
367	176	200	61	123
368	178	200	62	124
369	179	200	62	124
370	182	201	61	122
371	184	201	60	121
372	185	202	60	120
373	187	202	60	120
374	188	203	59	119
375	189	204	59	118
376	190	205	59	118
377	191	205	59	119
378	191	205	60	121
379	191	204	61	123
380	191	204	62	124
381	191	203	62	125
382	191	203	63	126
383	191	202	63	126
384	191	200	63	126
385	191	200	63	127
386	191	199	63	126
387	191	199	63	126
388	190	199	63	127
389	190	199	63	127
390	189	199	64	128
391	189	199	64	129
392	188	199	65	130
393	188	199	65	131
394	188	199	66	132
395	188	199	67	134
396	188	199	67	135
397	188	199	68	137
398	189	199	69	138
399	189	198	70	140
400	190	198	71	142
401	190	198	72	145
3D Trajetory (frame, x, z, height, pose)
147	-2.08	7.24	2.16	3.00
148	-2.08	7.24	2.16	3.00
149	-1.70	6.11	2.08	3.00
150	-1.83	6.13	2.08	3.00
151	-1.87	6.11	2.05	3.00
152	-1.90	6.33	2.06	3.00
153	-1.89	6.39	2.06	3.00
154	-2.00	6.74	2.07	3.00
155	-2.09	7.06	2.10	3.00
156	-2.16	7.31	2.12	3.00
157	-2.13	7.25	2.12	3.00
158	-2.09	7.19	2.12	3.00
159	-2.01	6.97	2.12	3.00
160	-1.95	6.81	2.12	3.00
161	-1.91	6.70	2.12	3.00
162	-1.88	6.63	2.12	3.00
163	-1.88	6.63	2.12	3.00
164	-1.87	6.63	2.12	3.00
165	-1.84	6.54	2.11	3.00
166	-1.82	6.48	2.11	3.00
167	-1.83	6.42	2.10	3.00
168	-1.85	6.36	2.09	3.00
169	-1.84	6.37	2.10	3.00
170	-1.83	6.38	2.10	3.00
171	-1.81	6.23	2.09	3.00
172	-1.82	6.20	2.10	3.00
173	-1.83	6.18	2.10	3.00
174	-1.84	6.16	2.10	3.00
175	-1.88	6.22	2.10	3.00
176	-1.89	6.27	2.10	3.00
177	-1.90	6.32	2.10	3.00
178	-1.91	6.31	2.09	3.00
179	-1.92	6.30	2.09	3.00
180	-1.93	6.30	2.09	3.00
181	-1.93	6.26	2.09	3.00
182	-1.95	6.27	2.09	3.00
183	-1.96	6.29	2.09	3.00
184	-1.97	6.30	2.09	3.00
185	-1.98	6.30	2.09	3.00
186	-1.98	6.29	2.09	3.00
187	-1.97	6.24	2.09	3.00
188	-1.96	6.20	2.09	3.00
189	-1.98	6.24	2.09	3.00
190	-2.00	6.29	2.09	3.00
191	-2.02	6.33	2.09	3.00
192	-2.04	6.36	2.09	3.00
193	-2.05	6.42	2.09	3.00
194	-2.07	6.46	2.09	3.00
195	-2.07	6.47	2.10	3.00
196	-2.07	6.48	2.10	3.00
197	-2.07	6.47	2.10	3.00
198	-2.07	6.45	2.10	3.00
199	-2.06	6.43	2.10	3.00
200	-2.06	6.42	2.10	3.00
201	-2.05	6.41	2.10	3.00
202	-2.05	6.40	2.10	3.00
203	-2.09	6.50	2.10	2.00
204	-2.11	6.54	2.10	2.00
205	-2.14	6.59	2.10	2.00
206	-2.16	6.65	2.10	2.00
207	-2.21	6.74	2.10	2.00
208	-2.25	6.81	2.10	2.00
209	-2.28	6.88	2.10	2.00
210	-2.30	6.88	2.10	2.00
211	-2.32	6.88	2.10	2.00
212	-2.33	6.87	2.10	2.00
213	-2.34	6.87	2.10	2.00
214	-2.37	6.93	2.10	2.00
215	-2.37	6.97	2.10	2.00
216	-2.38	7.01	2.11	2.00
217	-2.38	7.05	2.11	2.00
218	-2.39	7.09	2.11	2.00
219	-2.39	7.13	2.11	2.00
220	-2.40	7.13	2.11	2.00
221	-2.41	7.16	2.11	2.00
222	-2.40	7.15	2.11	2.00
223	-2.38	7.14	2.11	2.00
224	-2.37	7.13	2.11	2.00
225	-2.38	7.12	2.11	2.00
226	-2.39	7.13	2.11	2.00
227	-2.38	7.13	2.11	2.00
228	-2.36	7.10	2.11	3.00
229	-2.33	7.07	2.11	3.00
230	-2.30	7.03	2.11	3.00
231	-2.29	7.03	2.11	3.00
232	-2.28	7.01	2.11	3.00
233	-2.27	7.00	2.11	3.00
234	-2.29	6.99	2.11	3.00
235	-2.30	6.97	2.11	3.00
236	-2.30	6.95	2.11	3.00
237	-2.30	6.91	2.11	3.00
238	-2.32	6.90	2.11	3.00
239	-2.33	6.90	2.11	3.00
240	-2.35	6.89	2.11	3.00
241	-2.36	6.89	2.11	3.00
242	-2.38	6.88	2.11	3.00
243	-2.39	6.88	2.11	3.00
244	-2.41	6.87	2.11	3.00
245	-2.42	6.86	2.11	3.00
246	-2.44	6.86	2.11	3.00
247	-2.45	6.85	2.10	3.00
248	-2.47	6.85	2.10	3.00
249	-2.48	6.84	2.10	3.00
250	-2.50	6.84	2.10	3.00
251	-2.51	6.83	2.10	3.00
252	-2.57	6.74	2.10	3.00
253	-2.60	6.65	2.10	2.00
254	-2.63	6.62	2.10	4.00
255	-2.68	6.60	2.10	4.00
256	-2.72	6.59	2.09	4.00
257	-2.76	6.60	2.09	4.00
258	-2.80	6.60	2.09	4.00
259	-2.83	6.61	2.09	4.00
260	-2.85	6.59	2.09	4.00
261	-2.87	6.58	2.09	2.00
262	-2.88	6.57	2.09	2.00
263	-2.89	6.56	2.09	2.00
264	-2.90	6.55	2.09	2.00
265	-2.91	6.54	2.09	2.00
266	-2.91	6.51	2.09	2.00
267	-2.94	6.51	2.09	2.00
268	-2.97	6.52	2.09	2.00
269	-2.97	6.51	2.09	2.00
270	-2.97	6.51	2.09	2.00
271	-2.96	6.50	2.09	2.00
272	-2.96	6.50	2.09	2.00
273	-2.98	6.50	2.09	2.00
274	-2.98	6.50	2.09	2.00
275	-3.00	6.52	2.09	4.00
276	-3.02	6.55	2.09	4.00
277	-3.03	6.55	2.09	4.00
278	-3.05	6.56	2.09	4.00
279	-3.06	6.57	2.09	2.00
280	-3.08	6.59	2.09	2.00
281	-3.08	6.59	2.09	2.00
282	-3.09	6.60	2.09	2.00
283	-3.09	6.59	2.09	2.00
284	-3.10	6.59	2.09	2.00
285	-3.10	6.59	2.09	2.00
286	-3.10	6.59	2.09	2.00
287	-3.10	6.58	2.09	2.00
288	-3.11	6.59	2.09	2.00
289	-3.11	6.63	2.09	4.00
290	-3.12	6.66	2.09	4.00
291	-3.13	6.68	2.09	4.00
292	-3.13	6.70	2.09	4.00
293	-3.13	6.70	2.09	4.00
294	-3.13	6.69	2.09	2.00
295	-3.12	6.68	2.09	2.00
296	-3.11	6.67	2.09	2.00
297	-3.12	6.68	2.09	2.00
298	-3.12	6.68	2.08	2.00
299	-3.11	6.67	2.08	2.00
300	-3.12	6.67	2.08	2.00
301	-3.12	6.67	2.08	2.00
302	-3.12	6.68	2.08	2.00
303	-3.12	6.68	2.08	4.00
304	-3.13	6.69	2.08	4.00
305	-3.13	6.70	2.09	4.00
306	-3.13	6.71	2.09	2.00
307	-3.14	6.71	2.09	2.00
308	-3.14	6.72	2.09	2.00
309	-3.16	6.75	2.09	2.00
310	-3.17	6.75	2.09	2.00
311	-3.18	6.76	2.09	2.00
312	-3.19	6.76	2.09	2.00
313	-3.21	6.76	2.09	2.00
314	-3.21	6.76	2.09	2.00
315	-3.22	6.76	2.09	2.00
316	-3.22	6.76	2.09	2.00
317	-3.22	6.76	2.09	1.00
318	-3.22	6.79	2.09	1.00
319	-3.21	6.81	2.09	1.00
320	-3.21	6.84	2.09	1.00
321	-3.21	6.85	2.09	1.00
322	-3.20	6.86	2.09	1.00
323	-3.16	6.86	2.09	1.00
324	-3.13	6.87	2.09	3.00
325	-3.11	6.88	2.09	3.00
326	-3.09	6.90	2.09	3.00
327	-3.07	6.91	2.09	3.00
328	-3.05	6.93	2.09	3.00
329	-3.03	6.95	2.09	3.00
330	-3.01	6.96	2.09	3.00
331	-3.00	6.98	2.09	3.00
332	-2.98	6.99	2.09	3.00
333	-2.96	7.01	2.09	3.00
334	-2.94	7.03	2.09	3.00
335	-2.88	7.07	2.09	3.00
336	-2.83	7.11	2.09	3.00
337	-2.77	7.13	2.08	3.00
338	-2.68	7.10	2.08	3.00
339	-2.61	7.07	2.08	2.00
340	-2.55	7.05	2.08	2.00
341	-2.54	7.12	2.08	2.00
342	-2.49	7.14	2.08	2.00
343	-2.45	7.16	2.08	2.00
344	-2.43	7.17	2.08	2.00
345	-2.39	7.18	2.08	2.00
346	-2.39	7.21	2.08	2.00
347	-2.38	7.25	2.08	2.00
348	-2.37	7.29	2.08	2.00
349	-2.33	7.30	2.08	2.00
350	-2.29	7.27	2.08	2.00
351	-2.26	7.25	2.08	2.00
352	-2.23	7.22	2.08	2.00
353	-2.21	7.24	2.08	2.00
354	-2.19	7.27	2.08	2.00
355	-2.17	7.24	2.08	2.00
356	-2.15	7.22	2.08	2.00
357	-2.11	7.21	2.08	2.00
358	-2.11	7.26	2.08	2.00
359	-2.11	7.34	2.08	2.00
360	-2.11	7.42	2.08	2.00
361	-2.09	7.42	2.08	2.00
362	-2.08	7.42	2.08	2.00
363	-2.07	7.42	2.08	2.00
364	-2.07	7.43	2.08	2.00
365	-2.05	7.39	2.08	2.00
366	-2.02	7.33	2.08	2.00
367	-1.99	7.28	2.08	2.00
368	-1.97	7.22	2.08	2.00
369	-1.95	7.23	2.08	2.00
370	-1.92	7.22	2.08	2.00
371	-1.90	7.20	2.08	2.00
372	-1.89	7.21	2.08	2.00
373	-1.86	7.21	2.08	2.00
374	-1.83	7.21	2.08	2.00
375	-1.81	7.20	2.08	2.00
376	-1.78	7.19	2.08	2.00
377	-1.77	7.17	2.08	2.00
378	-1.75	7.14	2.08	2.00
379	-1.74	7.11	2.08	3.00
380	-1.72	7.07	2.08	3.00
381	-1.70	7.04	2.08	3.00
382	-1.67	7.02	2.08	1.00
383	-1.64	6.98	2.08	1.00
384	-1.63	6.93	2.08	3.00
385	-1.61	6.88	2.08	3.00
386	-1.60	6.83	2.08	3.00
387	-1.60	6.84	2.08	3.00
388	-1.59	6.80	2.08	3.00
389	-1.58	6.76	2.08	3.00
390	-1.58	6.74	2.08	1.00
391	-1.57	6.72	2.08	1.00
392	-1.56	6.70	2.08	1.00
393	-1.56	6.66	2.08	1.00
394	-1.56	6.63	2.08	1.00
395	-1.55	6.57	2.08	3.00
396	-1.54	6.52	2.08	3.00
397	-1.54	6.49	2.08	3.00
398	-1.52	6.41	2.08	4.00
399	-1.50	6.33	2.08	4.00
400	-1.48	6.25	2.08	4.00
401	-1.46	6.23	2.08	4.00
Target 11 (frames from 157 to 357)
Bounding Boxes (frame, x, y, width, height)
157	307	196	65	130
158	307	196	65	130
159	308	196	64	129
160	308	196	64	129
161	308	196	64	129
162	308	196	64	128
163	308	196	64	128
164	308	196	64	128
165	308	196	63	127
166	308	196	63	127
167	308	197	63	127
168	308	197	63	126
169	308	197	63	126
170	308	197	63	126
171	309	197	62	125
172	309	197	62	125
173	309	198	62	124
174	309	198	61	123
175	309	198	61	123
176	309	198	61	123
177	309	197	62	124
178	310	196	62	124
179	310	195	63	126
180	311	194	63	127
181	311	193	64	129
182	312	192	65	130
183	313	191	66	132
184	313	190	67	134
185	313	189	68	136
186	314	188	69	138
187	314	187	69	139
188	314	187	70	140
189	314	187	70	140
190	314	188	69	139
191	314	189	69	138
192	314	191	68	137
193	315	192	67	135
194	315	193	67	134
195	316	194	66	132
196	317	195	65	131
197	318	196	64	129
198	318	197	64	128
199	319	197	63	127
200	319	197	63	127
201	319	197	63	127
202	319	197	64	128
203	319	197	64	129
204	319	197	64	129
205	319	198	64	129
206	319	198	64	129
207	319	199	64	128
208	318	199	64	128
209	318	200	63	127
210	317	200	63	126
211	317	200	63	126
212	317	200	62	125
213	316	200	63	126
214	316	199	63	127
215	315	199	63	127
216	315	199	63	127
217	315	199	63	126
218	315	200	62	124
219	315	200	61	122
220	315	201	60	121
221	315	202	60	120
222	314	204	59	118
223	314	205	58	117
224	314	206	58	116
225	313	207	57	115
226	312	208	57	114
227	311	207	57	115
228	310	207	58	116
229	309	206	59	118
230	309	205	60	120
231	308	203	61	123
232	308	202	62	125
233	309	202	62	125
234	311	202	62	124
235	312	202	62	124
236	314	203	61	123
237	316	203	61	122
238	318	203	60	121
239	320	204	60	120
240	322	204	59	119
241	324	205	59	118
242	326	206	58	116
243	328	207	57	115
244	330	207	57	114
245	332	207	56	113
246	333	208	56	113
247	335	208	56	112
248	337	208	55	111
249	339	209	55	110
250	340	209	54	109
251	342	210	54	108
252	345	211	53	106
253	347	212	52	104
254	348	213	51	103
255	350	212	51	103
256	351	211	52	104
257	352	210	52	105
258	353	208	53	107
259	353	206	54	108
260	353	203	55	111
261	353	201	56	113
262	353	199	58	116
263	354	197	59	118
264	354	196	59	119
265	355	195	60	120
266	356	194	60	121
267	358	194	60	121
268	359	195	60	120
269	361	196	59	118
270	363	198	58	116
271	365	199	57	114
272	366	200	56	113
273	367	200	56	113
274	368	199	57	114
275	368	198	57	115
276	368	197	58	117
277	367	195	59	119
278	367	194	60	121
279	366	193	61	123
280	366	192	62	124
281	367	191	62	124
282	369	191	62	125
283	370	192	62	124
284	372	192	62	125
285	373	192	62	125
286	375	193	62	125
287	377	193	62	125
288	379	193	62	125
289	381	194	62	125
290	382	193	62	125
291	384	193	62	125
292	385	192	63	126
293	385	191	63	126
294	386	190	63	127
295	386	189	64	128
296	386	189	64	128
297	386	189	64	128
298	387	189	64	128
299	388	190	63	127
300	389	191	63	127
301	389	194	63	127
302	390	195	64	128
303	391	197	64	129
304	392	199	65	130
305	392	200	65	131
306	393	200	66	132
307	394	201	66	133
308	394	202	67	134
309	395	202	67	134
310	396	203	67	134
311	397	203	67	134
312	398	203	67	134
313	398	203	67	134
314	399	204	66	133
315	401	205	65	131
316	403	205	65	130
317	405	207	64	128
318	406	208	63	126
319	408	209	62	125
320	410	209	62	124
321	412	209	61	123
322	413	208	61	123
323	415	207	61	123
324	416	206	61	123
325	418	205	61	123
326	420	204	61	123
327	422	203	61	123
328	425	203	62	124
329	427	202	62	124
330	428	201	62	125
331	430	200	62	125
332	432	200	62	125
333	434	199	63	126
334	436	199	63	126
335	438	198	63	126
336	440	196	63	127
337	442	195	64	128
338	444	194	64	128
339	446	194	64	128
340	448	194	64	128
341	451	196	63	126
342	454	198	62	125
343	457	201	61	123
344	460	204	61	122
345	463	206	60	121
346	466	209	60	120
347	469	211	60	120
348	471	213	60	120
349	474	215	59	119
350	476	215	59	119
351	478	216	59	118
352	480	216	59	118
353	482	216	59	118
354	484	216	59	118
355	485	215	59	118
356	487	214	59	118
357	488	212	59	118
3D Trajetory (frame, x, z, height, pose)
157	0.32	6.32	2.06	1.00
158	0.32	6.32	2.06	1.00
159	0.32	6.33	2.05	1.00
160	0.32	6.33	2.05	1.00
161	0.32	6.34	2.05	1.00
162	0.33	6.35	2.04	1.00
163	0.33	6.35	2.04	1.00
164	0.33	6.36	2.04	1.00
165	0.33	6.36	2.03	1.00
166	0.33	6.37	2.03	1.00
167	0.33	6.37	2.02	1.00
168	0.33	6.38	2.02	1.00
169	0.33	6.38	2.02	1.00
170	0.33	6.39	2.01	1.00
171	0.33	6.40	2.01	1.00
172	0.33	6.40	2.01	1.00
173	0.33	6.41	2.00	1.00
174	0.33	6.41	2.00	1.00
175	0.33	6.42	1.99	1.00
176	0.33	6.42	1.99	1.00
177	0.33	6.43	1.99	1.00
178	0.33	6.43	1.98	1.00
179	0.33	6.44	1.98	1.00
180	0.33	6.45	1.97	1.00
181	0.37	6.46	2.05	1.00
182	0.41	6.47	2.13	1.00
183	0.45	6.48	2.21	1.00
184	0.45	6.48	2.21	1.00
185	0.45	6.41	2.15	1.00
186	0.44	6.23	2.14	2.00
187	0.44	6.11	2.12	2.00
188	0.43	6.05	2.11	2.00
189	0.42	5.93	2.10	2.00
190	0.42	5.90	2.09	2.00
191	0.43	5.93	2.10	2.00
192	0.43	5.90	2.09	2.00
193	0.43	5.98	2.09	2.00
194	0.44	6.04	2.09	2.00
195	0.44	6.07	2.09	2.00
196	0.45	6.10	2.09	2.00
197	0.46	6.14	2.08	2.00
198	0.48	6.25	2.08	2.00
199	0.49	6.32	2.08	2.00
200	0.50	6.37	2.07	2.00
201	0.51	6.41	2.07	2.00
202	0.51	6.44	2.07	2.00
203	0.52	6.47	2.07	2.00
204	0.52	6.42	2.06	2.00
205	0.51	6.37	2.06	2.00
206	0.51	6.33	2.05	2.00
207	0.51	6.35	2.05	2.00
208	0.51	6.37	2.05	2.00
209	0.51	6.39	2.05	2.00
210	0.51	6.41	2.04	2.00
211	0.50	6.44	2.04	2.00
212	0.50	6.48	2.04	2.00
213	0.51	6.54	2.04	2.00
214	0.50	6.54	2.04	2.00
215	0.48	6.52	2.03	2.00
216	0.46	6.51	2.03	2.00
217	0.45	6.47	2.03	2.00
218	0.45	6.43	2.02	2.00
219	0.45	6.39	2.02	2.00
220	0.43	6.39	2.02	2.00
221	0.43	6.38	2.02	2.00
222	0.43	6.51	2.02	4.00
223	0.43	6.62	2.02	4.00
224	0.43	6.71	2.02	4.00
225	0.42	6.75	2.02	4.00
226	0.41	6.80	2.02	4.00
227	0.40	6.82	2.02	4.00
228	0.38	6.82	2.02	4.00
229	0.37	6.85	2.02	1.00
230	0.37	6.87	2.03	1.00
231	0.36	6.88	2.03	1.00
232	0.35	6.88	2.03	1.00
233	0.34	6.88	2.03	1.00
234	0.34	6.89	2.03	2.00
235	0.35	6.85	2.03	2.00
236	0.37	6.86	2.03	2.00
237	0.38	6.87	2.03	2.00
238	0.40	6.89	2.03	2.00
239	0.42	6.90	2.03	2.00
240	0.44	6.92	2.03	2.00
241	0.46	6.93	2.03	2.00
242	0.47	6.94	2.03	2.00
243	0.49	6.96	2.03	2.00
244	0.51	6.97	2.03	2.00
245	0.53	6.99	2.03	2.00
246	0.54	7.00	2.03	2.00
247	0.56	7.02	2.03	2.00
248	0.58	7.03	2.03	2.00
249	0.60	7.04	2.03	2.00
250	0.62	7.06	2.03	2.00
251	0.63	7.07	2.03	2.00
252	0.65	7.09	2.03	2.00
253	0.67	7.10	2.03	2.00
254	0.69	7.11	2.03	2.00
255	0.71	7.13	2.03	2.00
256	0.72	7.14	2.03	2.00
257	0.74	7.16	2.03	2.00
258	0.76	7.17	2.03	2.00
259	0.78	7.18	2.03	2.00
260	0.79	7.20	2.03	2.00
261	0.92	7.07	2.03	2.00
262	0.98	7.01	2.02	2.00
263	1.03	6.98	2.02	2.00
264	1.07	6.96	2.02	2.00
265	1.09	6.95	2.02	2.00
266	1.11	6.96	2.03	2.00
267	1.14	6.93	2.03	2.00
268	1.16	6.90	2.03	2.00
269	1.20	6.92	2.03	2.00
270	1.25	6.95	2.03	2.00
271	1.28	6.97	2.03	2.00
272	1.32	7.00	2.03	2.00
273	1.34	7.01	2.03	2.00
274	1.37	7.02	2.03	2.00
275	1.38	7.07	2.03	2.00
276	1.40	7.11	2.03	4.00
277	1.41	7.09	2.03	4.00
278	1.43	7.08	2.03	4.00
279	1.44	7.06	2.03	4.00
280	1.46	7.05	2.03	4.00
281	1.48	7.03	2.03	1.00
282	1.49	7.03	2.03	4.00
283	1.50	7.03	2.03	4.00
284	1.52	7.03	2.03	1.00
285	1.53	7.01	2.03	4.00
286	1.54	6.99	2.03	4.00
287	1.56	6.97	2.03	4.00
288	1.58	6.96	2.03	4.00
289	1.60	6.94	2.03	4.00
290	1.61	6.89	2.03	1.00
291	1.62	6.85	2.04	4.00
292	1.62	6.76	2.04	1.00
293	1.65	6.79	2.04	1.00
294	1.66	6.78	2.04	1.00
295	1.68	6.78	2.04	1.00
296	1.69	6.77	2.04	1.00
297	1.70	6.76	2.04	1.00
298	1.69	6.75	2.04	1.00
299	1.71	6.73	2.04	1.00
300	1.72	6.71	2.04	1.00
301	1.74	6.69	2.04	1.00
302	1.76	6.68	2.04	1.00
303	1.77	6.66	2.04	1.00
304	1.78	6.59	2.04	4.00
305	1.78	6.53	2.04	4.00
306	1.78	6.48	2.04	4.00
307	1.77	6.45	2.04	4.00
308	1.75	6.41	2.04	2.00
309	1.75	6.35	2.04	2.00
310	1.75	6.31	2.04	2.00
311	1.75	6.27	2.04	2.00
312	1.74	6.23	2.04	2.00
313	1.75	6.19	2.04	2.00
314	1.76	6.18	2.04	4.00
315	1.77	6.17	2.04	4.00
316	1.79	6.16	2.04	4.00
317	1.81	6.14	2.03	4.00
318	1.82	6.16	2.03	1.00
319	1.84	6.17	2.03	1.00
320	1.85	6.18	2.04	1.00
321	1.88	6.21	2.03	1.00
322	1.91	6.23	2.03	1.00
323	1.93	6.23	2.03	1.00
324	1.96	6.23	2.03	1.00
325	1.99	6.22	2.03	1.00
326	2.02	6.21	2.03	1.00
327	2.04	6.20	2.03	1.00
328	2.07	6.20	2.03	1.00
329	2.10	6.19	2.03	1.00
330	2.13	6.18	2.03	1.00
331	2.15	6.18	2.03	1.00
332	2.18	6.17	2.03	1.00
333	2.21	6.16	2.03	1.00
334	2.24	6.15	2.03	1.00
335	2.27	6.15	2.03	1.00
336	2.29	6.14	2.03	1.00
337	2.32	6.13	2.03	1.00
338	2.35	6.13	2.03	1.00
339	2.38	6.12	2.03	1.00
340	2.40	6.11	2.03	1.00
341	2.43	6.10	2.03	1.00
342	2.46	6.10	2.03	1.00
343	2.49	6.09	2.03	1.00
344	2.52	6.08	2.03	1.00
345	2.62	6.15	2.03	4.00
346	2.70	6.22	2.03	4.00
347	2.76	6.28	2.03	4.00
348	2.82	6.37	2.03	4.00
349	2.90	6.42	2.03	4.00
350	2.95	6.40	2.03	4.00
351	2.99	6.39	2.02	2.00
352	3.02	6.39	2.02	2.00
353	3.06	6.40	2.02	2.00
354	3.09	6.41	2.02	2.00
355	3.15	6.45	2.02	4.00
356	3.19	6.48	2.02	4.00
357	3.24	6.51	2.02	3.00
Target 12 (frames from 186 to 391)
Bounding Boxes (frame, x, y, width, height)
186	435	198	59	118
187	434	198	60	120
188	432	198	60	121
189	431	198	61	123
190	430	198	62	124
191	429	198	62	125
192	428	198	63	126
193	427	198	63	126
194	426	199	63	126
195	425	199	63	126
196	425	200	62	125
197	425	201	61	122
198	424	202	60	120
199	423	202	60	120
200	422	202	60	120
201	422	202	60	120
202	421	202	60	121
203	421	201	61	123
204	420	200	62	124
205	420	199	62	125
206	420	199	63	126
207	420	199	63	126
208	420	199	62	125
209	419	199	62	125
210	419	200	62	124
211	418	200	61	123
212	418	200	61	123
213	417	200	61	122
214	417	200	61	123
215	416	200	61	123
216	416	199	62	125
217	415	198	63	126
218	415	198	63	127
219	415	198	64	128
220	415	198	64	128
221	415	198	64	129
222	415	199	64	128
223	416	200	64	128
224	416	201	64	128
225	416	203	64	128
226	416	205	63	127
227	416	206	63	126
228	416	207	63	126
229	416	208	63	126
230	416	208	63	126
231	417	208	63	127
232	418	208	64	128
233	420	207	64	129
234	421	205	65	130
235	424	204	65	131
236	426	203	66	132
237	429	201	66	132
238	432	200	66	133
239	435	198	67	134
240	438	197	67	134
241	441	196	67	135
242	443	195	67	135
243	446	193	68	136
244	449	192	68	137
245	452	191	68	137
246	454	191	68	136
247	456	191	67	135
248	458	191	66	133
249	458	192	65	131
250	459	193	64	128
251	459	195	62	125
252	459	197	61	122
253	459	199	59	119
254	460	201	58	116
255	460	203	57	114
256	460	205	56	112
257	461	206	55	111
258	461	206	55	110
259	462	206	55	110
260	463	205	55	110
261	464	204	56	112
262	466	203	56	113
263	466	201	56	113
264	467	200	57	115
265	467	199	58	116
266	467	198	58	116
267	466	198	58	116
268	467	198	57	115
269	467	198	57	115
270	467	198	57	115
271	467	198	57	115
272	467	198	58	116
273	467	198	59	118
274	467	199	59	119
275	467	199	60	120
276	467	199	60	120
277	467	199	60	120
278	467	199	59	118
279	468	198	58	116
280	468	198	58	116
281	469	198	57	115
282	469	197	57	115
283	470	197	57	115
284	470	197	57	114
285	471	197	56	113
286	472	197	56	112
287	472	197	56	113
288	472	197	57	114
289	472	197	57	115
290	471	197	58	117
291	470	196	59	119
292	469	196	60	121
293	469	196	61	122
294	468	195	61	123
295	468	195	62	124
296	467	195	62	124
297	467	195	62	124
298	467	195	62	124
299	467	196	62	125
300	467	197	62	125
301	467	198	62	125
302	468	200	62	124
303	468	201	61	123
304	469	202	61	123
305	469	202	61	123
306	469	203	61	123
307	470	203	61	123
308	470	203	61	122
309	469	204	61	123
310	469	204	62	124
311	468	205	62	124
312	468	205	62	125
313	467	206	62	125
314	466	208	62	125
315	466	209	62	125
316	466	210	63	126
317	465	210	63	126
318	465	211	63	127
319	465	211	63	127
320	465	211	64	128
321	465	210	64	128
322	466	209	64	129
323	466	208	64	129
324	466	208	64	129
325	466	207	64	128
326	466	207	64	128
327	466	207	63	127
328	466	207	63	127
329	465	207	63	126
330	465	208	62	124
331	464	208	61	123
332	464	209	61	122
333	463	209	60	121
334	462	209	60	120
335	461	209	59	119
336	461	209	59	118
337	460	209	58	117
338	459	210	58	116
339	458	210	58	116
340	456	210	57	115
341	453	210	58	116
342	450	210	58	116
343	447	210	58	117
344	443	211	58	117
345	439	212	59	118
346	435	213	59	119
347	432	214	59	119
348	428	214	60	120
349	425	215	60	120
350	423	215	60	121
351	421	215	60	121
352	420	215	61	122
353	419	214	61	122
354	420	213	61	122
355	420	212	61	122
356	419	212	61	122
357	419	211	61	122
358	418	210	61	123
359	417	210	61	123
360	416	209	61	123
361	415	209	61	123
362	414	209	61	123
363	413	209	61	123
364	412	209	61	123
365	411	208	61	122
366	410	208	60	121
367	409	207	60	121
368	408	207	60	120
369	407	206	59	119
370	406	205	59	118
371	406	205	58	117
372	405	205	57	115
373	405	206	56	113
374	404	206	55	111
375	404	207	55	110
376	403	208	54	109
377	403	208	54	108
378	403	209	53	107
379	403	209	53	107
380	402	209	53	107
381	402	209	53	107
382	402	210	53	106
383	401	210	53	106
384	401	210	53	106
385	400	210	53	107
386	400	209	54	108
387	399	209	54	109
388	398	209	55	110
389	398	208	55	111
390	397	207	56	113
391	396	207	57	115
3D Trajetory (frame, x, z, height, pose)
186	2.53	7.03	1.98	4.00
187	2.48	6.89	1.94	4.00
188	2.48	6.89	1.94	4.00
189	2.09	5.92	1.95	2.00
190	2.06	5.85	1.96	2.00
191	2.05	5.80	1.98	2.00
192	2.03	5.72	1.98	2.00
193	2.01	5.71	1.98	2.00
194	2.00	5.71	1.98	2.00
195	2.09	6.08	1.97	2.00
196	2.14	6.30	1.97	2.00
197	2.16	6.40	1.97	4.00
198	2.15	6.42	1.97	4.00
199	2.15	6.43	1.96	4.00
200	2.16	6.49	1.96	4.00
201	2.17	6.54	1.97	4.00
202	2.18	6.58	1.97	4.00
203	2.20	6.64	1.97	4.00
204	2.13	6.52	1.97	4.00
205	2.08	6.40	1.97	4.00
206	2.04	6.31	1.97	4.00
207	2.05	6.33	1.97	4.00
208	2.06	6.37	1.97	4.00
209	2.07	6.39	1.97	4.00
210	2.06	6.36	1.97	2.00
211	2.05	6.32	1.96	2.00
212	2.07	6.44	1.97	3.00
213	2.06	6.42	1.97	3.00
214	2.05	6.43	1.97	4.00
215	2.04	6.44	1.97	4.00
216	2.03	6.45	1.97	4.00
217	2.01	6.39	1.97	4.00
218	1.99	6.34	1.96	4.00
219	1.98	6.29	1.96	4.00
220	1.97	6.27	1.97	4.00
221	1.98	6.26	1.97	4.00
222	1.98	6.25	1.97	2.00
223	1.98	6.25	1.97	2.00
224	1.98	6.25	1.98	2.00
225	1.98	6.27	1.98	2.00
226	1.99	6.30	1.98	4.00
227	1.99	6.29	1.98	4.00
228	1.99	6.28	1.98	4.00
229	1.99	6.27	1.98	4.00
230	1.99	6.26	1.98	4.00
231	1.99	6.25	1.98	1.00
232	1.98	6.23	1.98	1.00
233	1.98	6.21	1.98	1.00
234	2.00	6.23	1.98	1.00
235	2.01	6.16	1.97	1.00
236	2.04	6.13	1.98	1.00
237	2.06	6.13	1.98	1.00
238	2.08	6.13	1.97	1.00
239	2.10	6.12	1.97	1.00
240	2.12	6.12	1.97	1.00
241	2.14	6.12	1.97	1.00
242	2.16	6.11	1.97	1.00
243	2.18	6.11	1.97	1.00
244	2.20	6.11	1.97	1.00
245	2.22	6.10	1.97	1.00
246	2.24	6.10	1.97	1.00
247	2.26	6.10	1.97	1.00
248	2.27	6.09	1.97	1.00
249	2.29	6.09	1.97	1.00
250	2.31	6.09	1.97	1.00
251	2.33	6.08	1.97	1.00
252	2.43	6.13	1.97	1.00
253	2.51	6.26	1.97	4.00
254	2.57	6.31	1.97	4.00
255	2.62	6.37	1.97	4.00
256	2.66	6.42	1.97	4.00
257	2.72	6.49	1.97	4.00
258	2.78	6.54	1.97	2.00
259	2.83	6.58	1.97	2.00
260	2.87	6.59	1.97	2.00
261	2.90	6.61	1.97	2.00
262	2.93	6.63	1.97	2.00
263	2.96	6.68	1.97	2.00
264	2.99	6.71	1.97	2.00
265	3.01	6.75	1.98	2.00
266	3.04	6.80	1.98	2.00
267	3.05	6.81	1.98	2.00
268	3.08	6.86	1.98	2.00
269	3.08	6.85	1.98	2.00
270	3.10	6.86	1.98	2.00
271	3.11	6.87	1.98	2.00
272	3.12	6.88	1.98	2.00
273	3.15	6.95	1.98	2.00
274	3.16	6.98	1.98	2.00
275	3.16	6.97	1.98	2.00
276	3.16	6.97	1.98	2.00
277	3.15	6.95	1.98	2.00
278	3.13	6.92	1.98	2.00
279	3.12	6.90	1.98	2.00
280	3.10	6.87	1.98	2.00
281	3.13	6.92	1.98	2.00
282	3.15	6.97	1.98	1.00
283	3.17	6.99	1.98	4.00
284	3.20	7.04	1.99	4.00
285	3.22	7.08	1.99	4.00
286	3.24	7.12	1.99	4.00
287	3.23	7.11	1.99	4.00
288	3.22	7.09	1.99	2.00
289	3.22	7.08	1.99	2.00
290	3.21	7.07	1.99	2.00
291	3.22	7.09	1.99	2.00
292	3.24	7.11	1.99	2.00
293	3.23	7.10	1.99	4.00
294	3.21	7.07	1.99	4.00
295	3.19	7.05	1.99	4.00
296	3.18	7.02	1.99	4.00
297	3.16	6.98	1.99	4.00
298	3.14	6.95	1.99	4.00
299	3.11	6.90	1.99	4.00
300	3.10	6.88	1.99	4.00
301	3.09	6.86	2.00	4.00
302	3.08	6.84	2.00	4.00
303	3.07	6.82	2.00	4.00
304	3.06	6.81	2.00	4.00
305	3.05	6.79	2.00	4.00
306	3.06	6.77	2.00	2.00
307	3.04	6.74	2.00	2.00
308	3.06	6.75	2.00	2.00
309	3.04	6.73	2.00	2.00
310	3.03	6.71	2.00	2.00
311	3.01	6.69	2.00	2.00
312	3.00	6.67	2.00	2.00
313	3.00	6.66	2.00	2.00
314	2.98	6.63	2.00	2.00
315	2.96	6.59	2.00	2.00
316	2.94	6.56	2.00	2.00
317	2.91	6.51	1.99	2.00
318	2.90	6.49	1.99	2.00
319	2.89	6.48	1.99	2.00
320	2.88	6.46	1.99	2.00
321	2.86	6.43	1.99	2.00
322	2.86	6.39	1.99	2.00
323	2.83	6.36	1.99	2.00
324	2.82	6.33	1.99	3.00
325	2.81	6.31	1.99	3.00
326	2.80	6.29	1.99	3.00
327	2.80	6.29	1.99	3.00
328	2.80	6.29	1.99	3.00
329	2.79	6.28	1.99	3.00
330	2.77	6.28	1.99	3.00
331	2.75	6.28	1.99	3.00
332	2.73	6.28	1.99	3.00
333	2.71	6.28	1.99	3.00
334	2.69	6.28	1.99	3.00
335	2.67	6.28	1.99	3.00
336	2.65	6.28	1.99	3.00
337	2.63	6.28	1.99	3.00
338	2.61	6.28	1.99	3.00
339	2.59	6.28	1.99	3.00
340	2.57	6.28	1.99	3.00
341	2.55	6.28	1.99	3.00
342	2.53	6.28	1.99	3.00
343	2.51	6.28	1.99	3.00
344	2.49	6.27	1.99	3.00
345	2.41	6.30	1.99	4.00
346	2.36	6.32	1.99	4.00
347	2.33	6.35	1.99	4.00
348	2.30	6.38	1.99	3.00
349	2.25	6.39	1.99	3.00
350	2.21	6.38	1.99	3.00
351	2.18	6.38	1.99	3.00
352	2.15	6.38	1.99	3.00
353	2.14	6.41	1.99	4.00
354	2.13	6.44	1.99	4.00
355	2.09	6.42	1.99	4.00
356	2.08	6.43	1.99	4.00
357	2.08	6.44	1.99	4.00
358	2.05	6.43	1.99	2.00
359	2.03	6.42	1.99	2.00
360	2.01	6.40	1.99	2.00
361	2.00	6.43	1.99	4.00
362	1.99	6.46	1.99	4.00
363	1.97	6.46	1.99	4.00
364	1.95	6.46	1.99	4.00
365	1.94	6.44	1.99	4.00
366	1.92	6.45	1.99	4.00
367	1.92	6.46	1.99	4.00
368	1.91	6.47	1.99	4.00
369	1.90	6.48	1.99	4.00
370	1.88	6.50	1.99	4.00
371	1.86	6.52	1.99	4.00
372	1.86	6.56	1.99	4.00
373	1.85	6.59	1.99	4.00
374	1.85	6.63	1.99	4.00
375	1.85	6.69	1.99	4.00
376	1.85	6.74	1.99	4.00
377	1.84	6.75	1.99	4.00
378	1.83	6.75	1.99	4.00
379	1.82	6.76	1.99	4.00
380	1.81	6.76	1.99	4.00
381	1.81	6.77	1.99	4.00
382	1.80	6.78	1.99	4.00
383	1.79	6.78	1.99	4.00
384	1.78	6.79	1.99	4.00
385	1.77	6.79	1.99	4.00
386	1.76	6.80	1.99	4.00
387	1.75	6.80	1.99	4.00
388	1.74	6.81	1.99	4.00
389	1.73	6.82	1.99	4.00
390	1.72	6.82	1.99	4.00
391	1.74	6.78	1.99	4.00
Target 13 (frames from 197 to 269)
Bounding Boxes (frame, x, y, width, height)
197	262	199	66	132
198	263	198	62	124
199	265	198	59	118
200	266	198	56	113
201	267	198	54	108
202	267	197	52	104
203	268	197	50	101
204	268	197	49	98
205	269	197	48	97
206	269	196	48	96
207	269	196	48	96
208	268	195	48	96
209	269	195	49	99
210	268	194	50	101
211	267	194	52	104
212	266	195	53	107
213	265	195	55	111
214	264	196	57	114
215	262	196	58	116
216	261	197	59	118
217	259	197	59	119
218	258	197	60	121
219	256	197	61	123
220	255	198	62	124
221	253	198	62	124
222	252	198	62	124
223	251	199	62	125
224	249	200	63	126
225	248	200	64	128
226	246	199	65	130
227	244	199	65	131
228	243	198	66	133
229	242	197	67	134
230	241	197	67	135
231	240	196	67	135
232	239	196	67	135
233	240	196	66	133
234	240	197	65	131
235	240	197	64	129
236	240	198	63	126
237	239	199	62	124
238	239	200	60	121
239	238	201	60	120
240	237	201	59	118
241	235	202	59	118
242	233	202	60	120
243	230	201	61	122
244	228	200	61	123
245	225	199	62	125
246	223	198	64	128
247	221	197	64	129
248	218	196	65	130
249	217	195	65	130
250	215	195	64	129
251	214	195	63	126
252	213	195	62	124
253	212	196	61	122
254	211	196	59	119
255	210	196	58	117
256	209	196	58	117
257	207	195	58	117
258	205	194	59	119
259	204	193	60	121
260	202	191	61	123
261	201	191	62	124
262	201	191	62	124
263	200	191	62	125
264	200	191	62	125
265	199	191	63	126
266	199	191	63	127
267	199	191	63	127
268	200	192	64	128
269	200	192	64	128
3D Trajetory (frame, x, z, height, pose)
197	-0.49	6.65	2.04	2.00
198	-0.42	6.98	2.15	2.00
199	-0.29	6.57	2.12	2.00
200	-0.41	7.19	2.12	2.00
201	-0.48	7.46	2.11	2.00
202	-0.51	7.58	2.11	2.00
203	-0.56	8.17	2.12	2.00
204	-0.60	8.76	2.13	1.00
205	-0.63	9.30	2.14	1.00
206	-0.66	9.70	2.15	1.00
207	-0.65	9.69	2.16	2.00
208	-0.65	9.69	2.18	2.00
209	-0.64	9.66	2.19	2.00
210	-0.66	9.78	2.19	4.00
211	-0.68	9.87	2.20	4.00
212	-0.63	9.37	2.19	4.00
213	-0.60	8.91	2.18	4.00
214	-0.57	8.50	2.16	4.00
215	-0.52	7.88	2.13	2.00
216	-0.55	7.75	2.12	2.00
217	-0.56	7.68	2.12	2.00
218	-0.57	7.60	2.12	2.00
219	-0.58	7.53	2.12	2.00
220	-0.59	7.45	2.12	2.00
221	-0.61	7.38	2.12	2.00
222	-0.62	7.30	2.12	2.00
223	-0.63	7.23	2.12	2.00
224	-0.64	7.15	2.12	2.00
225	-0.65	7.08	2.12	2.00
226	-0.66	7.00	2.12	2.00
227	-0.67	6.93	2.11	2.00
228	-0.68	6.86	2.11	2.00
229	-0.69	6.78	2.11	2.00
230	-0.70	6.71	2.11	2.00
231	-0.71	6.63	2.11	2.00
232	-0.71	6.25	2.11	2.00
233	-0.72	6.18	2.12	1.00
234	-0.75	6.33	2.12	1.00
235	-0.76	6.26	2.12	1.00
236	-0.77	6.29	2.11	1.00
237	-0.78	6.32	2.11	1.00
238	-0.80	6.35	2.11	1.00
239	-0.82	6.38	2.11	1.00
240	-0.84	6.40	2.11	1.00
241	-0.86	6.43	2.11	1.00
242	-0.91	6.46	2.11	2.00
243	-0.96	6.48	2.11	2.00
244	-0.99	6.57	2.11	2.00
245	-1.00	6.51	2.11	2.00
246	-1.01	6.46	2.11	2.00
247	-1.03	6.43	2.11	1.00
248	-1.06	6.41	2.11	4.00
249	-1.08	6.39	2.11	4.00
250	-1.11	6.40	2.11	4.00
251	-1.13	6.40	2.11	4.00
252	-1.16	6.39	2.11	4.00
253	-1.19	6.38	2.11	4.00
254	-1.21	6.38	2.11	4.00
255	-1.27	6.47	2.11	4.00
256	-1.32	6.56	2.11	4.00
257	-1.34	6.57	2.11	4.00
258	-1.37	6.58	2.11	4.00
259	-1.39	6.61	2.11	4.00
260	-1.42	6.60	2.11	4.00
261	-1.44	6.59	2.11	4.00
262	-1.46	6.58	2.12	4.00
263	-1.48	6.57	2.12	4.00
264	-1.50	6.55	2.12	4.00
265	-1.51	6.54	2.13	4.00
266	-1.51	6.57	2.13	4.00
267	-1.52	6.58	2.13	4.00
268	-1.52	6.58	2.12	2.00
269	-1.54	6.62	2.12	2.00
Target 14 (frames from 203 to 230)
Bounding Boxes (frame, x, y, width, height)
203	479	201	58	116
204	478	202	58	116
205	478	202	58	116
206	478	203	57	115
207	478	204	57	115
208	478	204	57	115
209	478	205	57	115
210	478	206	57	115
211	477	206	57	115
212	477	207	57	115
213	477	207	58	116
214	477	209	58	116
215	477	209	58	116
216	477	210	58	116
217	477	211	58	116
218	477	212	58	116
219	477	213	58	116
220	477	214	57	115
221	477	215	57	115
222	477	215	58	116
223	476	215	58	117
224	476	215	59	118
225	475	214	59	119
226	475	214	60	121
227	474	213	61	123
228	474	212	62	125
229	473	211	63	127
230	472	210	65	130
3D Trajetory (frame, x, z, height, pose)
203	2.97	6.27	1.99	2.00
204	3.12	6.65	1.84	2.00
205	3.10	6.62	1.86	2.00
206	3.11	6.63	1.87	2.00
207	3.09	6.61	1.88	2.00
208	3.08	6.58	1.88	2.00
209	3.08	6.58	1.89	2.00
210	3.08	6.58	1.89	2.00
211	3.08	6.58	1.89	2.00
212	3.08	6.58	1.89	2.00
213	3.08	6.58	1.89	2.00
214	3.08	6.58	1.89	2.00
215	3.08	6.58	1.88	2.00
216	3.08	6.59	1.88	2.00
217	3.08	6.59	1.88	2.00
218	3.08	6.59	1.88	2.00
219	3.08	6.59	1.88	2.00
220	3.09	6.59	1.88	2.00
221	3.09	6.59	1.88	2.00
222	3.09	6.59	1.87	2.00
223	3.09	6.59	1.87	2.00
224	3.09	6.59	1.87	2.00
225	3.09	6.59	1.87	2.00
226	3.19	6.82	1.93	2.00
227	2.86	6.39	1.90	2.00
228	2.71	5.85	1.92	2.00
229	2.64	5.67	1.92	2.00
230	2.62	5.60	1.91	2.00
Target 15 (frames from 250 to 369)
Bounding Boxes (frame, x, y, width, height)
250	164	198	59	119
251	165	199	59	118
252	165	199	58	117
253	166	199	58	116
254	166	199	58	116
255	166	199	57	115
256	167	199	57	115
257	167	199	57	115
258	167	199	57	114
259	167	199	57	114
260	166	199	57	115
261	166	198	58	116
262	165	197	58	117
263	165	197	58	117
264	165	197	58	117
265	166	198	58	116
266	167	198	58	116
267	168	198	57	115
268	169	199	57	114
269	170	200	56	112
270	171	200	55	111
271	172	200	55	110
272	172	199	55	110
273	172	198	55	110
274	173	197	54	109
275	172	195	55	110
276	172	193	55	111
277	172	192	56	113
278	172	190	58	116
279	172	189	59	119
280	173	187	62	124
281	173	185	64	128
282	173	184	66	133
283	174	183	69	138
284	174	181	72	144
285	175	180	74	149
286	175	179	77	154
287	176	178	79	159
288	176	177	81	163
289	176	175	85	171
290	176	173	88	177
291	176	172	90	181
292	178	172	90	181
293	180	174	90	180
294	183	176	88	177
295	187	178	86	172
296	190	181	82	165
297	194	185	79	158
298	198	188	75	151
299	201	191	72	144
300	205	195	68	136
301	208	197	65	130
302	211	199	62	124
303	214	200	59	119
304	216	201	58	117
305	218	200	58	117
306	218	198	59	119
307	218	196	62	124
308	218	195	62	125
309	217	195	63	126
310	217	196	63	126
311	217	197	62	125
312	217	198	62	124
313	217	200	62	124
314	216	202	62	124
315	215	204	62	124
316	214	205	62	124
317	213	207	62	124
318	213	208	62	124
319	213	208	62	124
320	214	208	62	124
321	215	208	62	124
322	216	207	62	124
323	218	206	62	125
324	220	205	62	124
325	222	205	61	123
326	224	205	61	122
327	226	204	60	121
328	229	204	60	120
329	231	203	59	119
330	233	203	59	118
331	235	203	58	117
332	237	202	58	117
333	239	202	57	115
334	241	201	57	114
335	244	201	56	113
336	246	200	56	113
337	249	200	56	112
338	251	200	56	113
339	253	200	56	113
340	255	200	57	114
341	257	201	57	114
342	259	202	57	115
343	260	203	58	116
344	262	205	58	117
345	264	206	59	118
346	266	207	59	118
347	268	209	59	119
348	270	209	59	119
349	271	210	59	119
350	273	210	59	118
351	275	210	58	116
352	276	209	56	113
353	278	209	55	111
354	279	209	54	109
355	280	208	53	107
356	281	208	53	106
357	281	209	52	105
358	280	209	52	105
359	280	210	52	105
360	280	210	53	106
361	280	210	53	107
362	280	209	54	109
363	280	208	55	111
364	280	208	57	114
365	280	206	58	117
366	280	205	60	121
367	280	204	62	125
368	281	202	65	130
369	281	200	67	135
3D Trajetory (frame, x, z, height, pose)
250	-1.99	6.28	2.02	4.00
251	-2.28	7.15	2.13	4.00
252	-2.32	7.27	2.14	4.00
253	-2.38	7.49	2.13	4.00
254	-2.28	7.47	2.11	4.00
255	-2.24	7.46	2.09	4.00
256	-2.22	7.45	2.08	4.00
257	-2.23	7.51	2.09	4.00
258	-2.29	7.58	2.10	4.00
259	-2.30	7.53	2.09	4.00
260	-2.29	7.41	2.10	4.00
261	-2.28	7.32	2.10	4.00
262	-2.27	7.26	2.10	4.00
263	-2.26	7.20	2.10	4.00
264	-2.26	7.17	2.10	4.00
265	-2.25	7.14	2.10	4.00
266	-2.25	7.21	2.10	4.00
267	-2.23	7.22	2.09	4.00
268	-2.22	7.22	2.09	4.00
269	-2.20	7.24	2.09	4.00
270	-2.20	7.26	2.09	4.00
271	-2.22	7.35	2.09	4.00
272	-2.24	7.42	2.10	4.00
273	-2.24	7.46	2.10	4.00
274	-2.26	7.51	2.10	4.00
275	-2.27	7.56	2.11	4.00
276	-2.28	7.61	2.11	4.00
277	-2.28	7.62	2.11	4.00
278	-2.26	7.61	2.12	4.00
279	-2.24	7.57	2.12	4.00
280	-2.22	7.54	2.13	4.00
281	-2.17	7.47	2.12	4.00
282	-2.11	7.30	2.12	4.00
283	-2.00	6.99	2.12	4.00
284	-1.96	6.96	2.12	4.00
285	-1.93	6.92	2.12	4.00
286	-1.90	6.88	2.12	4.00
287	-1.86	6.85	2.11	4.00
288	-1.83	6.81	2.11	4.00
289	-1.79	6.77	2.11	4.00
290	-1.76	6.73	2.11	4.00
291	-1.73	6.70	2.11	4.00
292	-1.69	6.66	2.11	4.00
293	-1.66	6.62	2.11	4.00
294	-1.62	6.58	2.11	4.00
295	-1.59	6.55	2.11	4.00
296	-1.56	6.51	2.11	4.00
297	-1.52	6.47	2.11	2.00
298	-1.39	6.29	2.10	2.00
299	-1.35	6.27	2.09	2.00
300	-1.30	6.30	2.09	2.00
301	-1.27	6.32	2.09	2.00
302	-1.24	6.34	2.08	2.00
303	-1.23	6.37	2.08	2.00
304	-1.21	6.39	2.09	2.00
305	-1.20	6.41	2.09	2.00
306	-1.17	6.42	2.09	2.00
307	-1.15	6.46	2.09	2.00
308	-1.13	6.50	2.10	1.00
309	-1.10	6.51	2.10	1.00
310	-1.09	6.50	2.10	1.00
311	-1.08	6.50	2.10	1.00
312	-1.07	6.49	2.10	1.00
313	-1.06	6.49	2.10	1.00
314	-1.09	6.53	2.09	2.00
315	-1.10	6.53	2.09	2.00
316	-1.12	6.53	2.08	2.00
317	-1.12	6.51	2.08	2.00
318	-1.11	6.50	2.08	2.00
319	-1.10	6.49	2.08	2.00
320	-1.09	6.49	2.08	2.00
321	-1.08	6.48	2.08	1.00
322	-1.08	6.49	2.08	1.00
323	-1.06	6.49	2.08	1.00
324	-1.03	6.48	2.08	1.00
325	-1.01	6.48	2.08	1.00
326	-0.98	6.48	2.08	1.00
327	-0.96	6.48	2.08	1.00
328	-0.93	6.48	2.08	1.00
329	-0.91	6.48	2.08	1.00
330	-0.88	6.48	2.08	1.00
331	-0.86	6.48	2.08	1.00
332	-0.83	6.48	2.08	1.00
333	-0.81	6.48	2.08	1.00
334	-0.78	6.47	2.08	1.00
335	-0.76	6.47	2.08	1.00
336	-0.73	6.47	2.08	1.00
337	-0.71	6.47	2.08	1.00
338	-0.68	6.47	2.08	1.00
339	-0.65	6.47	2.09	1.00
340	-0.63	6.47	2.09	1.00
341	-0.60	6.47	2.09	1.00
342	-0.55	6.51	2.08	4.00
343	-0.50	6.55	2.08	4.00
344	-0.47	6.60	2.08	4.00
345	-0.46	6.65	2.08	4.00
346	-0.44	6.68	2.08	4.00
347	-0.42	6.73	2.08	4.00
348	-0.40	6.76	2.09	4.00
349	-0.35	6.79	2.09	4.00
350	-0.32	6.83	2.08	4.00
351	-0.29	6.87	2.08	4.00
352	-0.26	6.90	2.08	4.00
353	-0.23	6.94	2.08	4.00
354	-0.21	6.98	2.09	4.00
355	-0.19	7.05	2.09	4.00
356	-0.18	7.12	2.09	4.00
357	-0.17	7.19	2.09	4.00
358	-0.16	7.27	2.09	4.00
359	-0.16	7.34	2.09	4.00
360	-0.15	7.40	2.09	4.00
361	-0.15	7.41	2.09	4.00
362	-0.15	7.42	2.08	4.00
363	-0.14	7.42	2.08	4.00
364	-0.14	7.42	2.08	4.00
365	-0.12	7.39	2.08	4.00
366	-0.11	7.35	2.08	4.00
367	-0.10	7.32	2.08	4.00
368	-0.08	7.28	2.08	4.00
369	-0.08	7.24	2.08	4.00
Target 16 (frames from 341 to 356)
Bounding Boxes (frame, x, y, width, height)
341	111	204	62	124
342	108	205	62	124
343	105	206	61	123
344	102	207	61	123
345	100	208	61	122
346	99	208	61	122
347	97	209	61	122
348	97	209	61	122
349	97	208	61	123
350	97	208	61	122
351	97	208	61	122
352	98	207	61	122
353	99	207	60	121
354	100	207	60	120
355	102	206	59	119
356	104	206	59	118
3D Trajetory (frame, x, z, height, pose)
341	-2.77	6.42	2.08	1.00
342	-2.92	6.53	2.06	1.00
343	-3.07	6.63	2.04	1.00
344	-3.22	6.74	2.02	1.00
345	-3.25	6.77	2.02	1.00
346	-3.25	6.77	2.02	1.00
347	-3.37	7.01	2.04	1.00
348	-3.40	7.04	2.06	1.00
349	-3.24	6.81	2.06	1.00
350	-3.17	6.68	2.07	1.00
351	-3.13	6.61	2.08	1.00
352	-3.11	6.57	2.08	1.00
353	-3.19	6.71	2.08	1.00
354	-3.17	6.73	2.08	1.00
355	-3.25	6.86	2.08	1.00
356	-3.24	6.89	2.08	1.00
