Total frames 351
Number of Targets 16
Target 1 (frames from 1 to 221)
Bounding Boxes (frame, x, y, width, height)
1	339	344	60	121
2	340	343	61	123
3	341	342	62	125
4	343	341	63	127
5	344	340	64	129
6	346	339	65	131
7	348	338	66	133
8	349	337	67	134
9	351	337	67	135
10	353	336	68	136
11	356	336	68	136
12	359	335	68	136
13	362	335	68	136
14	364	334	68	137
15	367	334	68	137
16	369	333	69	138
17	371	333	69	139
18	373	332	70	140
19	375	332	70	141
20	377	332	71	142
21	378	332	71	143
22	378	332	72	144
23	378	332	72	145
24	377	332	72	145
25	376	332	73	146
26	373	333	73	147
27	370	333	74	148
28	366	332	74	149
29	360	331	75	151
30	354	330	76	152
31	347	329	77	154
32	340	327	78	156
33	332	326	79	158
34	324	324	79	159
35	316	323	80	161
36	309	321	81	162
37	302	320	81	163
38	296	319	82	165
39	290	318	83	167
40	284	318	84	168
41	280	318	84	169
42	275	318	85	170
43	271	318	85	171
44	267	318	85	171
45	263	318	85	171
46	259	318	85	171
47	256	318	85	171
48	252	317	85	170
49	249	317	84	168
50	246	317	83	167
51	243	317	82	165
52	240	317	81	163
53	238	316	81	162
54	235	316	80	161
55	232	315	80	160
56	229	315	80	160
57	225	314	80	160
58	222	313	80	161
59	218	313	81	163
60	214	312	82	164
61	212	311	83	167
62	209	310	84	169
63	207	309	85	171
64	205	308	87	174
65	203	307	88	176
66	202	306	89	179
67	201	305	91	182
68	200	304	92	185
69	200	303	94	189
70	199	301	96	192
71	198	300	97	195
72	196	298	99	198
73	194	297	101	202
74	192	295	103	206
75	189	293	104	209
76	186	291	106	212
77	183	289	108	216
78	179	288	109	219
79	175	287	111	222
80	170	288	112	225
81	165	288	114	228
82	160	289	115	231
83	155	290	117	234
84	151	290	118	237
85	146	291	119	239
86	142	292	120	241
87	139	292	121	242
88	135	292	121	243
89	132	292	122	244
90	130	290	122	245
91	127	289	122	245
92	125	286	122	245
93	124	284	122	244
94	122	282	121	242
95	119	280	120	240
96	117	279	118	237
97	114	279	117	235
98	112	279	116	232
99	109	279	115	230
100	106	280	114	228
101	104	282	113	227
102	102	283	113	226
103	100	285	112	225
104	99	287	113	226
105	98	289	114	228
106	97	291	115	230
107	97	292	116	233
108	96	292	118	237
109	96	292	120	241
110	96	292	122	245
111	95	292	124	248
112	94	291	125	251
113	93	290	126	253
114	92	290	127	255
115	91	290	128	256
116	89	290	128	256
117	88	290	127	255
118	87	291	127	254
119	88	293	126	252
120	89	295	124	249
121	90	296	123	247
122	91	298	123	246
123	92	299	122	245
124	92	301	122	245
125	93	301	123	246
126	94	300	123	247
127	95	299	124	248
128	95	298	124	249
129	96	297	125	250
130	96	295	125	251
131	97	294	126	252
132	97	292	126	253
133	97	290	127	254
134	97	288	127	255
135	98	287	128	256
136	99	286	128	257
137	100	286	129	259
138	100	285	131	263
139	99	285	134	269
140	98	285	137	275
141	97	284	140	281
142	97	284	143	287
143	98	283	145	291
144	99	282	147	295
145	102	281	148	297
146	105	280	149	299
147	110	280	149	299
148	115	279	149	299
149	122	279	148	297
150	129	279	147	295
151	137	278	145	291
152	146	279	143	286
153	155	279	141	282
154	163	280	139	278
155	171	280	138	276
156	178	280	137	274
157	184	280	136	273
158	190	279	136	272
159	197	279	136	272
160	203	279	136	272
161	209	279	136	273
162	215	279	137	275
163	221	279	138	276
164	228	280	139	278
165	235	282	139	279
166	242	285	140	280
167	250	288	139	279
168	259	290	139	278
169	268	292	138	276
170	276	293	137	274
171	284	294	135	271
172	292	294	134	269
173	299	293	133	266
174	306	292	131	263
175	312	290	130	261
176	318	288	129	258
177	324	287	128	256
178	329	286	127	255
179	333	285	126	253
180	337	285	126	252
181	341	286	125	251
182	344	287	125	251
183	348	289	125	251
184	353	291	125	250
185	358	293	124	249
186	362	296	124	248
187	367	298	123	247
188	372	299	123	246
189	377	300	122	245
190	383	301	122	244
191	388	301	121	243
192	394	301	121	242
193	399	301	121	242
194	403	300	121	242
195	407	300	121	243
196	411	299	122	244
197	413	298	123	246
198	416	298	124	248
199	418	298	125	251
200	421	298	126	253
201	425	298	127	255
202	429	299	127	255
203	434	300	127	255
204	439	301	127	254
205	445	302	126	252
206	450	303	124	249
207	456	305	123	247
208	462	306	122	244
209	468	308	121	242
210	473	310	119	239
211	478	312	118	237
212	483	314	117	234
213	487	315	116	232
214	490	317	115	230
215	493	318	114	228
216	496	320	113	226
217	498	321	112	225
218	499	323	111	223
219	501	324	110	221
220	502	326	110	220
221	502	327	109	218
3D Trajetory (frame, x, z, height, pose)
1	-4.42	7.86	1.82	2.00
2	-4.24	7.58	1.86	2.00
3	-4.06	7.30	1.90	2.00
4	-4.02	7.21	1.91	2.00
5	-3.98	7.12	1.92	1.00
6	-3.90	7.03	1.92	1.00
7	-3.82	6.94	1.92	2.00
8	-3.83	7.02	1.93	2.00
9	-3.83	7.11	1.94	2.00
10	-3.78	7.09	1.94	2.00
11	-3.74	7.07	1.94	2.00
12	-3.68	7.04	1.94	2.00
13	-3.62	7.01	1.93	2.00
14	-3.55	6.97	1.93	2.00
15	-3.48	6.92	1.93	2.00
16	-3.40	6.86	1.92	2.00
17	-3.31	6.80	1.92	2.00
18	-3.23	6.75	1.91	2.00
19	-3.15	6.71	1.91	2.00
20	-3.07	6.65	1.90	2.00
21	-2.99	6.58	1.90	2.00
22	-2.92	6.56	1.90	2.00
23	-2.86	6.53	1.90	1.00
24	-2.82	6.57	1.90	1.00
25	-2.77	6.62	1.90	1.00
26	-2.71	6.60	1.90	1.00
27	-2.64	6.59	1.90	1.00
28	-2.56	6.54	1.91	1.00
29	-2.48	6.50	1.91	2.00
30	-2.43	6.53	1.91	2.00
31	-2.38	6.56	1.91	2.00
32	-2.33	6.55	1.92	2.00
33	-2.28	6.55	1.92	1.00
34	-2.21	6.50	1.92	1.00
35	-2.14	6.45	1.92	2.00
36	-2.08	6.42	1.92	2.00
37	-2.02	6.39	1.92	2.00
38	-1.99	6.47	1.91	2.00
39	-1.96	6.55	1.91	2.00
40	-1.89	6.53	1.91	2.00
41	-1.83	6.51	1.91	2.00
42	-1.77	6.47	1.91	2.00
43	-1.71	6.42	1.92	2.00
44	-1.65	6.40	1.92	2.00
45	-1.59	6.38	1.92	2.00
46	-1.56	6.46	1.92	2.00
47	-1.54	6.55	1.92	1.00
48	-1.51	6.66	1.92	1.00
49	-1.48	6.77	1.91	2.00
50	-1.43	6.86	1.91	2.00
51	-1.38	6.95	1.91	2.00
52	-1.35	7.09	1.91	2.00
53	-1.33	7.23	1.91	2.00
54	-1.26	7.27	1.91	2.00
55	-1.19	7.31	1.91	2.00
56	-1.11	7.29	1.91	2.00
57	-1.03	7.26	1.91	2.00
58	-0.98	7.31	1.91	2.00
59	-0.93	7.35	1.91	2.00
60	-0.87	7.28	1.91	2.00
61	-0.81	7.21	1.91	3.00
62	-0.74	7.12	1.91	3.00
63	-0.68	7.03	1.91	4.00
64	-0.60	6.94	1.92	4.00
65	-0.52	6.85	1.92	4.00
66	-0.43	6.75	1.92	4.00
67	-0.35	6.65	1.92	2.00
68	-0.28	6.56	1.92	2.00
69	-0.20	6.46	1.92	2.00
70	-0.13	6.37	1.92	2.00
71	-0.06	6.28	1.93	2.00
72	0.01	6.17	1.93	2.00
73	0.09	6.05	1.93	2.00
74	0.14	5.97	1.93	2.00
75	0.20	5.89	1.93	2.00
76	0.26	5.79	1.93	2.00
77	0.31	5.70	1.93	2.00
78	0.37	5.63	1.93	2.00
79	0.43	5.55	1.93	2.00
80	0.48	5.49	1.93	2.00
81	0.53	5.43	1.93	2.00
82	0.59	5.42	1.93	2.00
83	0.65	5.40	1.92	2.00
84	0.71	5.35	1.92	2.00
85	0.78	5.29	1.92	1.00
86	0.84	5.23	1.92	1.00
87	0.91	5.17	1.92	1.00
88	0.97	5.14	1.92	1.00
89	1.03	5.11	1.92	1.00
90	1.08	5.14	1.93	1.00
91	1.13	5.18	1.93	1.00
92	1.19	5.20	1.93	1.00
93	1.26	5.23	1.93	1.00
94	1.31	5.23	1.93	1.00
95	1.36	5.24	1.93	1.00
96	1.43	5.29	1.93	1.00
97	1.49	5.34	1.93	2.00
98	1.57	5.40	1.93	2.00
99	1.64	5.45	1.93	2.00
100	1.73	5.57	1.93	2.00
101	1.81	5.68	1.92	2.00
102	1.87	5.68	1.92	2.00
103	1.93	5.69	1.93	2.00
104	1.95	5.64	1.93	2.00
105	1.97	5.59	1.93	3.00
106	1.99	5.49	1.93	3.00
107	2.00	5.39	1.93	3.00
108	1.99	5.27	1.93	3.00
109	1.99	5.16	1.93	3.00
110	1.98	5.07	1.93	3.00
111	1.98	4.98	1.93	3.00
112	1.98	4.90	1.93	3.00
113	1.99	4.82	1.93	1.00
114	2.03	4.80	1.93	1.00
115	2.08	4.78	1.93	1.00
116	2.12	4.77	1.93	1.00
117	2.15	4.77	1.93	1.00
118	2.21	4.79	1.93	1.00
119	2.27	4.82	1.93	3.00
120	2.32	4.84	1.92	3.00
121	2.36	4.87	1.92	3.00
122	2.41	4.89	1.92	3.00
123	2.46	4.91	1.92	3.00
124	2.50	4.92	1.92	3.00
125	2.54	4.93	1.92	2.00
126	2.54	4.87	1.92	2.00
127	2.54	4.81	1.92	3.00
128	2.50	4.69	1.92	3.00
129	2.46	4.57	1.92	1.00
130	2.50	4.53	1.92	1.00
131	2.54	4.49	1.92	1.00
132	2.59	4.50	1.92	1.00
133	2.65	4.51	1.92	1.00
134	2.70	4.49	1.92	1.00
135	2.74	4.48	1.92	1.00
136	2.75	4.42	1.92	1.00
137	2.76	4.37	1.92	3.00
138	2.73	4.26	1.93	3.00
139	2.70	4.15	1.93	3.00
140	2.70	4.08	1.93	3.00
141	2.69	4.02	1.93	3.00
142	2.63	3.85	1.93	3.00
143	2.57	3.69	1.94	1.00
144	2.53	3.55	1.94	1.00
145	2.49	3.41	1.94	1.00
146	2.58	3.42	1.93	1.00
147	2.67	3.43	1.93	1.00
148	2.74	3.43	1.93	1.00
149	2.81	3.43	1.93	1.00
150	2.84	3.40	1.93	1.00
151	2.87	3.36	1.93	1.00
152	2.88	3.30	1.93	1.00
153	2.89	3.24	1.93	1.00
154	2.95	3.23	1.93	1.00
155	3.01	3.22	1.92	1.00
156	3.08	3.20	1.92	1.00
157	3.14	3.18	1.92	1.00
158	3.20	3.15	1.92	1.00
159	3.25	3.12	1.92	1.00
160	3.24	3.03	1.92	1.00
161	3.22	2.94	1.92	3.00
162	3.21	2.85	1.92	3.00
163	3.20	2.76	1.93	3.00
164	3.20	2.69	1.93	3.00
165	3.19	2.62	1.93	3.00
166	3.18	2.53	1.93	3.00
167	3.16	2.44	1.93	3.00
168	3.23	2.39	1.93	3.00
169	3.29	2.35	1.93	3.00
170	3.36	2.32	1.93	3.00
171	3.43	2.30	1.93	1.00
172	3.49	2.24	1.93	1.00
173	3.56	2.18	1.93	1.00
174	3.60	2.13	1.93	1.00
175	3.64	2.08	1.93	4.00
176	3.64	2.01	1.93	4.00
177	3.65	1.95	1.93	3.00
178	3.70	1.89	1.93	3.00
179	3.76	1.83	1.93	1.00
180	3.80	1.77	1.92	1.00
181	3.84	1.72	1.92	3.00
182	3.89	1.67	1.92	3.00
183	3.94	1.63	1.92	3.00
184	3.95	1.58	1.92	3.00
185	3.96	1.53	1.92	3.00
186	3.96	1.46	1.93	3.00
187	3.95	1.38	1.93	3.00
188	3.93	1.30	1.93	3.00
189	3.92	1.22	1.93	3.00
190	4.01	1.18	1.93	3.00
191	4.10	1.14	1.93	3.00
192	4.16	1.08	1.93	3.00
193	4.21	1.02	1.93	3.00
194	4.17	0.95	1.93	3.00
195	4.13	0.88	1.93	3.00
196	4.09	0.81	1.92	3.00
197	4.04	0.74	1.92	3.00
198	3.99	0.67	1.92	3.00
199	3.93	0.60	1.92	1.00
200	3.91	0.55	1.92	1.00
201	3.88	0.50	1.92	3.00
202	3.86	0.44	1.92	3.00
203	3.84	0.38	1.92	3.00
204	3.84	0.33	1.92	3.00
205	3.84	0.28	1.92	3.00
206	3.94	0.20	1.92	3.00
207	4.04	0.12	1.92	1.00
208	4.08	0.06	1.92	1.00
209	4.12	-0.00	1.92	1.00
210	4.14	-0.06	1.92	1.00
211	4.15	-0.12	1.92	1.00
212	4.16	-0.18	1.92	1.00
213	4.16	-0.24	1.92	1.00
214	4.16	-0.30	1.92	1.00
215	4.16	-0.36	1.92	1.00
216	4.21	-0.43	1.92	1.00
217	4.27	-0.49	1.92	1.00
218	4.31	-0.56	1.92	1.00
219	4.35	-0.62	1.92	1.00
220	4.39	-0.68	1.92	1.00
221	4.43	-0.75	1.92	1.00
Target 2 (frames from 1 to 91)
Bounding Boxes (frame, x, y, width, height)
1	490	343	75	151
2	492	343	76	152
3	494	342	77	154
4	497	342	77	155
5	499	342	78	156
6	501	341	78	157
7	504	341	79	158
8	506	340	79	159
9	508	340	79	159
10	511	339	80	160
11	513	339	80	160
12	516	338	80	161
13	519	337	80	161
14	521	336	81	162
15	524	335	81	162
16	526	335	81	162
17	528	334	81	162
18	530	334	80	161
19	531	333	80	161
20	532	333	80	161
21	533	333	81	162
22	533	333	81	162
23	532	334	81	163
24	530	334	82	164
25	527	334	83	166
26	524	334	84	168
27	520	334	85	170
28	515	334	86	172
29	509	333	87	174
30	502	332	88	176
31	495	331	89	178
32	488	329	89	179
33	480	328	90	180
34	472	327	91	182
35	464	325	91	183
36	456	324	92	185
37	449	323	93	186
38	443	322	93	186
39	438	321	93	187
40	433	321	94	188
41	429	321	94	189
42	425	321	95	190
43	422	321	95	190
44	419	322	95	191
45	416	322	95	191
46	414	321	96	192
47	411	321	96	192
48	409	321	96	192
49	406	320	96	192
50	404	320	96	192
51	401	319	96	192
52	397	318	96	193
53	394	317	97	194
54	391	316	98	196
55	388	314	99	199
56	385	313	101	203
57	383	312	104	208
58	381	310	106	213
59	379	309	109	218
60	378	307	111	223
61	378	306	114	228
62	378	305	117	234
63	379	304	119	239
64	380	302	122	245
65	381	301	125	250
66	382	300	127	254
67	384	299	129	258
68	386	298	131	262
69	387	297	133	266
70	388	296	134	269
71	389	295	136	272
72	390	294	138	276
73	391	292	139	279
74	392	291	141	282
75	394	289	142	284
76	397	287	143	286
77	400	286	144	288
78	402	285	144	289
79	405	285	145	291
80	408	285	146	293
81	410	286	147	295
82	411	287	148	297
83	413	287	149	298
84	415	288	150	300
85	417	288	150	301
86	418	289	151	303
87	420	290	152	304
88	421	291	153	306
89	423	292	153	307
90	424	293	154	308
91	425	294	154	309
3D Trajetory (frame, x, z, height, pose)
1	-1.45	6.06	1.79	2.00
2	-1.38	5.84	1.79	2.00
3	-1.31	5.61	1.79	2.00
4	-1.29	5.63	1.79	2.00
5	-1.28	5.65	1.79	1.00
6	-1.26	5.67	1.79	1.00
7	-1.24	5.69	1.79	1.00
8	-1.21	5.70	1.80	1.00
9	-1.18	5.72	1.82	1.00
10	-1.16	5.68	1.82	1.00
11	-1.13	5.64	1.82	1.00
12	-1.09	5.62	1.82	1.00
13	-1.04	5.59	1.82	1.00
14	-0.99	5.57	1.82	1.00
15	-0.94	5.55	1.82	4.00
16	-0.90	5.52	1.82	4.00
17	-0.86	5.49	1.82	2.00
18	-0.85	5.59	1.82	2.00
19	-0.84	5.69	1.82	2.00
20	-0.80	5.69	1.82	2.00
21	-0.76	5.68	1.82	1.00
22	-0.73	5.66	1.82	1.00
23	-0.70	5.65	1.82	2.00
24	-0.66	5.57	1.82	2.00
25	-0.62	5.49	1.82	2.00
26	-0.57	5.43	1.82	2.00
27	-0.53	5.36	1.82	2.00
28	-0.49	5.31	1.82	2.00
29	-0.44	5.26	1.82	1.00
30	-0.43	5.19	1.83	1.00
31	-0.41	5.12	1.83	1.00
32	-0.38	5.17	1.82	1.00
33	-0.35	5.22	1.82	1.00
34	-0.33	5.18	1.82	1.00
35	-0.30	5.13	1.82	4.00
36	-0.28	5.13	1.82	4.00
37	-0.25	5.12	1.82	4.00
38	-0.23	5.09	1.82	4.00
39	-0.20	5.06	1.82	4.00
40	-0.17	5.02	1.82	4.00
41	-0.14	4.98	1.82	2.00
42	-0.10	5.02	1.82	2.00
43	-0.05	5.06	1.82	2.00
44	-0.01	5.06	1.82	2.00
45	0.04	5.06	1.82	1.00
46	0.08	5.05	1.82	1.00
47	0.12	5.04	1.82	1.00
48	0.16	5.02	1.82	1.00
49	0.20	5.00	1.82	1.00
50	0.25	4.99	1.82	1.00
51	0.29	4.98	1.82	1.00
52	0.33	4.98	1.82	1.00
53	0.36	4.98	1.82	1.00
54	0.40	4.97	1.82	1.00
55	0.44	4.97	1.82	1.00
56	0.49	4.90	1.82	1.00
57	0.54	4.84	1.82	1.00
58	0.56	4.66	1.82	1.00
59	0.58	4.48	1.83	1.00
60	0.63	4.34	1.83	1.00
61	0.67	4.20	1.83	1.00
62	0.71	4.05	1.83	1.00
63	0.74	3.89	1.83	1.00
64	0.81	3.88	1.83	1.00
65	0.87	3.88	1.82	1.00
66	0.91	3.79	1.82	1.00
67	0.95	3.71	1.82	1.00
68	0.98	3.62	1.82	1.00
69	1.01	3.53	1.82	1.00
70	1.03	3.44	1.82	1.00
71	1.06	3.35	1.82	1.00
72	1.10	3.29	1.82	1.00
73	1.14	3.24	1.82	2.00
74	1.18	3.18	1.82	2.00
75	1.22	3.13	1.82	2.00
76	1.28	3.10	1.82	2.00
77	1.33	3.07	1.82	2.00
78	1.38	3.04	1.83	2.00
79	1.43	3.01	1.83	2.00
80	1.48	2.93	1.83	2.00
81	1.53	2.84	1.83	3.00
82	1.58	2.78	1.82	3.00
83	1.63	2.73	1.82	3.00
84	1.67	2.69	1.82	3.00
85	1.70	2.64	1.82	3.00
86	1.73	2.55	1.82	3.00
87	1.75	2.46	1.82	1.00
88	1.82	2.49	1.82	1.00
89	1.89	2.52	1.83	1.00
90	1.91	2.43	1.82	1.00
91	1.94	2.34	1.82	1.00
Target 3 (frames from 1 to 117)
Bounding Boxes (frame, x, y, width, height)
1	545	341	75	150
2	550	341	76	153
3	555	341	78	156
4	560	341	79	159
5	565	340	81	162
6	570	340	82	164
7	575	340	83	167
8	580	339	84	169
9	586	339	86	172
10	591	338	87	174
11	597	337	88	176
12	603	336	89	178
13	610	335	90	180
14	616	334	91	182
15	622	333	92	184
16	628	332	93	186
17	633	332	93	187
18	639	331	94	188
19	643	331	94	189
20	648	331	94	189
21	652	331	94	189
22	656	331	95	190
23	659	332	95	190
24	661	332	95	191
25	663	332	96	192
26	663	332	97	194
27	663	333	97	194
28	662	333	97	195
29	661	332	97	195
30	659	331	97	195
31	658	330	98	196
32	657	329	98	196
33	657	328	98	197
34	657	326	99	199
35	658	324	100	201
36	659	323	101	202
37	661	321	102	204
38	663	320	103	207
39	666	320	104	209
40	669	319	105	210
41	672	319	106	212
42	675	319	107	214
43	678	319	108	216
44	681	320	109	218
45	683	320	110	220
46	686	319	111	222
47	688	319	112	224
48	690	319	113	226
49	692	318	114	228
50	695	317	115	230
51	697	317	116	232
52	699	316	117	234
53	701	315	118	236
54	703	314	118	237
55	706	313	119	238
56	709	313	119	239
57	713	312	120	240
58	718	312	120	240
59	724	312	120	241
60	729	311	121	242
61	736	311	122	245
62	742	311	124	248
63	749	310	126	252
64	756	310	128	256
65	763	309	130	260
66	769	308	132	264
67	776	308	134	268
68	781	307	135	271
69	787	306	137	275
70	792	306	139	278
71	797	304	140	281
72	801	303	142	284
73	806	302	143	286
74	811	301	144	289
75	815	299	145	291
76	821	298	146	292
77	826	297	147	294
78	831	296	147	295
79	836	296	148	297
80	841	297	149	298
81	844	298	149	299
82	845	299	150	300
83	847	300	150	301
84	849	301	151	303
85	851	303	152	305
86	853	303	153	307
87	856	304	155	310
88	859	304	156	312
89	862	303	157	315
90	867	301	159	318
91	871	299	160	321
92	877	297	162	324
93	882	294	163	326
94	888	291	164	328
95	894	289	165	330
96	900	287	165	331
97	906	286	166	332
98	911	286	166	332
99	916	286	166	333
100	921	286	167	334
101	927	287	167	335
102	934	288	167	335
103	941	290	167	335
104	948	292	167	335
105	956	295	167	334
106	964	297	166	333
107	973	299	166	333
108	981	300	166	332
109	987	301	166	332
110	993	302	165	331
111	998	302	165	331
112	1002	302	165	331
113	1006	303	165	330
114	1010	302	165	330
115	1013	302	164	329
116	1015	302	164	329
117	1017	301	164	328
3D Trajetory (frame, x, z, height, pose)
1	-0.78	6.17	1.85	2.00
2	-0.69	5.89	1.82	2.00
3	-0.60	5.61	1.79	2.00
4	-0.56	5.55	1.79	2.00
5	-0.52	5.49	1.80	2.00
6	-0.47	5.45	1.80	2.00
7	-0.41	5.42	1.80	1.00
8	-0.34	5.35	1.79	1.00
9	-0.27	5.28	1.78	1.00
10	-0.18	5.20	1.79	1.00
11	-0.10	5.12	1.80	1.00
12	-0.03	5.03	1.80	1.00
13	0.05	4.93	1.81	1.00
14	0.13	4.86	1.81	1.00
15	0.21	4.79	1.82	1.00
16	0.25	4.82	1.81	1.00
17	0.30	4.85	1.79	1.00
18	0.36	4.82	1.79	1.00
19	0.43	4.79	1.79	1.00
20	0.50	4.76	1.79	1.00
21	0.57	4.73	1.79	1.00
22	0.62	4.70	1.79	1.00
23	0.68	4.67	1.79	1.00
24	0.74	4.63	1.79	1.00
25	0.80	4.60	1.79	1.00
26	0.87	4.59	1.79	1.00
27	0.94	4.59	1.79	2.00
28	0.99	4.55	1.79	2.00
29	1.04	4.51	1.79	2.00
30	1.08	4.46	1.79	2.00
31	1.12	4.41	1.79	2.00
32	1.19	4.38	1.80	2.00
33	1.26	4.35	1.80	3.00
34	1.37	4.37	1.80	3.00
35	1.49	4.40	1.80	1.00
36	1.57	4.28	1.80	1.00
37	1.65	4.17	1.80	1.00
38	1.72	4.06	1.80	1.00
39	1.79	3.95	1.80	1.00
40	1.84	3.85	1.80	1.00
41	1.89	3.75	1.80	2.00
42	1.94	3.71	1.80	2.00
43	2.00	3.66	1.79	2.00
44	2.06	3.62	1.79	2.00
45	2.12	3.58	1.79	2.00
46	2.19	3.54	1.79	2.00
47	2.27	3.51	1.79	2.00
48	2.29	3.40	1.78	2.00
49	2.32	3.29	1.78	4.00
50	2.31	3.16	1.77	4.00
51	2.31	3.03	1.77	3.00
52	2.36	2.99	1.77	3.00
53	2.40	2.94	1.77	2.00
54	2.46	2.90	1.77	2.00
55	2.52	2.87	1.77	3.00
56	2.58	2.84	1.77	3.00
57	2.64	2.80	1.77	3.00
58	2.69	2.73	1.76	3.00
59	2.73	2.65	1.76	3.00
60	2.79	2.57	1.76	3.00
61	2.84	2.48	1.76	3.00
62	2.86	2.37	1.75	3.00
63	2.88	2.26	1.75	3.00
64	2.91	2.17	1.75	3.00
65	2.94	2.07	1.75	1.00
66	2.95	1.99	1.74	1.00
67	2.96	1.90	1.74	1.00
68	2.93	1.79	1.74	1.00
69	2.90	1.68	1.74	1.00
70	2.96	1.65	1.74	1.00
71	3.02	1.61	1.74	1.00
72	3.02	1.52	1.74	1.00
73	3.02	1.44	1.74	1.00
74	3.06	1.38	1.74	1.00
75	3.10	1.32	1.74	1.00
76	3.10	1.24	1.74	1.00
77	3.10	1.16	1.74	3.00
78	3.12	1.09	1.74	3.00
79	3.14	1.02	1.74	3.00
80	3.16	0.95	1.74	3.00
81	3.19	0.87	1.74	3.00
82	3.22	0.81	1.74	3.00
83	3.25	0.74	1.74	3.00
84	3.25	0.66	1.74	3.00
85	3.26	0.59	1.74	1.00
86	3.24	0.53	1.74	1.00
87	3.23	0.47	1.74	3.00
88	3.19	0.43	1.74	3.00
89	3.15	0.39	1.74	3.00
90	3.15	0.28	1.74	3.00
91	3.14	0.17	1.74	1.00
92	3.16	0.12	1.74	1.00
93	3.18	0.06	1.74	3.00
94	3.18	-0.02	1.73	3.00
95	3.19	-0.10	1.73	3.00
96	3.18	-0.15	1.73	3.00
97	3.17	-0.21	1.73	3.00
98	3.16	-0.26	1.73	3.00
99	3.16	-0.31	1.73	3.00
100	3.18	-0.38	1.73	3.00
101	3.21	-0.44	1.73	3.00
102	3.20	-0.51	1.73	3.00
103	3.19	-0.58	1.73	1.00
104	3.20	-0.65	1.73	1.00
105	3.22	-0.72	1.73	1.00
106	3.23	-0.79	1.73	1.00
107	3.24	-0.86	1.73	3.00
108	3.30	-0.90	1.73	3.00
109	3.36	-0.94	1.73	3.00
110	3.36	-0.99	1.73	3.00
111	3.36	-1.04	1.73	1.00
112	3.36	-1.09	1.73	1.00
113	3.37	-1.14	1.73	1.00
114	3.34	-1.17	1.73	1.00
115	3.31	-1.21	1.73	4.00
116	3.31	-1.23	1.73	4.00
117	3.30	-1.26	1.73	3.00
Target 4 (frames from 1 to 227)
Bounding Boxes (frame, x, y, width, height)
1	378	347	74	148
2	381	346	74	149
3	384	346	74	149
4	388	345	75	150
5	391	345	75	151
6	395	344	75	151
7	399	344	76	152
8	403	343	76	152
9	407	342	76	153
10	411	342	77	154
11	416	342	77	155
12	422	341	77	155
13	427	340	78	156
14	433	340	78	156
15	438	339	78	157
16	442	338	78	157
17	446	337	78	157
18	449	337	79	158
19	453	336	79	158
20	455	336	79	159
21	457	336	80	160
22	458	336	80	161
23	458	336	81	162
24	457	337	81	163
25	455	337	83	166
26	452	338	84	168
27	447	338	85	171
28	442	338	87	174
29	435	337	88	177
30	428	336	90	181
31	421	335	92	184
32	414	334	94	188
33	406	332	96	192
34	399	330	98	196
35	392	329	99	199
36	386	327	101	203
37	382	325	102	205
38	378	324	104	208
39	375	323	105	210
40	373	323	106	212
41	372	323	106	213
42	372	323	107	214
43	372	323	107	214
44	372	323	107	215
45	373	324	107	214
46	374	324	107	214
47	375	323	107	214
48	376	323	107	215
49	377	322	108	216
50	377	322	108	217
51	377	321	110	220
52	376	320	111	222
53	375	318	113	226
54	374	317	114	229
55	372	315	116	233
56	371	314	118	237
57	369	313	121	243
58	368	311	124	248
59	367	310	126	253
60	367	309	129	258
61	367	308	131	262
62	370	307	132	265
63	373	307	134	268
64	377	306	134	269
65	383	305	135	270
66	389	305	135	271
67	395	304	135	271
68	402	304	135	271
69	407	304	135	270
70	413	303	134	269
71	418	303	134	268
72	422	302	133	266
73	426	302	132	265
74	428	301	132	264
75	429	300	131	263
76	430	298	131	262
77	431	297	130	261
78	431	297	130	261
79	431	297	130	260
80	431	298	129	259
81	431	299	129	259
82	431	301	130	260
83	431	302	130	260
84	431	304	131	262
85	432	305	132	264
86	432	306	134	268
87	433	306	136	273
88	434	306	139	278
89	435	305	142	284
90	437	304	144	289
91	438	301	147	295
92	440	298	151	302
93	442	295	154	308
94	443	292	157	314
95	444	289	160	321
96	445	286	164	328
97	446	284	167	334
98	447	283	170	340
99	448	282	172	345
100	450	282	174	349
101	453	282	176	353
102	457	283	178	356
103	461	285	180	360
104	465	287	181	362
105	470	289	182	365
106	476	291	183	366
107	482	292	183	367
108	488	294	183	367
109	494	295	183	367
110	501	296	183	366
111	506	297	182	364
112	512	297	180	360
113	516	298	178	357
114	520	298	177	354
115	524	299	175	350
116	527	299	173	346
117	530	300	171	343
118	534	301	169	339
119	539	303	168	336
120	544	304	167	334
121	550	306	165	331
122	555	307	164	329
123	561	309	164	329
124	567	310	164	328
125	573	310	164	329
126	579	310	165	330
127	585	309	165	331
128	591	308	166	332
129	595	307	166	333
130	599	306	167	334
131	602	305	168	336
132	604	303	168	337
133	606	301	169	338
134	609	299	169	338
135	612	299	168	336
136	615	299	167	334
137	620	300	165	331
138	624	301	163	327
139	628	303	161	322
140	632	305	158	317
141	636	307	156	313
142	640	308	154	309
143	643	309	153	306
144	646	309	152	304
145	649	309	152	304
146	651	308	152	304
147	654	307	153	306
148	656	306	154	309
149	659	305	156	312
150	662	303	158	316
151	665	301	160	320
152	669	300	162	324
153	673	299	163	326
154	678	299	164	328
155	684	298	164	328
156	689	298	163	326
157	695	298	162	324
158	701	298	160	320
159	708	299	158	316
160	715	300	155	311
161	723	301	152	305
162	730	302	150	300
163	737	304	147	294
164	745	306	144	289
165	752	310	142	284
166	758	313	140	281
167	763	316	139	279
168	768	318	138	277
169	772	319	138	276
170	775	320	138	276
171	778	320	138	276
172	780	319	138	277
173	781	318	138	277
174	783	316	139	278
175	785	313	139	278
176	786	311	139	278
177	787	309	138	277
178	789	308	138	277
179	790	307	138	276
180	791	306	138	276
181	792	307	137	275
182	793	308	137	274
183	793	311	136	272
184	795	313	135	271
185	795	315	135	270
186	796	317	134	269
187	797	319	134	269
188	797	321	134	268
189	798	322	133	267
190	799	322	133	267
191	801	323	133	266
192	802	323	132	265
193	804	323	132	264
194	805	322	130	261
195	807	322	129	258
196	808	322	127	255
197	810	322	125	250
198	812	323	123	246
199	814	324	120	241
200	816	325	118	236
201	819	326	115	231
202	822	327	113	226
203	824	329	111	222
204	826	330	109	218
205	829	331	107	214
206	832	333	105	211
207	834	334	104	208
208	837	335	103	206
209	839	337	102	205
210	842	338	102	204
211	843	340	101	203
212	845	341	101	202
213	846	343	100	200
214	846	345	99	199
215	846	346	99	198
216	846	347	98	196
217	846	349	97	195
218	845	350	97	194
219	844	351	96	193
220	843	352	96	192
221	841	352	95	190
222	839	353	94	189
223	837	354	94	188
224	835	354	93	186
225	832	355	92	185
226	829	355	91	183
227	826	355	91	182
3D Trajetory (frame, x, z, height, pose)
1	-2.58	5.59	1.70	2.00
2	-2.64	5.77	1.74	2.00
3	-2.70	5.95	1.77	2.00
4	-2.68	5.92	1.78	2.00
5	-2.67	5.89	1.79	2.00
6	-2.65	5.87	1.80	2.00
7	-2.63	5.85	1.81	4.00
8	-2.51	5.77	1.80	4.00
9	-2.39	5.69	1.78	1.00
10	-2.31	5.71	1.78	1.00
11	-2.24	5.73	1.78	2.00
12	-2.17	5.72	1.77	2.00
13	-2.10	5.71	1.77	2.00
14	-2.01	5.61	1.78	2.00
15	-1.92	5.51	1.79	2.00
16	-1.89	5.60	1.79	2.00
17	-1.86	5.68	1.79	2.00
18	-1.79	5.64	1.79	2.00
19	-1.73	5.59	1.79	1.00
20	-1.67	5.63	1.80	1.00
21	-1.62	5.67	1.80	2.00
22	-1.56	5.63	1.80	2.00
23	-1.50	5.60	1.80	2.00
24	-1.43	5.51	1.79	2.00
25	-1.37	5.42	1.78	2.00
26	-1.30	5.32	1.77	2.00
27	-1.23	5.21	1.77	1.00
28	-1.19	5.11	1.76	1.00
29	-1.15	5.01	1.76	1.00
30	-1.12	4.99	1.76	1.00
31	-1.10	4.97	1.76	1.00
32	-1.03	4.86	1.76	1.00
33	-0.96	4.76	1.76	1.00
34	-0.91	4.72	1.76	1.00
35	-0.86	4.69	1.76	1.00
36	-0.79	4.62	1.76	1.00
37	-0.73	4.55	1.76	1.00
38	-0.67	4.48	1.76	1.00
39	-0.62	4.41	1.76	1.00
40	-0.57	4.43	1.76	1.00
41	-0.51	4.46	1.77	1.00
42	-0.46	4.46	1.77	1.00
43	-0.40	4.47	1.76	1.00
44	-0.33	4.47	1.76	1.00
45	-0.26	4.47	1.76	1.00
46	-0.20	4.42	1.76	1.00
47	-0.13	4.38	1.76	1.00
48	-0.06	4.39	1.76	1.00
49	0.02	4.40	1.75	1.00
50	0.07	4.37	1.75	1.00
51	0.11	4.35	1.75	1.00
52	0.17	4.30	1.75	1.00
53	0.23	4.25	1.75	1.00
54	0.27	4.15	1.76	1.00
55	0.32	4.04	1.76	2.00
56	0.36	3.96	1.76	2.00
57	0.40	3.88	1.76	2.00
58	0.43	3.80	1.76	2.00
59	0.46	3.73	1.76	2.00
60	0.52	3.67	1.76	2.00
61	0.57	3.61	1.76	1.00
62	0.61	3.54	1.76	1.00
63	0.66	3.47	1.76	1.00
64	0.70	3.40	1.76	1.00
65	0.74	3.32	1.76	1.00
66	0.84	3.32	1.76	1.00
67	0.94	3.32	1.77	1.00
68	1.02	3.30	1.77	1.00
69	1.10	3.29	1.77	1.00
70	1.16	3.25	1.77	1.00
71	1.23	3.21	1.77	1.00
72	1.29	3.22	1.77	1.00
73	1.35	3.22	1.77	1.00
74	1.37	3.17	1.76	1.00
75	1.40	3.11	1.76	1.00
76	1.47	3.15	1.77	1.00
77	1.55	3.18	1.77	1.00
78	1.60	3.16	1.77	1.00
79	1.65	3.13	1.77	1.00
80	1.69	3.10	1.77	1.00
81	1.73	3.07	1.77	1.00
82	1.77	3.04	1.77	1.00
83	1.82	3.02	1.77	1.00
84	1.86	2.95	1.76	1.00
85	1.91	2.89	1.76	1.00
86	1.93	2.80	1.76	1.00
87	1.96	2.71	1.75	1.00
88	1.97	2.62	1.75	1.00
89	1.98	2.52	1.75	1.00
90	1.98	2.43	1.75	1.00
91	1.98	2.35	1.75	1.00
92	1.94	2.22	1.74	1.00
93	1.90	2.09	1.74	1.00
94	1.91	2.03	1.74	1.00
95	1.92	1.96	1.74	1.00
96	1.96	1.93	1.74	1.00
97	1.99	1.90	1.75	1.00
98	1.95	1.80	1.75	1.00
99	1.91	1.71	1.75	1.00
100	1.92	1.65	1.74	1.00
101	1.93	1.60	1.74	1.00
102	1.92	1.54	1.74	1.00
103	1.91	1.48	1.74	3.00
104	1.95	1.43	1.74	3.00
105	1.98	1.39	1.74	2.00
106	2.00	1.35	1.74	2.00
107	2.02	1.30	1.74	1.00
108	2.04	1.26	1.74	1.00
109	2.06	1.23	1.74	1.00
110	2.07	1.20	1.74	1.00
111	2.09	1.18	1.74	1.00
112	2.09	1.13	1.74	1.00
113	2.10	1.08	1.74	1.00
114	2.16	1.07	1.74	1.00
115	2.22	1.05	1.74	3.00
116	2.29	1.05	1.74	3.00
117	2.36	1.04	1.74	3.00
118	2.41	1.03	1.74	3.00
119	2.45	1.02	1.74	3.00
120	2.43	0.97	1.74	3.00
121	2.42	0.93	1.74	1.00
122	2.43	0.89	1.74	1.00
123	2.45	0.84	1.73	1.00
124	2.48	0.80	1.73	1.00
125	2.51	0.76	1.73	4.00
126	2.53	0.71	1.73	4.00
127	2.55	0.65	1.73	3.00
128	2.56	0.63	1.73	3.00
129	2.58	0.60	1.73	1.00
130	2.57	0.56	1.73	1.00
131	2.55	0.51	1.73	1.00
132	2.52	0.47	1.73	1.00
133	2.49	0.43	1.73	1.00
134	2.50	0.40	1.73	1.00
135	2.52	0.37	1.73	1.00
136	2.53	0.35	1.73	1.00
137	2.55	0.33	1.73	1.00
138	2.63	0.30	1.73	1.00
139	2.70	0.28	1.72	3.00
140	2.75	0.24	1.72	3.00
141	2.80	0.19	1.72	3.00
142	2.84	0.16	1.72	3.00
143	2.89	0.13	1.72	1.00
144	2.88	0.08	1.72	1.00
145	2.88	0.04	1.72	1.00
146	2.87	0.02	1.72	1.00
147	2.86	-0.01	1.72	2.00
148	2.83	-0.04	1.72	2.00
149	2.80	-0.07	1.72	3.00
150	2.77	-0.11	1.72	3.00
151	2.74	-0.15	1.72	1.00
152	2.73	-0.18	1.72	1.00
153	2.72	-0.22	1.72	1.00
154	2.69	-0.25	1.72	1.00
155	2.66	-0.29	1.72	1.00
156	2.65	-0.32	1.72	1.00
157	2.65	-0.36	1.72	1.00
158	2.72	-0.40	1.72	1.00
159	2.78	-0.44	1.72	3.00
160	2.85	-0.51	1.72	3.00
161	2.92	-0.58	1.71	3.00
162	2.98	-0.65	1.71	3.00
163	3.03	-0.72	1.71	3.00
164	3.06	-0.77	1.71	3.00
165	3.08	-0.83	1.71	1.00
166	3.12	-0.88	1.71	1.00
167	3.16	-0.93	1.71	1.00
168	3.17	-0.97	1.71	1.00
169	3.17	-1.01	1.71	1.00
170	3.18	-1.04	1.71	1.00
171	3.18	-1.08	1.71	1.00
172	3.17	-1.11	1.71	1.00
173	3.15	-1.14	1.71	1.00
174	3.13	-1.17	1.71	1.00
175	3.11	-1.20	1.71	1.00
176	3.09	-1.23	1.71	1.00
177	3.06	-1.27	1.71	1.00
178	3.06	-1.30	1.71	1.00
179	3.06	-1.34	1.71	1.00
180	3.09	-1.39	1.71	1.00
181	3.12	-1.45	1.71	1.00
182	3.11	-1.49	1.71	1.00
183	3.10	-1.52	1.71	1.00
184	3.09	-1.54	1.71	1.00
185	3.07	-1.56	1.71	1.00
186	3.07	-1.59	1.71	1.00
187	3.06	-1.62	1.71	1.00
188	3.07	-1.66	1.71	1.00
189	3.08	-1.70	1.71	1.00
190	3.08	-1.73	1.71	1.00
191	3.08	-1.76	1.71	1.00
192	3.04	-1.77	1.71	1.00
193	3.00	-1.79	1.71	1.00
194	3.08	-1.88	1.71	1.00
195	3.15	-1.97	1.71	1.00
196	3.11	-1.98	1.71	1.00
197	3.07	-1.99	1.70	1.00
198	3.12	-2.06	1.71	1.00
199	3.16	-2.13	1.71	1.00
200	3.30	-2.26	1.71	1.00
201	3.44	-2.39	1.71	1.00
202	3.47	-2.46	1.71	1.00
203	3.49	-2.54	1.71	1.00
204	3.51	-2.60	1.71	1.00
205	3.53	-2.67	1.70	1.00
206	3.54	-2.72	1.70	1.00
207	3.55	-2.77	1.70	1.00
208	3.57	-2.83	1.70	1.00
209	3.59	-2.90	1.70	1.00
210	3.59	-2.96	1.70	1.00
211	3.59	-3.02	1.70	1.00
212	3.57	-3.08	1.70	1.00
213	3.55	-3.13	1.70	1.00
214	3.55	-3.19	1.70	1.00
215	3.54	-3.25	1.70	1.00
216	3.53	-3.29	1.70	1.00
217	3.53	-3.33	1.69	1.00
218	3.53	-3.38	1.69	1.00
219	3.54	-3.44	1.69	1.00
220	3.51	-3.47	1.70	1.00
221	3.48	-3.51	1.70	1.00
222	3.47	-3.55	1.70	1.00
223	3.45	-3.60	1.70	1.00
224	3.46	-3.65	1.70	1.00
225	3.46	-3.70	1.70	2.00
226	3.47	-3.76	1.70	2.00
227	3.48	-3.81	1.70	2.00
Target 5 (frames from 5 to 83)
Bounding Boxes (frame, x, y, width, height)
5	297	354	56	113
6	298	352	58	116
7	299	351	59	119
8	300	349	61	122
9	301	348	62	125
10	301	347	63	127
11	302	346	64	129
12	303	345	65	131
13	303	344	66	133
14	304	343	67	134
15	305	342	68	136
16	306	341	68	137
17	307	341	69	138
18	307	340	69	138
19	308	340	69	139
20	307	340	69	139
21	307	340	70	140
22	305	340	70	140
23	303	341	70	141
24	299	341	71	142
25	295	341	71	142
26	290	342	71	143
27	283	342	72	144
28	276	342	73	146
29	268	341	73	147
30	259	340	74	148
31	250	339	74	149
32	240	338	75	151
33	230	336	76	153
34	220	335	77	154
35	211	333	78	156
36	202	332	79	158
37	194	331	80	160
38	186	330	81	162
39	179	329	82	164
40	173	329	83	166
41	167	329	83	167
42	162	329	84	169
43	157	329	85	170
44	152	329	86	172
45	147	329	86	173
46	142	329	87	174
47	138	328	87	175
48	133	328	88	177
49	128	327	89	178
50	123	326	89	179
51	118	326	90	180
52	113	325	90	181
53	109	324	91	182
54	104	323	91	183
55	100	322	92	184
56	96	321	92	184
57	92	321	92	185
58	88	320	93	186
59	84	320	93	186
60	80	319	93	186
61	77	319	93	187
62	74	319	93	187
63	71	318	93	187
64	68	318	94	188
65	65	317	94	189
66	62	317	94	189
67	59	316	95	190
68	57	316	95	190
69	54	316	95	191
70	51	315	96	192
71	48	314	96	193
72	44	313	97	194
73	41	312	98	196
74	37	311	98	197
75	33	310	99	199
76	29	310	100	201
77	24	309	101	202
78	20	308	102	204
79	15	307	103	206
80	10	306	104	208
81	5	305	105	210
82	0	304	106	213
83	-6	303	107	215
3D Trajetory (frame, x, z, height, pose)
5	-4.88	7.43	1.74	2.00
6	-4.79	7.31	1.74	2.00
7	-4.71	7.18	1.74	4.00
8	-4.63	7.09	1.75	4.00
9	-4.54	6.99	1.75	4.00
10	-4.46	6.89	1.77	4.00
11	-4.37	6.78	1.79	4.00
12	-4.28	6.66	1.79	4.00
13	-4.19	6.54	1.79	1.00
14	-4.14	6.50	1.80	1.00
15	-4.09	6.46	1.80	1.00
16	-4.01	6.41	1.79	1.00
17	-3.93	6.36	1.78	2.00
18	-3.91	6.40	1.79	2.00
19	-3.90	6.44	1.79	2.00
20	-3.86	6.41	1.78	2.00
21	-3.81	6.38	1.78	2.00
22	-3.76	6.35	1.77	2.00
23	-3.71	6.32	1.77	1.00
24	-3.67	6.30	1.77	1.00
25	-3.63	6.28	1.77	1.00
26	-3.60	6.28	1.77	1.00
27	-3.57	6.29	1.78	1.00
28	-3.53	6.30	1.78	1.00
29	-3.49	6.32	1.78	1.00
30	-3.49	6.40	1.78	1.00
31	-3.49	6.47	1.78	1.00
32	-3.43	6.46	1.78	1.00
33	-3.37	6.44	1.78	1.00
34	-3.32	6.44	1.78	1.00
35	-3.26	6.44	1.78	2.00
36	-3.17	6.41	1.77	2.00
37	-3.08	6.38	1.77	2.00
38	-3.02	6.37	1.77	2.00
39	-2.96	6.37	1.77	2.00
40	-2.91	6.37	1.77	2.00
41	-2.85	6.38	1.77	2.00
42	-2.77	6.35	1.77	2.00
43	-2.69	6.33	1.77	2.00
44	-2.64	6.32	1.76	2.00
45	-2.59	6.31	1.76	2.00
46	-2.53	6.31	1.76	2.00
47	-2.47	6.32	1.76	1.00
48	-2.42	6.34	1.76	1.00
49	-2.37	6.37	1.76	1.00
50	-2.31	6.37	1.76	1.00
51	-2.25	6.37	1.76	1.00
52	-2.19	6.37	1.76	1.00
53	-2.13	6.36	1.76	1.00
54	-2.07	6.36	1.76	1.00
55	-2.01	6.35	1.76	1.00
56	-1.97	6.41	1.76	1.00
57	-1.93	6.47	1.76	1.00
58	-1.87	6.50	1.76	1.00
59	-1.81	6.53	1.76	1.00
60	-1.75	6.55	1.76	1.00
61	-1.70	6.57	1.76	1.00
62	-1.64	6.57	1.76	1.00
63	-1.59	6.58	1.76	2.00
64	-1.54	6.60	1.76	2.00
65	-1.48	6.61	1.76	2.00
66	-1.43	6.62	1.76	2.00
67	-1.38	6.63	1.76	2.00
68	-1.32	6.63	1.76	2.00
69	-1.26	6.62	1.76	1.00
70	-1.20	6.62	1.76	1.00
71	-1.14	6.63	1.76	1.00
72	-1.08	6.65	1.76	1.00
73	-1.03	6.68	1.76	1.00
74	-0.95	6.61	1.76	1.00
75	-0.87	6.55	1.76	1.00
76	-0.80	6.50	1.76	1.00
77	-0.72	6.45	1.76	2.00
78	-0.65	6.42	1.76	2.00
79	-0.58	6.39	1.76	2.00
80	-0.51	6.37	1.76	2.00
81	-0.44	6.35	1.76	1.00
82	-0.38	6.37	1.76	1.00
83	-0.32	6.38	1.76	1.00
Target 6 (frames from 19 to 87)
Bounding Boxes (frame, x, y, width, height)
19	631	345	72	145
20	633	346	72	145
21	634	346	72	145
22	634	347	72	145
23	634	347	72	145
24	633	347	72	145
25	631	348	72	145
26	629	347	73	146
27	627	347	73	146
28	624	347	73	147
29	619	347	73	147
30	614	346	74	148
31	609	345	74	149
32	603	345	75	151
33	597	344	76	152
34	591	343	76	153
35	585	342	77	154
36	580	341	77	155
37	575	341	78	156
38	570	341	78	156
39	566	341	78	157
40	563	341	79	158
41	560	342	79	159
42	558	342	80	160
43	556	343	80	161
44	554	343	81	162
45	551	343	82	164
46	549	343	83	166
47	548	343	83	167
48	546	342	84	169
49	544	342	85	170
50	542	341	86	172
51	540	340	86	173
52	538	340	87	174
53	536	339	87	175
54	534	337	88	177
55	532	337	89	178
56	531	336	89	179
57	530	335	90	180
58	529	335	90	181
59	528	334	90	181
60	528	334	91	182
61	527	334	91	182
62	527	334	91	183
63	527	333	92	184
64	527	333	92	185
65	527	332	93	186
66	528	332	93	187
67	528	331	94	188
68	529	331	94	189
69	530	331	94	189
70	530	330	95	190
71	531	329	95	191
72	531	329	96	193
73	531	328	97	194
74	531	327	97	195
75	531	325	98	196
76	531	324	98	197
77	531	323	99	198
78	531	322	99	199
79	529	322	100	200
80	528	323	100	201
81	525	324	101	202
82	523	325	101	203
83	520	327	102	204
84	516	329	102	205
85	513	331	102	205
86	509	333	103	206
87	504	336	103	207
3D Trajetory (frame, x, z, height, pose)
19	0.25	5.81	1.63	1.00
20	0.30	5.75	1.67	1.00
21	0.35	5.69	1.70	1.00
22	0.38	5.72	1.71	1.00
23	0.40	5.76	1.71	1.00
24	0.46	5.81	1.69	1.00
25	0.52	5.86	1.67	1.00
26	0.56	5.81	1.68	1.00
27	0.60	5.76	1.68	1.00
28	0.63	5.73	1.69	1.00
29	0.66	5.70	1.70	1.00
30	0.71	5.66	1.70	1.00
31	0.75	5.61	1.70	1.00
32	0.79	5.53	1.70	1.00
33	0.83	5.46	1.69	1.00
34	0.85	5.39	1.69	1.00
35	0.86	5.32	1.68	2.00
36	0.90	5.27	1.66	2.00
37	0.94	5.21	1.65	2.00
38	0.98	5.16	1.64	2.00
39	1.02	5.10	1.63	1.00
40	1.05	5.08	1.63	1.00
41	1.08	5.05	1.63	1.00
42	1.11	4.99	1.63	1.00
43	1.14	4.93	1.63	1.00
44	1.18	4.85	1.63	1.00
45	1.23	4.78	1.62	3.00
46	1.26	4.72	1.62	3.00
47	1.29	4.66	1.61	3.00
48	1.33	4.61	1.61	3.00
49	1.36	4.56	1.61	1.00
50	1.39	4.52	1.62	1.00
51	1.42	4.49	1.62	1.00
52	1.45	4.41	1.62	1.00
53	1.48	4.34	1.62	1.00
54	1.52	4.31	1.62	1.00
55	1.57	4.28	1.62	1.00
56	1.60	4.25	1.62	1.00
57	1.64	4.22	1.62	1.00
58	1.68	4.20	1.62	1.00
59	1.72	4.18	1.62	1.00
60	1.75	4.12	1.62	1.00
61	1.77	4.06	1.62	1.00
62	1.82	4.02	1.62	1.00
63	1.87	3.99	1.62	1.00
64	1.92	3.95	1.62	1.00
65	1.97	3.92	1.62	1.00
66	2.00	3.88	1.62	1.00
67	2.03	3.84	1.62	1.00
68	2.05	3.79	1.62	1.00
69	2.06	3.73	1.62	1.00
70	2.11	3.69	1.62	1.00
71	2.15	3.64	1.62	1.00
72	2.20	3.59	1.62	1.00
73	2.24	3.54	1.61	1.00
74	2.27	3.50	1.61	1.00
75	2.31	3.45	1.61	1.00
76	2.34	3.39	1.62	1.00
77	2.36	3.32	1.62	3.00
78	2.39	3.28	1.62	3.00
79	2.42	3.23	1.61	3.00
80	2.45	3.20	1.61	3.00
81	2.49	3.16	1.61	3.00
82	2.51	3.12	1.61	3.00
83	2.54	3.07	1.61	3.00
84	2.56	3.03	1.61	3.00
85	2.59	3.00	1.61	1.00
86	2.61	2.96	1.61	1.00
87	2.62	2.93	1.61	1.00
Target 7 (frames from 67 to 247)
Bounding Boxes (frame, x, y, width, height)
67	380	323	87	174
68	381	321	90	180
69	381	319	92	185
70	381	317	95	190
71	381	315	97	195
72	380	314	99	198
73	380	312	101	202
74	379	311	102	205
75	378	311	103	207
76	377	310	104	209
77	377	309	104	209
78	376	308	104	209
79	375	309	104	209
80	372	309	104	209
81	369	311	105	210
82	365	312	105	210
83	360	314	105	211
84	355	315	106	212
85	350	317	106	213
86	346	318	107	214
87	341	319	108	216
88	336	319	109	218
89	333	318	110	220
90	330	316	111	222
91	328	315	112	224
92	327	312	113	226
93	326	309	114	229
94	325	307	116	232
95	324	304	118	236
96	324	302	120	240
97	323	301	122	244
98	323	300	123	247
99	324	300	124	249
100	324	300	126	252
101	326	301	126	253
102	328	302	127	254
103	331	304	127	255
104	334	305	128	256
105	337	307	128	257
106	341	309	129	258
107	346	311	129	258
108	350	312	129	259
109	355	313	129	259
110	359	314	130	260
111	362	314	131	262
112	364	314	132	264
113	366	314	133	267
114	367	313	135	270
115	369	313	136	272
116	369	312	137	275
117	370	312	139	278
118	371	312	141	282
119	372	313	143	286
120	374	314	144	289
121	377	315	146	292
122	381	316	146	293
123	386	317	147	294
124	390	318	147	294
125	395	319	146	293
126	401	319	145	291
127	406	318	144	289
128	411	318	143	287
129	416	317	142	284
130	420	316	141	282
131	424	315	139	279
132	427	314	138	276
133	430	313	137	274
134	432	311	136	272
135	434	310	135	271
136	437	310	135	270
137	440	310	134	269
138	444	311	133	267
139	447	313	132	265
140	450	314	131	263
141	453	316	130	261
142	456	317	130	260
143	459	317	129	258
144	462	317	129	258
145	464	317	128	257
146	467	316	129	258
147	470	316	129	259
148	473	315	130	260
149	476	314	130	261
150	480	313	131	263
151	484	311	132	265
152	489	310	133	266
153	495	309	133	267
154	501	309	133	267
155	507	309	133	267
156	514	309	133	267
157	521	308	133	266
158	528	307	132	265
159	536	307	131	263
160	544	308	130	261
161	551	308	129	259
162	558	309	129	258
163	564	310	128	257
164	570	311	128	257
165	575	314	129	258
166	580	316	129	259
167	584	319	130	260
168	587	321	131	262
169	590	322	131	263
170	593	323	132	264
171	596	323	132	265
172	598	322	132	265
173	600	321	133	266
174	602	319	133	266
175	605	317	132	265
176	608	314	132	264
177	611	313	131	262
178	613	311	130	261
179	615	310	130	260
180	616	310	129	259
181	617	311	129	258
182	617	312	128	257
183	619	314	128	256
184	621	317	127	255
185	623	319	126	253
186	626	321	125	251
187	628	323	124	249
188	630	325	123	247
189	633	326	123	246
190	636	327	122	244
191	638	327	121	243
192	640	327	121	242
193	642	327	121	242
194	643	326	120	241
195	645	325	120	240
196	646	325	120	240
197	647	325	119	239
198	648	325	119	238
199	650	325	118	237
200	653	326	117	235
201	656	327	116	233
202	659	328	116	232
203	662	329	115	230
204	665	330	114	228
205	667	331	113	226
206	670	332	112	224
207	672	333	111	222
208	675	334	110	220
209	677	335	109	218
210	679	337	108	216
211	681	338	106	213
212	682	340	105	211
213	683	342	104	208
214	683	343	103	206
215	683	345	102	204
216	683	346	101	203
217	682	347	101	202
218	682	348	100	201
219	681	350	100	200
220	681	350	99	199
221	680	351	99	198
222	680	351	98	197
223	680	351	98	196
224	680	352	97	195
225	681	352	96	193
226	681	353	96	192
227	681	354	95	190
228	681	354	93	187
229	681	355	92	185
230	681	356	91	183
231	680	357	90	181
232	680	358	89	178
233	680	358	88	176
234	680	359	87	174
235	681	359	86	172
236	682	360	85	170
237	684	360	84	168
238	686	360	83	166
239	687	361	82	164
240	689	361	80	161
241	691	362	79	159
242	692	362	78	156
243	694	363	77	154
244	697	363	75	151
245	699	364	74	149
246	701	364	73	146
247	704	365	71	143
3D Trajetory (frame, x, z, height, pose)
67	1.21	5.60	1.77	4.00
68	1.19	5.27	1.76	4.00
69	1.16	4.94	1.75	4.00
70	1.17	4.74	1.74	4.00
71	1.18	4.54	1.72	4.00
72	1.20	4.44	1.72	4.00
73	1.23	4.34	1.72	4.00
74	1.29	4.29	1.73	4.00
75	1.35	4.23	1.73	4.00
76	1.42	4.24	1.74	4.00
77	1.49	4.25	1.74	4.00
78	1.55	4.25	1.74	4.00
79	1.61	4.25	1.74	4.00
80	1.66	4.23	1.73	4.00
81	1.72	4.20	1.73	3.00
82	1.73	4.15	1.72	3.00
83	1.74	4.10	1.72	2.00
84	1.77	4.06	1.72	2.00
85	1.79	4.03	1.72	3.00
86	1.82	4.00	1.72	3.00
87	1.85	3.97	1.72	1.00
88	1.89	3.94	1.72	1.00
89	1.93	3.91	1.72	1.00
90	1.97	3.89	1.72	1.00
91	2.00	3.88	1.72	4.00
92	2.04	3.83	1.72	4.00
93	2.07	3.78	1.72	4.00
94	2.02	3.60	1.71	4.00
95	1.97	3.41	1.71	3.00
96	2.03	3.40	1.71	3.00
97	2.10	3.39	1.71	3.00
98	2.10	3.30	1.71	3.00
99	2.10	3.20	1.71	3.00
100	2.11	3.13	1.71	3.00
101	2.12	3.05	1.71	1.00
102	2.14	2.98	1.71	1.00
103	2.16	2.91	1.71	1.00
104	2.26	2.96	1.71	1.00
105	2.35	3.01	1.72	3.00
106	2.35	2.90	1.71	3.00
107	2.34	2.80	1.71	2.00
108	2.35	2.75	1.71	2.00
109	2.36	2.69	1.71	3.00
110	2.37	2.62	1.71	3.00
111	2.37	2.55	1.71	1.00
112	2.41	2.53	1.71	1.00
113	2.45	2.51	1.71	1.00
114	2.43	2.45	1.71	1.00
115	2.42	2.39	1.71	3.00
116	2.42	2.33	1.71	3.00
117	2.42	2.27	1.71	3.00
118	2.40	2.21	1.71	3.00
119	2.39	2.14	1.71	3.00
120	2.38	2.08	1.71	3.00
121	2.36	2.02	1.71	1.00
122	2.38	1.98	1.71	1.00
123	2.40	1.95	1.71	1.00
124	2.38	1.89	1.71	1.00
125	2.37	1.83	1.71	1.00
126	2.44	1.83	1.71	1.00
127	2.52	1.84	1.71	1.00
128	2.59	1.82	1.71	1.00
129	2.66	1.80	1.71	1.00
130	2.66	1.76	1.71	1.00
131	2.65	1.72	1.71	2.00
132	2.72	1.70	1.71	2.00
133	2.78	1.68	1.71	3.00
134	2.78	1.66	1.71	3.00
135	2.77	1.64	1.71	1.00
136	2.82	1.62	1.71	1.00
137	2.86	1.59	1.71	1.00
138	2.91	1.58	1.71	1.00
139	2.95	1.56	1.71	1.00
140	2.97	1.53	1.71	1.00
141	2.98	1.49	1.71	1.00
142	3.01	1.45	1.71	1.00
143	3.04	1.40	1.71	1.00
144	3.11	1.36	1.71	1.00
145	3.17	1.31	1.71	1.00
146	3.16	1.29	1.71	1.00
147	3.14	1.27	1.71	1.00
148	3.13	1.22	1.71	1.00
149	3.12	1.18	1.71	1.00
150	3.09	1.13	1.71	1.00
151	3.06	1.07	1.71	1.00
152	3.06	1.01	1.71	1.00
153	3.06	0.94	1.71	4.00
154	3.05	0.89	1.71	4.00
155	3.05	0.84	1.71	4.00
156	3.08	0.80	1.71	4.00
157	3.11	0.76	1.70	3.00
158	3.17	0.71	1.70	3.00
159	3.22	0.66	1.70	3.00
160	3.22	0.60	1.70	3.00
161	3.21	0.53	1.70	1.00
162	3.23	0.47	1.70	1.00
163	3.24	0.41	1.70	1.00
164	3.30	0.34	1.71	1.00
165	3.35	0.27	1.71	1.00
166	3.33	0.23	1.70	1.00
167	3.31	0.19	1.70	1.00
168	3.26	0.18	1.70	1.00
169	3.20	0.16	1.70	1.00
170	3.17	0.14	1.70	1.00
171	3.14	0.11	1.70	1.00
172	3.15	0.05	1.70	1.00
173	3.17	-0.01	1.70	1.00
174	3.19	-0.05	1.70	1.00
175	3.21	-0.09	1.70	1.00
176	3.24	-0.15	1.70	1.00
177	3.27	-0.20	1.70	1.00
178	3.28	-0.23	1.70	1.00
179	3.29	-0.27	1.70	4.00
180	3.29	-0.30	1.70	4.00
181	3.28	-0.33	1.70	2.00
182	3.27	-0.36	1.70	2.00
183	3.26	-0.39	1.70	1.00
184	3.27	-0.42	1.70	1.00
185	3.27	-0.46	1.70	1.00
186	3.31	-0.51	1.70	1.00
187	3.35	-0.56	1.70	1.00
188	3.41	-0.62	1.70	1.00
189	3.46	-0.68	1.70	1.00
190	3.48	-0.73	1.70	1.00
191	3.49	-0.77	1.70	1.00
192	3.47	-0.79	1.70	1.00
193	3.45	-0.80	1.70	4.00
194	3.42	-0.83	1.70	4.00
195	3.40	-0.86	1.70	4.00
196	3.39	-0.90	1.70	4.00
197	3.38	-0.94	1.70	1.00
198	3.42	-0.99	1.70	1.00
199	3.46	-1.04	1.70	1.00
200	3.50	-1.10	1.70	1.00
201	3.55	-1.16	1.70	1.00
202	3.54	-1.20	1.70	1.00
203	3.54	-1.24	1.70	4.00
204	3.53	-1.29	1.70	4.00
205	3.53	-1.35	1.70	4.00
206	3.55	-1.38	1.70	4.00
207	3.56	-1.42	1.70	4.00
208	3.58	-1.47	1.70	4.00
209	3.60	-1.51	1.70	1.00
210	3.65	-1.57	1.70	1.00
211	3.70	-1.63	1.70	1.00
212	3.75	-1.70	1.70	1.00
213	3.81	-1.76	1.70	1.00
214	3.82	-1.82	1.70	1.00
215	3.84	-1.87	1.70	4.00
216	3.83	-1.91	1.70	4.00
217	3.82	-1.94	1.70	4.00
218	3.81	-1.98	1.70	4.00
219	3.81	-2.02	1.70	1.00
220	3.79	-2.06	1.70	1.00
221	3.78	-2.09	1.70	2.00
222	3.76	-2.13	1.70	2.00
223	3.75	-2.17	1.70	2.00
224	3.79	-2.25	1.70	2.00
225	3.83	-2.34	1.71	3.00
226	3.85	-2.43	1.71	3.00
227	3.87	-2.51	1.71	3.00
228	3.87	-2.58	1.71	3.00
229	3.86	-2.64	1.71	2.00
230	3.87	-2.70	1.71	2.00
231	3.88	-2.76	1.71	1.00
232	3.92	-2.83	1.71	1.00
233	3.96	-2.91	1.71	1.00
234	3.98	-2.98	1.71	1.00
235	4.00	-3.06	1.71	1.00
236	4.01	-3.14	1.71	1.00
237	4.03	-3.22	1.71	1.00
238	4.05	-3.33	1.71	1.00
239	4.08	-3.44	1.71	1.00
240	4.09	-3.51	1.71	1.00
241	4.10	-3.59	1.71	2.00
242	4.06	-3.61	1.71	2.00
243	4.02	-3.63	1.71	2.00
244	4.18	-3.87	1.70	2.00
245	4.35	-4.12	1.70	1.00
246	4.33	-4.15	1.70	1.00
247	4.31	-4.18	1.70	1.00
Target 8 (frames from 117 to 137)
Bounding Boxes (frame, x, y, width, height)
117	494	350	109	219
118	498	351	110	221
119	500	351	111	222
120	503	352	111	223
121	505	352	111	223
122	508	352	112	224
123	509	352	112	224
124	511	351	112	224
125	512	351	112	224
126	514	350	112	224
127	515	348	111	223
128	515	347	111	222
129	516	346	111	222
130	516	344	110	221
131	516	343	110	220
132	516	342	109	219
133	516	340	108	217
134	516	339	108	216
135	515	337	107	214
136	514	336	106	212
137	513	334	105	210
3D Trajetory (frame, x, z, height, pose)
117	2.91	1.76	1.47	3.00
118	2.90	1.72	1.47	3.00
119	2.88	1.68	1.47	1.00
120	2.93	1.65	1.49	1.00
121	2.98	1.62	1.50	1.00
122	3.02	1.60	1.51	1.00
123	3.07	1.58	1.52	1.00
124	3.08	1.57	1.53	1.00
125	3.09	1.56	1.53	1.00
126	3.08	1.53	1.54	1.00
127	3.06	1.51	1.54	1.00
128	3.09	1.49	1.54	1.00
129	3.11	1.47	1.54	1.00
130	3.20	1.48	1.54	1.00
131	3.28	1.49	1.55	1.00
132	3.30	1.48	1.55	1.00
133	3.31	1.47	1.55	1.00
134	3.33	1.45	1.55	1.00
135	3.35	1.43	1.55	1.00
136	3.38	1.41	1.55	1.00
137	3.41	1.38	1.55	1.00
Target 9 (frames from 119 to 209)
Bounding Boxes (frame, x, y, width, height)
119	1013	353	111	223
120	1015	349	115	231
121	1017	346	119	238
122	1018	343	122	244
123	1019	340	125	250
124	1020	338	127	255
125	1020	336	129	259
126	1020	334	131	263
127	1020	332	133	266
128	1020	330	134	269
129	1020	329	135	270
130	1019	329	135	271
131	1018	328	135	271
132	1017	327	135	271
133	1015	326	135	270
134	1013	324	134	269
135	1012	324	134	268
136	1011	324	133	267
137	1010	325	133	266
138	1008	326	132	264
139	1007	327	131	262
140	1004	329	129	259
141	1001	331	128	257
142	998	332	127	254
143	995	333	125	251
144	992	333	124	248
145	988	333	122	244
146	985	333	120	241
147	983	333	118	237
148	980	332	117	234
149	979	332	116	232
150	978	331	115	230
151	977	330	114	229
152	978	329	114	229
153	978	328	114	229
154	979	328	114	229
155	980	328	115	230
156	981	328	115	230
157	982	327	115	231
158	983	326	115	231
159	985	326	116	233
160	987	326	117	234
161	989	326	117	235
162	991	326	118	236
163	994	327	119	238
164	997	328	119	239
165	999	331	120	240
166	1000	334	120	241
167	1001	336	121	242
168	1001	338	121	243
169	1001	339	122	244
170	1000	340	122	244
171	997	340	121	243
172	995	340	120	241
173	992	339	119	239
174	989	337	118	236
175	985	335	116	233
176	982	333	114	229
177	980	331	112	225
178	977	330	110	221
179	976	329	108	216
180	974	328	106	212
181	973	329	104	208
182	972	331	102	205
183	972	333	101	202
184	972	335	99	199
185	972	337	98	197
186	971	339	97	195
187	971	341	96	193
188	970	343	96	192
189	969	344	95	190
190	968	345	94	188
191	967	345	93	186
192	965	345	92	184
193	964	345	91	182
194	962	344	89	179
195	960	343	88	176
196	958	343	86	173
197	957	343	85	171
198	955	343	84	168
199	954	343	83	166
200	954	344	82	164
201	953	344	81	162
202	953	345	80	161
203	953	346	79	159
204	954	347	79	158
205	954	348	78	157
206	955	349	78	157
207	956	350	78	156
208	958	352	78	156
209	959	353	78	156
3D Trajetory (frame, x, z, height, pose)
119	4.04	-1.54	1.45	3.00
120	4.01	-1.55	1.50	3.00
121	3.99	-1.57	1.54	3.00
122	3.96	-1.57	1.57	3.00
123	3.93	-1.57	1.60	4.00
124	3.89	-1.60	1.62	4.00
125	3.85	-1.62	1.63	2.00
126	3.81	-1.64	1.63	2.00
127	3.78	-1.65	1.64	2.00
128	3.73	-1.67	1.64	2.00
129	3.68	-1.69	1.63	2.00
130	3.64	-1.69	1.63	2.00
131	3.60	-1.70	1.62	2.00
132	3.60	-1.73	1.62	2.00
133	3.60	-1.75	1.62	3.00
134	3.61	-1.76	1.61	3.00
135	3.61	-1.76	1.61	1.00
136	3.60	-1.79	1.61	1.00
137	3.59	-1.81	1.61	1.00
138	3.59	-1.84	1.61	1.00
139	3.58	-1.86	1.61	1.00
140	3.59	-1.89	1.61	1.00
141	3.60	-1.91	1.60	1.00
142	3.61	-1.93	1.60	1.00
143	3.62	-1.95	1.60	1.00
144	3.68	-1.99	1.60	1.00
145	3.74	-2.02	1.59	1.00
146	3.75	-2.05	1.59	1.00
147	3.77	-2.07	1.59	1.00
148	3.80	-2.10	1.60	1.00
149	3.83	-2.12	1.60	1.00
150	3.84	-2.15	1.60	1.00
151	3.84	-2.19	1.60	3.00
152	3.85	-2.22	1.59	3.00
153	3.85	-2.25	1.59	3.00
154	3.83	-2.24	1.59	3.00
155	3.81	-2.23	1.59	3.00
156	3.79	-2.23	1.59	3.00
157	3.76	-2.24	1.59	3.00
158	3.73	-2.27	1.59	3.00
159	3.70	-2.29	1.59	1.00
160	3.69	-2.34	1.59	1.00
161	3.68	-2.38	1.59	3.00
162	3.65	-2.41	1.59	3.00
163	3.61	-2.43	1.59	3.00
164	3.57	-2.45	1.59	3.00
165	3.53	-2.46	1.59	1.00
166	3.52	-2.47	1.59	1.00
167	3.50	-2.48	1.59	1.00
168	3.49	-2.50	1.59	1.00
169	3.48	-2.51	1.59	1.00
170	3.46	-2.51	1.59	1.00
171	3.44	-2.52	1.59	1.00
172	3.42	-2.52	1.59	1.00
173	3.40	-2.52	1.59	3.00
174	3.44	-2.57	1.59	3.00
175	3.48	-2.63	1.59	2.00
176	3.53	-2.68	1.59	2.00
177	3.58	-2.73	1.59	4.00
178	3.63	-2.79	1.59	4.00
179	3.67	-2.85	1.59	3.00
180	3.72	-2.93	1.59	3.00
181	3.77	-3.00	1.59	1.00
182	3.81	-3.08	1.59	1.00
183	3.85	-3.16	1.59	1.00
184	3.86	-3.23	1.59	1.00
185	3.87	-3.29	1.59	1.00
186	3.87	-3.35	1.59	1.00
187	3.88	-3.40	1.59	1.00
188	3.88	-3.44	1.59	1.00
189	3.88	-3.47	1.59	1.00
190	3.91	-3.50	1.59	1.00
191	3.94	-3.54	1.59	1.00
192	3.95	-3.59	1.59	1.00
193	3.97	-3.64	1.59	1.00
194	3.98	-3.69	1.59	1.00
195	4.00	-3.75	1.59	1.00
196	4.10	-3.88	1.59	1.00
197	4.21	-4.02	1.59	2.00
198	4.22	-4.07	1.59	2.00
199	4.23	-4.12	1.59	2.00
200	4.24	-4.18	1.59	2.00
201	4.24	-4.24	1.59	2.00
202	4.24	-4.29	1.59	2.00
203	4.24	-4.33	1.59	1.00
204	4.24	-4.38	1.59	1.00
205	4.24	-4.43	1.59	1.00
206	4.24	-4.51	1.59	1.00
207	4.24	-4.58	1.59	1.00
208	4.22	-4.62	1.59	1.00
209	4.21	-4.67	1.59	1.00
Target 10 (frames from 165 to 277)
Bounding Boxes (frame, x, y, width, height)
165	-18	306	148	296
166	-12	309	147	295
167	-6	312	147	295
168	0	315	147	295
169	6	317	148	296
170	12	319	149	298
171	19	321	150	301
172	25	322	152	304
173	32	323	154	308
174	39	324	156	313
175	45	323	160	321
176	52	322	165	331
177	59	322	170	340
178	66	321	174	348
179	74	320	178	356
180	83	319	181	363
181	92	319	183	367
182	102	320	183	367
183	113	320	181	362
184	126	321	176	353
185	138	322	171	343
186	150	322	166	332
187	162	323	161	322
188	174	324	156	312
189	185	324	151	303
190	196	324	148	296
191	206	325	145	290
192	215	325	143	286
193	223	324	142	284
194	231	324	142	284
195	238	324	142	285
196	244	324	144	288
197	251	325	146	292
198	258	326	148	296
199	266	326	148	296
200	274	327	147	295
201	284	328	146	293
202	293	329	146	292
203	303	329	145	291
204	312	330	144	289
205	322	331	144	288
206	332	331	143	286
207	342	332	142	284
208	352	333	141	282
209	361	334	140	280
210	371	335	139	278
211	380	336	138	276
212	388	338	136	273
213	395	339	135	270
214	401	341	134	268
215	407	342	132	265
216	413	343	131	262
217	419	345	129	259
218	425	346	128	256
219	430	347	126	253
220	434	348	125	251
221	438	348	124	248
222	442	349	123	246
223	445	349	121	243
224	449	349	120	241
225	451	350	119	238
226	454	351	118	236
227	456	352	116	233
228	458	352	115	231
229	460	353	114	229
230	462	354	113	227
231	464	355	112	224
232	466	356	111	222
233	469	356	109	219
234	473	357	108	216
235	477	358	106	213
236	482	358	105	210
237	486	358	104	209
238	490	358	103	207
239	494	358	103	207
240	498	358	103	206
241	502	358	103	206
242	505	358	103	206
243	508	358	103	206
244	510	358	103	207
245	512	358	103	207
246	515	358	103	207
247	517	358	103	206
248	519	358	102	205
249	521	358	102	204
250	523	358	101	203
251	525	358	100	201
252	527	357	99	199
253	530	357	99	198
254	532	357	98	196
255	535	357	97	194
256	537	358	95	191
257	540	358	94	189
258	542	358	94	188
259	544	358	93	186
260	547	358	92	185
261	549	358	92	184
262	552	359	91	183
263	554	359	91	182
264	556	359	91	182
265	558	359	91	182
266	559	359	91	183
267	560	358	92	184
268	561	358	92	185
269	561	358	92	184
270	561	358	92	184
271	561	359	91	183
272	561	359	91	182
273	560	359	90	181
274	560	359	90	180
275	558	360	89	179
276	557	360	89	178
277	555	361	88	176
3D Trajetory (frame, x, z, height, pose)
165	2.50	3.53	1.72	1.00
166	2.52	3.51	1.72	1.00
167	2.55	3.49	1.72	1.00
168	2.65	3.57	1.72	1.00
169	2.76	3.65	1.72	1.00
170	2.69	3.47	1.70	1.00
171	2.62	3.28	1.68	3.00
172	2.63	3.21	1.68	3.00
173	2.65	3.14	1.67	3.00
174	2.54	2.93	1.65	3.00
175	2.44	2.72	1.62	3.00
176	2.34	2.50	1.60	3.00
177	2.25	2.29	1.59	1.00
178	2.23	2.19	1.59	1.00
179	2.21	2.09	1.59	1.00
180	2.20	2.03	1.59	1.00
181	2.20	1.97	1.59	1.00
182	2.22	1.91	1.60	1.00
183	2.24	1.84	1.61	1.00
184	2.31	1.81	1.61	1.00
185	2.38	1.78	1.62	1.00
186	2.43	1.73	1.62	1.00
187	2.47	1.68	1.63	1.00
188	2.90	1.90	1.67	1.00
189	3.33	2.13	1.71	1.00
190	3.36	2.07	1.71	1.00
191	3.39	2.01	1.70	1.00
192	3.22	1.84	1.69	1.00
193	3.04	1.68	1.68	1.00
194	3.02	1.59	1.67	1.00
195	3.00	1.50	1.66	1.00
196	2.99	1.42	1.66	1.00
197	2.98	1.35	1.65	3.00
198	2.98	1.28	1.65	3.00
199	2.98	1.21	1.65	3.00
200	3.03	1.16	1.65	3.00
201	3.07	1.11	1.65	3.00
202	3.08	1.05	1.65	3.00
203	3.08	1.00	1.65	4.00
204	3.07	0.91	1.65	4.00
205	3.07	0.83	1.65	4.00
206	3.07	0.76	1.66	4.00
207	3.08	0.69	1.66	4.00
208	3.10	0.63	1.66	4.00
209	3.11	0.56	1.66	3.00
210	3.17	0.49	1.66	3.00
211	3.22	0.43	1.67	4.00
212	3.25	0.37	1.67	4.00
213	3.28	0.31	1.67	1.00
214	3.29	0.25	1.67	1.00
215	3.30	0.19	1.67	1.00
216	3.32	0.12	1.67	1.00
217	3.35	0.05	1.67	1.00
218	3.37	-0.01	1.67	1.00
219	3.40	-0.07	1.67	1.00
220	3.42	-0.13	1.67	1.00
221	3.45	-0.19	1.67	1.00
222	3.55	-0.27	1.68	1.00
223	3.65	-0.35	1.68	4.00
224	3.64	-0.40	1.68	4.00
225	3.64	-0.45	1.68	4.00
226	3.62	-0.50	1.68	4.00
227	3.60	-0.54	1.68	2.00
228	3.62	-0.60	1.68	2.00
229	3.65	-0.66	1.68	1.00
230	3.72	-0.74	1.68	1.00
231	3.80	-0.82	1.68	1.00
232	3.81	-0.88	1.68	1.00
233	3.82	-0.94	1.68	4.00
234	3.85	-1.01	1.68	4.00
235	3.87	-1.08	1.68	2.00
236	3.90	-1.16	1.68	2.00
237	3.93	-1.25	1.68	1.00
238	3.92	-1.31	1.68	1.00
239	3.91	-1.37	1.68	1.00
240	3.90	-1.42	1.68	1.00
241	3.88	-1.48	1.68	1.00
242	3.86	-1.53	1.69	1.00
243	3.83	-1.58	1.69	1.00
244	3.78	-1.61	1.69	1.00
245	3.74	-1.64	1.69	4.00
246	3.73	-1.70	1.69	4.00
247	3.72	-1.76	1.69	2.00
248	3.71	-1.82	1.69	2.00
249	3.70	-1.88	1.69	4.00
250	3.71	-1.96	1.69	4.00
251	3.72	-2.04	1.69	3.00
252	3.72	-2.13	1.69	3.00
253	3.73	-2.21	1.70	4.00
254	3.74	-2.27	1.70	4.00
255	3.75	-2.34	1.70	4.00
256	3.74	-2.39	1.70	4.00
257	3.73	-2.45	1.70	1.00
258	3.73	-2.51	1.70	1.00
259	3.73	-2.57	1.70	1.00
260	3.74	-2.65	1.70	1.00
261	3.75	-2.73	1.70	1.00
262	3.77	-2.81	1.70	1.00
263	3.80	-2.90	1.70	1.00
264	3.71	-2.91	1.70	1.00
265	3.63	-2.92	1.70	2.00
266	3.59	-2.96	1.70	2.00
267	3.55	-2.99	1.70	2.00
268	3.51	-3.00	1.70	2.00
269	3.47	-3.01	1.71	1.00
270	3.43	-3.03	1.71	1.00
271	3.39	-3.04	1.71	1.00
272	3.37	-3.08	1.71	1.00
273	3.35	-3.11	1.71	3.00
274	3.43	-3.23	1.71	3.00
275	3.51	-3.34	1.71	2.00
276	3.53	-3.39	1.71	2.00
277	3.54	-3.45	1.71	4.00
Target 11 (frames from 199 to 261)
Bounding Boxes (frame, x, y, width, height)
199	611	356	85	170
200	615	357	84	168
201	618	357	83	166
202	622	358	82	164
203	625	358	81	163
204	628	359	81	162
205	631	360	80	161
206	633	361	80	160
207	636	361	80	160
208	638	362	79	159
209	641	363	80	160
210	643	364	80	160
211	645	365	80	161
212	647	366	81	162
213	648	367	82	164
214	649	368	82	165
215	649	368	83	166
216	649	369	83	167
217	649	370	84	169
218	649	371	85	170
219	649	371	85	170
220	649	372	85	171
221	649	372	85	171
222	648	372	85	170
223	648	373	84	169
224	647	373	84	168
225	647	374	83	167
226	646	374	83	166
227	645	375	82	164
228	645	375	81	163
229	644	376	81	162
230	643	377	80	161
231	642	377	79	159
232	641	377	79	158
233	641	378	78	157
234	641	378	78	157
235	642	378	78	156
236	644	378	77	154
237	645	378	76	153
238	647	378	76	152
239	648	378	75	150
240	650	378	74	148
241	652	378	73	146
242	653	378	72	144
243	653	378	71	143
244	654	378	70	141
245	654	378	69	139
246	653	379	68	136
247	652	379	67	134
248	651	379	66	132
249	650	379	65	130
250	649	379	64	129
251	648	378	63	127
252	647	378	63	126
253	647	378	62	124
254	646	378	61	123
255	646	378	61	122
256	646	378	60	121
257	646	378	60	120
258	647	378	59	119
259	647	378	59	119
260	648	378	59	118
261	648	378	59	118
3D Trajetory (frame, x, z, height, pose)
199	4.24	-0.80	1.48	1.00
200	4.29	-0.86	1.48	1.00
201	4.33	-0.91	1.47	1.00
202	4.38	-0.97	1.47	1.00
203	4.42	-1.04	1.47	1.00
204	4.44	-1.09	1.47	1.00
205	4.46	-1.15	1.47	1.00
206	4.44	-1.20	1.47	1.00
207	4.43	-1.25	1.48	2.00
208	4.41	-1.30	1.48	2.00
209	4.39	-1.35	1.48	2.00
210	4.39	-1.41	1.48	2.00
211	4.39	-1.47	1.48	1.00
212	4.36	-1.51	1.49	1.00
213	4.32	-1.55	1.50	1.00
214	4.29	-1.59	1.50	1.00
215	4.25	-1.63	1.50	1.00
216	4.21	-1.67	1.51	1.00
217	4.17	-1.71	1.51	1.00
218	4.09	-1.73	1.52	1.00
219	4.02	-1.75	1.52	1.00
220	4.04	-1.81	1.52	1.00
221	4.07	-1.87	1.52	1.00
222	4.04	-1.91	1.52	1.00
223	4.00	-1.94	1.52	1.00
224	4.05	-2.01	1.52	1.00
225	4.09	-2.09	1.52	2.00
226	4.09	-2.14	1.52	2.00
227	4.10	-2.19	1.52	2.00
228	4.12	-2.25	1.52	2.00
229	4.14	-2.31	1.52	1.00
230	4.12	-2.36	1.52	1.00
231	4.10	-2.41	1.52	1.00
232	4.09	-2.45	1.52	1.00
233	4.07	-2.49	1.52	1.00
234	4.12	-2.58	1.52	1.00
235	4.18	-2.68	1.53	1.00
236	4.17	-2.74	1.53	1.00
237	4.16	-2.80	1.53	1.00
238	4.15	-2.86	1.53	1.00
239	4.14	-2.92	1.53	1.00
240	4.16	-2.99	1.53	1.00
241	4.18	-3.06	1.53	1.00
242	4.25	-3.16	1.53	1.00
243	4.33	-3.25	1.53	1.00
244	4.34	-3.32	1.53	1.00
245	4.36	-3.39	1.53	3.00
246	4.40	-3.49	1.53	3.00
247	4.45	-3.59	1.53	2.00
248	4.47	-3.67	1.53	2.00
249	4.50	-3.75	1.53	1.00
250	4.54	-3.83	1.53	1.00
251	4.58	-3.92	1.53	1.00
252	4.61	-4.01	1.53	1.00
253	4.64	-4.09	1.53	1.00
254	4.62	-4.16	1.53	1.00
255	4.61	-4.24	1.53	2.00
256	4.61	-4.31	1.53	2.00
257	4.61	-4.39	1.53	2.00
258	4.59	-4.45	1.53	2.00
259	4.58	-4.52	1.53	1.00
260	4.58	-4.59	1.53	1.00
261	4.58	-4.66	1.53	1.00
Target 12 (frames from 231 to 323)
Bounding Boxes (frame, x, y, width, height)
231	902	356	65	131
232	900	355	66	132
233	898	355	66	133
234	897	354	67	134
235	895	354	67	134
236	893	354	67	135
237	891	354	67	135
238	889	354	67	135
239	887	354	67	135
240	885	354	67	135
241	884	354	67	134
242	882	355	66	133
243	880	355	66	132
244	878	355	65	131
245	876	355	65	131
246	873	356	65	130
247	871	356	64	129
248	868	356	64	128
249	865	356	63	127
250	862	356	63	126
251	859	356	63	126
252	856	356	62	125
253	854	356	62	124
254	852	356	61	123
255	850	356	61	122
256	849	356	60	121
257	848	356	60	120
258	846	356	60	120
259	845	356	59	119
260	845	356	59	118
261	844	357	58	117
262	843	357	58	117
263	843	357	58	116
264	842	357	57	115
265	841	358	57	114
266	839	358	56	112
267	837	358	55	111
268	835	359	55	110
269	833	359	54	109
270	832	359	53	107
271	830	360	53	106
272	828	361	52	105
273	827	361	52	104
274	825	362	51	103
275	824	362	51	102
276	823	363	50	101
277	822	363	50	100
278	821	364	50	100
279	819	364	49	99
280	817	364	49	99
281	815	365	49	98
282	813	365	49	98
283	810	365	48	97
284	808	365	48	96
285	805	365	48	96
286	802	364	47	95
287	800	364	47	95
288	798	364	47	94
289	796	363	47	94
290	795	363	46	93
291	793	363	46	93
292	793	363	46	92
293	792	364	46	92
294	792	364	45	91
295	792	364	45	91
296	792	365	45	91
297	792	365	45	90
298	792	365	45	90
299	792	365	45	90
300	793	365	45	90
301	793	365	45	90
302	793	364	45	90
303	794	364	44	89
304	794	364	44	89
305	794	363	44	89
306	794	362	44	89
307	793	362	44	89
308	792	361	44	89
309	791	361	44	89
310	789	360	44	89
311	787	360	44	89
312	786	360	44	89
313	784	360	44	89
314	782	359	44	88
315	780	359	44	89
316	778	359	44	89
317	776	359	44	89
318	774	359	44	89
319	772	359	44	89
320	770	359	44	89
321	768	359	44	89
322	766	359	44	89
323	763	359	45	90
3D Trajetory (frame, x, z, height, pose)
231	4.60	-6.94	1.85	3.00
232	4.50	-6.86	1.86	3.00
233	4.39	-6.79	1.86	4.00
234	4.28	-6.73	1.86	4.00
235	4.16	-6.67	1.86	1.00
236	4.11	-6.66	1.86	1.00
237	4.06	-6.64	1.86	4.00
238	4.06	-6.71	1.86	4.00
239	4.06	-6.77	1.87	2.00
240	4.06	-6.84	1.87	2.00
241	4.06	-6.90	1.87	2.00
242	4.04	-6.94	1.87	2.00
243	4.02	-6.97	1.87	1.00
244	3.99	-7.01	1.87	1.00
245	3.97	-7.05	1.87	4.00
246	3.93	-7.08	1.87	4.00
247	3.90	-7.11	1.87	2.00
248	3.87	-7.18	1.87	2.00
249	3.85	-7.24	1.87	2.00
250	3.83	-7.31	1.87	2.00
251	3.80	-7.38	1.87	1.00
252	3.78	-7.43	1.87	1.00
253	3.76	-7.49	1.87	1.00
254	3.73	-7.55	1.87	1.00
255	3.70	-7.62	1.87	1.00
256	3.68	-7.68	1.87	1.00
257	3.65	-7.74	1.87	1.00
258	3.62	-7.81	1.87	1.00
259	3.58	-7.88	1.87	1.00
260	3.56	-7.96	1.87	1.00
261	3.54	-8.04	1.87	1.00
262	3.50	-8.07	1.87	1.00
263	3.46	-8.10	1.87	1.00
264	3.46	-8.22	1.87	1.00
265	3.45	-8.33	1.87	1.00
266	3.44	-8.43	1.87	1.00
267	3.43	-8.52	1.87	2.00
268	3.44	-8.64	1.87	2.00
269	3.44	-8.77	1.87	4.00
270	3.43	-8.84	1.87	4.00
271	3.41	-8.92	1.87	4.00
272	3.39	-9.01	1.87	4.00
273	3.37	-9.11	1.87	1.00
274	3.34	-9.25	1.87	1.00
275	3.32	-9.40	1.87	1.00
276	3.29	-9.46	1.87	1.00
277	3.26	-9.52	1.87	1.00
278	3.20	-9.56	1.87	1.00
279	3.15	-9.60	1.87	1.00
280	3.13	-9.66	1.87	1.00
281	3.10	-9.71	1.87	1.00
282	3.07	-9.76	1.87	1.00
283	3.04	-9.81	1.87	1.00
284	3.02	-9.87	1.87	1.00
285	2.99	-9.92	1.87	1.00
286	2.97	-9.99	1.87	1.00
287	2.96	-10.05	1.87	1.00
288	2.94	-10.09	1.87	1.00
289	2.91	-10.13	1.87	4.00
290	2.89	-10.19	1.86	4.00
291	2.87	-10.24	1.86	4.00
292	2.84	-10.29	1.86	4.00
293	2.81	-10.33	1.86	4.00
294	2.78	-10.39	1.86	4.00
295	2.75	-10.46	1.86	1.00
296	2.72	-10.51	1.86	1.00
297	2.69	-10.56	1.86	1.00
298	2.64	-10.58	1.86	1.00
299	2.59	-10.60	1.86	1.00
300	2.54	-10.63	1.86	1.00
301	2.50	-10.67	1.86	4.00
302	2.48	-10.70	1.86	4.00
303	2.45	-10.73	1.87	2.00
304	2.42	-10.76	1.86	2.00
305	2.39	-10.78	1.86	1.00
306	2.35	-10.79	1.86	1.00
307	2.30	-10.81	1.86	1.00
308	2.27	-10.81	1.86	1.00
309	2.23	-10.81	1.86	4.00
310	2.20	-10.82	1.87	4.00
311	2.18	-10.82	1.87	4.00
312	2.13	-10.84	1.87	4.00
313	2.09	-10.85	1.87	4.00
314	2.05	-10.86	1.87	4.00
315	2.01	-10.87	1.87	4.00
316	1.97	-10.87	1.87	4.00
317	1.93	-10.87	1.87	1.00
318	1.88	-10.84	1.86	1.00
319	1.83	-10.80	1.86	1.00
320	1.79	-10.77	1.86	1.00
321	1.74	-10.73	1.86	1.00
322	1.68	-10.67	1.86	1.00
323	1.61	-10.62	1.86	4.00
Target 13 (frames from 249 to 343)
Bounding Boxes (frame, x, y, width, height)
249	797	354	72	145
250	794	353	73	146
251	791	352	74	148
252	789	352	74	149
253	787	351	74	149
254	785	351	75	150
255	783	350	75	150
256	781	350	75	151
257	780	350	75	151
258	779	350	75	150
259	779	350	74	149
260	779	350	74	148
261	778	351	73	147
262	778	351	73	146
263	778	351	72	145
264	778	351	72	144
265	777	352	71	143
266	776	352	71	142
267	775	352	70	140
268	774	353	69	139
269	772	353	68	137
270	770	354	68	136
271	769	354	67	135
272	767	355	66	133
273	765	355	66	132
274	763	356	65	131
275	761	356	65	130
276	760	357	64	129
277	758	358	64	128
278	757	358	63	127
279	755	359	63	126
280	753	359	62	125
281	751	359	62	124
282	749	360	61	123
283	747	360	61	123
284	745	360	61	122
285	743	360	60	121
286	741	359	60	120
287	740	359	59	119
288	739	359	59	119
289	737	359	59	118
290	737	358	58	117
291	736	358	58	116
292	736	359	57	115
293	736	359	57	115
294	736	359	57	114
295	737	360	56	113
296	738	360	56	113
297	738	360	56	112
298	739	360	56	112
299	739	361	55	111
300	740	361	55	111
301	741	360	55	110
302	741	360	54	109
303	742	360	54	109
304	742	360	54	108
305	742	359	53	107
306	742	359	53	107
307	741	358	53	106
308	740	358	52	105
309	739	358	52	105
310	737	357	52	104
311	735	357	52	104
312	733	357	52	104
313	731	356	52	104
314	728	356	51	103
315	726	356	51	103
316	723	355	51	103
317	721	355	51	103
318	719	355	51	103
319	717	356	51	102
320	716	356	51	102
321	714	357	51	102
322	713	357	51	102
323	712	357	50	101
324	711	357	50	101
325	710	358	50	101
326	708	358	50	100
327	705	358	50	100
328	703	358	50	100
329	700	358	49	99
330	697	358	49	99
331	694	357	49	99
332	691	357	49	98
333	688	357	49	98
334	685	356	49	98
335	682	355	49	98
336	680	354	48	97
337	678	353	48	97
338	676	352	48	97
339	675	350	49	98
340	673	349	49	98
341	672	347	49	98
342	671	346	49	98
343	670	344	49	99
3D Trajetory (frame, x, z, height, pose)
249	3.86	-5.80	1.82	2.00
250	3.72	-5.61	1.84	2.00
251	3.58	-5.41	1.85	2.00
252	3.56	-5.48	1.86	2.00
253	3.54	-5.55	1.87	1.00
254	3.51	-5.58	1.87	1.00
255	3.48	-5.61	1.87	2.00
256	3.44	-5.64	1.87	2.00
257	3.40	-5.66	1.87	2.00
258	3.38	-5.70	1.87	2.00
259	3.35	-5.73	1.87	1.00
260	3.31	-5.76	1.87	1.00
261	3.27	-5.79	1.86	1.00
262	3.26	-5.85	1.87	1.00
263	3.26	-5.92	1.88	4.00
264	3.26	-6.03	1.87	4.00
265	3.27	-6.15	1.87	4.00
266	3.25	-6.21	1.87	4.00
267	3.24	-6.27	1.87	2.00
268	3.24	-6.33	1.87	2.00
269	3.24	-6.39	1.87	2.00
270	3.22	-6.44	1.87	2.00
271	3.19	-6.49	1.87	4.00
272	3.21	-6.59	1.87	4.00
273	3.22	-6.69	1.87	1.00
274	3.22	-6.76	1.87	1.00
275	3.22	-6.83	1.87	2.00
276	3.20	-6.88	1.87	2.00
277	3.18	-6.93	1.87	2.00
278	3.17	-7.00	1.87	2.00
279	3.17	-7.06	1.87	2.00
280	3.14	-7.10	1.87	2.00
281	3.11	-7.14	1.87	2.00
282	3.10	-7.20	1.87	2.00
283	3.09	-7.26	1.87	1.00
284	3.08	-7.32	1.87	1.00
285	3.07	-7.37	1.87	1.00
286	3.03	-7.39	1.87	1.00
287	3.00	-7.41	1.87	1.00
288	2.97	-7.47	1.87	1.00
289	2.95	-7.52	1.87	4.00
290	2.98	-7.66	1.87	4.00
291	3.01	-7.79	1.87	2.00
292	2.98	-7.84	1.87	2.00
293	2.95	-7.89	1.87	2.00
294	2.91	-7.93	1.87	2.00
295	2.88	-7.96	1.87	1.00
296	2.85	-7.99	1.87	1.00
297	2.81	-8.02	1.86	1.00
298	2.79	-8.09	1.87	1.00
299	2.77	-8.16	1.87	2.00
300	2.75	-8.23	1.87	2.00
301	2.73	-8.30	1.87	2.00
302	2.70	-8.34	1.87	2.00
303	2.68	-8.38	1.87	1.00
304	2.68	-8.48	1.87	1.00
305	2.69	-8.57	1.87	1.00
306	2.68	-8.64	1.87	1.00
307	2.67	-8.70	1.87	1.00
308	2.66	-8.76	1.87	1.00
309	2.65	-8.81	1.87	1.00
310	2.62	-8.84	1.87	1.00
311	2.60	-8.88	1.87	4.00
312	2.58	-8.90	1.87	4.00
313	2.56	-8.92	1.87	2.00
314	2.54	-8.90	1.87	2.00
315	2.52	-8.88	1.87	2.00
316	2.50	-8.91	1.87	2.00
317	2.49	-8.93	1.87	4.00
318	2.45	-8.92	1.87	4.00
319	2.42	-8.91	1.87	1.00
320	2.38	-8.97	1.87	1.00
321	2.34	-9.03	1.87	3.00
322	2.32	-9.05	1.87	3.00
323	2.29	-9.07	1.87	2.00
324	2.27	-9.10	1.87	2.00
325	2.24	-9.12	1.86	2.00
326	2.23	-9.16	1.87	2.00
327	2.21	-9.19	1.87	1.00
328	2.18	-9.22	1.87	1.00
329	2.16	-9.26	1.87	2.00
330	2.14	-9.30	1.87	2.00
331	2.12	-9.35	1.87	2.00
332	2.10	-9.35	1.87	2.00
333	2.08	-9.36	1.87	2.00
334	2.06	-9.37	1.87	2.00
335	2.05	-9.39	1.87	2.00
336	2.03	-9.40	1.87	2.00
337	2.01	-9.42	1.87	4.00
338	1.98	-9.42	1.87	4.00
339	1.95	-9.43	1.87	4.00
340	1.91	-9.41	1.87	4.00
341	1.86	-9.39	1.87	1.00
342	1.82	-9.35	1.87	1.00
343	1.77	-9.31	1.87	2.00
Target 14 (frames from 267 to 345)
Bounding Boxes (frame, x, y, width, height)
267	711	360	55	110
268	707	359	56	113
269	704	358	57	115
270	701	357	58	117
271	698	356	60	120
272	696	356	61	122
273	694	355	62	124
274	691	354	63	126
275	689	354	64	128
276	688	353	65	130
277	686	353	66	133
278	685	353	67	135
279	684	353	68	137
280	683	353	69	138
281	682	353	70	140
282	681	353	70	141
283	680	352	71	143
284	679	352	72	144
285	678	351	72	145
286	677	351	72	145
287	677	350	72	145
288	677	350	72	145
289	677	349	72	145
290	677	349	72	144
291	678	349	71	142
292	678	349	70	141
293	679	350	69	139
294	680	350	68	137
295	681	351	67	135
296	682	351	67	134
297	683	352	66	132
298	684	352	65	131
299	685	352	65	130
300	685	352	64	129
301	686	352	64	128
302	687	352	63	127
303	688	352	63	126
304	688	352	63	126
305	688	351	62	125
306	688	351	62	124
307	688	351	61	123
308	687	350	61	122
309	686	350	60	121
310	685	350	59	119
311	684	350	59	118
312	683	350	58	117
313	681	350	58	117
314	680	350	58	116
315	678	349	58	116
316	676	349	57	115
317	674	349	57	115
318	673	349	57	115
319	672	349	57	115
320	671	349	57	115
321	670	350	57	115
322	669	350	57	115
323	668	350	58	116
324	667	350	58	116
325	665	350	58	116
326	664	350	58	116
327	662	350	58	116
328	659	350	58	116
329	657	350	58	116
330	654	350	58	116
331	651	350	58	117
332	649	349	58	117
333	646	348	58	117
334	644	348	58	117
335	642	347	58	116
336	640	346	58	116
337	639	345	58	116
338	639	344	57	115
339	639	343	57	114
340	639	342	57	114
341	639	341	56	113
342	640	340	56	112
343	641	339	55	111
344	643	338	55	110
345	645	336	54	109
3D Trajetory (frame, x, z, height, pose)
267	4.74	-6.74	1.85	1.00
268	4.74	-6.81	1.85	1.00
269	4.73	-6.88	1.84	1.00
270	4.65	-6.80	1.87	1.00
271	4.58	-6.72	1.89	4.00
272	4.48	-6.62	1.91	4.00
273	4.38	-6.51	1.93	4.00
274	4.26	-6.42	1.94	4.00
275	4.13	-6.34	1.95	1.00
276	4.05	-6.30	1.94	1.00
277	3.96	-6.26	1.93	1.00
278	3.86	-6.21	1.93	1.00
279	3.76	-6.17	1.93	4.00
280	3.65	-6.07	1.93	4.00
281	3.55	-5.97	1.93	4.00
282	3.46	-5.92	1.93	4.00
283	3.38	-5.87	1.93	1.00
284	3.33	-5.89	1.93	1.00
285	3.27	-5.91	1.93	1.00
286	3.22	-5.90	1.93	1.00
287	3.16	-5.90	1.93	1.00
288	3.12	-5.91	1.93	1.00
289	3.08	-5.92	1.93	1.00
290	3.09	-6.03	1.94	1.00
291	3.10	-6.15	1.94	1.00
292	3.08	-6.20	1.94	1.00
293	3.06	-6.25	1.94	1.00
294	3.09	-6.43	1.95	1.00
295	3.13	-6.60	1.95	2.00
296	3.15	-6.73	1.95	2.00
297	3.18	-6.87	1.96	4.00
298	3.16	-6.93	1.96	4.00
299	3.15	-6.98	1.96	4.00
300	3.14	-7.04	1.96	4.00
301	3.12	-7.09	1.96	4.00
302	3.09	-7.12	1.96	4.00
303	3.06	-7.16	1.96	4.00
304	3.05	-7.19	1.96	4.00
305	3.03	-7.22	1.96	4.00
306	3.03	-7.31	1.96	4.00
307	3.03	-7.40	1.96	2.00
308	3.06	-7.51	1.95	2.00
309	3.09	-7.62	1.95	1.00
310	3.10	-7.70	1.95	1.00
311	3.10	-7.78	1.95	1.00
312	3.09	-7.82	1.95	1.00
313	3.07	-7.86	1.96	1.00
314	3.05	-7.92	1.96	1.00
315	3.03	-7.97	1.96	1.00
316	2.98	-7.99	1.95	1.00
317	2.94	-8.01	1.95	1.00
318	2.90	-8.01	1.95	1.00
319	2.87	-8.02	1.95	1.00
320	2.84	-8.02	1.95	1.00
321	2.81	-8.02	1.95	1.00
322	2.77	-8.02	1.95	1.00
323	2.73	-8.02	1.95	1.00
324	2.69	-8.03	1.95	1.00
325	2.66	-8.04	1.95	1.00
326	2.63	-8.04	1.95	1.00
327	2.60	-8.04	1.95	4.00
328	2.56	-8.05	1.96	4.00
329	2.53	-8.06	1.96	2.00
330	2.51	-8.06	1.96	2.00
331	2.49	-8.06	1.96	1.00
332	2.45	-8.06	1.96	1.00
333	2.42	-8.06	1.96	1.00
334	2.38	-8.05	1.96	1.00
335	2.35	-8.04	1.96	1.00
336	2.31	-8.03	1.96	1.00
337	2.28	-8.03	1.96	1.00
338	2.26	-8.14	1.96	1.00
339	2.25	-8.25	1.96	1.00
340	2.22	-8.37	1.96	1.00
341	2.19	-8.49	1.96	1.00
342	2.16	-8.54	1.96	1.00
343	2.12	-8.60	1.96	1.00
344	2.09	-8.63	1.96	1.00
345	2.06	-8.66	1.96	1.00
Target 15 (frames from 277 to 351)
Bounding Boxes (frame, x, y, width, height)
277	660	363	66	133
278	655	363	66	132
279	651	363	65	131
280	647	363	65	130
281	644	363	64	129
282	641	363	64	128
283	639	363	63	127
284	637	363	63	126
285	635	363	62	125
286	634	363	62	124
287	633	362	61	123
288	633	362	61	122
289	633	362	61	122
290	634	362	60	121
291	635	362	60	120
292	636	362	59	119
293	637	362	59	119
294	639	363	59	118
295	640	363	59	118
296	642	363	58	117
297	643	364	58	117
298	645	364	58	116
299	647	364	58	116
300	648	364	57	115
301	650	364	57	114
302	651	364	56	113
303	653	364	56	112
304	654	363	56	112
305	655	363	55	111
306	656	362	55	110
307	656	362	54	109
308	657	361	54	109
309	657	361	54	108
310	657	361	53	107
311	656	360	53	106
312	656	360	53	106
313	655	360	52	105
314	654	360	52	105
315	652	359	52	104
316	650	359	52	104
317	649	359	51	103
318	647	359	51	103
319	646	360	51	102
320	645	360	51	102
321	644	360	50	101
322	642	361	50	101
323	641	361	50	100
324	639	361	50	100
325	638	361	50	100
326	636	361	49	99
327	634	361	49	99
328	632	361	49	98
329	630	362	49	98
330	627	361	49	98
331	625	361	49	98
332	623	361	49	98
333	621	360	49	98
334	619	359	49	98
335	617	358	49	98
336	615	357	49	98
337	613	356	49	98
338	612	355	49	99
339	611	354	49	99
340	611	353	49	99
341	611	351	49	99
342	611	350	49	99
343	612	349	49	99
344	613	349	49	98
345	614	348	49	98
346	616	348	49	98
347	618	347	49	98
348	621	347	48	97
349	624	347	48	97
350	627	347	48	97
351	631	347	48	96
3D Trajetory (frame, x, z, height, pose)
277	3.95	-5.56	1.79	1.00
278	3.93	-5.53	1.79	1.00
279	3.90	-5.50	1.79	1.00
280	3.96	-5.58	1.79	1.00
281	4.03	-5.66	1.80	1.00
282	4.05	-5.74	1.80	1.00
283	4.06	-5.81	1.80	1.00
284	4.02	-5.78	1.80	1.00
285	3.99	-5.76	1.79	1.00
286	4.02	-5.92	1.79	1.00
287	4.06	-6.08	1.80	1.00
288	4.05	-6.16	1.79	1.00
289	4.03	-6.24	1.79	1.00
290	4.01	-6.27	1.79	1.00
291	3.98	-6.31	1.79	1.00
292	3.94	-6.34	1.79	1.00
293	3.89	-6.37	1.79	1.00
294	3.87	-6.45	1.79	1.00
295	3.86	-6.52	1.79	1.00
296	3.82	-6.58	1.79	1.00
297	3.78	-6.63	1.79	1.00
298	3.76	-6.70	1.79	1.00
299	3.73	-6.77	1.79	1.00
300	3.71	-6.83	1.79	1.00
301	3.68	-6.90	1.79	1.00
302	3.67	-6.95	1.79	1.00
303	3.65	-7.00	1.79	1.00
304	3.65	-7.09	1.79	1.00
305	3.66	-7.18	1.79	4.00
306	3.65	-7.28	1.79	4.00
307	3.64	-7.37	1.78	2.00
308	3.63	-7.44	1.79	2.00
309	3.62	-7.50	1.79	1.00
310	3.58	-7.53	1.79	1.00
311	3.55	-7.55	1.79	1.00
312	3.53	-7.61	1.79	1.00
313	3.52	-7.66	1.79	1.00
314	3.49	-7.76	1.79	1.00
315	3.46	-7.86	1.79	1.00
316	3.46	-7.92	1.78	1.00
317	3.47	-7.97	1.78	1.00
318	3.43	-7.98	1.78	1.00
319	3.39	-7.98	1.79	1.00
320	3.38	-8.04	1.78	1.00
321	3.37	-8.10	1.78	1.00
322	3.38	-8.15	1.78	1.00
323	3.38	-8.20	1.78	4.00
324	3.36	-8.25	1.78	4.00
325	3.34	-8.31	1.78	4.00
326	3.31	-8.32	1.78	4.00
327	3.29	-8.33	1.78	2.00
328	3.29	-8.42	1.78	2.00
329	3.29	-8.52	1.79	4.00
330	3.26	-8.54	1.78	4.00
331	3.23	-8.56	1.78	4.00
332	3.19	-8.55	1.79	4.00
333	3.14	-8.53	1.79	1.00
334	3.10	-8.55	1.79	1.00
335	3.06	-8.57	1.79	1.00
336	3.00	-8.56	1.79	1.00
337	2.95	-8.55	1.79	1.00
338	2.91	-8.52	1.79	1.00
339	2.87	-8.50	1.79	2.00
340	2.85	-8.52	1.79	2.00
341	2.82	-8.53	1.78	4.00
342	2.79	-8.55	1.78	4.00
343	2.77	-8.58	1.78	4.00
344	2.74	-8.60	1.78	4.00
345	2.70	-8.63	1.78	1.00
346	2.66	-8.66	1.78	1.00
347	2.62	-8.70	1.78	1.00
348	2.60	-8.74	1.78	1.00
349	2.58	-8.79	1.78	1.00
350	2.56	-8.82	1.78	1.00
351	2.53	-8.85	1.78	1.00
Target 16 (frames from 299 to 349)
Bounding Boxes (frame, x, y, width, height)
299	574	358	64	129
300	577	357	66	132
301	579	355	67	135
302	581	354	68	137
303	583	353	69	139
304	584	352	70	141
305	586	351	71	143
306	587	350	72	144
307	588	349	73	146
308	588	348	73	147
309	589	347	73	147
310	590	347	74	148
311	590	346	74	148
312	589	345	74	149
313	589	345	74	149
314	588	344	74	149
315	586	344	74	149
316	585	343	74	148
317	584	343	74	148
318	583	344	73	147
319	582	344	73	146
320	582	345	72	145
321	581	346	72	145
322	581	346	72	144
323	580	346	71	143
324	580	347	71	143
325	579	347	71	142
326	578	347	71	142
327	576	347	70	141
328	574	347	70	141
329	572	348	70	141
330	570	348	70	140
331	568	348	70	140
332	565	347	69	139
333	563	347	69	139
334	561	346	69	139
335	559	346	69	138
336	557	345	69	138
337	556	344	69	138
338	555	343	69	138
339	554	342	68	137
340	554	341	68	137
341	554	340	68	136
342	555	339	68	136
343	556	338	68	136
344	557	338	67	135
345	559	337	67	135
346	561	336	67	135
347	563	336	67	135
348	566	335	67	134
349	569	334	67	134
3D Trajetory (frame, x, z, height, pose)
299	4.41	-6.00	1.89	4.00
300	4.21	-5.77	1.88	4.00
301	4.01	-5.53	1.88	4.00
302	3.94	-5.50	1.87	4.00
303	3.86	-5.47	1.87	4.00
304	3.79	-5.47	1.88	4.00
305	3.71	-5.47	1.88	4.00
306	3.63	-5.48	1.88	4.00
307	3.55	-5.49	1.88	1.00
308	3.48	-5.46	1.89	1.00
309	3.42	-5.43	1.90	2.00
310	3.37	-5.42	1.91	2.00
311	3.32	-5.41	1.91	2.00
312	3.31	-5.46	1.92	2.00
313	3.30	-5.51	1.92	2.00
314	3.28	-5.55	1.92	2.00
315	3.26	-5.59	1.92	2.00
316	3.24	-5.62	1.92	2.00
317	3.22	-5.66	1.92	4.00
318	3.20	-5.69	1.91	4.00
319	3.17	-5.73	1.91	1.00
320	3.16	-5.76	1.91	1.00
321	3.15	-5.79	1.91	2.00
322	3.14	-5.82	1.91	2.00
323	3.12	-5.86	1.91	2.00
324	3.11	-5.91	1.91	2.00
325	3.10	-5.97	1.91	1.00
326	3.08	-5.99	1.90	1.00
327	3.06	-6.01	1.90	1.00
328	3.03	-6.05	1.90	1.00
329	3.01	-6.08	1.90	1.00
330	2.98	-6.06	1.90	1.00
331	2.96	-6.05	1.90	2.00
332	2.94	-6.08	1.89	2.00
333	2.92	-6.12	1.89	2.00
334	2.91	-6.16	1.89	2.00
335	2.90	-6.19	1.88	2.00
336	2.89	-6.22	1.88	2.00
337	2.88	-6.25	1.88	2.00
338	2.85	-6.27	1.88	2.00
339	2.82	-6.30	1.89	1.00
340	2.78	-6.31	1.89	1.00
341	2.75	-6.33	1.89	1.00
342	2.72	-6.33	1.88	1.00
343	2.70	-6.33	1.88	2.00
344	2.70	-6.40	1.88	2.00
345	2.69	-6.46	1.88	2.00
346	2.68	-6.49	1.88	2.00
347	2.66	-6.52	1.88	1.00
348	2.63	-6.52	1.88	1.00
349	2.60	-6.51	1.88	1.00
