Total frames 223
Number of Targets 12
Target 1 (frames from 1 to 69)
Bounding Boxes (frame, x, y, width, height)
1	469	137	101	203
2	468	138	100	201
3	468	138	99	199
4	467	139	99	198
5	467	139	98	197
6	467	140	98	196
7	466	140	97	195
8	466	140	97	195
9	465	141	97	195
10	465	141	97	195
11	464	141	99	199
12	463	141	100	201
13	463	141	101	202
14	462	142	101	202
15	462	142	101	202
16	462	143	101	202
17	462	143	101	202
18	462	143	100	201
19	462	142	100	200
20	462	142	99	199
21	463	142	98	197
22	463	142	97	195
23	464	141	98	196
24	465	141	97	194
25	467	141	96	193
26	468	140	97	194
27	470	140	97	195
28	472	140	98	196
29	473	140	98	196
30	475	140	97	195
31	478	141	96	193
32	480	142	94	189
33	482	143	92	185
34	484	144	90	181
35	485	145	88	176
36	486	146	86	172
37	487	148	82	165
38	486	150	80	160
39	486	151	78	156
40	486	151	77	154
41	486	151	77	155
42	485	151	78	156
43	483	150	80	160
44	481	148	83	167
45	479	147	87	174
46	476	146	90	180
47	474	144	93	186
48	472	144	94	189
49	470	143	95	191
50	469	143	96	193
51	467	143	97	195
52	466	143	98	196
53	464	143	99	198
54	462	143	99	199
55	461	143	99	198
56	460	142	100	201
57	458	142	102	204
58	457	141	103	207
59	455	140	105	211
60	453	139	108	216
61	451	139	109	218
62	449	139	110	220
63	447	139	110	221
64	445	139	111	222
65	443	139	111	223
66	441	139	111	223
67	438	140	112	224
68	436	140	111	223
69	434	141	111	223
3D Trajetory (frame, x, z, height, pose)
1	1.96	3.80	2.10	3.00
2	2.04	4.16	2.04	4.00
3	2.01	4.12	2.02	4.00
4	2.06	4.20	2.03	2.00
5	2.07	4.23	2.04	2.00
6	2.07	4.23	2.04	2.00
7	2.06	4.22	2.03	2.00
8	2.09	4.28	2.05	4.00
9	2.09	4.27	2.06	4.00
10	2.07	4.26	2.06	4.00
11	2.07	4.26	2.06	4.00
12	2.06	4.23	2.07	4.00
13	2.01	4.15	2.06	1.00
14	2.01	4.15	2.06	2.00
15	2.01	4.16	2.06	2.00
16	2.01	4.16	2.06	2.00
17	2.01	4.16	2.06	2.00
18	2.01	4.17	2.06	2.00
19	2.01	4.17	2.06	2.00
20	2.04	4.22	2.06	2.00
21	2.05	4.24	2.06	2.00
22	2.04	4.22	2.06	2.00
23	2.04	4.22	2.06	2.00
24	2.05	4.24	2.07	2.00
25	2.06	4.25	2.07	2.00
26	2.07	4.27	2.08	2.00
27	2.08	4.28	2.08	1.00
28	2.09	4.30	2.08	1.00
29	2.12	4.30	2.08	1.00
30	2.15	4.30	2.09	2.00
31	2.17	4.29	2.09	2.00
32	2.24	4.39	2.09	2.00
33	2.23	4.33	2.10	2.00
34	2.24	4.33	2.10	2.00
35	2.29	4.41	2.10	4.00
36	2.33	4.48	2.10	2.00
37	2.37	4.55	2.10	2.00
38	2.41	4.63	2.10	2.00
39	2.45	4.71	2.10	2.00
40	2.48	4.78	2.10	2.00
41	2.51	4.84	2.10	4.00
42	2.53	4.90	2.10	4.00
43	2.56	4.96	2.10	4.00
44	2.58	5.02	2.10	4.00
45	2.60	5.07	2.09	4.00
46	2.57	4.98	2.10	4.00
47	2.57	4.98	2.10	2.00
48	2.53	4.93	2.10	2.00
49	2.47	4.86	2.09	4.00
50	2.43	4.81	2.09	4.00
51	2.38	4.75	2.09	4.00
52	2.35	4.71	2.09	4.00
53	2.32	4.69	2.09	2.00
54	2.29	4.65	2.09	2.00
55	2.28	4.65	2.09	2.00
56	2.26	4.65	2.08	2.00
57	2.20	4.54	2.08	2.00
58	2.14	4.43	2.08	2.00
59	2.07	4.33	2.07	3.00
60	2.00	4.23	2.07	3.00
61	1.94	4.14	2.06	3.00
62	1.89	4.04	2.06	3.00
63	1.86	4.02	2.06	3.00
64	1.83	4.00	2.06	3.00
65	1.81	3.98	2.06	3.00
66	1.78	3.96	2.06	3.00
67	1.75	3.93	2.06	3.00
68	1.72	3.91	2.06	4.00
69	1.67	3.87	2.05	4.00
Target 2 (frames from 1 to 49)
Bounding Boxes (frame, x, y, width, height)
1	295	148	88	177
2	295	151	85	170
3	294	153	82	165
4	294	155	80	160
5	294	156	78	157
6	293	158	77	154
7	293	159	76	152
8	293	159	76	152
9	292	160	76	152
10	292	160	76	153
11	291	158	80	160
12	290	157	83	166
13	289	156	85	170
14	289	155	87	174
15	289	154	88	176
16	289	154	89	178
17	290	154	88	177
18	291	155	87	175
19	291	156	86	173
20	291	156	84	169
21	292	157	83	166
22	293	159	80	161
23	294	161	78	156
24	295	163	76	152
25	296	164	75	150
26	298	166	74	149
27	299	167	75	150
28	300	167	76	153
29	301	168	77	154
30	304	169	77	154
31	306	171	76	152
32	308	171	75	151
33	310	171	75	151
34	312	172	75	150
35	314	172	74	149
36	316	172	74	148
37	317	173	73	147
38	319	173	73	146
39	320	173	73	147
40	320	172	75	150
41	319	168	78	157
42	317	164	83	166
43	314	158	88	176
44	311	152	94	188
45	307	145	101	202
46	303	136	108	217
47	298	127	117	234
48	292	117	126	253
49	286	107	136	273
3D Trajetory (frame, x, z, height, pose)
1	0.25	4.48	2.02	1.00
2	0.18	4.56	1.96	4.00
3	0.18	4.61	1.94	4.00
4	0.18	4.69	1.95	4.00
5	0.17	4.97	1.95	4.00
6	0.15	5.25	1.94	4.00
7	0.14	5.54	1.94	4.00
8	0.13	5.82	1.93	2.00
9	0.12	5.37	2.13	3.00
10	0.13	5.59	2.10	2.00
11	0.16	5.39	2.07	2.00
12	0.20	5.20	2.04	2.00
13	0.22	5.32	2.03	2.00
14	0.18	4.46	2.02	2.00
15	0.16	4.08	1.99	2.00
16	0.16	3.93	1.98	2.00
17	0.16	3.84	1.97	2.00
18	0.16	3.76	1.96	2.00
19	0.17	4.07	1.94	4.00
20	0.18	4.28	1.92	4.00
21	0.18	4.46	1.90	4.00
22	0.16	4.50	1.90	4.00
23	0.16	4.60	1.89	4.00
24	0.17	4.71	1.89	4.00
25	0.17	4.81	1.89	4.00
26	0.18	4.83	1.90	4.00
27	0.19	4.84	1.90	4.00
28	0.20	4.89	1.90	4.00
29	0.22	4.94	1.90	4.00
30	0.23	4.99	1.90	4.00
31	0.26	5.05	1.90	4.00
32	0.28	5.09	1.90	4.00
33	0.30	5.13	1.90	4.00
34	0.31	5.13	1.90	4.00
35	0.32	5.12	1.90	4.00
36	0.33	5.11	1.90	4.00
37	0.34	5.10	1.90	4.00
38	0.35	5.10	1.90	4.00
39	0.36	5.09	1.90	4.00
40	0.36	5.08	1.90	4.00
41	0.37	5.08	1.90	4.00
42	0.38	5.07	1.90	4.00
43	0.39	5.06	1.90	4.00
44	0.40	5.05	1.90	1.00
45	0.39	4.74	1.90	4.00
46	0.37	4.43	1.91	4.00
47	0.35	4.12	1.91	4.00
48	0.34	3.81	1.92	4.00
49	0.32	3.50	1.92	3.00
Target 3 (frames from 1 to 223)
Bounding Boxes (frame, x, y, width, height)
1	362	148	97	194
2	361	149	97	194
3	360	150	97	194
4	359	151	97	194
5	358	151	97	194
6	357	152	97	194
7	357	152	97	194
8	356	153	97	194
9	356	153	97	194
10	356	153	97	194
11	356	153	97	195
12	357	152	97	195
13	358	152	97	194
14	360	153	96	192
15	361	153	95	190
16	362	153	94	188
17	363	153	93	187
18	363	152	93	186
19	364	151	92	185
20	364	150	92	185
21	364	150	92	185
22	365	150	92	185
23	365	150	92	185
24	365	151	92	184
25	366	151	92	184
26	367	152	91	183
27	368	153	91	182
28	369	154	91	183
29	370	155	91	183
30	372	156	91	183
31	374	158	91	183
32	376	159	91	183
33	377	160	92	184
34	378	160	92	185
35	378	160	93	187
36	378	159	94	189
37	377	158	95	191
38	377	158	97	194
39	376	157	98	196
40	374	157	98	197
41	373	157	98	197
42	373	156	98	197
43	372	156	98	197
44	373	156	98	196
45	373	157	97	195
46	374	157	96	193
47	375	157	96	192
48	376	157	95	191
49	377	158	94	189
50	378	158	94	188
51	379	159	93	187
52	380	159	92	185
53	380	160	92	184
54	381	160	91	183
55	381	160	91	183
56	381	160	91	182
57	382	160	90	181
58	382	160	90	181
59	382	160	90	180
60	382	160	89	179
61	382	160	89	178
62	383	161	88	177
63	383	161	88	176
64	384	161	87	175
65	385	161	87	174
66	386	161	86	173
67	385	162	86	172
68	385	162	85	171
69	383	163	85	170
70	381	163	85	170
71	378	162	86	172
72	375	161	87	174
73	373	160	88	176
74	370	160	89	179
75	367	159	90	181
76	365	158	92	184
77	363	157	93	186
78	362	157	93	187
79	361	157	94	188
80	361	157	94	188
81	361	157	94	189
82	362	157	94	189
83	364	157	94	189
84	364	157	94	189
85	364	157	95	190
86	364	157	95	191
87	364	156	96	192
88	364	155	97	194
89	364	154	98	197
90	365	153	99	198
91	367	153	99	198
92	368	153	98	197
93	369	154	98	196
94	371	155	97	195
95	371	156	96	193
96	372	157	95	191
97	372	157	95	190
98	372	157	95	190
99	371	157	95	190
100	370	157	95	191
101	368	156	95	191
102	366	155	96	192
103	364	154	97	194
104	362	152	97	195
105	360	151	98	196
106	359	151	98	197
107	357	150	98	197
108	357	150	98	197
109	356	150	98	196
110	356	150	98	196
111	356	151	97	195
112	356	151	97	194
113	356	151	96	193
114	357	151	95	191
115	358	152	94	189
116	359	152	93	187
117	359	152	93	186
118	359	151	93	186
119	359	151	92	185
120	358	150	92	185
121	357	150	92	184
122	357	150	91	183
123	355	149	91	183
124	353	148	92	185
125	351	147	93	187
126	348	147	94	189
127	345	146	95	190
128	343	145	96	192
129	341	145	96	192
130	339	145	96	192
131	338	145	95	190
132	338	146	94	188
133	337	146	93	186
134	337	146	92	185
135	336	147	92	185
136	336	147	92	184
137	336	147	92	184
138	337	148	91	182
139	337	148	90	180
140	338	149	89	178
141	338	149	89	178
142	338	149	89	178
143	338	149	90	180
144	337	148	91	182
145	337	148	92	184
146	336	147	93	187
147	335	146	94	189
148	334	146	95	191
149	333	145	96	192
150	331	144	97	194
151	330	144	98	196
152	329	143	99	198
153	327	142	100	200
154	326	142	101	202
155	325	141	102	204
156	324	141	102	205
157	324	142	103	206
158	324	142	102	205
159	323	142	103	206
160	323	142	103	207
161	322	141	105	210
162	322	141	105	211
163	321	141	105	211
164	321	141	106	212
165	321	141	106	213
166	320	142	106	212
167	321	142	105	211
168	321	142	105	210
169	322	143	104	208
170	322	144	102	205
171	323	145	101	202
172	323	146	99	198
173	323	147	97	195
174	324	147	96	193
175	324	148	95	190
176	324	148	94	188
177	324	149	93	186
178	325	149	92	184
179	325	150	91	183
180	325	150	91	182
181	326	151	90	181
182	326	151	91	182
183	326	151	91	182
184	327	151	90	181
185	327	152	90	180
186	328	152	90	180
187	329	152	89	178
188	330	153	88	177
189	330	153	88	176
190	330	153	87	175
191	329	152	88	177
192	328	151	89	179
193	327	151	91	182
194	326	151	92	184
195	324	151	93	186
196	323	151	93	187
197	322	151	94	189
198	321	151	95	191
199	321	151	96	192
200	320	151	96	193
201	320	151	96	193
202	320	151	96	193
203	321	151	97	194
204	321	151	97	194
205	322	151	96	192
206	322	151	95	191
207	323	151	94	189
208	323	151	93	187
209	324	152	92	184
210	324	152	91	182
211	324	153	90	180
212	323	152	90	181
213	322	151	91	183
214	321	150	92	185
215	320	149	93	186
216	319	148	93	187
217	318	147	94	188
218	316	146	95	190
219	315	144	96	192
220	313	143	97	194
221	311	141	98	197
222	310	139	100	200
223	308	137	101	203
3D Trajetory (frame, x, z, height, pose)
1	0.90	3.84	1.96	2.00
2	0.95	4.12	1.96	2.00
3	0.89	4.02	1.94	2.00
4	0.83	3.92	1.93	2.00
5	0.83	3.96	1.92	2.00
6	0.82	3.94	1.91	2.00
7	0.82	3.92	1.91	2.00
8	0.83	3.97	1.92	2.00
9	0.84	3.99	1.92	2.00
10	0.86	3.94	1.92	2.00
11	0.86	3.94	1.92	2.00
12	0.85	3.95	1.93	2.00
13	0.86	3.98	1.93	2.00
14	0.86	3.99	1.93	2.00
15	0.85	3.99	1.93	2.00
16	0.89	4.06	1.93	2.00
17	0.88	4.03	1.93	2.00
18	0.88	3.97	1.92	2.00
19	0.91	4.05	1.92	2.00
20	0.94	4.12	1.92	2.00
21	0.96	4.18	1.93	2.00
22	0.96	4.19	1.93	2.00
23	0.96	4.19	1.93	2.00
24	0.97	4.20	1.94	2.00
25	0.97	4.22	1.94	2.00
26	0.98	4.24	1.95	2.00
27	0.98	4.24	1.95	1.00
28	0.99	4.25	1.95	1.00
29	1.00	4.25	1.95	1.00
30	1.02	4.30	1.95	2.00
31	1.04	4.35	1.95	2.00
32	1.06	4.33	1.95	2.00
33	1.09	4.32	1.95	2.00
34	1.11	4.30	1.95	2.00
35	1.12	4.28	1.94	2.00
36	1.11	4.24	1.94	2.00
37	1.11	4.20	1.94	1.00
38	1.10	4.17	1.94	1.00
39	1.09	4.13	1.93	1.00
40	1.09	4.10	1.93	1.00
41	1.08	4.07	1.93	1.00
42	1.07	4.04	1.93	1.00
43	1.07	4.02	1.92	1.00
44	1.05	3.98	1.92	1.00
45	1.05	3.96	1.92	2.00
46	1.05	3.96	1.92	2.00
47	1.04	3.95	1.92	2.00
48	1.04	3.95	1.92	2.00
49	1.05	3.96	1.92	2.00
50	1.05	3.96	1.92	2.00
51	1.05	3.97	1.92	2.00
52	1.05	3.98	1.92	2.00
53	1.04	3.99	1.92	2.00
54	1.04	3.99	1.92	2.00
55	1.03	4.00	1.92	2.00
56	1.03	4.01	1.92	2.00
57	1.03	4.02	1.92	2.00
58	1.02	4.03	1.92	2.00
59	1.02	4.04	1.92	2.00
60	1.01	4.04	1.92	2.00
61	1.01	4.05	1.92	2.00
62	1.01	4.06	1.92	2.00
63	1.00	4.07	1.92	2.00
64	1.00	4.08	1.92	2.00
65	0.99	4.09	1.92	2.00
66	0.99	4.09	1.92	2.00
67	0.99	4.10	1.92	2.00
68	0.98	4.11	1.92	2.00
69	0.98	4.12	1.92	2.00
70	0.97	4.13	1.92	2.00
71	0.97	4.14	1.92	2.00
72	0.96	4.14	1.92	2.00
73	0.95	4.17	1.92	2.00
74	0.93	4.20	1.92	2.00
75	0.92	4.25	1.92	2.00
76	0.93	4.24	1.92	2.00
77	0.93	4.20	1.92	2.00
78	0.93	4.16	1.92	2.00
79	0.93	4.14	1.92	2.00
80	0.94	4.15	1.92	2.00
81	0.94	4.15	1.92	1.00
82	0.94	4.14	1.92	1.00
83	0.94	4.13	1.92	1.00
84	0.94	4.14	1.92	1.00
85	0.94	4.13	1.92	1.00
86	0.94	4.12	1.92	1.00
87	0.94	4.11	1.92	1.00
88	0.94	4.08	1.92	1.00
89	0.94	4.07	1.92	1.00
90	0.95	4.06	1.92	1.00
91	0.95	4.05	1.92	1.00
92	0.96	4.04	1.92	1.00
93	0.97	4.04	1.92	1.00
94	0.98	4.01	1.92	1.00
95	0.99	4.01	1.92	1.00
96	1.00	4.00	1.92	1.00
97	1.01	3.99	1.92	1.00
98	1.01	4.02	1.92	4.00
99	1.02	4.02	1.92	4.00
100	1.00	4.02	1.92	4.00
101	0.99	4.02	1.92	4.00
102	0.98	4.00	1.92	4.00
103	0.97	3.98	1.92	4.00
104	0.95	3.96	1.92	4.00
105	0.95	3.95	1.92	4.00
106	0.93	3.95	1.92	4.00
107	0.91	3.95	1.92	4.00
108	0.89	3.94	1.92	4.00
109	0.88	3.94	1.92	4.00
110	0.87	3.94	1.92	4.00
111	0.86	3.94	1.92	4.00
112	0.85	3.94	1.92	4.00
113	0.84	3.93	1.92	4.00
114	0.83	3.93	1.92	4.00
115	0.83	3.93	1.92	4.00
116	0.82	3.93	1.92	4.00
117	0.83	3.94	1.92	4.00
118	0.84	3.95	1.92	4.00
119	0.84	3.98	1.92	4.00
120	0.84	4.02	1.92	4.00
121	0.84	4.06	1.92	4.00
122	0.84	4.08	1.92	4.00
123	0.83	4.06	1.92	4.00
124	0.82	4.03	1.92	4.00
125	0.80	4.04	1.92	4.00
126	0.79	4.04	1.92	4.00
127	0.79	4.05	1.92	4.00
128	0.77	4.08	1.92	4.00
129	0.75	4.11	1.92	4.00
130	0.74	4.08	1.92	4.00
131	0.70	4.04	1.92	4.00
132	0.69	4.06	1.92	4.00
133	0.67	4.08	1.92	4.00
134	0.66	4.10	1.92	4.00
135	0.65	4.11	1.92	4.00
136	0.65	4.12	1.92	4.00
137	0.64	4.14	1.92	4.00
138	0.64	4.16	1.92	4.00
139	0.64	4.17	1.92	4.00
140	0.63	4.19	1.92	4.00
141	0.63	4.20	1.92	4.00
142	0.63	4.21	1.92	4.00
143	0.63	4.21	1.92	4.00
144	0.63	4.22	1.92	4.00
145	0.63	4.23	1.92	4.00
146	0.64	4.24	1.92	4.00
147	0.64	4.25	1.92	4.00
148	0.64	4.24	1.92	4.00
149	0.63	4.18	1.92	4.00
150	0.62	4.12	1.92	4.00
151	0.60	4.06	1.92	4.00
152	0.60	4.07	1.92	4.00
153	0.59	4.07	1.92	4.00
154	0.58	4.02	1.92	4.00
155	0.57	4.01	1.92	4.00
156	0.57	4.01	1.92	4.00
157	0.56	3.96	1.92	4.00
158	0.55	3.93	1.92	4.00
159	0.54	3.89	1.92	4.00
160	0.53	3.85	1.92	4.00
161	0.53	3.82	1.92	4.00
162	0.52	3.80	1.92	4.00
163	0.51	3.78	1.92	4.00
164	0.51	3.76	1.93	4.00
165	0.50	3.75	1.93	4.00
166	0.50	3.73	1.93	4.00
167	0.50	3.73	1.93	4.00
168	0.50	3.72	1.93	4.00
169	0.49	3.71	1.93	4.00
170	0.49	3.70	1.93	4.00
171	0.49	3.69	1.93	4.00
172	0.49	3.67	1.93	4.00
173	0.48	3.71	1.93	4.00
174	0.49	3.75	1.93	4.00
175	0.50	3.77	1.93	4.00
176	0.50	3.82	1.93	4.00
177	0.49	3.86	1.93	4.00
178	0.49	3.89	1.93	4.00
179	0.49	3.93	1.93	4.00
180	0.49	3.96	1.93	4.00
181	0.50	3.95	1.93	4.00
182	0.51	3.99	1.93	4.00
183	0.51	4.02	1.93	4.00
184	0.52	4.04	1.93	4.00
185	0.53	4.06	1.93	4.00
186	0.53	4.09	1.93	4.00
187	0.54	4.11	1.93	4.00
188	0.54	4.12	1.93	4.00
189	0.54	4.14	1.93	4.00
190	0.55	4.15	1.93	4.00
191	0.55	4.17	1.92	4.00
192	0.55	4.20	1.92	4.00
193	0.56	4.19	1.92	4.00
194	0.56	4.21	1.92	4.00
195	0.57	4.22	1.92	4.00
196	0.55	4.20	1.92	4.00
197	0.54	4.16	1.92	4.00
198	0.53	4.13	1.92	4.00
199	0.52	4.11	1.92	3.00
200	0.52	4.09	1.92	3.00
201	0.51	4.08	1.92	3.00
202	0.50	4.07	1.92	3.00
203	0.50	4.05	1.92	3.00
204	0.51	4.06	1.92	3.00
205	0.50	4.05	1.92	3.00
206	0.51	4.06	1.92	2.00
207	0.51	4.05	1.92	2.00
208	0.51	4.03	1.92	2.00
209	0.51	4.03	1.92	2.00
210	0.50	4.03	1.92	2.00
211	0.50	4.06	1.92	2.00
212	0.50	4.09	1.92	2.00
213	0.50	4.12	1.92	2.00
214	0.50	4.14	1.92	2.00
215	0.50	4.16	1.92	2.00
216	0.50	4.18	1.92	2.00
217	0.50	4.19	1.92	2.00
218	0.48	4.13	1.92	1.00
219	0.46	4.07	1.92	1.00
220	0.44	4.02	1.92	1.00
221	0.43	4.02	1.92	1.00
222	0.43	4.02	1.92	1.00
223	0.42	4.02	1.92	1.00
Target 4 (frames from 8 to 41)
Bounding Boxes (frame, x, y, width, height)
8	19	69	192	385
9	26	74	191	382
10	32	79	189	379
11	38	83	188	377
12	44	86	188	376
13	50	89	187	374
14	55	91	187	374
15	60	92	187	374
16	65	92	187	374
17	70	92	187	375
18	74	89	190	380
19	78	85	191	383
20	81	82	193	387
21	84	79	194	388
22	88	78	194	388
23	92	75	194	389
24	97	74	195	390
25	102	75	195	390
26	106	76	194	389
27	111	78	194	388
28	115	80	192	385
29	119	83	191	382
30	125	86	188	377
31	131	90	186	372
32	138	92	184	369
33	143	93	183	367
34	149	93	182	365
35	156	94	181	363
36	162	93	180	361
37	168	92	180	360
38	175	91	179	359
39	181	89	179	359
40	188	87	179	358
41	195	84	179	358
3D Trajetory (frame, x, z, height, pose)
8	-1.14	2.28	2.24	4.00
9	-1.13	2.27	2.20	4.00
10	-1.11	2.29	2.18	4.00
11	-1.08	2.31	2.16	4.00
12	-1.06	2.33	2.15	4.00
13	-0.98	2.26	2.13	4.00
14	-0.96	2.24	2.10	4.00
15	-0.93	2.22	2.07	1.00
16	-0.92	2.20	2.06	1.00
17	-0.89	2.18	2.06	1.00
18	-0.86	2.21	2.06	1.00
19	-0.80	2.17	2.06	1.00
20	-0.76	2.16	2.06	2.00
21	-0.73	2.15	2.06	2.00
22	-0.69	2.14	2.06	2.00
23	-0.66	2.13	2.07	2.00
24	-0.64	2.12	2.09	1.00
25	-0.63	2.12	2.10	1.00
26	-0.64	2.14	2.09	1.00
27	-0.62	2.17	2.09	4.00
28	-0.59	2.17	2.09	4.00
29	-0.56	2.18	2.09	4.00
30	-0.52	2.17	2.09	1.00
31	-0.49	2.17	2.10	1.00
32	-0.48	2.19	2.09	1.00
33	-0.46	2.21	2.09	1.00
34	-0.44	2.23	2.09	1.00
35	-0.42	2.24	2.09	4.00
36	-0.41	2.26	2.09	1.00
37	-0.36	2.28	2.09	1.00
38	-0.32	2.30	2.09	1.00
39	-0.29	2.30	2.09	1.00
40	-0.26	2.29	2.09	1.00
41	-0.24	2.34	2.09	1.00
Target 5 (frames from 37 to 223)
Bounding Boxes (frame, x, y, width, height)
37	143	141	111	223
38	142	141	109	218
39	141	142	106	213
40	141	142	105	210
41	140	142	103	206
42	139	142	102	204
43	138	142	100	201
44	138	142	100	200
45	137	141	99	198
46	136	141	99	198
47	135	141	98	197
48	135	141	98	197
49	134	140	98	197
50	134	139	99	198
51	133	139	99	199
52	132	138	100	200
53	132	137	101	202
54	132	137	101	203
55	132	137	101	203
56	132	137	101	203
57	132	137	101	203
58	131	137	101	202
59	130	138	101	202
60	130	139	100	201
61	129	140	100	200
62	128	142	99	199
63	126	142	100	200
64	124	142	101	202
65	122	142	102	205
66	120	142	103	207
67	119	142	104	208
68	118	141	104	209
69	117	141	105	210
70	117	141	105	210
71	118	141	104	208
72	119	141	103	207
73	120	141	102	205
74	120	141	101	203
75	121	141	100	201
76	121	141	99	199
77	122	142	98	196
78	123	142	97	194
79	125	142	96	192
80	126	141	96	192
81	126	141	96	192
82	127	140	96	193
83	128	140	96	193
84	129	141	97	194
85	130	142	97	195
86	130	142	98	197
87	131	142	99	199
88	131	143	100	201
89	132	142	102	204
90	133	141	103	207
91	134	140	104	209
92	135	140	104	209
93	135	140	105	210
94	135	139	105	210
95	134	139	104	209
96	134	138	104	208
97	133	138	103	206
98	132	138	102	204
99	130	138	101	203
100	129	138	101	202
101	127	139	100	201
102	126	140	99	199
103	124	140	98	197
104	123	140	98	196
105	122	140	97	195
106	121	139	98	196
107	120	137	99	199
108	120	136	100	201
109	119	136	101	203
110	119	135	102	204
111	118	134	103	206
112	117	134	103	206
113	116	133	103	206
114	116	133	103	206
115	115	134	102	205
116	114	134	102	205
117	114	133	102	205
118	113	132	103	206
119	113	132	102	205
120	112	132	102	204
121	110	133	101	202
122	109	133	100	201
123	107	133	101	202
124	104	133	101	203
125	103	133	102	204
126	101	133	102	205
127	99	134	102	205
128	98	134	103	206
129	96	134	103	206
130	94	133	103	207
131	93	133	103	207
132	91	132	104	208
133	90	131	104	209
134	89	130	105	210
135	87	129	105	211
136	87	128	106	212
137	86	127	106	212
138	85	126	106	213
139	84	126	106	212
140	84	126	106	213
141	84	126	106	213
142	84	127	106	212
143	85	128	105	210
144	85	129	104	208
145	85	130	104	208
146	85	130	104	209
147	85	130	105	210
148	84	130	106	212
149	84	131	106	212
150	83	131	106	213
151	83	131	107	214
152	82	130	107	215
153	82	130	108	217
154	81	129	110	220
155	81	129	110	221
156	80	129	110	221
157	80	129	110	221
158	80	130	110	220
159	79	131	109	218
160	79	131	108	217
161	79	131	107	215
162	78	131	106	213
163	77	131	106	212
164	76	131	106	213
165	75	130	107	214
166	74	130	107	215
167	74	129	107	215
168	74	129	107	215
169	74	129	108	216
170	74	129	108	216
171	74	129	108	217
172	75	129	108	217
173	76	130	108	216
174	76	131	107	215
175	77	132	106	213
176	77	133	106	212
177	78	133	105	210
178	78	134	104	208
179	78	135	102	205
180	78	135	102	204
181	78	136	101	202
182	78	136	101	202
183	78	135	101	203
184	78	135	102	204
185	78	134	102	205
186	78	133	103	207
187	78	132	104	208
188	78	131	105	210
189	77	130	106	213
190	77	129	108	216
191	77	128	109	219
192	76	128	110	221
193	76	127	110	221
194	76	128	110	221
195	76	129	109	219
196	76	129	109	218
197	76	130	107	215
198	77	132	105	210
199	78	133	102	204
200	79	135	99	199
201	79	136	97	195
202	80	136	95	191
203	81	137	95	190
204	83	137	93	187
205	84	137	92	185
206	84	136	92	185
207	85	136	92	185
208	85	136	93	186
209	85	136	93	186
210	84	136	93	187
211	84	136	93	187
212	83	136	94	188
213	83	136	95	190
214	82	136	96	193
215	81	135	97	195
216	81	134	98	196
217	81	133	98	197
218	81	131	99	198
219	80	130	99	199
220	80	128	100	200
221	80	126	100	200
222	81	124	100	201
223	81	122	100	201
3D Trajetory (frame, x, z, height, pose)
37	-1.16	3.73	1.98	2.00
38	-1.17	3.80	2.01	2.00
39	-1.16	3.77	1.99	2.00
40	-1.14	3.76	2.00	1.00
41	-1.17	3.66	2.00	1.00
42	-1.18	3.63	2.00	1.00
43	-1.19	3.63	2.01	1.00
44	-1.27	3.85	2.01	2.00
45	-1.34	4.00	2.02	2.00
46	-1.39	4.11	2.02	2.00
47	-1.42	4.18	2.03	2.00
48	-1.44	4.24	2.03	2.00
49	-1.47	4.29	2.04	2.00
50	-1.49	4.34	2.04	2.00
51	-1.50	4.37	2.05	2.00
52	-1.50	4.33	2.04	3.00
53	-1.45	4.18	2.04	3.00
54	-1.39	4.06	2.04	3.00
55	-1.42	4.08	2.04	3.00
56	-1.43	4.08	2.05	3.00
57	-1.45	4.14	2.05	3.00
58	-1.46	4.17	2.05	3.00
59	-1.47	4.20	2.05	3.00
60	-1.47	4.21	2.05	3.00
61	-1.47	4.22	2.05	3.00
62	-1.46	4.20	2.05	3.00
63	-1.48	4.16	2.05	3.00
64	-1.48	4.11	2.05	3.00
65	-1.50	4.12	2.04	3.00
66	-1.50	4.09	2.04	3.00
67	-1.50	4.07	2.04	3.00
68	-1.49	4.05	2.04	3.00
69	-1.49	4.01	2.04	3.00
70	-1.50	3.99	2.04	3.00
71	-1.50	3.97	2.04	3.00
72	-1.50	4.00	2.04	3.00
73	-1.50	4.02	2.05	2.00
74	-1.51	4.02	2.05	2.00
75	-1.51	4.02	2.05	2.00
76	-1.52	4.03	2.05	2.00
77	-1.53	4.08	2.06	2.00
78	-1.55	4.12	2.06	2.00
79	-1.56	4.16	2.06	2.00
80	-1.57	4.19	2.06	2.00
81	-1.57	4.21	2.06	2.00
82	-1.58	4.23	2.06	2.00
83	-1.56	4.25	2.07	2.00
84	-1.55	4.27	2.07	1.00
85	-1.54	4.27	2.07	1.00
86	-1.52	4.27	2.07	1.00
87	-1.51	4.27	2.07	1.00
88	-1.50	4.25	2.07	1.00
89	-1.48	4.23	2.07	1.00
90	-1.47	4.22	2.07	1.00
91	-1.46	4.22	2.07	1.00
92	-1.45	4.22	2.07	1.00
93	-1.42	4.18	2.07	1.00
94	-1.39	4.15	2.07	1.00
95	-1.36	4.12	2.07	2.00
96	-1.33	4.08	2.07	2.00
97	-1.31	4.05	2.07	2.00
98	-1.35	4.10	2.07	1.00
99	-1.37	4.09	2.07	1.00
100	-1.41	4.12	2.07	4.00
101	-1.40	4.08	2.07	4.00
102	-1.43	4.12	2.07	4.00
103	-1.46	4.14	2.07	4.00
104	-1.46	4.14	2.07	4.00
105	-1.47	4.14	2.07	4.00
106	-1.48	4.14	2.07	4.00
107	-1.49	4.13	2.08	4.00
108	-1.51	4.13	2.08	4.00
109	-1.52	4.15	2.08	4.00
110	-1.54	4.15	2.08	4.00
111	-1.56	4.16	2.08	4.00
112	-1.56	4.13	2.08	4.00
113	-1.56	4.11	2.08	4.00
114	-1.56	4.09	2.08	4.00
115	-1.55	4.06	2.08	4.00
116	-1.55	4.05	2.08	4.00
117	-1.57	4.07	2.08	4.00
118	-1.58	4.08	2.08	4.00
119	-1.60	4.08	2.08	4.00
120	-1.60	4.07	2.08	4.00
121	-1.61	4.08	2.08	4.00
122	-1.62	4.07	2.08	4.00
123	-1.63	4.07	2.08	4.00
124	-1.64	4.06	2.08	4.00
125	-1.65	4.05	2.08	4.00
126	-1.67	4.05	2.08	4.00
127	-1.70	4.05	2.08	4.00
128	-1.70	4.02	2.08	4.00
129	-1.72	4.03	2.08	4.00
130	-1.72	3.99	2.08	4.00
131	-1.73	4.00	2.08	4.00
132	-1.75	4.01	2.08	4.00
133	-1.76	4.01	2.08	4.00
134	-1.77	4.00	2.08	4.00
135	-1.78	3.98	2.08	4.00
136	-1.79	3.97	2.08	4.00
137	-1.80	3.96	2.08	4.00
138	-1.81	3.95	2.08	4.00
139	-1.81	3.94	2.08	4.00
140	-1.82	3.94	2.08	4.00
141	-1.82	3.93	2.08	4.00
142	-1.82	3.93	2.08	4.00
143	-1.82	3.92	2.08	4.00
144	-1.82	3.93	2.08	4.00
145	-1.83	3.94	2.08	4.00
146	-1.83	3.94	2.08	4.00
147	-1.83	3.95	2.08	4.00
148	-1.83	3.94	2.08	4.00
149	-1.82	3.94	2.08	4.00
150	-1.82	3.94	2.08	4.00
151	-1.81	3.91	2.08	4.00
152	-1.80	3.88	2.08	4.00
153	-1.78	3.84	2.08	4.00
154	-1.77	3.82	2.08	4.00
155	-1.78	3.83	2.08	4.00
156	-1.78	3.84	2.08	4.00
157	-1.78	3.85	2.08	4.00
158	-1.77	3.83	2.08	4.00
159	-1.76	3.81	2.08	4.00
160	-1.75	3.78	2.08	4.00
161	-1.74	3.76	2.08	4.00
162	-1.77	3.79	2.08	4.00
163	-1.79	3.81	2.08	4.00
164	-1.81	3.83	2.08	4.00
165	-1.82	3.85	2.08	4.00
166	-1.83	3.86	2.08	4.00
167	-1.84	3.87	2.08	4.00
168	-1.85	3.89	2.08	4.00
169	-1.87	3.90	2.08	4.00
170	-1.86	3.88	2.08	4.00
171	-1.86	3.87	2.08	4.00
172	-1.83	3.83	2.08	4.00
173	-1.81	3.81	2.08	4.00
174	-1.83	3.84	2.08	4.00
175	-1.84	3.86	2.08	4.00
176	-1.85	3.88	2.08	4.00
177	-1.86	3.90	2.08	4.00
178	-1.87	3.92	2.08	4.00
179	-1.88	3.93	2.08	4.00
180	-1.87	3.95	2.09	4.00
181	-1.88	3.96	2.09	4.00
182	-1.89	3.97	2.09	4.00
183	-1.90	3.98	2.09	4.00
184	-1.90	3.98	2.08	4.00
185	-1.90	3.99	2.08	4.00
186	-1.91	4.01	2.08	4.00
187	-1.90	3.99	2.08	4.00
188	-1.90	3.99	2.08	4.00
189	-1.91	4.00	2.08	4.00
190	-1.89	3.97	2.08	4.00
191	-1.86	3.93	2.08	4.00
192	-1.84	3.90	2.08	2.00
193	-1.81	3.86	2.08	2.00
194	-1.82	3.87	2.08	2.00
195	-1.81	3.84	2.08	3.00
196	-1.79	3.81	2.08	3.00
197	-1.80	3.79	2.07	3.00
198	-1.81	3.81	2.07	3.00
199	-1.82	3.84	2.07	3.00
200	-1.84	3.88	2.07	4.00
201	-1.86	3.92	2.07	4.00
202	-1.88	3.95	2.07	4.00
203	-1.89	3.98	2.07	4.00
204	-1.90	4.01	2.07	4.00
205	-1.94	4.12	2.07	2.00
206	-1.96	4.15	2.07	2.00
207	-1.97	4.17	2.07	2.00
208	-1.98	4.19	2.07	2.00
209	-1.98	4.22	2.07	2.00
210	-1.99	4.25	2.07	2.00
211	-2.01	4.29	2.07	2.00
212	-2.04	4.34	2.08	2.00
213	-2.05	4.36	2.08	2.00
214	-2.06	4.37	2.08	2.00
215	-2.07	4.38	2.08	2.00
216	-2.07	4.39	2.08	2.00
217	-2.08	4.39	2.08	3.00
218	-2.08	4.39	2.08	3.00
219	-2.08	4.38	2.08	3.00
220	-2.05	4.35	2.08	3.00
221	-2.05	4.35	2.08	3.00
222	-2.06	4.35	2.08	3.00
223	-2.06	4.35	2.08	3.00
Target 6 (frames from 45 to 92)
Bounding Boxes (frame, x, y, width, height)
45	218	98	187	375
46	227	96	187	374
47	235	95	187	374
48	243	94	186	373
49	251	93	186	373
50	258	92	186	373
51	265	92	186	372
52	272	92	186	372
53	278	92	186	372
54	284	92	186	372
55	288	94	186	372
56	291	97	185	371
57	295	99	185	370
58	300	100	185	370
59	305	100	185	371
60	311	99	185	371
61	316	99	185	371
62	322	98	185	371
63	328	96	186	372
64	335	95	185	371
65	342	95	184	369
66	350	96	183	367
67	357	98	182	365
68	364	101	181	362
69	371	103	179	359
70	378	106	179	358
71	384	107	178	357
72	389	108	179	358
73	394	109	179	359
74	398	109	180	360
75	403	107	181	363
76	407	105	183	366
77	411	103	184	369
78	416	101	185	370
79	419	98	187	374
80	423	95	189	378
81	428	93	189	379
82	435	94	187	375
83	442	96	184	368
84	447	97	182	364
85	452	98	180	360
86	456	100	177	354
87	461	102	174	348
88	465	105	170	341
89	470	108	166	333
90	474	112	162	325
91	478	116	157	315
92	482	120	152	305
3D Trajetory (frame, x, z, height, pose)
45	-0.02	2.07	1.97	1.00
46	-0.06	2.13	1.92	1.00
47	0.05	2.11	1.97	1.00
48	0.11	2.16	2.01	1.00
49	0.14	2.19	2.01	1.00
50	0.17	2.22	2.02	1.00
51	0.24	2.17	2.03	2.00
52	0.27	2.16	2.03	2.00
53	0.31	2.18	2.03	2.00
54	0.32	2.18	2.02	2.00
55	0.34	2.16	2.02	1.00
56	0.38	2.15	2.02	1.00
57	0.42	2.15	2.02	1.00
58	0.42	2.18	2.01	1.00
59	0.45	2.18	2.01	1.00
60	0.47	2.17	2.00	1.00
61	0.48	2.16	2.00	1.00
62	0.49	2.16	2.00	1.00
63	0.54	2.15	2.00	1.00
64	0.59	2.15	2.01	1.00
65	0.64	2.16	2.01	1.00
66	0.67	2.16	2.01	1.00
67	0.70	2.16	2.01	1.00
68	0.73	2.18	2.01	1.00
69	0.75	2.20	2.00	1.00
70	0.80	2.19	2.01	1.00
71	0.84	2.19	2.00	2.00
72	0.88	2.23	2.00	2.00
73	0.91	2.23	2.00	2.00
74	0.94	2.23	2.00	1.00
75	0.96	2.23	2.00	1.00
76	1.00	2.22	2.00	1.00
77	1.04	2.21	2.00	1.00
78	1.06	2.20	2.00	1.00
79	1.09	2.20	2.01	1.00
80	1.10	2.19	2.01	1.00
81	1.12	2.20	2.01	1.00
82	1.13	2.20	2.01	1.00
83	1.17	2.18	2.01	1.00
84	1.20	2.20	2.01	1.00
85	1.23	2.19	2.01	1.00
86	1.26	2.19	2.01	1.00
87	1.27	2.18	2.01	1.00
88	1.34	2.27	2.01	3.00
89	1.39	2.34	2.01	3.00
90	1.44	2.40	2.01	3.00
91	1.44	2.41	2.01	3.00
92	1.44	2.41	2.01	3.00
Target 7 (frames from 72 to 223)
Bounding Boxes (frame, x, y, width, height)
72	284	162	88	177
73	284	161	90	180
74	284	159	91	183
75	283	158	92	185
76	283	157	93	187
77	283	156	94	188
78	283	155	94	189
79	283	155	95	190
80	283	155	95	190
81	283	155	94	189
82	283	156	94	188
83	283	156	93	187
84	283	157	93	186
85	284	158	91	182
86	286	160	89	178
87	287	161	87	174
88	289	162	85	171
89	291	162	84	169
90	292	163	84	168
91	293	163	84	168
92	294	162	84	169
93	293	161	85	171
94	293	161	86	173
95	292	160	87	174
96	292	159	88	177
97	290	159	90	180
98	289	157	91	183
99	288	156	93	187
100	287	154	95	191
101	286	153	97	195
102	286	151	99	198
103	286	151	98	196
104	287	151	97	195
105	287	151	97	194
106	287	151	97	194
107	286	151	97	195
108	285	151	97	195
109	283	151	97	195
110	281	151	97	195
111	278	150	98	196
112	276	150	98	196
113	274	150	98	196
114	270	147	99	199
115	267	144	101	202
116	264	141	102	205
117	262	139	103	207
118	260	137	104	209
119	259	137	104	208
120	258	138	103	207
121	258	139	102	205
122	260	141	101	203
123	261	143	100	200
124	262	145	99	199
125	262	147	98	197
126	263	149	97	195
127	262	150	97	194
128	262	151	97	194
129	260	152	97	194
130	259	152	97	194
131	257	151	97	195
132	254	149	99	198
133	251	147	100	200
134	249	146	100	201
135	247	145	100	201
136	245	145	100	201
137	244	144	100	201
138	242	143	101	202
139	242	142	102	204
140	242	141	102	205
141	242	139	103	206
142	241	137	104	209
143	240	133	106	213
144	240	130	108	217
145	239	127	110	220
146	239	126	110	221
147	239	126	111	222
148	240	127	110	221
149	241	128	109	219
150	241	129	108	217
151	242	132	107	214
152	243	135	105	210
153	244	139	103	206
154	244	141	103	206
155	245	144	101	202
156	245	147	99	198
157	246	150	97	195
158	247	152	96	192
159	247	154	94	189
160	247	154	94	189
161	247	153	95	190
162	247	152	95	191
163	247	152	96	192
164	247	151	96	193
165	246	150	97	195
166	246	149	98	196
167	245	148	99	198
168	245	147	99	199
169	245	147	100	200
170	244	146	100	200
171	244	146	100	201
172	243	145	101	203
173	244	147	99	198
174	245	150	97	195
175	245	151	96	193
176	245	151	96	192
177	246	151	95	191
178	245	151	95	191
179	245	151	95	191
180	246	151	96	192
181	246	151	95	191
182	246	150	96	192
183	246	149	96	193
184	245	149	97	194
185	245	149	97	194
186	245	148	98	196
187	245	148	98	196
188	245	149	97	194
189	246	151	96	192
190	246	153	95	190
191	246	155	93	187
192	246	157	92	185
193	246	157	91	183
194	246	158	90	181
195	247	160	88	177
196	248	161	86	173
197	249	163	84	168
198	250	164	82	164
199	251	164	80	160
200	251	162	79	158
201	251	161	79	158
202	251	159	79	158
203	251	158	79	159
204	250	155	80	161
205	250	154	80	161
206	250	154	79	159
207	250	153	80	160
208	249	152	81	162
209	249	151	81	163
210	249	151	81	163
211	248	151	81	163
212	248	151	81	163
213	248	151	81	163
214	248	150	81	163
215	248	150	82	164
216	247	150	82	164
217	247	149	82	164
218	247	149	82	165
219	246	148	82	165
220	246	148	82	165
221	245	147	83	166
222	245	146	83	166
223	244	145	83	167
3D Trajetory (frame, x, z, height, pose)
72	0.02	4.65	1.99	2.00
73	0.13	4.46	2.05	2.00
74	0.12	4.25	1.99	2.00
75	0.12	4.21	1.97	2.00
76	0.15	4.16	1.98	2.00
77	0.13	4.17	1.97	2.00
78	0.12	4.17	1.97	2.00
79	0.11	4.15	1.97	2.00
80	0.13	4.16	1.97	1.00
81	0.12	4.13	1.97	1.00
82	0.12	4.06	1.97	1.00
83	0.10	4.13	1.97	1.00
84	0.11	4.16	1.97	1.00
85	0.11	4.18	1.97	1.00
86	0.12	4.20	1.97	1.00
87	0.12	4.23	1.96	1.00
88	0.13	4.25	1.96	4.00
89	0.14	4.32	1.96	4.00
90	0.16	4.38	1.96	4.00
91	0.17	4.48	1.96	4.00
92	0.18	4.57	1.96	4.00
93	0.20	4.78	1.95	4.00
94	0.20	4.67	1.95	4.00
95	0.19	4.59	1.95	4.00
96	0.19	4.51	1.95	4.00
97	0.19	4.44	1.95	4.00
98	0.18	4.40	1.94	4.00
99	0.17	4.37	1.94	4.00
100	0.16	4.34	1.94	4.00
101	0.17	4.27	1.94	4.00
102	0.17	4.29	1.94	4.00
103	0.17	4.24	1.94	4.00
104	0.17	4.20	1.95	4.00
105	0.18	4.16	1.95	4.00
106	0.18	4.13	1.95	4.00
107	0.18	4.10	1.95	4.00
108	0.16	4.10	1.95	4.00
109	0.15	4.10	1.95	4.00
110	0.13	4.09	1.94	4.00
111	0.11	4.09	1.94	4.00
112	0.11	4.04	1.94	4.00
113	0.08	4.01	1.94	4.00
114	0.06	3.99	1.94	4.00
115	0.04	3.96	1.94	4.00
116	0.03	3.95	1.94	4.00
117	0.02	3.93	1.94	4.00
118	0.01	3.92	1.94	4.00
119	-0.00	3.90	1.94	4.00
120	-0.01	3.88	1.95	4.00
121	-0.02	3.87	1.95	4.00
122	-0.03	3.85	1.95	4.00
123	-0.05	3.86	1.94	4.00
124	-0.07	3.87	1.94	2.00
125	-0.09	3.89	1.94	2.00
126	-0.09	3.88	1.93	2.00
127	-0.09	3.87	1.93	2.00
128	-0.09	3.87	1.93	2.00
129	-0.09	3.87	1.93	4.00
130	-0.10	3.87	1.93	4.00
131	-0.13	3.85	1.93	4.00
132	-0.15	3.84	1.93	4.00
133	-0.17	3.84	1.93	4.00
134	-0.18	3.83	1.93	4.00
135	-0.20	3.82	1.93	4.00
136	-0.21	3.81	1.93	4.00
137	-0.23	3.81	1.93	2.00
138	-0.24	3.82	1.93	2.00
139	-0.25	3.80	1.93	2.00
140	-0.26	3.80	1.93	4.00
141	-0.26	3.79	1.93	4.00
142	-0.27	3.78	1.93	4.00
143	-0.27	3.75	1.93	4.00
144	-0.27	3.74	1.93	4.00
145	-0.27	3.72	1.94	4.00
146	-0.27	3.70	1.94	4.00
147	-0.27	3.68	1.94	4.00
148	-0.27	3.67	1.94	4.00
149	-0.27	3.63	1.94	4.00
150	-0.26	3.60	1.94	4.00
151	-0.25	3.59	1.94	4.00
152	-0.25	3.62	1.94	4.00
153	-0.25	3.64	1.94	4.00
154	-0.25	3.67	1.94	4.00
155	-0.24	3.70	1.94	4.00
156	-0.24	3.72	1.94	4.00
157	-0.24	3.75	1.94	4.00
158	-0.24	3.76	1.94	4.00
159	-0.24	3.77	1.94	4.00
160	-0.24	3.77	1.94	4.00
161	-0.24	3.78	1.94	4.00
162	-0.24	3.78	1.94	4.00
163	-0.25	3.93	1.93	4.00
164	-0.24	3.93	1.94	2.00
165	-0.23	3.93	1.94	2.00
166	-0.24	3.96	1.94	2.00
167	-0.24	3.96	1.94	4.00
168	-0.24	3.94	1.94	4.00
169	-0.24	3.94	1.94	4.00
170	-0.24	3.93	1.94	4.00
171	-0.24	3.93	1.94	4.00
172	-0.24	3.91	1.94	4.00
173	-0.24	3.91	1.94	4.00
174	-0.25	3.93	1.94	4.00
175	-0.25	3.94	1.94	4.00
176	-0.25	3.96	1.94	4.00
177	-0.26	3.99	1.94	4.00
178	-0.26	4.00	1.94	4.00
179	-0.26	4.01	1.94	4.00
180	-0.26	4.03	1.94	4.00
181	-0.26	4.04	1.94	4.00
182	-0.26	4.02	1.94	4.00
183	-0.26	4.00	1.94	4.00
184	-0.26	3.99	1.94	4.00
185	-0.26	3.98	1.93	4.00
186	-0.26	3.99	1.93	4.00
187	-0.26	3.99	1.93	4.00
188	-0.26	3.99	1.93	4.00
189	-0.26	3.99	1.93	4.00
190	-0.26	3.95	1.93	4.00
191	-0.26	3.94	1.92	4.00
192	-0.26	3.94	1.92	4.00
193	-0.26	3.93	1.92	4.00
194	-0.26	3.94	1.92	4.00
195	-0.27	4.01	1.92	4.00
196	-0.29	4.08	1.92	4.00
197	-0.28	4.06	1.91	4.00
198	-0.28	4.05	1.91	4.00
199	-0.29	4.15	1.91	4.00
200	-0.30	4.17	1.91	4.00
201	-0.30	4.19	1.91	4.00
202	-0.30	4.22	1.91	4.00
203	-0.30	4.24	1.91	4.00
204	-0.30	4.30	1.91	4.00
205	-0.31	4.38	1.91	4.00
206	-0.32	4.42	1.91	2.00
207	-0.33	4.47	1.91	2.00
208	-0.33	4.47	1.91	2.00
209	-0.34	4.52	1.91	2.00
210	-0.34	4.57	1.91	2.00
211	-0.35	4.61	1.91	4.00
212	-0.35	4.66	1.91	4.00
213	-0.35	4.72	1.91	4.00
214	-0.35	4.73	1.91	4.00
215	-0.36	4.76	1.91	4.00
216	-0.37	4.78	1.92	4.00
217	-0.37	4.80	1.92	4.00
218	-0.38	4.82	1.92	4.00
219	-0.38	4.83	1.92	4.00
220	-0.39	4.83	1.92	4.00
221	-0.39	4.83	1.92	4.00
222	-0.39	4.84	1.92	4.00
223	-0.39	4.84	1.92	2.00
Target 8 (frames from 95 to 223)
Bounding Boxes (frame, x, y, width, height)
95	447	141	99	199
96	448	142	97	195
97	449	143	95	191
98	450	143	94	189
99	451	143	93	186
100	452	143	92	185
101	452	143	92	184
102	452	143	91	183
103	452	143	91	183
104	451	142	92	184
105	450	141	93	186
106	449	140	94	189
107	448	139	96	193
108	446	137	99	198
109	444	136	101	202
110	442	136	102	205
111	441	136	103	207
112	440	137	102	205
113	440	138	101	202
114	439	138	99	198
115	438	138	97	194
116	437	138	96	193
117	436	137	95	191
118	434	137	95	190
119	434	137	93	187
120	434	137	92	184
121	433	137	91	182
122	433	136	91	182
123	431	135	91	182
124	430	134	92	184
125	429	132	93	187
126	427	131	96	192
127	426	131	98	196
128	424	131	100	200
129	423	131	101	202
130	422	131	101	203
131	421	131	101	202
132	420	130	101	203
133	419	130	102	205
134	418	129	104	208
135	418	129	104	209
136	417	128	106	212
137	418	129	105	210
138	418	129	104	208
139	419	130	103	207
140	420	130	102	205
141	421	131	102	204
142	421	131	101	203
143	421	132	101	203
144	420	132	102	204
145	420	132	102	204
146	419	133	102	204
147	417	132	103	207
148	415	132	104	209
149	414	132	105	211
150	412	132	106	213
151	410	133	107	215
152	409	133	108	216
153	407	133	108	217
154	406	132	109	218
155	406	133	108	216
156	406	133	106	213
157	406	133	105	211
158	407	134	104	208
159	407	134	102	205
160	408	134	101	203
161	408	134	100	201
162	408	134	100	201
163	407	134	101	202
164	407	134	101	203
165	407	134	102	205
166	407	134	102	204
167	407	134	102	205
168	407	134	103	206
169	406	134	103	207
170	406	133	103	207
171	406	133	104	209
172	405	133	105	210
173	405	132	106	212
174	404	132	107	214
175	404	131	107	215
176	404	131	107	215
177	403	131	107	215
178	403	131	107	215
179	402	130	107	215
180	402	130	107	215
181	402	130	107	214
182	402	130	106	213
183	401	130	106	212
184	401	130	105	210
185	400	129	105	211
186	399	129	105	211
187	399	129	105	210
188	399	129	105	210
189	400	129	104	209
190	401	130	104	208
191	402	131	103	207
192	403	133	102	205
193	405	134	101	202
194	406	136	100	200
195	408	137	99	198
196	409	139	98	197
197	410	139	98	197
198	410	140	98	197
199	411	140	98	197
200	411	140	96	193
201	411	141	95	190
202	411	140	93	187
203	410	140	92	184
204	408	139	91	182
205	407	139	90	180
206	406	139	89	178
207	404	139	89	178
208	403	139	88	177
209	402	140	89	179
210	401	140	91	182
211	400	141	92	184
212	401	141	93	186
213	401	141	94	189
214	401	140	95	191
215	402	139	95	191
216	402	138	94	189
217	403	137	93	187
218	404	136	92	184
219	405	135	89	179
220	406	133	87	175
221	407	132	84	169
222	409	130	81	162
223	410	128	77	155
3D Trajetory (frame, x, z, height, pose)
95	1.85	4.16	2.08	4.00
96	1.84	4.13	2.06	4.00
97	1.84	4.13	2.06	4.00
98	1.87	4.21	2.09	4.00
99	1.95	4.39	2.09	4.00
100	2.15	4.84	2.11	4.00
101	2.26	5.09	2.11	4.00
102	2.37	5.33	2.12	4.00
103	2.29	5.15	2.13	4.00
104	2.17	4.90	2.13	4.00
105	2.08	4.70	2.13	4.00
106	2.02	4.56	2.12	4.00
107	1.97	4.46	2.11	4.00
108	1.94	4.38	2.10	4.00
109	1.92	4.34	2.10	4.00
110	1.86	4.24	2.10	4.00
111	1.82	4.17	2.10	4.00
112	1.80	4.14	2.10	4.00
113	1.78	4.17	2.10	4.00
114	1.77	4.14	2.10	4.00
115	1.76	4.12	2.10	4.00
116	1.74	4.13	2.10	4.00
117	1.72	4.14	2.09	4.00
118	1.71	4.14	2.09	4.00
119	1.74	4.25	2.09	4.00
120	1.77	4.35	2.10	4.00
121	1.79	4.44	2.10	4.00
122	1.75	4.39	2.10	4.00
123	1.73	4.36	2.10	4.00
124	1.70	4.33	2.10	4.00
125	1.74	4.44	2.10	4.00
126	1.72	4.41	2.10	4.00
127	1.75	4.50	2.10	4.00
128	1.72	4.46	2.10	4.00
129	1.69	4.41	2.10	4.00
130	1.66	4.36	2.11	4.00
131	1.63	4.31	2.11	4.00
132	1.61	4.26	2.11	4.00
133	1.59	4.22	2.11	4.00
134	1.57	4.18	2.11	4.00
135	1.58	4.27	2.11	4.00
136	1.57	4.22	2.11	4.00
137	1.56	4.19	2.11	4.00
138	1.54	4.16	2.11	4.00
139	1.53	4.12	2.11	4.00
140	1.53	4.09	2.11	4.00
141	1.52	4.07	2.11	4.00
142	1.52	4.04	2.11	4.00
143	1.51	4.02	2.10	4.00
144	1.50	4.00	2.10	4.00
145	1.53	4.11	2.11	4.00
146	1.53	4.09	2.11	4.00
147	1.54	4.08	2.10	4.00
148	1.51	4.06	2.10	4.00
149	1.49	4.04	2.10	4.00
150	1.46	3.97	2.09	4.00
151	1.43	3.93	2.09	4.00
152	1.41	3.88	2.09	4.00
153	1.39	3.83	2.09	4.00
154	1.38	3.83	2.09	4.00
155	1.37	3.83	2.09	4.00
156	1.36	3.85	2.09	4.00
157	1.36	3.86	2.09	4.00
158	1.36	3.89	2.09	4.00
159	1.36	3.91	2.09	4.00
160	1.36	3.93	2.09	4.00
161	1.35	3.93	2.09	4.00
162	1.36	3.95	2.09	4.00
163	1.36	3.96	2.09	4.00
164	1.36	3.97	2.09	4.00
165	1.36	3.99	2.09	4.00
166	1.37	4.01	2.09	4.00
167	1.37	4.02	2.09	4.00
168	1.38	4.02	2.10	4.00
169	1.38	4.02	2.10	4.00
170	1.38	4.02	2.10	4.00
171	1.38	4.02	2.10	4.00
172	1.38	4.02	2.10	4.00
173	1.37	4.02	2.10	4.00
174	1.38	4.02	2.10	4.00
175	1.35	3.96	2.10	4.00
176	1.35	3.97	2.10	4.00
177	1.36	3.97	2.10	4.00
178	1.35	3.93	2.10	4.00
179	1.35	3.94	2.10	4.00
180	1.35	3.94	2.10	4.00
181	1.35	3.95	2.10	4.00
182	1.34	3.96	2.10	4.00
183	1.34	3.96	2.10	4.00
184	1.33	3.95	2.10	4.00
185	1.32	3.93	2.09	4.00
186	1.31	3.93	2.09	4.00
187	1.31	3.93	2.09	4.00
188	1.31	3.93	2.09	4.00
189	1.30	3.92	2.09	4.00
190	1.30	3.91	2.09	4.00
191	1.29	3.90	2.09	4.00
192	1.29	3.90	2.09	4.00
193	1.29	3.90	2.09	4.00
194	1.32	3.94	2.09	4.00
195	1.34	3.96	2.08	4.00
196	1.36	3.99	2.08	4.00
197	1.35	3.99	2.08	4.00
198	1.37	4.00	2.08	4.00
199	1.39	4.03	2.08	4.00
200	1.40	4.05	2.08	4.00
201	1.41	4.07	2.08	4.00
202	1.42	4.09	2.07	4.00
203	1.42	4.09	2.07	4.00
204	1.42	4.11	2.08	4.00
205	1.42	4.15	2.07	4.00
206	1.44	4.26	2.07	4.00
207	1.45	4.35	2.07	4.00
208	1.47	4.45	2.07	4.00
209	1.45	4.46	2.07	4.00
210	1.45	4.48	2.07	4.00
211	1.44	4.49	2.07	4.00
212	1.44	4.49	2.07	4.00
213	1.45	4.48	2.07	4.00
214	1.44	4.48	2.07	4.00
215	1.43	4.48	2.07	4.00
216	1.44	4.45	2.07	2.00
217	1.45	4.43	2.07	2.00
218	1.47	4.50	2.08	2.00
219	1.48	4.56	2.08	2.00
220	1.49	4.62	2.08	2.00
221	1.50	4.67	2.08	2.00
222	1.52	4.73	2.08	2.00
223	1.53	4.78	2.08	2.00
Target 9 (frames from 98 to 175)
Bounding Boxes (frame, x, y, width, height)
98	493	117	162	324
99	493	117	161	323
100	493	117	161	323
101	494	116	161	323
102	494	116	161	323
103	493	115	162	324
104	493	115	162	325
105	493	114	163	327
106	493	113	164	328
107	492	112	165	331
108	491	109	168	337
109	489	106	172	345
110	489	105	174	348
111	489	105	174	348
112	488	104	175	351
113	487	103	176	353
114	487	101	178	356
115	486	100	179	359
116	486	99	181	362
117	485	98	182	365
118	484	96	183	367
119	484	95	185	370
120	483	92	188	377
121	481	90	191	382
122	481	88	192	385
123	481	88	193	386
124	481	90	191	383
125	482	93	189	378
126	484	96	186	373
127	485	98	184	368
128	486	101	181	363
129	487	103	179	358
130	488	105	177	354
131	489	106	174	349
132	491	108	172	345
133	491	109	170	341
134	491	109	169	339
135	490	109	170	341
136	487	108	171	343
137	484	106	174	348
138	481	102	177	355
139	478	101	179	359
140	475	101	180	361
141	472	101	181	362
142	470	102	180	361
143	467	102	181	362
144	464	102	182	364
145	462	101	182	365
146	460	100	183	366
147	459	98	182	365
148	458	97	182	364
149	458	95	181	363
150	457	93	181	363
151	457	93	181	363
152	456	92	182	364
153	455	92	182	365
154	455	92	181	363
155	455	94	180	361
156	454	95	179	358
157	454	97	178	356
158	454	99	176	352
159	454	102	174	348
160	453	104	172	345
161	453	106	170	340
162	452	108	168	336
163	451	110	166	332
164	450	111	163	327
165	450	112	160	320
166	448	113	158	316
167	447	112	157	315
168	445	112	158	316
169	443	111	159	318
170	440	109	161	322
171	438	107	163	326
172	435	105	166	332
173	432	102	169	339
174	429	99	173	347
175	425	95	178	356
3D Trajetory (frame, x, z, height, pose)
98	1.44	2.25	1.99	2.00
99	1.45	2.26	2.00	2.00
100	1.70	2.68	1.98	2.00
101	1.81	2.87	1.98	3.00
102	1.54	2.42	1.99	2.00
103	1.54	2.41	1.99	2.00
104	1.54	2.40	1.98	2.00
105	1.53	2.40	1.98	2.00
106	1.53	2.39	1.98	2.00
107	1.53	2.39	1.97	2.00
108	1.52	2.38	1.97	2.00
109	1.52	2.38	1.97	2.00
110	1.52	2.37	1.96	2.00
111	1.51	2.36	1.96	2.00
112	1.51	2.36	1.96	2.00
113	1.50	2.35	1.95	2.00
114	1.50	2.35	1.95	2.00
115	1.50	2.34	1.95	2.00
116	1.49	2.33	1.95	2.00
117	1.49	2.33	1.94	2.00
118	1.49	2.32	1.94	2.00
119	1.48	2.32	1.94	2.00
120	1.48	2.31	1.93	2.00
121	1.47	2.30	1.93	2.00
122	1.47	2.30	1.93	2.00
123	1.47	2.29	1.92	2.00
124	1.46	2.29	1.92	2.00
125	1.46	2.28	1.92	2.00
126	1.46	2.28	1.91	2.00
127	1.45	2.27	1.91	2.00
128	1.45	2.26	1.91	2.00
129	1.46	2.28	1.92	2.00
130	1.45	2.26	1.92	2.00
131	1.44	2.24	1.93	2.00
132	1.43	2.23	1.93	2.00
133	1.43	2.22	1.94	2.00
134	1.42	2.22	1.94	2.00
135	1.41	2.20	1.94	2.00
136	1.40	2.20	1.94	2.00
137	1.41	2.20	1.94	2.00
138	1.42	2.22	1.94	2.00
139	1.42	2.23	1.94	2.00
140	1.36	2.20	1.94	4.00
141	1.31	2.16	1.94	4.00
142	1.27	2.13	1.94	4.00
143	1.23	2.10	1.94	4.00
144	1.27	2.14	1.94	2.00
145	1.25	2.12	1.94	4.00
146	1.23	2.11	1.94	2.00
147	1.22	2.11	1.94	2.00
148	1.21	2.12	1.94	2.00
149	1.20	2.11	1.94	2.00
150	1.19	2.10	1.94	2.00
151	1.19	2.11	1.94	2.00
152	1.19	2.13	1.95	1.00
153	1.20	2.14	1.95	1.00
154	1.20	2.16	1.96	1.00
155	1.19	2.15	1.96	2.00
156	1.19	2.14	1.96	2.00
157	1.18	2.12	1.96	2.00
158	1.19	2.15	1.96	2.00
159	1.20	2.17	1.96	2.00
160	1.20	2.19	1.96	2.00
161	1.21	2.22	1.96	2.00
162	1.21	2.25	1.96	2.00
163	1.21	2.26	1.96	2.00
164	1.20	2.26	1.96	2.00
165	1.20	2.27	1.96	2.00
166	1.19	2.28	1.96	2.00
167	1.19	2.29	1.96	2.00
168	1.18	2.29	1.96	2.00
169	1.18	2.30	1.96	2.00
170	1.17	2.31	1.96	2.00
171	1.17	2.32	1.96	2.00
172	1.16	2.32	1.96	2.00
173	1.16	2.33	1.96	2.00
174	1.12	2.26	1.96	4.00
175	1.10	2.23	1.96	2.00
Target 10 (frames from 102 to 166)
Bounding Boxes (frame, x, y, width, height)
102	183	145	102	205
103	181	142	103	207
104	179	139	104	209
105	178	137	105	210
106	176	135	106	212
107	175	134	106	213
108	174	133	107	214
109	173	132	107	215
110	173	131	107	215
111	172	130	108	216
112	172	130	108	216
113	172	131	107	215
114	172	132	107	214
115	173	133	106	212
116	172	133	106	213
117	172	133	107	214
118	171	132	107	215
119	170	131	107	215
120	169	131	107	214
121	169	132	106	212
122	170	134	103	207
123	171	136	101	202
124	171	137	100	200
125	171	138	99	198
126	170	138	98	197
127	171	140	97	195
128	171	141	96	193
129	170	142	96	192
130	170	142	96	192
131	169	143	95	191
132	168	142	96	192
133	166	140	97	195
134	165	138	100	200
135	163	135	102	204
136	162	134	103	207
137	162	132	104	208
138	162	132	104	209
139	163	132	104	208
140	165	133	103	206
141	166	133	103	206
142	166	133	103	207
143	167	133	103	207
144	168	134	102	205
145	170	136	101	202
146	171	136	101	203
147	171	136	102	204
148	172	136	102	205
149	172	135	103	206
150	172	134	103	207
151	173	134	104	208
152	173	133	104	209
153	173	133	105	210
154	173	134	105	210
155	175	135	105	210
156	176	136	104	209
157	177	137	104	208
158	175	136	104	209
159	173	135	105	211
160	171	134	106	213
161	168	133	107	215
162	165	131	108	217
163	161	130	110	220
164	157	128	111	222
165	152	125	113	226
166	147	123	114	229
3D Trajetory (frame, x, z, height, pose)
102	-0.86	4.01	2.08	4.00
103	-0.86	4.00	2.08	4.00
104	-0.87	3.98	2.07	4.00
105	-0.87	3.98	2.07	4.00
106	-0.85	3.78	2.07	4.00
107	-0.86	3.94	2.09	4.00
108	-0.96	3.99	2.09	4.00
109	-0.95	3.96	2.10	4.00
110	-0.94	3.93	2.10	4.00
111	-0.92	3.90	2.10	4.00
112	-0.91	3.87	2.10	4.00
113	-0.90	3.87	2.10	4.00
114	-0.90	3.85	2.10	4.00
115	-0.90	3.85	2.10	4.00
116	-0.89	3.83	2.09	4.00
117	-0.91	3.85	2.09	4.00
118	-0.92	3.88	2.09	4.00
119	-0.94	3.90	2.09	4.00
120	-0.96	3.92	2.09	4.00
121	-0.99	4.00	2.09	4.00
122	-0.97	3.92	2.09	4.00
123	-0.96	3.87	2.09	4.00
124	-0.95	3.83	2.09	4.00
125	-0.98	3.90	2.09	4.00
126	-1.00	3.98	2.08	4.00
127	-1.01	4.04	2.07	4.00
128	-1.02	4.11	2.06	4.00
129	-1.03	4.17	2.06	4.00
130	-1.04	4.22	2.05	4.00
131	-1.07	4.17	2.06	4.00
132	-1.09	4.12	2.06	4.00
133	-1.09	4.17	2.06	4.00
134	-1.09	4.19	2.06	4.00
135	-1.08	4.21	2.05	4.00
136	-1.10	4.14	2.05	4.00
137	-1.10	4.15	2.05	4.00
138	-1.09	4.16	2.05	4.00
139	-1.09	4.16	2.05	4.00
140	-1.08	4.16	2.05	4.00
141	-1.08	4.16	2.05	4.00
142	-1.07	4.16	2.05	4.00
143	-1.07	4.16	2.05	4.00
144	-1.06	4.16	2.05	4.00
145	-1.06	4.15	2.05	4.00
146	-1.06	4.15	2.05	4.00
147	-1.05	4.15	2.05	4.00
148	-1.05	4.15	2.05	4.00
149	-1.04	4.15	2.05	4.00
150	-1.04	4.15	2.05	4.00
151	-1.03	4.14	2.05	4.00
152	-1.01	4.10	2.05	4.00
153	-0.99	4.06	2.05	4.00
154	-0.96	4.02	2.05	4.00
155	-0.97	4.01	2.05	4.00
156	-0.94	3.96	2.05	4.00
157	-0.93	3.95	2.05	4.00
158	-0.92	3.94	2.05	4.00
159	-0.91	3.94	2.05	4.00
160	-0.90	3.93	2.05	4.00
161	-0.89	3.92	2.05	4.00
162	-0.91	3.94	2.05	4.00
163	-0.92	3.95	2.05	4.00
164	-0.99	3.90	2.06	4.00
165	-1.03	3.85	2.06	4.00
166	-1.03	3.75	2.06	4.00
Target 11 (frames from 155 to 198)
Bounding Boxes (frame, x, y, width, height)
155	465	100	147	295
156	464	101	147	294
157	463	102	146	293
158	461	102	146	292
159	460	103	145	291
160	459	104	144	289
161	458	105	143	287
162	457	106	143	286
163	456	106	142	284
164	455	107	141	282
165	454	108	139	278
166	453	109	137	275
167	452	109	135	271
168	451	110	134	268
169	450	110	133	266
170	450	111	132	264
171	450	111	132	264
172	450	111	132	265
173	450	111	133	267
174	450	111	133	267
175	451	112	133	266
176	452	112	133	267
177	451	111	134	268
178	451	111	134	269
179	451	111	134	269
180	451	110	135	270
181	451	110	135	270
182	451	110	135	271
183	451	109	135	271
184	451	109	136	272
185	451	109	136	272
186	451	109	136	272
187	451	108	136	273
188	451	108	136	273
189	451	108	137	274
190	451	108	137	275
191	451	107	137	275
192	451	107	137	275
193	451	107	138	276
194	451	106	138	276
195	451	106	138	276
196	451	106	138	276
197	452	105	138	277
198	452	105	138	277
3D Trajetory (frame, x, z, height, pose)
155	1.62	3.00	2.16	4.00
156	1.60	2.97	2.15	4.00
157	1.59	2.95	2.15	4.00
158	1.58	2.93	2.15	4.00
159	1.56	2.91	2.14	4.00
160	1.55	2.88	2.14	4.00
161	1.54	2.86	2.14	4.00
162	1.52	2.84	2.14	4.00
163	1.51	2.82	2.13	4.00
164	1.66	3.27	2.21	4.00
165	1.66	3.32	2.21	4.00
166	1.63	3.05	2.20	4.00
167	1.60	3.26	2.25	3.00
168	1.63	3.31	2.25	3.00
169	1.63	3.31	2.23	3.00
170	1.63	3.31	2.22	3.00
171	1.63	3.29	2.21	3.00
172	1.62	3.26	2.20	4.00
173	1.62	3.26	2.20	3.00
174	1.61	3.25	2.20	3.00
175	1.61	3.24	2.20	3.00
176	1.61	3.23	2.20	3.00
177	1.61	3.22	2.20	3.00
178	1.61	3.21	2.20	3.00
179	1.61	3.21	2.19	3.00
180	1.60	3.20	2.19	3.00
181	1.60	3.19	2.19	3.00
182	1.60	3.18	2.19	3.00
183	1.60	3.17	2.19	3.00
184	1.60	3.16	2.19	3.00
185	1.60	3.15	2.19	3.00
186	1.60	3.15	2.19	3.00
187	1.59	3.14	2.19	3.00
188	1.59	3.13	2.19	3.00
189	1.59	3.12	2.19	3.00
190	1.59	3.11	2.19	3.00
191	1.59	3.10	2.19	3.00
192	1.59	3.10	2.19	3.00
193	1.59	3.09	2.19	3.00
194	1.58	3.08	2.19	3.00
195	1.58	3.07	2.19	3.00
196	1.58	3.06	2.19	3.00
197	1.58	3.05	2.19	4.00
198	1.58	3.09	2.18	2.00
Target 12 (frames from 181 to 223)
Bounding Boxes (frame, x, y, width, height)
181	451	79	195	390
182	451	79	195	390
183	451	79	195	390
184	451	79	195	390
185	451	79	194	389
186	451	78	194	389
187	451	78	194	388
188	452	78	194	388
189	452	78	194	388
190	452	78	193	387
191	451	77	194	388
192	451	76	194	388
193	451	75	194	388
194	451	75	193	387
195	451	75	193	386
196	451	75	192	384
197	452	78	189	379
198	452	81	187	374
199	453	85	184	368
200	453	86	183	366
201	453	88	182	364
202	453	90	181	363
203	453	94	180	360
204	454	97	178	356
205	454	99	177	355
206	454	100	178	356
207	454	101	178	357
208	454	102	178	357
209	455	103	178	357
210	456	104	178	357
211	457	104	179	358
212	458	104	179	359
213	458	103	180	360
214	459	103	180	361
215	459	102	181	362
216	459	102	181	363
217	459	101	181	363
218	459	100	182	364
219	459	99	182	365
220	459	98	183	366
221	459	97	183	367
222	459	96	184	368
223	458	94	184	369
3D Trajetory (frame, x, z, height, pose)
181	1.25	2.18	2.15	4.00
182	1.23	2.15	2.12	4.00
183	1.22	2.13	2.10	4.00
184	1.22	2.13	2.09	2.00
185	1.22	2.13	2.08	2.00
186	1.23	2.14	2.07	2.00
187	1.22	2.13	2.05	2.00
188	1.21	2.12	2.03	2.00
189	1.24	2.17	2.04	2.00
190	1.21	2.12	2.07	2.00
191	1.21	2.12	2.06	2.00
192	1.22	2.13	2.06	2.00
193	1.22	2.14	2.06	2.00
194	1.24	2.18	2.07	2.00
195	1.23	2.15	2.09	2.00
196	1.23	2.16	2.08	2.00
197	1.24	2.18	2.08	2.00
198	1.25	2.20	2.08	2.00
199	1.26	2.22	2.08	2.00
200	1.27	2.25	2.08	2.00
201	1.27	2.27	2.08	2.00
202	1.28	2.29	2.09	2.00
203	1.29	2.31	2.09	2.00
204	1.29	2.33	2.08	2.00
205	1.30	2.34	2.08	2.00
206	1.30	2.32	2.07	2.00
207	1.29	2.30	2.07	2.00
208	1.28	2.28	2.07	2.00
209	1.29	2.29	2.07	2.00
210	1.29	2.31	2.06	2.00
211	1.30	2.33	2.06	2.00
212	1.30	2.31	2.06	2.00
213	1.30	2.28	2.05	2.00
214	1.29	2.26	2.05	2.00
215	1.32	2.30	2.05	2.00
216	1.32	2.28	2.04	2.00
217	1.31	2.26	2.04	2.00
218	1.30	2.24	2.04	2.00
219	1.29	2.22	2.04	2.00
220	1.28	2.20	2.03	2.00
221	1.28	2.19	2.03	2.00
222	1.27	2.19	2.03	2.00
223	1.27	2.19	2.02	2.00
