Total frames 174
Number of Targets 12
Target 1 (frames from 1 to 77)
Bounding Boxes (frame, x, y, width, height)
1	473	133	113	227
2	472	133	114	229
3	471	132	115	231
4	471	132	116	232
5	470	132	116	233
6	470	132	117	234
7	470	132	117	234
8	470	132	117	235
9	470	132	117	235
10	470	133	117	234
11	471	133	116	232
12	472	134	115	231
13	473	134	114	229
14	473	135	114	228
15	474	135	113	227
16	475	136	113	226
17	476	136	112	225
18	476	137	112	224
19	477	138	111	222
20	478	138	110	221
21	478	139	110	220
22	478	139	110	220
23	479	139	110	220
24	478	139	110	220
25	478	139	110	220
26	478	138	110	221
27	477	138	111	223
28	477	137	112	224
29	476	136	113	227
30	475	135	115	230
31	475	135	116	232
32	475	135	116	232
33	475	135	115	230
34	476	136	113	226
35	477	136	111	222
36	478	137	109	218
37	479	138	107	215
38	480	138	106	213
39	480	138	106	212
40	480	138	105	211
41	479	139	106	212
42	479	139	105	211
43	478	139	107	214
44	478	139	108	217
45	476	137	112	224
46	475	136	114	229
47	474	135	117	235
48	473	135	118	236
49	473	137	117	234
50	474	138	115	230
51	475	139	112	225
52	474	138	111	222
53	473	137	112	224
54	472	135	113	226
55	472	135	112	224
56	473	134	111	222
57	473	133	110	220
58	474	133	109	219
59	474	132	109	219
60	476	132	110	220
61	477	131	111	223
62	478	130	113	227
63	479	129	116	232
64	481	130	115	231
65	483	130	116	233
66	486	131	116	233
67	487	132	116	233
68	488	133	116	232
69	489	133	115	231
70	489	133	115	230
71	489	133	114	228
72	489	133	113	226
73	488	133	111	223
74	487	132	110	220
75	485	131	108	217
76	483	131	107	214
77	481	130	105	210
3D Trajetory (frame, x, z, height, pose)
1	2.04	3.84	2.09	2.00
2	1.82	3.50	2.02	2.00
3	1.77	3.39	2.01	2.00
4	1.79	3.42	2.02	2.00
5	1.80	3.44	2.03	2.00
6	1.78	3.41	2.03	2.00
7	1.77	3.39	2.02	2.00
8	1.79	3.43	2.03	2.00
9	1.79	3.44	2.03	2.00
10	1.82	3.48	2.03	2.00
11	1.83	3.50	2.04	2.00
12	1.85	3.52	2.04	2.00
13	1.86	3.53	2.04	2.00
14	1.87	3.54	2.04	2.00
15	1.87	3.55	2.04	2.00
16	1.88	3.56	2.04	2.00
17	1.89	3.57	2.04	2.00
18	1.89	3.59	2.04	2.00
19	1.90	3.60	2.04	2.00
20	1.91	3.61	2.04	2.00
21	1.92	3.62	2.04	2.00
22	1.92	3.63	2.04	2.00
23	1.93	3.64	2.04	2.00
24	1.94	3.65	2.04	2.00
25	1.94	3.66	2.03	2.00
26	1.95	3.67	2.03	2.00
27	1.94	3.66	2.03	2.00
28	1.94	3.65	2.03	2.00
29	1.94	3.64	2.03	2.00
30	1.93	3.64	2.03	2.00
31	1.93	3.63	2.03	2.00
32	1.93	3.63	2.03	2.00
33	1.93	3.58	2.04	2.00
34	1.91	3.56	2.04	2.00
35	1.90	3.55	2.04	2.00
36	1.91	3.56	2.04	2.00
37	1.91	3.57	2.04	2.00
38	1.97	3.68	2.05	2.00
39	2.01	3.76	2.05	2.00
40	2.04	3.83	2.05	2.00
41	2.07	3.89	2.05	2.00
42	2.05	3.86	2.05	2.00
43	2.04	3.83	2.05	2.00
44	2.02	3.81	2.05	2.00
45	2.01	3.78	2.04	2.00
46	2.00	3.75	2.04	2.00
47	1.99	3.73	2.04	2.00
48	1.98	3.72	2.04	2.00
49	1.97	3.70	2.04	2.00
50	1.96	3.68	2.04	2.00
51	1.92	3.60	2.04	2.00
52	1.91	3.58	2.04	2.00
53	1.89	3.57	2.04	2.00
54	1.95	3.70	2.04	2.00
55	1.95	3.71	2.04	2.00
56	1.97	3.75	2.04	2.00
57	1.98	3.76	2.04	2.00
58	1.92	3.70	2.04	2.00
59	1.92	3.68	2.05	2.00
60	1.92	3.66	2.05	2.00
61	1.93	3.63	2.05	2.00
62	1.99	3.74	2.05	2.00
63	2.03	3.81	2.05	4.00
64	2.00	3.74	2.05	4.00
65	1.99	3.68	2.05	4.00
66	2.00	3.65	2.05	4.00
67	2.01	3.62	2.05	4.00
68	2.01	3.59	2.05	2.00
69	2.02	3.58	2.05	2.00
70	2.02	3.57	2.05	2.00
71	2.03	3.56	2.05	2.00
72	2.03	3.56	2.05	2.00
73	2.00	3.50	2.05	2.00
74	2.01	3.55	2.06	2.00
75	2.02	3.61	2.06	2.00
76	2.07	3.70	2.06	3.00
77	2.04	3.67	2.06	3.00
Target 2 (frames from 1 to 12)
Bounding Boxes (frame, x, y, width, height)
1	384	93	187	375
2	386	95	185	371
3	387	96	184	368
4	388	98	182	365
5	388	99	181	362
6	389	99	179	359
7	389	99	179	359
8	390	99	178	356
9	390	99	176	353
10	391	100	175	350
11	392	100	173	347
12	393	100	172	344
3D Trajetory (frame, x, z, height, pose)
1	0.89	2.26	2.14	2.00
2	0.88	2.21	2.07	2.00
3	0.88	2.20	2.06	2.00
4	0.95	2.37	2.05	2.00
5	0.91	2.29	2.06	2.00
6	0.91	2.29	2.05	2.00
7	0.91	2.28	2.04	2.00
8	0.91	2.28	2.04	2.00
9	0.88	2.21	2.04	2.00
10	0.92	2.30	2.05	2.00
11	0.94	2.36	2.05	2.00
12	0.94	2.36	2.04	2.00
Target 3 (frames from 1 to 174)
Bounding Boxes (frame, x, y, width, height)
1	261	149	104	209
2	262	149	104	209
3	262	148	105	210
4	262	148	105	210
5	262	148	105	210
6	262	148	105	210
7	262	148	104	209
8	262	147	104	209
9	263	148	104	209
10	263	148	104	209
11	262	148	104	208
12	262	149	103	207
13	262	149	103	207
14	262	149	104	208
15	262	150	104	208
16	261	150	104	208
17	261	150	104	209
18	261	150	104	209
19	261	150	105	210
20	261	150	105	210
21	261	150	105	210
22	261	150	105	210
23	261	150	105	211
24	261	150	106	212
25	261	150	105	211
26	262	150	105	210
27	262	150	104	209
28	262	150	104	208
29	262	150	103	207
30	262	150	104	208
31	261	149	105	210
32	261	149	105	211
33	263	150	104	209
34	264	151	103	207
35	266	152	102	205
36	267	152	101	203
37	268	152	101	203
38	269	153	100	201
39	270	153	100	200
40	271	153	99	198
41	271	154	99	198
42	270	153	99	199
43	270	153	99	199
44	269	153	100	201
45	268	152	103	206
46	266	151	105	210
47	264	150	107	215
48	262	149	109	219
49	261	149	110	221
50	260	149	111	222
51	261	150	110	220
52	261	150	109	219
53	261	149	109	218
54	261	149	109	218
55	260	149	109	218
56	260	149	108	217
57	261	150	108	216
58	262	150	107	214
59	263	151	107	214
60	264	151	106	212
61	266	152	105	211
62	269	152	105	210
63	271	153	104	209
64	273	153	105	210
65	276	152	105	210
66	278	153	104	208
67	281	153	102	205
68	284	154	101	202
69	286	153	99	199
70	287	153	99	198
71	288	152	98	196
72	288	152	97	195
73	287	152	97	195
74	286	151	97	194
75	285	152	97	194
76	284	152	97	194
77	282	152	97	195
78	282	152	97	194
79	281	153	96	193
80	281	153	97	194
81	279	153	97	195
82	277	152	98	197
83	276	152	99	198
84	274	152	98	197
85	273	153	97	195
86	272	153	97	194
87	271	152	96	193
88	270	152	96	192
89	270	153	95	190
90	269	153	94	188
91	269	153	93	186
92	269	153	93	186
93	269	154	93	186
94	270	154	93	186
95	271	154	93	186
96	273	154	93	186
97	274	154	93	186
98	275	154	93	186
99	276	154	93	187
100	276	153	94	189
101	277	153	95	191
102	277	152	96	192
103	278	152	97	194
104	278	152	98	196
105	278	152	98	197
106	279	153	99	198
107	279	153	99	199
108	279	153	99	199
109	279	154	100	200
110	279	154	100	201
111	279	154	101	202
112	279	154	101	202
113	280	154	101	203
114	280	153	101	203
115	279	153	101	203
116	279	153	101	202
117	279	153	100	201
118	279	153	100	200
119	279	153	99	199
120	278	153	99	198
121	278	153	99	198
122	278	153	98	196
123	278	153	97	195
124	278	153	97	194
125	278	153	96	193
126	278	153	96	192
127	277	153	95	191
128	277	153	95	191
129	278	153	94	189
130	278	153	94	189
131	278	152	95	190
132	278	151	96	192
133	277	150	96	192
134	277	150	96	192
135	276	149	96	193
136	274	148	97	194
137	273	148	98	197
138	271	147	99	199
139	269	147	100	201
140	268	146	101	203
141	267	147	102	204
142	267	147	102	205
143	268	148	102	205
144	269	148	102	205
145	270	150	102	204
146	272	151	101	202
147	274	152	100	201
148	276	153	100	200
149	277	153	100	201
150	279	152	100	201
151	280	152	101	202
152	281	152	102	204
153	282	152	102	204
154	283	151	102	204
155	282	150	102	204
156	282	150	102	205
157	282	149	102	204
158	282	149	101	203
159	282	148	100	201
160	283	148	99	199
161	283	148	98	196
162	282	149	96	193
163	282	149	95	190
164	282	150	94	188
165	282	150	93	187
166	282	150	93	187
167	282	150	94	188
168	282	150	94	189
169	282	150	96	192
170	282	150	97	194
171	282	150	99	198
172	282	150	101	202
173	283	150	103	206
174	283	149	105	211
3D Trajetory (frame, x, z, height, pose)
1	-0.05	3.61	1.94	2.00
2	-0.04	3.57	1.89	2.00
3	-0.05	3.62	1.88	2.00
4	-0.05	3.67	1.89	2.00
5	-0.05	3.71	1.91	2.00
6	-0.05	3.71	1.91	2.00
7	-0.05	3.70	1.91	2.00
8	-0.04	3.66	1.91	2.00
9	-0.04	3.68	1.91	2.00
10	-0.04	3.70	1.92	2.00
11	-0.04	3.71	1.92	2.00
12	-0.04	3.66	1.92	2.00
13	-0.04	3.63	1.92	2.00
14	-0.05	3.66	1.92	2.00
15	-0.05	3.68	1.92	2.00
16	-0.05	3.69	1.91	2.00
17	-0.05	3.70	1.91	2.00
18	-0.06	3.71	1.91	2.00
19	-0.06	3.72	1.91	2.00
20	-0.05	3.66	1.91	2.00
21	-0.05	3.60	1.91	2.00
22	-0.05	3.62	1.91	2.00
23	-0.05	3.63	1.91	2.00
24	-0.05	3.64	1.92	2.00
25	-0.05	3.64	1.92	2.00
26	-0.05	3.65	1.92	2.00
27	-0.05	3.64	1.92	2.00
28	-0.05	3.65	1.92	2.00
29	-0.05	3.65	1.92	2.00
30	-0.05	3.65	1.91	2.00
31	-0.05	3.64	1.91	2.00
32	-0.05	3.63	1.91	2.00
33	-0.05	3.69	1.91	2.00
34	-0.04	3.66	1.91	2.00
35	-0.04	3.63	1.91	2.00
36	-0.03	3.64	1.91	2.00
37	-0.03	3.65	1.92	2.00
38	-0.03	3.66	1.92	2.00
39	-0.01	3.72	1.92	2.00
40	0.00	3.76	1.92	2.00
41	0.01	3.81	1.91	2.00
42	0.01	3.79	1.92	2.00
43	0.01	3.78	1.92	2.00
44	-0.00	3.77	1.91	2.00
45	-0.01	3.76	1.91	2.00
46	0.00	3.80	1.91	2.00
47	0.00	3.76	1.91	2.00
48	-0.00	3.72	1.91	2.00
49	-0.01	3.68	1.91	2.00
50	-0.01	3.65	1.91	2.00
51	-0.01	3.60	1.91	2.00
52	-0.02	3.56	1.91	2.00
53	-0.02	3.53	1.91	2.00
54	-0.02	3.54	1.91	2.00
55	-0.03	3.56	1.91	2.00
56	-0.03	3.57	1.91	2.00
57	-0.03	3.57	1.91	2.00
58	-0.03	3.57	1.91	2.00
59	-0.03	3.57	1.91	2.00
60	-0.03	3.55	1.91	2.00
61	-0.02	3.52	1.91	2.00
62	-0.02	3.51	1.91	2.00
63	-0.02	3.49	1.91	2.00
64	0.01	3.52	1.91	2.00
65	0.03	3.54	1.91	2.00
66	0.04	3.56	1.91	2.00
67	0.06	3.59	1.91	2.00
68	0.09	3.64	1.91	2.00
69	0.11	3.64	1.91	4.00
70	0.12	3.65	1.91	4.00
71	0.13	3.65	1.91	4.00
72	0.14	3.66	1.91	4.00
73	0.15	3.72	1.91	4.00
74	0.16	3.78	1.91	2.00
75	0.16	3.80	1.91	2.00
76	0.16	3.81	1.91	2.00
77	0.16	3.81	1.91	1.00
78	0.15	3.85	1.91	1.00
79	0.14	3.88	1.91	4.00
80	0.14	3.88	1.91	4.00
81	0.13	3.87	1.91	4.00
82	0.12	3.86	1.91	4.00
83	0.12	3.86	1.91	2.00
84	0.10	3.88	1.90	4.00
85	0.09	3.91	1.91	2.00
86	0.08	3.92	1.90	2.00
87	0.06	3.93	1.90	2.00
88	0.03	3.94	1.90	2.00
89	0.01	3.95	1.90	1.00
90	-0.00	3.95	1.90	1.00
91	-0.01	3.98	1.90	3.00
92	-0.02	4.02	1.91	3.00
93	-0.02	4.03	1.90	3.00
94	-0.04	4.05	1.90	3.00
95	-0.04	4.07	1.90	3.00
96	-0.03	4.07	1.90	3.00
97	-0.03	4.07	1.90	3.00
98	-0.02	4.06	1.90	3.00
99	-0.01	4.05	1.90	3.00
100	-0.00	4.04	1.90	3.00
101	0.00	4.04	1.90	3.00
102	0.01	4.03	1.90	3.00
103	0.02	4.02	1.90	3.00
104	0.02	4.04	1.90	3.00
105	0.03	4.00	1.89	3.00
106	0.05	3.93	1.89	3.00
107	0.06	3.86	1.89	3.00
108	0.07	3.81	1.88	3.00
109	0.08	3.78	1.88	3.00
110	0.09	3.76	1.88	3.00
111	0.09	3.74	1.88	3.00
112	0.09	3.75	1.88	3.00
113	0.10	3.74	1.88	3.00
114	0.10	3.72	1.88	3.00
115	0.10	3.71	1.88	3.00
116	0.11	3.70	1.88	3.00
117	0.11	3.69	1.88	3.00
118	0.11	3.68	1.88	2.00
119	0.11	3.68	1.88	2.00
120	0.11	3.67	1.88	3.00
121	0.11	3.66	1.88	3.00
122	0.10	3.68	1.88	3.00
123	0.09	3.71	1.88	1.00
124	0.07	3.75	1.88	1.00
125	0.08	3.74	1.88	3.00
126	0.07	3.75	1.88	3.00
127	0.08	3.74	1.88	3.00
128	0.07	3.77	1.87	2.00
129	0.07	3.78	1.88	2.00
130	0.07	3.80	1.88	2.00
131	0.06	3.82	1.88	2.00
132	0.06	3.83	1.88	2.00
133	0.05	3.85	1.88	2.00
134	0.05	3.86	1.87	2.00
135	0.05	3.87	1.87	2.00
136	0.05	3.88	1.88	2.00
137	0.05	3.90	1.88	2.00
138	0.03	3.86	1.88	4.00
139	0.02	3.83	1.88	2.00
140	0.02	3.84	1.88	2.00
141	0.01	3.84	1.88	2.00
142	-0.00	3.81	1.88	2.00
143	-0.01	3.79	1.88	2.00
144	-0.02	3.77	1.88	4.00
145	-0.02	3.75	1.88	4.00
146	-0.01	3.75	1.88	2.00
147	0.01	3.75	1.88	2.00
148	0.02	3.76	1.88	4.00
149	0.04	3.75	1.88	4.00
150	0.05	3.74	1.88	4.00
151	0.06	3.74	1.88	4.00
152	0.07	3.73	1.88	4.00
153	0.08	3.72	1.88	2.00
154	0.09	3.70	1.87	2.00
155	0.10	3.68	1.87	2.00
156	0.11	3.65	1.87	2.00
157	0.12	3.64	1.87	2.00
158	0.13	3.63	1.87	2.00
159	0.14	3.62	1.87	2.00
160	0.13	3.67	1.87	2.00
161	0.13	3.72	1.87	4.00
162	0.13	3.71	1.87	4.00
163	0.13	3.70	1.87	4.00
164	0.13	3.74	1.87	4.00
165	0.12	3.77	1.87	4.00
166	0.11	3.80	1.87	4.00
167	0.11	3.83	1.87	4.00
168	0.11	3.85	1.87	4.00
169	0.10	3.88	1.87	4.00
170	0.11	3.86	1.87	2.00
171	0.11	3.84	1.87	2.00
172	0.12	3.83	1.87	2.00
173	0.13	3.81	1.87	2.00
174	0.13	3.80	1.88	2.00
Target 4 (frames from 1 to 174)
Bounding Boxes (frame, x, y, width, height)
1	80	129	114	228
2	80	129	113	227
3	80	129	113	226
4	80	129	112	225
5	80	129	112	224
6	79	130	111	223
7	79	130	111	222
8	79	130	110	221
9	78	131	110	220
10	78	131	110	220
11	77	132	109	218
12	76	132	108	217
13	75	133	108	216
14	75	134	107	215
15	74	134	107	215
16	73	134	107	214
17	73	135	107	214
18	72	134	108	216
19	72	135	108	216
20	72	135	108	216
21	72	134	108	217
22	72	135	108	217
23	72	135	108	216
24	73	135	107	215
25	73	135	106	213
26	74	135	106	212
27	74	135	105	211
28	74	134	105	211
29	75	134	105	211
30	74	134	106	212
31	74	133	106	213
32	74	133	107	214
33	74	134	107	214
34	73	134	108	216
35	73	134	108	217
36	72	134	109	219
37	71	134	110	220
38	71	134	110	220
39	71	134	110	221
40	71	134	111	222
41	71	134	111	222
42	72	133	111	222
43	73	133	111	222
44	74	132	111	222
45	75	130	112	224
46	75	129	112	225
47	76	128	113	226
48	77	127	114	228
49	77	127	114	229
50	77	126	115	230
51	78	126	115	230
52	78	126	114	229
53	78	126	114	228
54	79	127	113	227
55	79	128	113	227
56	80	128	113	227
57	81	129	113	226
58	83	130	112	225
59	85	131	111	223
60	86	132	111	223
61	88	133	111	222
62	89	134	110	221
63	90	135	110	221
64	91	135	111	223
65	92	134	112	225
66	93	133	114	229
67	93	131	117	235
68	93	130	119	238
69	94	129	119	239
70	93	129	119	239
71	93	128	120	240
72	92	127	120	241
73	90	126	120	240
74	88	126	119	238
75	86	126	118	236
76	84	126	117	234
77	81	126	116	232
78	79	127	115	230
79	77	128	113	226
80	75	129	111	222
81	73	130	110	220
82	72	130	109	218
83	72	130	109	218
84	72	130	109	219
85	72	131	109	218
86	73	132	108	217
87	73	134	106	213
88	74	136	105	211
89	74	136	105	210
90	75	137	105	210
91	75	137	104	209
92	76	137	105	211
93	76	137	106	212
94	76	136	106	213
95	77	136	107	214
96	76	135	107	215
97	76	134	108	216
98	74	132	108	216
99	73	131	108	217
100	72	130	108	217
101	71	128	109	218
102	69	128	110	220
103	68	127	110	220
104	67	127	109	219
105	66	127	109	218
106	65	127	109	218
107	65	128	109	219
108	65	128	109	218
109	67	129	108	217
110	67	129	108	216
111	68	130	108	216
112	69	130	108	216
113	69	130	108	217
114	67	130	109	219
115	66	130	110	221
116	64	130	111	223
117	63	130	112	224
118	61	130	113	226
119	59	130	113	227
120	56	130	114	228
121	53	130	114	228
122	49	130	114	228
123	45	131	113	227
124	41	131	113	226
125	38	131	112	225
126	35	131	111	222
127	33	130	109	219
128	30	130	108	217
129	28	130	108	216
130	26	130	107	214
131	23	130	106	212
132	21	130	106	212
133	19	130	106	212
134	17	129	106	213
135	16	128	107	214
136	14	127	108	216
137	13	127	109	218
138	11	126	109	219
139	10	125	110	221
140	9	125	112	224
141	9	124	113	226
142	9	123	114	228
143	9	123	114	229
144	9	123	115	231
145	9	123	115	231
146	10	123	115	231
147	11	125	114	229
148	12	126	113	226
149	13	126	112	224
150	14	127	111	222
151	15	127	110	220
152	16	127	109	219
153	17	127	108	217
154	18	127	107	215
155	20	127	106	213
156	22	128	105	211
157	25	129	104	209
158	27	130	103	207
159	29	132	103	206
160	32	132	103	206
161	34	132	104	208
162	36	132	105	211
163	38	132	106	213
164	41	132	108	216
165	45	132	109	218
166	48	132	109	219
167	50	132	110	220
168	53	132	110	221
169	56	131	111	222
170	58	131	111	223
171	61	131	112	224
172	64	130	112	225
173	67	129	113	226
174	69	129	113	227
3D Trajetory (frame, x, z, height, pose)
1	-1.73	3.78	2.12	2.00
2	-1.69	3.67	2.10	2.00
3	-1.68	3.68	2.08	2.00
4	-1.70	3.72	2.08	2.00
5	-1.70	3.72	2.10	2.00
6	-1.69	3.70	2.10	2.00
7	-1.68	3.68	2.09	2.00
8	-1.69	3.68	2.10	2.00
9	-1.79	3.83	2.10	4.00
10	-1.78	3.82	2.11	4.00
11	-1.77	3.80	2.11	4.00
12	-1.84	3.92	2.11	2.00
13	-1.86	3.92	2.11	2.00
14	-1.88	3.93	2.11	2.00
15	-1.88	3.92	2.10	2.00
16	-1.88	3.92	2.10	2.00
17	-1.89	3.92	2.10	2.00
18	-1.90	3.92	2.10	2.00
19	-1.90	3.92	2.10	2.00
20	-1.91	3.93	2.10	2.00
21	-1.91	3.93	2.10	2.00
22	-1.91	3.93	2.10	2.00
23	-1.91	3.93	2.10	2.00
24	-1.91	3.93	2.10	2.00
25	-1.91	3.93	2.10	2.00
26	-1.91	3.92	2.10	2.00
27	-1.93	3.96	2.10	2.00
28	-1.93	3.99	2.10	2.00
29	-1.92	3.96	2.10	2.00
30	-1.93	4.00	2.10	2.00
31	-1.94	4.02	2.10	2.00
32	-1.95	4.04	2.10	2.00
33	-1.94	4.02	2.10	2.00
34	-1.92	3.98	2.10	2.00
35	-1.91	3.96	2.10	2.00
36	-1.91	3.95	2.10	2.00
37	-1.91	3.95	2.10	2.00
38	-1.90	3.93	2.10	2.00
39	-1.90	3.92	2.10	2.00
40	-1.89	3.91	2.10	2.00
41	-1.89	3.90	2.10	2.00
42	-1.88	3.89	2.10	2.00
43	-1.87	3.87	2.10	2.00
44	-1.87	3.87	2.10	2.00
45	-1.84	3.85	2.10	2.00
46	-1.82	3.83	2.10	2.00
47	-1.81	3.82	2.10	2.00
48	-1.79	3.81	2.10	2.00
49	-1.78	3.80	2.10	2.00
50	-1.77	3.79	2.10	2.00
51	-1.75	3.77	2.10	2.00
52	-1.74	3.76	2.10	2.00
53	-1.73	3.75	2.11	2.00
54	-1.72	3.74	2.11	2.00
55	-1.71	3.73	2.11	2.00
56	-1.70	3.72	2.11	2.00
57	-1.70	3.72	2.11	2.00
58	-1.70	3.73	2.11	2.00
59	-1.70	3.76	2.11	2.00
60	-1.68	3.74	2.11	2.00
61	-1.65	3.73	2.11	2.00
62	-1.63	3.71	2.11	2.00
63	-1.61	3.70	2.10	2.00
64	-1.61	3.72	2.10	2.00
65	-1.62	3.75	2.11	2.00
66	-1.60	3.72	2.10	2.00
67	-1.58	3.70	2.10	2.00
68	-1.55	3.66	2.10	2.00
69	-1.56	3.70	2.10	2.00
70	-1.53	3.65	2.10	3.00
71	-1.50	3.60	2.10	3.00
72	-1.47	3.55	2.10	3.00
73	-1.44	3.51	2.10	3.00
74	-1.42	3.48	2.10	3.00
75	-1.46	3.51	2.10	3.00
76	-1.50	3.56	2.10	3.00
77	-1.54	3.56	2.10	2.00
78	-1.56	3.55	2.10	2.00
79	-1.58	3.54	2.10	4.00
80	-1.61	3.56	2.10	4.00
81	-1.65	3.57	2.10	4.00
82	-1.65	3.56	2.10	4.00
83	-1.66	3.56	2.10	4.00
84	-1.69	3.59	2.10	4.00
85	-1.72	3.63	2.10	4.00
86	-1.75	3.65	2.10	4.00
87	-1.77	3.68	2.10	4.00
88	-1.79	3.71	2.09	4.00
89	-1.81	3.74	2.10	4.00
90	-1.83	3.77	2.09	4.00
91	-1.84	3.77	2.09	4.00
92	-1.85	3.79	2.09	4.00
93	-1.86	3.81	2.09	4.00
94	-1.87	3.84	2.09	4.00
95	-1.88	3.87	2.09	4.00
96	-1.86	3.86	2.09	4.00
97	-1.84	3.83	2.09	4.00
98	-1.84	3.83	2.09	4.00
99	-1.84	3.84	2.08	4.00
100	-1.85	3.84	2.08	4.00
101	-1.86	3.86	2.08	2.00
102	-1.87	3.85	2.08	2.00
103	-1.89	3.84	2.08	1.00
104	-1.90	3.84	2.08	3.00
105	-1.91	3.84	2.08	3.00
106	-1.90	3.81	2.08	3.00
107	-1.86	3.78	2.08	4.00
108	-1.86	3.77	2.07	4.00
109	-1.87	3.77	2.07	4.00
110	-1.88	3.78	2.07	2.00
111	-1.89	3.78	2.07	2.00
112	-1.90	3.79	2.07	2.00
113	-1.90	3.79	2.07	3.00
114	-1.89	3.80	2.07	3.00
115	-1.88	3.82	2.07	3.00
116	-1.89	3.83	2.07	3.00
117	-1.89	3.80	2.07	3.00
118	-1.90	3.77	2.07	3.00
119	-1.88	3.73	2.07	3.00
120	-1.89	3.71	2.07	3.00
121	-1.91	3.69	2.07	3.00
122	-1.90	3.67	2.07	3.00
123	-1.92	3.66	2.07	3.00
124	-1.94	3.66	2.07	3.00
125	-1.99	3.66	2.07	2.00
126	-2.01	3.64	2.07	2.00
127	-2.06	3.66	2.07	2.00
128	-2.10	3.66	2.07	2.00
129	-2.13	3.66	2.07	2.00
130	-2.16	3.67	2.07	2.00
131	-2.20	3.68	2.07	2.00
132	-2.23	3.70	2.07	2.00
133	-2.27	3.72	2.07	2.00
134	-2.30	3.74	2.07	2.00
135	-2.34	3.76	2.07	2.00
136	-2.36	3.76	2.07	2.00
137	-2.40	3.78	2.07	2.00
138	-2.43	3.79	2.07	2.00
139	-2.44	3.78	2.07	2.00
140	-2.44	3.77	2.07	2.00
141	-2.44	3.76	2.07	2.00
142	-2.44	3.76	2.07	2.00
143	-2.43	3.75	2.07	2.00
144	-2.43	3.74	2.07	2.00
145	-2.42	3.74	2.07	2.00
146	-2.41	3.74	2.07	2.00
147	-2.41	3.74	2.07	2.00
148	-2.40	3.73	2.07	2.00
149	-2.39	3.73	2.07	2.00
150	-2.38	3.73	2.07	2.00
151	-2.38	3.73	2.07	2.00
152	-2.38	3.74	2.07	2.00
153	-2.39	3.78	2.07	2.00
154	-2.39	3.80	2.07	2.00
155	-2.39	3.83	2.07	2.00
156	-2.38	3.84	2.07	4.00
157	-2.37	3.85	2.07	4.00
158	-2.37	3.87	2.07	4.00
159	-2.37	3.88	2.07	4.00
160	-2.36	3.90	2.07	4.00
161	-2.34	3.93	2.07	4.00
162	-2.32	3.95	2.07	3.00
163	-2.31	3.97	2.07	3.00
164	-2.29	3.97	2.07	3.00
165	-2.27	3.98	2.07	3.00
166	-2.22	3.95	2.07	3.00
167	-2.16	3.92	2.07	3.00
168	-2.10	3.88	2.07	3.00
169	-2.05	3.85	2.07	3.00
170	-1.99	3.83	2.07	3.00
171	-1.94	3.82	2.07	2.00
172	-1.92	3.82	2.07	2.00
173	-1.90	3.81	2.07	2.00
174	-1.89	3.81	2.07	2.00
Target 5 (frames from 1 to 72)
Bounding Boxes (frame, x, y, width, height)
1	171	144	99	198
2	171	144	98	197
3	171	144	98	196
4	170	143	97	195
5	170	143	97	195
6	170	143	97	195
7	170	143	97	194
8	170	143	97	195
9	169	143	97	195
10	169	143	97	195
11	169	143	97	194
12	170	143	96	193
13	169	143	97	194
14	168	143	98	196
15	167	143	100	200
16	166	144	101	202
17	165	144	102	204
18	164	145	103	206
19	164	146	104	208
20	163	147	104	209
21	163	147	105	210
22	163	147	105	211
23	163	147	105	211
24	163	147	105	210
25	164	147	104	208
26	164	147	103	207
27	165	147	103	207
28	165	147	103	207
29	165	147	103	207
30	166	148	103	207
31	166	148	103	206
32	167	149	102	204
33	169	150	101	202
34	170	151	99	198
35	172	153	97	194
36	174	154	95	190
37	176	154	92	185
38	177	154	91	182
39	179	153	89	179
40	179	152	89	178
41	180	152	88	177
42	179	151	89	178
43	178	150	90	181
44	176	149	93	186
45	174	147	95	191
46	172	147	98	196
47	171	148	98	197
48	169	149	99	199
49	166	149	100	201
50	163	150	101	203
51	161	150	102	205
52	160	150	102	205
53	159	151	102	204
54	159	151	100	201
55	160	151	99	198
56	162	152	97	194
57	164	153	95	191
58	167	154	94	188
59	170	155	93	186
60	173	155	92	185
61	176	155	93	186
62	180	155	94	188
63	184	156	93	187
64	186	157	92	185
65	189	157	92	184
66	191	158	91	182
67	194	160	90	180
68	196	161	88	177
69	198	162	87	174
70	200	163	86	172
71	201	165	84	168
72	203	167	82	165
3D Trajetory (frame, x, z, height, pose)
1	-1.13	4.67	2.05	2.00
2	-1.08	4.42	2.08	2.00
3	-0.93	3.66	1.98	2.00
4	-0.92	3.60	1.98	2.00
5	-0.93	3.60	1.97	2.00
6	-0.98	3.84	1.97	2.00
7	-1.01	4.00	1.98	2.00
8	-1.00	3.97	1.97	2.00
9	-1.00	3.93	1.96	2.00
10	-0.99	3.90	1.96	2.00
11	-0.99	3.87	1.95	2.00
12	-0.98	3.84	1.95	2.00
13	-0.98	3.80	1.94	2.00
14	-0.97	3.77	1.93	2.00
15	-0.97	3.74	1.93	2.00
16	-0.94	3.66	1.93	2.00
17	-0.97	3.75	1.96	2.00
18	-0.98	3.75	1.96	2.00
19	-0.98	3.76	1.96	2.00
20	-0.98	3.77	1.97	2.00
21	-0.98	3.77	1.97	2.00
22	-0.99	3.78	1.97	2.00
23	-0.99	3.80	1.97	2.00
24	-0.99	3.83	1.97	2.00
25	-1.00	3.85	1.97	2.00
26	-0.99	3.83	1.97	2.00
27	-0.99	3.82	1.97	2.00
28	-0.98	3.82	1.97	2.00
29	-0.98	3.82	1.97	2.00
30	-0.98	3.82	1.97	2.00
31	-0.98	3.80	1.97	2.00
32	-0.97	3.81	1.96	2.00
33	-0.97	3.84	1.95	2.00
34	-0.96	3.80	1.96	2.00
35	-0.95	3.80	1.95	2.00
36	-0.97	3.90	1.96	2.00
37	-0.98	3.98	1.96	2.00
38	-0.99	4.01	1.96	2.00
39	-0.99	4.04	1.96	2.00
40	-0.99	4.08	1.96	2.00
41	-1.00	4.11	1.96	2.00
42	-1.00	4.14	1.97	2.00
43	-1.01	4.19	1.97	2.00
44	-1.02	4.25	1.97	2.00
45	-1.03	4.28	1.97	2.00
46	-1.02	4.24	1.97	2.00
47	-1.02	4.19	1.97	2.00
48	-1.03	4.15	1.97	2.00
49	-1.03	4.12	1.97	2.00
50	-1.01	4.00	1.97	2.00
51	-1.01	3.99	1.97	2.00
52	-1.02	4.00	1.97	2.00
53	-1.05	4.04	1.97	2.00
54	-1.07	4.07	1.96	2.00
55	-1.10	4.10	1.96	2.00
56	-1.10	3.99	1.96	2.00
57	-1.09	3.98	1.97	2.00
58	-1.09	4.00	1.96	2.00
59	-1.08	4.03	1.97	2.00
60	-1.06	4.07	1.96	2.00
61	-1.05	4.10	1.96	2.00
62	-1.04	4.13	1.96	2.00
63	-1.03	4.14	1.96	2.00
64	-1.00	4.15	1.95	2.00
65	-0.97	4.16	1.95	2.00
66	-0.95	4.17	1.95	4.00
67	-0.94	4.17	1.95	4.00
68	-0.92	4.17	1.95	4.00
69	-0.91	4.18	1.95	4.00
70	-0.90	4.25	1.95	4.00
71	-0.89	4.31	1.95	4.00
72	-0.89	4.37	1.95	4.00
Target 6 (frames from 4 to 57)
Bounding Boxes (frame, x, y, width, height)
4	363	150	101	203
5	363	150	101	202
6	363	149	101	202
7	363	149	100	201
8	363	149	100	200
9	363	148	99	199
10	363	148	99	199
11	363	147	99	198
12	363	147	98	197
13	363	147	98	196
14	363	146	98	196
15	364	146	97	195
16	364	145	97	194
17	364	145	97	194
18	364	145	96	193
19	364	144	96	192
20	364	144	95	191
21	365	144	94	188
22	366	143	93	186
23	365	142	93	187
24	364	141	94	188
25	363	141	95	190
26	362	141	96	193
27	360	141	97	195
28	358	142	99	199
29	357	143	101	202
30	356	144	102	205
31	355	146	104	208
32	355	148	105	210
33	356	149	106	213
34	357	151	107	215
35	359	152	108	216
36	361	153	108	216
37	364	153	108	216
38	368	154	107	215
39	373	153	106	212
40	376	152	106	213
41	379	151	107	214
42	382	149	107	215
43	385	148	108	217
44	388	147	109	218
45	391	146	109	219
46	394	145	110	220
47	398	145	110	220
48	401	144	110	221
49	403	143	111	223
50	406	141	113	226
51	407	139	114	228
52	409	137	115	231
53	410	135	117	234
54	412	133	119	238
55	412	130	120	241
56	413	128	122	245
57	414	125	125	250
3D Trajetory (frame, x, z, height, pose)
4	0.88	3.75	1.91	4.00
5	0.89	3.78	1.92	4.00
6	0.89	3.81	1.92	4.00
7	0.90	3.84	1.93	4.00
8	0.91	3.87	1.94	4.00
9	0.91	3.90	1.94	4.00
10	0.92	3.93	1.95	4.00
11	0.92	3.96	1.96	4.00
12	0.93	3.99	1.96	4.00
13	0.93	4.02	1.97	4.00
14	0.94	4.05	1.98	4.00
15	0.95	4.08	1.98	4.00
16	0.95	4.11	1.99	4.00
17	0.96	4.14	2.00	4.00
18	0.96	4.17	2.01	4.00
19	0.97	4.19	2.01	4.00
20	0.97	4.22	2.02	4.00
21	0.98	4.25	2.03	4.00
22	0.99	4.28	2.03	4.00
23	0.99	4.31	2.04	4.00
24	1.00	4.34	2.05	4.00
25	1.00	4.37	2.05	4.00
26	1.01	4.40	2.06	4.00
27	1.02	4.43	2.07	4.00
28	1.02	4.46	2.07	4.00
29	1.03	4.49	2.08	4.00
30	0.64	3.18	1.92	4.00
31	0.65	3.19	1.92	2.00
32	0.76	3.53	1.89	2.00
33	0.83	3.72	1.90	2.00
34	0.87	3.73	1.90	2.00
35	0.92	3.74	1.91	2.00
36	0.97	3.75	1.91	2.00
37	0.97	3.71	1.92	2.00
38	0.98	3.72	1.92	2.00
39	1.00	3.69	1.92	2.00
40	1.01	3.66	1.93	2.00
41	1.03	3.63	1.93	2.00
42	1.05	3.60	1.94	2.00
43	1.07	3.57	1.94	2.00
44	1.08	3.54	1.95	2.00
45	1.10	3.51	1.95	2.00
46	1.12	3.48	1.96	2.00
47	1.13	3.45	1.96	2.00
48	1.15	3.42	1.97	2.00
49	1.17	3.39	1.97	2.00
50	1.18	3.36	1.98	2.00
51	1.20	3.33	1.98	2.00
52	1.22	3.30	1.99	2.00
53	1.23	3.27	1.99	2.00
54	1.25	3.24	2.00	3.00
55	1.26	3.31	2.06	3.00
56	1.28	3.38	2.12	3.00
57	1.25	3.35	2.12	3.00
Target 7 (frames from 13 to 37)
Bounding Boxes (frame, x, y, width, height)
13	397	111	129	258
14	397	111	133	267
15	397	110	137	274
16	397	110	140	281
17	397	110	144	288
18	397	110	147	294
19	397	110	149	299
20	397	110	152	304
21	397	111	154	308
22	397	111	156	312
23	396	112	158	317
24	396	113	160	321
25	396	114	161	323
26	395	115	162	324
27	394	115	163	327
28	393	116	164	328
29	393	117	163	326
30	394	119	161	323
31	395	120	159	319
32	396	122	156	313
33	398	125	152	305
34	400	127	148	297
35	402	130	143	287
36	404	132	138	276
37	407	136	131	263
3D Trajetory (frame, x, z, height, pose)
13	1.16	3.18	2.18	2.00
14	1.15	3.16	2.17	2.00
15	1.14	3.12	2.15	2.00
16	1.13	3.10	2.14	4.00
17	1.14	3.13	2.15	4.00
18	1.12	2.99	2.13	1.00
19	1.11	2.92	2.12	2.00
20	1.11	2.91	2.11	2.00
21	1.04	2.70	2.10	2.00
22	1.06	2.73	2.10	2.00
23	1.01	2.57	2.08	2.00
24	0.99	2.51	2.07	2.00
25	0.98	2.47	2.07	2.00
26	0.97	2.44	2.07	2.00
27	0.96	2.41	2.06	2.00
28	0.96	2.40	2.05	2.00
29	0.95	2.40	2.04	2.00
30	0.94	2.41	2.03	2.00
31	0.94	2.41	2.02	2.00
32	0.94	2.41	2.01	2.00
33	0.94	2.42	2.00	2.00
34	0.93	2.42	2.00	2.00
35	0.93	2.42	1.99	2.00
36	0.98	2.53	1.99	2.00
37	1.01	2.62	1.98	2.00
Target 8 (frames from 26 to 80)
Bounding Boxes (frame, x, y, width, height)
26	400	108	136	272
27	399	109	136	273
28	398	110	137	274
29	397	110	137	275
30	397	111	137	275
31	396	111	137	275
32	396	112	138	276
33	396	112	138	276
34	395	112	138	276
35	395	113	138	276
36	395	113	138	276
37	395	114	137	275
38	395	114	137	275
39	395	114	137	275
40	396	114	137	274
41	396	114	136	273
42	396	114	136	272
43	397	114	135	271
44	397	114	135	270
45	397	114	134	269
46	398	114	134	268
47	398	114	133	267
48	398	114	133	266
49	398	115	132	265
50	398	116	132	264
51	398	116	131	263
52	398	117	131	262
53	398	118	130	260
54	399	119	129	259
55	399	120	129	258
56	399	121	128	257
57	399	123	128	257
58	398	124	128	256
59	398	125	128	256
60	397	126	128	256
61	397	127	128	256
62	396	127	128	257
63	394	128	128	257
64	393	128	129	258
65	391	128	129	259
66	389	127	130	261
67	388	127	131	263
68	386	127	132	264
69	384	126	132	264
70	382	126	132	265
71	380	126	132	264
72	377	127	131	263
73	375	127	130	261
74	373	128	129	259
75	370	128	128	256
76	367	129	126	253
77	365	129	125	250
78	362	130	122	245
79	359	131	120	241
80	356	132	118	236
3D Trajetory (frame, x, z, height, pose)
26	1.17	3.18	2.18	4.00
27	1.17	3.18	2.18	2.00
28	1.17	3.18	2.18	4.00
29	1.16	3.17	2.17	2.00
30	1.16	3.15	2.16	2.00
31	1.15	3.14	2.16	2.00
32	1.14	3.12	2.15	2.00
33	1.13	3.11	2.14	2.00
34	1.12	3.10	2.13	2.00
35	1.12	3.08	2.13	2.00
36	1.11	3.07	2.12	2.00
37	1.10	3.05	2.11	2.00
38	1.09	3.04	2.10	2.00
39	1.09	3.03	2.10	2.00
40	1.10	3.04	2.10	2.00
41	1.14	3.14	2.12	2.00
42	1.15	3.16	2.12	2.00
43	1.16	3.16	2.13	2.00
44	1.16	3.16	2.13	2.00
45	1.15	3.17	2.13	2.00
46	1.15	3.18	2.12	2.00
47	1.15	3.18	2.12	2.00
48	1.16	3.19	2.11	2.00
49	1.16	3.20	2.11	2.00
50	1.16	3.21	2.10	2.00
51	1.16	3.22	2.09	2.00
52	1.16	3.23	2.09	2.00
53	1.16	3.24	2.08	2.00
54	1.17	3.25	2.08	2.00
55	1.17	3.26	2.07	2.00
56	1.16	3.23	2.06	2.00
57	1.14	3.21	2.05	2.00
58	1.13	3.18	2.04	2.00
59	1.12	3.16	2.04	2.00
60	1.11	3.14	2.03	2.00
61	1.09	3.11	2.02	2.00
62	1.08	3.09	2.01	2.00
63	1.07	3.07	1.97	2.00
64	1.07	3.09	1.98	2.00
65	1.06	3.10	1.99	2.00
66	1.04	3.11	1.99	2.00
67	1.02	3.11	2.00	2.00
68	1.01	3.12	2.00	2.00
69	0.99	3.13	2.01	2.00
70	0.98	3.14	2.01	2.00
71	0.96	3.15	2.01	2.00
72	0.94	3.15	2.02	2.00
73	0.93	3.16	2.02	2.00
74	0.91	3.17	2.03	2.00
75	0.91	3.15	1.97	2.00
76	0.88	3.15	1.98	2.00
77	0.84	3.15	1.99	2.00
78	0.81	3.15	2.00	2.00
79	0.77	3.15	2.01	2.00
80	0.74	3.15	2.02	2.00
Target 9 (frames from 38 to 174)
Bounding Boxes (frame, x, y, width, height)
38	390	130	152	305
39	387	128	154	308
40	384	126	155	310
41	382	124	156	313
42	379	123	157	315
43	377	121	158	317
44	374	120	160	320
45	372	120	161	322
46	370	119	162	324
47	369	118	163	326
48	367	119	163	326
49	366	119	163	327
50	365	120	164	329
51	364	120	165	331
52	363	120	167	334
53	362	120	168	336
54	361	119	169	338
55	360	119	169	339
56	359	118	170	341
57	359	118	170	340
58	359	118	169	338
59	359	117	168	336
60	360	116	167	335
61	361	116	166	332
62	362	116	163	327
63	364	118	160	320
64	366	119	157	315
65	368	120	155	311
66	369	121	153	306
67	371	121	151	303
68	372	122	150	300
69	372	122	149	298
70	372	122	149	298
71	370	121	149	299
72	367	121	150	301
73	363	120	152	304
74	359	120	153	307
75	355	119	154	308
76	350	119	155	310
77	346	119	156	313
78	342	119	157	315
79	339	119	158	317
80	336	118	159	318
81	335	118	159	318
82	334	118	158	316
83	335	120	156	313
84	336	122	154	309
85	338	124	152	304
86	341	128	149	298
87	342	129	147	294
88	343	130	146	293
89	343	130	147	295
90	343	128	148	297
91	341	127	150	301
92	340	125	153	306
93	338	122	155	310
94	337	120	157	314
95	336	119	159	318
96	335	117	160	320
97	335	116	160	321
98	335	115	161	322
99	336	115	161	322
100	337	116	160	320
101	338	118	158	317
102	339	120	157	314
103	340	122	155	311
104	341	124	154	308
105	342	124	154	308
106	342	123	154	309
107	342	122	155	311
108	341	120	157	314
109	340	118	159	318
110	339	116	161	323
111	338	114	163	327
112	338	112	165	330
113	337	111	166	333
114	337	109	167	335
115	336	108	169	338
116	336	107	170	340
117	335	105	171	343
118	335	104	173	346
119	334	103	174	349
120	334	101	175	351
121	333	100	177	354
122	332	98	178	357
123	332	97	179	359
124	331	96	181	362
125	331	94	182	365
126	330	93	183	367
127	330	91	185	370
128	329	90	186	373
129	329	89	187	375
130	328	87	189	378
131	328	86	190	381
132	327	84	192	384
133	327	83	193	386
134	326	82	194	389
135	326	80	196	392
136	325	79	197	394
137	325	77	198	397
138	324	76	200	400
139	322	72	204	409
140	321	69	207	414
141	321	68	208	416
142	322	68	207	414
143	322	70	205	411
144	323	73	202	404
145	324	77	197	395
146	326	82	192	385
147	327	87	187	374
148	329	92	181	363
149	330	97	176	352
150	331	101	171	342
151	333	105	166	332
152	334	108	161	323
153	336	111	158	316
154	336	113	155	311
155	337	113	155	310
156	336	112	156	313
157	335	109	159	319
158	335	108	160	320
159	335	108	160	320
160	335	108	160	321
161	335	109	161	322
162	334	110	161	322
163	334	111	161	323
164	333	112	162	324
165	332	113	163	326
166	332	113	162	325
167	333	114	162	324
168	333	115	161	323
169	333	116	161	322
170	334	117	160	320
171	335	118	159	318
172	336	119	158	316
173	337	120	156	313
174	338	121	155	310
3D Trajetory (frame, x, z, height, pose)
38	0.94	2.54	1.92	2.00
39	0.92	2.52	1.92	2.00
40	0.90	2.50	1.93	2.00
41	0.87	2.48	1.93	2.00
42	0.85	2.45	1.94	2.00
43	0.83	2.43	1.94	2.00
44	0.81	2.41	1.95	2.00
45	0.79	2.39	1.95	2.00
46	0.77	2.36	1.96	4.00
47	0.77	2.38	1.97	2.00
48	0.76	2.37	1.97	2.00
49	0.76	2.37	1.97	2.00
50	0.77	2.38	1.96	4.00
51	0.77	2.39	1.94	4.00
52	0.77	2.40	1.93	4.00
53	0.78	2.43	1.92	4.00
54	0.71	2.28	1.92	2.00
55	0.73	2.33	1.94	2.00
56	0.75	2.38	1.97	2.00
57	0.77	2.43	1.99	2.00
58	0.79	2.48	2.01	2.00
59	0.79	2.49	2.00	2.00
60	0.79	2.50	1.99	2.00
61	0.80	2.51	1.98	2.00
62	0.80	2.52	1.97	2.00
63	0.80	2.53	1.96	2.00
64	0.81	2.55	1.96	2.00
65	0.81	2.56	1.95	2.00
66	0.82	2.61	1.98	2.00
67	0.76	2.38	1.99	2.00
68	0.80	2.52	1.99	2.00
69	0.82	2.61	1.98	2.00
70	0.84	2.67	1.98	2.00
71	0.85	2.71	1.98	2.00
72	0.86	2.73	1.99	2.00
73	0.84	2.71	1.98	2.00
74	0.79	2.67	1.98	2.00
75	0.75	2.63	1.97	2.00
76	0.71	2.59	1.97	2.00
77	0.63	2.47	1.96	2.00
78	0.59	2.41	1.95	2.00
79	0.57	2.39	1.95	2.00
80	0.57	2.41	1.95	2.00
81	0.56	2.42	1.95	2.00
82	0.56	2.44	1.95	2.00
83	0.56	2.46	1.95	2.00
84	0.56	2.47	1.94	2.00
85	0.57	2.48	1.94	2.00
86	0.57	2.49	1.94	2.00
87	0.57	2.49	1.94	2.00
88	0.58	2.50	1.94	2.00
89	0.58	2.52	1.93	2.00
90	0.59	2.54	1.93	2.00
91	0.59	2.56	1.92	2.00
92	0.59	2.54	1.92	2.00
93	0.59	2.55	1.92	2.00
94	0.60	2.54	1.92	2.00
95	0.59	2.50	1.93	2.00
96	0.58	2.47	1.93	2.00
97	0.58	2.44	1.93	2.00
98	0.57	2.41	1.92	2.00
99	0.57	2.39	1.92	2.00
100	0.57	2.37	1.92	3.00
101	0.58	2.39	1.92	3.00
102	0.58	2.41	1.92	3.00
103	0.59	2.42	1.92	3.00
104	0.60	2.44	1.92	3.00
105	0.60	2.42	1.92	3.00
106	0.59	2.41	1.91	3.00
107	0.59	2.40	1.91	3.00
108	0.59	2.40	1.91	3.00
109	0.59	2.40	1.92	3.00
110	0.59	2.40	1.92	3.00
111	0.59	2.40	1.92	3.00
112	0.59	2.40	1.92	3.00
113	0.59	2.40	1.92	3.00
114	0.59	2.40	1.92	3.00
115	0.59	2.40	1.92	3.00
116	0.59	2.40	1.92	3.00
117	0.59	2.40	1.92	3.00
118	0.59	2.40	1.92	3.00
119	0.59	2.40	1.92	3.00
120	0.59	2.40	1.92	3.00
121	0.60	2.40	1.92	3.00
122	0.60	2.40	1.92	3.00
123	0.60	2.40	1.92	3.00
124	0.60	2.40	1.92	3.00
125	0.60	2.40	1.92	3.00
126	0.60	2.40	1.92	3.00
127	0.60	2.40	1.92	3.00
128	0.60	2.40	1.92	3.00
129	0.60	2.40	1.92	3.00
130	0.60	2.40	1.92	3.00
131	0.60	2.40	1.92	3.00
132	0.60	2.39	1.92	3.00
133	0.60	2.39	1.92	3.00
134	0.60	2.39	1.92	3.00
135	0.60	2.39	1.92	3.00
136	0.60	2.39	1.92	3.00
137	0.60	2.39	1.92	3.00
138	0.60	2.39	1.92	3.00
139	0.60	2.39	1.92	3.00
140	0.60	2.39	1.92	3.00
141	0.60	2.39	1.92	3.00
142	0.60	2.39	1.92	3.00
143	0.60	2.39	1.92	3.00
144	0.60	2.39	1.92	3.00
145	0.60	2.39	1.92	3.00
146	0.60	2.39	1.92	3.00
147	0.60	2.39	1.92	1.00
148	0.60	2.41	1.92	4.00
149	0.58	2.37	1.92	4.00
150	0.57	2.35	1.92	4.00
151	0.56	2.34	1.92	4.00
152	0.58	2.37	1.93	4.00
153	0.57	2.37	1.93	4.00
154	0.57	2.37	1.93	1.00
155	0.57	2.38	1.93	1.00
156	0.57	2.40	1.93	1.00
157	0.58	2.41	1.93	1.00
158	0.58	2.41	1.93	2.00
159	0.59	2.43	1.93	2.00
160	0.58	2.42	1.93	2.00
161	0.58	2.42	1.93	1.00
162	0.58	2.42	1.93	1.00
163	0.58	2.42	1.93	1.00
164	0.57	2.42	1.93	1.00
165	0.57	2.41	1.93	1.00
166	0.57	2.40	1.93	2.00
167	0.56	2.39	1.93	2.00
168	0.56	2.38	1.93	2.00
169	0.56	2.38	1.93	2.00
170	0.56	2.37	1.93	2.00
171	0.56	2.38	1.93	2.00
172	0.57	2.40	1.93	2.00
173	0.57	2.41	1.93	2.00
174	0.58	2.43	1.93	2.00
Target 10 (frames from 59 to 146)
Bounding Boxes (frame, x, y, width, height)
59	395	121	153	306
60	394	121	153	306
61	394	121	153	306
62	393	121	153	306
63	392	122	153	306
64	391	122	153	306
65	391	122	153	307
66	390	122	153	307
67	389	122	153	307
68	389	122	154	308
69	388	121	154	309
70	388	121	154	309
71	387	121	155	310
72	386	120	155	310
73	386	120	155	311
74	385	120	155	311
75	384	120	156	312
76	384	120	156	312
77	383	120	156	313
78	383	119	156	313
79	382	119	157	314
80	381	119	157	314
81	381	119	157	315
82	380	119	157	315
83	379	118	158	316
84	379	118	158	316
85	378	118	158	317
86	378	118	158	317
87	377	118	159	318
88	376	117	159	318
89	376	117	159	319
90	375	117	159	319
91	374	117	160	320
92	374	117	160	320
93	373	116	160	321
94	373	116	161	322
95	372	116	161	322
96	371	116	161	323
97	371	116	162	324
98	370	115	162	325
99	370	115	163	326
100	369	115	162	325
101	368	115	162	325
102	367	115	162	325
103	366	115	161	323
104	365	116	160	321
105	365	116	159	318
106	364	116	157	315
107	364	116	156	312
108	364	116	155	310
109	364	116	153	307
110	365	117	152	305
111	365	117	152	304
112	366	117	152	304
113	366	117	152	305
114	367	118	153	307
115	367	117	155	310
116	367	117	156	312
117	367	116	157	314
118	366	116	157	315
119	366	116	158	317
120	366	115	159	318
121	366	114	159	319
122	366	113	159	319
123	365	112	159	319
124	365	112	159	318
125	365	112	159	318
126	366	112	158	316
127	366	114	156	313
128	367	115	155	310
129	367	116	155	310
130	366	117	155	311
131	366	117	155	311
132	366	118	156	312
133	365	117	156	313
134	365	116	157	314
135	364	116	157	315
136	364	116	157	315
137	364	115	158	316
138	364	114	158	316
139	364	114	158	317
140	364	113	159	318
141	364	112	159	319
142	363	111	160	320
143	363	111	161	322
144	363	110	161	323
145	363	109	162	324
146	363	108	163	326
3D Trajetory (frame, x, z, height, pose)
59	1.01	2.61	2.02	2.00
60	0.95	2.54	1.94	2.00
61	0.95	2.54	1.94	2.00
62	0.95	2.54	1.94	2.00
63	0.94	2.54	1.94	2.00
64	0.94	2.54	1.95	2.00
65	0.94	2.53	1.95	2.00
66	0.93	2.53	1.95	2.00
67	0.93	2.53	1.95	2.00
68	0.92	2.53	1.95	2.00
69	0.92	2.53	1.96	2.00
70	0.91	2.52	1.96	2.00
71	0.91	2.52	1.96	2.00
72	0.91	2.52	1.96	2.00
73	0.90	2.52	1.97	2.00
74	0.90	2.52	1.97	2.00
75	0.89	2.51	1.97	2.00
76	0.89	2.51	1.97	2.00
77	0.88	2.51	1.97	2.00
78	0.88	2.51	1.98	2.00
79	0.87	2.51	1.98	2.00
80	0.87	2.50	1.98	2.00
81	0.87	2.50	1.98	2.00
82	0.86	2.50	1.99	2.00
83	0.86	2.50	1.99	2.00
84	0.85	2.50	1.99	2.00
85	0.85	2.49	1.99	2.00
86	0.84	2.49	1.99	2.00
87	0.84	2.49	2.00	2.00
88	0.84	2.49	2.00	2.00
89	0.83	2.49	2.00	2.00
90	0.83	2.48	2.00	2.00
91	0.82	2.48	2.01	2.00
92	0.82	2.48	2.01	2.00
93	0.81	2.48	2.01	2.00
94	0.81	2.48	2.01	2.00
95	0.80	2.47	2.01	2.00
96	0.80	2.47	2.02	2.00
97	0.80	2.47	2.02	2.00
98	0.79	2.47	2.02	2.00
99	0.79	2.47	2.02	2.00
100	0.78	2.46	2.03	2.00
101	0.78	2.46	2.03	2.00
102	0.77	2.46	2.03	2.00
103	0.77	2.46	2.03	2.00
104	0.76	2.46	2.03	2.00
105	0.76	2.45	2.04	2.00
106	0.74	2.43	1.92	2.00
107	0.72	2.40	1.81	2.00
108	0.73	2.38	1.86	2.00
109	0.75	2.43	1.90	2.00
110	0.79	2.56	1.92	2.00
111	0.81	2.64	1.94	2.00
112	0.82	2.68	1.96	2.00
113	0.82	2.66	1.97	2.00
114	0.82	2.63	1.98	2.00
115	0.82	2.61	1.98	2.00
116	0.82	2.61	1.98	2.00
117	0.82	2.59	1.98	2.00
118	0.81	2.55	1.98	2.00
119	0.80	2.50	1.98	2.00
120	0.79	2.50	1.98	2.00
121	0.79	2.50	1.98	2.00
122	0.79	2.52	1.99	2.00
123	0.79	2.51	1.99	2.00
124	0.79	2.51	1.99	2.00
125	0.79	2.51	1.99	2.00
126	0.79	2.50	1.99	2.00
127	0.79	2.51	1.99	2.00
128	0.79	2.49	1.99	2.00
129	0.79	2.50	1.99	2.00
130	0.78	2.50	1.98	2.00
131	0.79	2.51	1.98	2.00
132	0.79	2.52	1.98	2.00
133	0.78	2.52	1.98	2.00
134	0.78	2.51	1.98	2.00
135	0.78	2.51	1.98	2.00
136	0.77	2.50	1.98	2.00
137	0.76	2.46	1.98	2.00
138	0.76	2.46	1.97	2.00
139	0.76	2.46	1.97	2.00
140	0.76	2.46	1.97	2.00
141	0.76	2.46	1.97	2.00
142	0.76	2.47	1.98	2.00
143	0.77	2.47	1.97	2.00
144	0.76	2.46	1.97	2.00
145	0.76	2.45	1.97	2.00
146	0.75	2.43	1.97	1.00
Target 11 (frames from 73 to 174)
Bounding Boxes (frame, x, y, width, height)
73	502	140	73	146
74	499	140	77	154
75	497	140	80	161
76	494	139	84	168
77	492	139	87	175
78	490	139	90	181
79	488	138	93	186
80	486	137	95	191
81	484	137	97	195
82	483	136	99	199
83	481	134	101	203
84	480	132	103	207
85	479	131	104	209
86	479	130	105	211
87	479	130	105	211
88	479	130	105	210
89	480	131	103	207
90	480	132	103	206
91	481	132	102	205
92	481	133	102	205
93	481	133	103	206
94	481	133	103	206
95	481	133	103	207
96	481	134	102	205
97	481	135	102	204
98	482	135	101	203
99	481	134	101	203
100	481	134	102	204
101	481	133	102	204
102	481	133	101	203
103	481	133	101	203
104	481	133	101	202
105	481	133	100	201
106	481	133	100	201
107	482	134	100	200
108	482	134	100	200
109	481	134	100	200
110	481	134	100	201
111	481	133	101	203
112	481	133	102	204
113	480	133	102	204
114	481	133	102	204
115	480	133	102	204
116	480	132	102	205
117	480	132	103	207
118	479	131	104	208
119	479	131	104	208
120	479	131	104	208
121	479	131	104	208
122	480	131	103	207
123	480	131	103	206
124	480	132	102	205
125	480	132	102	205
126	480	132	102	204
127	480	132	102	204
128	480	131	102	205
129	480	131	102	205
130	480	131	102	205
131	480	130	103	207
132	480	130	104	208
133	480	130	104	208
134	481	130	103	207
135	482	130	102	204
136	483	130	100	201
137	484	131	98	197
138	485	130	97	194
139	485	130	96	192
140	485	129	96	193
141	485	128	97	195
142	485	127	99	198
143	485	126	101	203
144	484	125	104	208
145	484	124	107	214
146	484	123	109	219
147	484	122	112	224
148	485	122	114	229
149	486	121	116	232
150	487	121	117	234
151	489	122	116	233
152	491	122	115	230
153	493	123	112	224
154	495	124	109	218
155	497	125	106	213
156	497	125	105	210
157	498	125	104	208
158	498	125	103	207
159	498	125	103	206
160	498	125	103	207
161	498	125	104	208
162	498	124	104	209
163	498	124	104	209
164	498	124	105	210
165	498	124	105	211
166	497	124	106	212
167	497	124	107	214
168	496	125	107	215
169	496	126	108	217
170	495	127	110	220
171	494	128	111	222
172	493	129	112	225
173	492	130	114	228
174	491	131	115	231
3D Trajetory (frame, x, z, height, pose)
73	3.36	6.16	2.39	3.00
74	3.19	5.86	2.31	3.00
75	3.02	5.56	2.24	3.00
76	2.86	5.26	2.16	3.00
77	2.69	4.96	2.08	3.00
78	2.67	4.92	2.07	3.00
79	2.74	5.06	2.11	2.00
80	2.12	3.97	2.10	2.00
81	2.07	3.91	2.13	2.00
82	2.09	3.95	2.12	2.00
83	2.05	3.88	2.10	2.00
84	2.04	3.85	2.09	2.00
85	2.05	3.87	2.09	2.00
86	2.10	3.97	2.09	2.00
87	2.09	3.94	2.08	2.00
88	2.07	3.92	2.09	2.00
89	2.07	3.92	2.11	2.00
90	2.10	3.97	2.11	2.00
91	2.12	4.01	2.11	2.00
92	2.16	4.07	2.11	2.00
93	2.14	4.04	2.11	2.00
94	2.13	4.02	2.10	2.00
95	2.15	4.06	2.10	2.00
96	2.15	4.05	2.10	2.00
97	2.13	4.00	2.09	2.00
98	2.11	3.97	2.08	2.00
99	2.10	3.95	2.08	2.00
100	2.09	3.94	2.08	2.00
101	2.09	3.94	2.08	2.00
102	2.11	3.98	2.07	2.00
103	2.13	4.01	2.07	2.00
104	2.15	4.05	2.07	2.00
105	2.14	4.04	2.07	2.00
106	2.11	3.98	2.06	2.00
107	2.08	3.92	2.05	2.00
108	2.07	3.91	2.04	2.00
109	2.08	3.92	2.04	2.00
110	2.09	3.95	2.04	2.00
111	2.10	3.96	2.04	2.00
112	2.10	3.96	2.04	2.00
113	2.11	3.98	2.04	2.00
114	2.12	3.99	2.04	2.00
115	2.12	3.99	2.04	2.00
116	2.11	3.98	2.05	2.00
117	2.11	3.98	2.05	2.00
118	2.11	3.98	2.05	2.00
119	2.11	3.98	2.05	2.00
120	2.11	3.97	2.05	2.00
121	2.10	3.97	2.05	2.00
122	2.10	3.97	2.05	2.00
123	2.10	3.97	2.05	2.00
124	2.10	3.97	2.05	2.00
125	2.11	3.98	2.05	2.00
126	2.12	3.99	2.05	2.00
127	2.12	4.01	2.06	2.00
128	2.13	4.02	2.06	2.00
129	2.13	4.03	2.06	2.00
130	2.13	4.03	2.06	2.00
131	2.13	4.03	2.06	2.00
132	2.13	4.03	2.06	2.00
133	2.13	4.02	2.06	2.00
134	2.14	4.03	2.06	2.00
135	2.14	4.02	2.06	2.00
136	2.14	4.02	2.07	2.00
137	2.14	4.02	2.07	2.00
138	2.15	4.03	2.07	2.00
139	2.15	4.04	2.07	2.00
140	2.21	4.14	2.07	2.00
141	2.21	4.14	2.07	2.00
142	2.22	4.14	2.07	2.00
143	2.22	4.14	2.07	2.00
144	2.21	4.13	2.07	2.00
145	2.21	4.13	2.07	2.00
146	2.18	4.03	2.08	2.00
147	2.16	3.96	2.08	2.00
148	2.14	3.89	2.08	2.00
149	2.16	3.87	2.08	2.00
150	2.13	3.81	2.08	2.00
151	2.11	3.75	2.08	2.00
152	2.13	3.76	2.08	2.00
153	2.15	3.76	2.08	2.00
154	2.17	3.78	2.08	2.00
155	2.19	3.79	2.08	2.00
156	2.19	3.79	2.08	2.00
157	2.20	3.79	2.08	2.00
158	2.20	3.80	2.08	2.00
159	2.25	3.89	2.09	2.00
160	2.25	3.88	2.09	2.00
161	2.26	3.90	2.09	2.00
162	2.27	3.90	2.09	2.00
163	2.27	3.90	2.09	2.00
164	2.27	3.91	2.09	2.00
165	2.28	3.91	2.09	2.00
166	2.28	3.91	2.09	2.00
167	2.28	3.92	2.09	2.00
168	2.29	3.93	2.09	2.00
169	2.30	3.94	2.09	2.00
170	2.28	3.93	2.09	2.00
171	2.27	3.91	2.09	2.00
172	2.25	3.88	2.09	2.00
173	2.23	3.84	2.09	2.00
174	2.21	3.81	2.09	2.00
Target 12 (frames from 76 to 113)
Bounding Boxes (frame, x, y, width, height)
76	114	114	133	266
77	115	118	129	258
78	116	120	125	251
79	117	123	122	244
80	117	125	119	239
81	117	127	117	234
82	118	129	115	230
83	118	130	113	227
84	118	132	112	225
85	118	132	112	224
86	117	133	112	224
87	117	134	112	225
88	116	135	113	226
89	115	135	114	229
90	115	135	115	231
91	114	134	117	234
92	113	132	119	239
93	111	129	122	244
94	109	125	125	251
95	107	119	129	259
96	105	114	133	266
97	104	109	135	271
98	103	105	137	274
99	102	102	137	275
100	101	101	136	273
101	101	101	135	271
102	101	101	134	269
103	102	104	132	264
104	103	108	129	259
105	103	109	129	259
106	103	110	129	258
107	102	111	128	257
108	102	113	128	256
109	102	115	128	256
110	103	118	127	255
111	103	121	127	254
112	103	124	127	254
113	103	127	126	253
3D Trajetory (frame, x, z, height, pose)
76	-1.11	3.18	2.07	4.00
77	-1.11	3.18	2.07	4.00
78	-1.15	3.27	2.07	4.00
79	-1.18	3.35	2.07	4.00
80	-1.22	3.44	2.08	4.00
81	-1.25	3.51	2.09	4.00
82	-1.26	3.52	2.08	4.00
83	-1.27	3.53	2.07	4.00
84	-1.27	3.54	2.06	4.00
85	-1.28	3.55	2.04	4.00
86	-1.29	3.56	2.03	4.00
87	-1.30	3.57	2.02	4.00
88	-1.31	3.59	2.01	4.00
89	-1.32	3.60	2.00	4.00
90	-1.24	3.25	2.05	4.00
91	-1.19	3.24	2.06	4.00
92	-1.15	3.23	2.07	4.00
93	-1.20	3.37	2.01	4.00
94	-1.22	3.33	2.01	4.00
95	-1.20	3.25	2.05	4.00
96	-1.18	3.18	2.09	4.00
97	-1.16	3.11	2.13	4.00
98	-1.13	3.03	2.17	4.00
99	-1.15	3.09	2.21	4.00
100	-1.15	3.09	2.21	4.00
101	-1.16	3.11	2.21	4.00
102	-1.17	3.12	2.21	4.00
103	-1.24	3.28	2.19	4.00
104	-1.30	3.43	2.17	4.00
105	-1.28	3.36	2.10	4.00
106	-1.26	3.29	2.03	4.00
107	-1.23	3.22	1.95	4.00
108	-1.21	3.15	1.88	4.00
109	-1.21	3.19	1.97	4.00
110	-1.23	3.24	1.99	4.00
111	-1.21	3.16	2.05	4.00
112	-1.22	3.17	2.07	4.00
113	-1.23	3.18	2.09	4.00
