Total frames 321
Number of Targets 29
Target 1 (frames from 1 to 35)
Bounding Boxes (frame, x, y, width, height)
1	615	197	47	95
2	616	197	47	95
3	616	198	48	96
4	616	198	48	96
5	617	198	48	96
6	617	199	48	97
7	617	199	48	97
8	618	199	48	97
9	618	199	49	98
10	618	199	49	98
11	618	199	49	99
12	618	199	50	100
13	619	199	50	100
14	619	199	50	101
15	619	198	50	101
16	620	198	51	102
17	620	197	51	102
18	621	197	51	103
19	622	197	51	103
20	623	197	51	103
21	623	197	51	103
22	625	198	51	103
23	626	198	51	102
24	627	198	51	102
25	628	198	51	102
26	629	198	51	102
27	629	198	51	102
28	630	198	51	103
29	631	198	51	103
30	632	198	51	103
31	632	198	52	104
32	633	198	52	104
33	633	198	52	105
34	634	197	52	105
35	634	197	53	106
3D Trajetory (frame, x, z, height, pose)
1	3.83	8.12	1.56	2.00
2	3.90	8.19	1.56	2.00
3	3.89	8.18	1.55	2.00
4	3.90	8.18	1.55	2.00
5	3.91	8.16	1.57	2.00
6	3.88	8.07	1.58	2.00
7	3.86	7.99	1.57	2.00
8	3.84	7.93	1.58	2.00
9	3.84	7.93	1.57	2.00
10	3.83	7.89	1.58	2.00
11	3.83	7.89	1.56	2.00
12	3.84	7.88	1.56	2.00
13	3.85	7.89	1.56	2.00
14	3.85	7.85	1.56	2.00
15	3.85	7.83	1.60	2.00
16	3.84	7.81	1.60	2.00
17	3.84	7.80	1.61	2.00
18	3.85	7.78	1.62	2.00
19	3.88	7.78	1.63	2.00
20	3.88	7.74	1.63	2.00
21	3.89	7.73	1.62	2.00
22	3.89	7.72	1.60	2.00
23	3.89	7.70	1.59	2.00
24	3.90	7.67	1.57	2.00
25	3.92	7.68	1.56	2.00
26	3.94	7.68	1.55	2.00
27	3.96	7.67	1.54	2.00
28	3.98	7.69	1.57	4.00
29	4.00	7.69	1.59	4.00
30	4.00	7.66	1.60	4.00
31	4.01	7.64	1.62	4.00
32	4.00	7.60	1.63	4.00
33	4.01	7.60	1.62	1.00
34	4.02	7.58	1.61	1.00
35	4.04	7.62	1.59	1.00
Target 2 (frames from 1 to 17)
Bounding Boxes (frame, x, y, width, height)
1	708	188	59	118
2	708	188	59	119
3	709	188	59	119
4	709	188	59	119
5	709	188	59	119
6	710	188	59	119
7	710	188	60	120
8	711	188	60	120
9	712	188	60	120
10	713	188	60	121
11	714	188	60	121
12	715	188	60	121
13	716	188	61	122
14	717	188	61	122
15	719	189	61	122
16	720	189	61	123
17	722	189	61	123
3D Trajetory (frame, x, z, height, pose)
1	4.51	6.79	1.62	4.00
2	4.44	6.61	1.58	4.00
3	4.51	6.67	1.59	4.00
4	4.55	6.72	1.59	4.00
5	4.58	6.76	1.59	4.00
6	4.57	6.77	1.61	4.00
7	4.59	6.77	1.61	4.00
8	4.62	6.77	1.63	4.00
9	4.62	6.77	1.63	4.00
10	4.62	6.76	1.64	4.00
11	4.60	6.71	1.65	4.00
12	4.62	6.69	1.63	4.00
13	4.62	6.68	1.63	4.00
14	4.62	6.67	1.63	2.00
15	4.65	6.65	1.64	4.00
16	4.67	6.62	1.64	2.00
17	4.69	6.59	1.62	4.00
Target 3 (frames from 1 to 32)
Bounding Boxes (frame, x, y, width, height)
1	172	159	96	193
2	164	158	98	196
3	157	157	99	198
4	150	156	100	201
5	143	156	101	203
6	136	155	102	205
7	129	155	103	206
8	123	155	103	207
9	117	154	104	208
10	110	155	104	209
11	105	155	104	209
12	99	155	104	209
13	94	156	104	209
14	88	156	104	208
15	82	157	104	208
16	77	158	103	207
17	71	159	102	205
18	65	161	101	203
19	60	163	100	201
20	55	164	100	200
21	50	166	99	198
22	45	167	98	197
23	40	168	98	196
24	34	168	98	196
25	29	168	98	196
26	24	168	98	197
27	18	167	98	197
28	13	166	99	199
29	7	164	100	200
30	2	163	101	202
31	-4	161	102	204
32	-10	158	103	207
3D Trajetory (frame, x, z, height, pose)
1	-1.49	4.13	1.56	3.00
2	-1.51	4.08	1.63	3.00
3	-1.57	4.04	1.63	3.00
4	-1.62	4.01	1.64	3.00
5	-1.67	3.97	1.62	3.00
6	-1.71	3.95	1.61	3.00
7	-1.74	3.92	1.60	3.00
8	-1.76	3.89	1.60	3.00
9	-1.78	3.89	1.61	3.00
10	-1.82	3.87	1.61	3.00
11	-1.86	3.84	1.62	3.00
12	-1.91	3.84	1.61	3.00
13	-1.96	3.85	1.62	3.00
14	-2.01	3.86	1.63	3.00
15	-2.05	3.87	1.62	3.00
16	-2.09	3.88	1.61	3.00
17	-2.14	3.89	1.60	3.00
18	-2.18	3.90	1.58	3.00
19	-2.24	3.88	1.55	3.00
20	-2.30	3.90	1.55	3.00
21	-2.35	3.90	1.55	3.00
22	-2.38	3.90	1.53	3.00
23	-2.40	3.89	1.53	3.00
24	-2.45	3.90	1.52	3.00
25	-2.50	3.92	1.52	3.00
26	-2.54	3.92	1.54	3.00
27	-2.57	3.92	1.55	3.00
28	-2.61	3.92	1.56	3.00
29	-2.65	3.92	1.55	3.00
30	-2.70	3.92	1.58	3.00
31	-2.71	3.90	1.60	3.00
32	-2.76	3.89	1.62	3.00
Target 4 (frames from 1 to 94)
Bounding Boxes (frame, x, y, width, height)
1	485	166	96	192
2	483	167	95	191
3	479	168	95	191
4	476	169	95	190
5	473	169	94	189
6	469	170	94	189
7	465	171	94	188
8	461	171	93	187
9	457	172	93	187
10	453	172	93	186
11	448	173	92	185
12	444	174	92	184
13	439	174	91	183
14	434	173	91	183
15	428	173	91	183
16	422	172	92	184
17	416	171	92	184
18	410	171	92	184
19	404	170	92	185
20	398	168	93	186
21	392	167	93	187
22	386	166	94	188
23	381	165	94	189
24	376	164	95	190
25	370	163	95	191
26	365	163	96	192
27	360	162	96	192
28	354	162	96	193
29	349	161	96	193
30	343	161	96	193
31	337	161	97	194
32	330	160	97	194
33	325	160	97	195
34	320	160	97	195
35	314	160	97	195
36	309	160	98	196
37	303	160	98	196
38	297	160	98	197
39	291	161	98	197
40	285	161	98	197
41	280	162	98	197
42	275	162	98	197
43	269	162	98	197
44	264	162	98	197
45	259	162	99	198
46	253	162	99	198
47	248	162	99	198
48	243	162	99	198
49	238	162	98	197
50	234	162	98	197
51	229	162	98	197
52	224	163	98	197
53	219	163	98	197
54	213	163	98	197
55	208	163	98	197
56	202	164	98	196
57	196	165	98	196
58	190	165	98	196
59	184	165	98	196
60	178	166	97	195
61	173	166	98	196
62	167	165	98	197
63	161	164	99	199
64	154	162	101	202
65	148	160	102	205
66	141	157	104	208
67	134	154	106	213
68	127	151	108	217
69	120	148	110	221
70	112	146	112	224
71	105	146	113	226
72	99	146	113	227
73	92	146	113	227
74	85	147	114	228
75	78	148	114	228
76	72	148	114	229
77	65	149	114	229
78	59	150	114	229
79	53	151	114	228
80	48	153	113	227
81	42	154	113	226
82	36	155	112	225
83	30	156	111	223
84	24	156	111	222
85	18	157	110	220
86	12	158	109	218
87	7	160	108	216
88	2	161	106	213
89	-3	163	105	211
90	-7	164	103	207
91	-12	166	102	204
92	-16	168	100	200
93	-20	170	98	196
94	-24	172	95	191
3D Trajetory (frame, x, z, height, pose)
1	1.03	3.97	1.51	3.00
2	1.05	3.98	1.52	3.00
3	1.03	3.96	1.53	3.00
4	0.97	3.93	1.52	3.00
5	0.91	3.93	1.50	3.00
6	0.88	3.96	1.50	3.00
7	0.87	3.99	1.49	3.00
8	0.85	4.01	1.50	3.00
9	0.83	4.04	1.50	3.00
10	0.81	4.06	1.52	3.00
11	0.78	4.07	1.52	3.00
12	0.76	4.06	1.51	3.00
13	0.72	4.08	1.50	3.00
14	0.67	4.08	1.49	3.00
15	0.61	4.12	1.51	3.00
16	0.57	4.13	1.52	3.00
17	0.52	4.17	1.53	3.00
18	0.47	4.21	1.54	3.00
19	0.43	4.22	1.54	3.00
20	0.38	4.23	1.57	3.00
21	0.32	4.24	1.63	3.00
22	0.28	4.26	1.63	3.00
23	0.25	4.23	1.61	3.00
24	0.23	4.21	1.59	3.00
25	0.19	4.20	1.62	3.00
26	0.14	4.20	1.63	3.00
27	0.08	4.23	1.63	3.00
28	0.03	4.24	1.62	3.00
29	-0.01	4.24	1.62	3.00
30	-0.04	4.23	1.63	3.00
31	-0.08	4.24	1.65	3.00
32	-0.14	4.23	1.66	3.00
33	-0.19	4.23	1.66	3.00
34	-0.24	4.24	1.65	3.00
35	-0.29	4.23	1.66	3.00
36	-0.35	4.23	1.66	3.00
37	-0.38	4.21	1.66	3.00
38	-0.41	4.22	1.64	3.00
39	-0.43	4.19	1.64	3.00
40	-0.46	4.16	1.65	3.00
41	-0.52	4.15	1.63	3.00
42	-0.58	4.13	1.64	3.00
43	-0.63	4.12	1.64	3.00
44	-0.69	4.11	1.63	3.00
45	-0.73	4.11	1.62	3.00
46	-0.75	4.12	1.63	3.00
47	-0.79	4.11	1.62	3.00
48	-0.83	4.13	1.63	3.00
49	-0.86	4.13	1.62	2.00
50	-0.90	4.11	1.63	2.00
51	-0.95	4.12	1.64	3.00
52	-0.98	4.12	1.63	3.00
53	-1.01	4.11	1.63	3.00
54	-1.07	4.13	1.62	3.00
55	-1.11	4.13	1.61	3.00
56	-1.17	4.14	1.61	3.00
57	-1.22	4.12	1.62	3.00
58	-1.26	4.10	1.63	3.00
59	-1.31	4.09	1.61	3.00
60	-1.35	4.08	1.60	3.00
61	-1.38	4.06	1.60	3.00
62	-1.44	4.07	1.60	3.00
63	-1.49	4.07	1.60	2.00
64	-1.53	4.05	1.61	2.00
65	-1.57	4.04	1.63	3.00
66	-1.60	3.98	1.64	3.00
67	-1.63	3.96	1.65	3.00
68	-1.66	3.92	1.67	3.00
69	-1.67	3.86	1.72	3.00
70	-1.71	3.80	1.75	3.00
71	-1.75	3.76	1.75	3.00
72	-1.80	3.74	1.74	3.00
73	-1.85	3.73	1.73	3.00
74	-1.88	3.71	1.71	3.00
75	-1.92	3.69	1.68	3.00
76	-1.96	3.68	1.65	3.00
77	-2.00	3.67	1.61	3.00
78	-2.03	3.65	1.60	3.00
79	-2.05	3.62	1.61	3.00
80	-2.09	3.58	1.63	3.00
81	-2.13	3.56	1.66	3.00
82	-2.17	3.55	1.67	3.00
83	-2.18	3.54	1.66	3.00
84	-2.25	3.58	1.65	3.00
85	-2.38	3.69	1.60	3.00
86	-2.45	3.73	1.55	3.00
87	-2.50	3.74	1.55	3.00
88	-2.56	3.75	1.56	3.00
89	-2.63	3.79	1.55	3.00
90	-2.70	3.81	1.56	3.00
91	-2.75	3.82	1.56	3.00
92	-2.81	3.86	1.56	3.00
93	-2.86	3.92	1.54	3.00
94	-2.91	3.97	1.55	3.00
Target 5 (frames from 24 to 58)
Bounding Boxes (frame, x, y, width, height)
24	701	146	125	250
25	697	148	122	245
26	693	151	120	240
27	689	153	117	235
28	684	155	115	231
29	680	157	113	227
30	675	158	112	224
31	670	159	110	221
32	665	161	109	218
33	660	161	108	216
34	654	162	106	213
35	648	163	106	212
36	643	163	105	211
37	637	162	106	212
38	630	161	106	213
39	624	160	106	213
40	617	160	106	213
41	610	161	106	212
42	604	160	106	212
43	597	160	106	212
44	591	159	106	212
45	584	158	106	213
46	578	157	107	214
47	573	155	107	215
48	569	153	108	216
49	565	151	109	218
50	560	149	110	220
51	555	146	111	223
52	550	143	113	226
53	545	139	115	230
54	540	135	117	234
55	535	131	119	239
56	531	126	122	244
57	526	121	124	249
58	521	115	127	255
3D Trajetory (frame, x, z, height, pose)
24	2.34	3.25	1.58	3.00
25	2.30	3.19	1.54	3.00
26	2.29	3.19	1.55	3.00
27	2.27	3.17	1.56	3.00
28	2.27	3.26	1.55	3.00
29	2.28	3.37	1.55	3.00
30	2.29	3.43	1.54	3.00
31	2.29	3.48	1.54	3.00
32	2.28	3.52	1.54	1.00
33	2.25	3.55	1.54	1.00
34	2.24	3.59	1.55	3.00
35	2.22	3.63	1.55	3.00
36	2.20	3.67	1.53	3.00
37	2.17	3.66	1.53	3.00
38	2.15	3.66	1.55	3.00
39	2.09	3.66	1.55	3.00
40	2.03	3.67	1.58	3.00
41	2.00	3.67	1.61	3.00
42	1.95	3.67	1.62	3.00
43	1.90	3.68	1.65	3.00
44	1.86	3.73	1.64	3.00
45	1.82	3.77	1.62	1.00
46	1.81	3.79	1.53	1.00
47	1.78	3.80	1.57	1.00
48	1.74	3.82	1.61	1.00
49	1.72	3.82	1.66	3.00
50	1.69	3.80	1.70	2.00
51	1.67	3.80	1.74	3.00
52	1.64	3.79	1.77	2.00
53	1.63	3.78	1.81	1.00
54	1.61	3.79	1.83	1.00
55	1.59	3.80	1.84	1.00
56	1.55	3.81	1.85	2.00
57	1.49	3.82	1.89	2.00
58	1.39	3.80	1.93	2.00
Target 6 (frames from 36 to 65)
Bounding Boxes (frame, x, y, width, height)
36	754	199	50	100
37	754	198	50	101
38	754	197	51	102
39	754	196	51	102
40	755	196	51	102
41	755	195	51	103
42	755	195	51	103
43	755	195	51	103
44	755	195	51	103
45	756	195	51	103
46	756	195	51	103
47	756	195	51	103
48	757	196	51	102
49	757	196	50	101
50	757	197	50	101
51	758	198	50	100
52	758	199	49	99
53	758	200	49	98
54	759	201	49	98
55	759	202	48	97
56	759	203	48	97
57	759	204	48	96
58	760	204	48	96
59	760	205	47	95
60	760	205	47	95
61	760	205	47	95
62	760	205	47	95
63	760	205	47	95
64	760	205	47	95
65	761	205	47	95
3D Trajetory (frame, x, z, height, pose)
36	5.88	7.61	1.63	4.00
37	6.48	8.36	1.65	4.00
38	6.34	8.18	1.65	4.00
39	6.32	8.14	1.65	4.00
40	6.28	8.09	1.66	4.00
41	6.28	8.07	1.68	4.00
42	6.28	8.04	1.69	2.00
43	6.27	8.03	1.66	2.00
44	6.27	8.02	1.68	2.00
45	6.27	8.01	1.69	2.00
46	6.27	7.99	1.70	2.00
47	6.26	7.97	1.66	4.00
48	6.24	7.96	1.64	4.00
49	6.23	7.94	1.64	4.00
50	6.22	7.92	1.63	4.00
51	6.22	7.91	1.61	4.00
52	6.22	7.90	1.59	4.00
53	6.23	7.90	1.57	4.00
54	6.23	7.90	1.56	4.00
55	6.24	7.90	1.55	4.00
56	6.23	7.90	1.55	4.00
57	6.23	7.89	1.54	2.00
58	6.24	7.88	1.55	2.00
59	6.23	7.88	1.54	4.00
60	6.23	7.88	1.53	4.00
61	6.23	7.88	1.52	4.00
62	6.22	7.89	1.52	2.00
63	6.22	7.88	1.52	2.00
64	6.23	7.88	1.52	2.00
65	6.23	7.89	1.52	2.00
Target 7 (frames from 43 to 94)
Bounding Boxes (frame, x, y, width, height)
43	721	192	56	113
44	721	193	56	113
45	721	193	56	112
46	722	193	56	112
47	722	193	56	112
48	722	193	56	112
49	723	194	55	111
50	723	194	55	111
51	724	194	55	111
52	724	194	55	111
53	725	195	55	111
54	726	195	55	111
55	726	196	55	111
56	727	196	55	110
57	728	197	55	110
58	729	197	55	110
59	729	197	55	110
60	730	197	55	111
61	730	196	55	111
62	731	195	56	112
63	731	195	56	112
64	731	194	56	113
65	732	194	56	113
66	732	194	57	114
67	732	193	57	114
68	733	193	57	114
69	734	192	57	115
70	734	191	57	115
71	735	191	58	116
72	736	190	58	116
73	738	190	58	117
74	739	190	58	117
75	740	190	58	117
76	740	190	58	117
77	741	190	58	117
78	742	190	58	117
79	742	190	58	117
80	743	191	58	116
81	743	192	57	115
82	744	193	57	114
83	744	193	56	113
84	745	194	56	112
85	746	194	56	112
86	747	194	56	112
87	747	194	56	112
88	748	194	56	112
89	749	194	56	113
90	750	193	56	113
91	751	193	57	114
92	752	192	57	114
93	753	191	57	115
94	754	191	58	116
3D Trajetory (frame, x, z, height, pose)
43	5.16	7.20	1.66	2.00
44	5.16	7.21	1.64	2.00
45	5.16	7.19	1.61	2.00
46	5.17	7.18	1.61	2.00
47	5.17	7.18	1.62	2.00
48	5.18	7.18	1.63	2.00
49	5.16	7.15	1.64	2.00
50	5.16	7.15	1.63	2.00
51	5.16	7.14	1.63	2.00
52	5.16	7.14	1.62	2.00
53	5.18	7.13	1.62	2.00
54	5.18	7.13	1.61	2.00
55	5.20	7.12	1.58	4.00
56	5.21	7.12	1.57	4.00
57	5.20	7.10	1.57	4.00
58	5.22	7.10	1.58	4.00
59	5.23	7.10	1.60	4.00
60	5.24	7.09	1.61	4.00
61	5.23	7.07	1.61	4.00
62	5.23	7.08	1.60	4.00
63	5.24	7.08	1.59	4.00
64	5.23	7.08	1.62	4.00
65	5.23	7.08	1.63	4.00
66	5.22	7.06	1.64	4.00
67	5.23	7.07	1.65	2.00
68	5.23	7.06	1.65	2.00
69	5.22	7.07	1.64	2.00
70	5.23	7.06	1.63	4.00
71	5.24	7.05	1.63	4.00
72	5.26	7.05	1.65	4.00
73	5.26	7.03	1.67	4.00
74	5.27	7.00	1.68	4.00
75	5.28	6.99	1.67	4.00
76	5.28	6.98	1.67	4.00
77	5.28	6.97	1.65	4.00
78	5.27	6.96	1.64	4.00
79	5.26	6.94	1.64	4.00
80	5.28	6.96	1.64	4.00
81	5.28	6.98	1.63	4.00
82	5.28	6.98	1.62	4.00
83	5.28	6.99	1.60	4.00
84	5.29	7.00	1.59	4.00
85	5.30	7.00	1.59	4.00
86	5.33	7.02	1.56	4.00
87	5.35	7.01	1.56	4.00
88	5.37	7.02	1.57	4.00
89	5.38	7.01	1.59	4.00
90	5.40	7.00	1.60	4.00
91	5.41	6.99	1.62	4.00
92	5.41	6.99	1.63	2.00
93	5.41	7.00	1.63	2.00
94	5.40	6.99	1.64	2.00
Target 8 (frames from 49 to 107)
Bounding Boxes (frame, x, y, width, height)
49	663	202	47	94
50	662	201	47	95
51	662	200	48	97
52	661	199	49	99
53	661	198	50	100
54	661	197	51	102
55	661	196	52	104
56	661	195	52	105
57	661	194	53	107
58	662	194	54	108
59	662	193	55	110
60	662	192	56	112
61	663	191	56	113
62	663	191	57	115
63	664	191	58	116
64	665	191	58	117
65	667	191	59	118
66	668	192	59	119
67	670	192	60	120
68	672	193	60	120
69	674	193	60	121
70	676	194	60	121
71	677	194	61	122
72	679	193	61	123
73	680	193	62	125
74	682	192	63	127
75	683	191	64	128
76	685	190	65	130
77	686	189	66	132
78	687	189	66	133
79	689	189	67	134
80	690	189	67	135
81	691	189	68	136
82	692	189	68	136
83	693	190	68	137
84	694	190	69	138
85	695	191	69	138
86	696	192	69	138
87	697	193	69	138
88	698	194	69	138
89	699	194	69	138
90	700	195	69	138
91	701	195	69	138
92	703	196	69	139
93	705	196	69	139
94	707	197	69	139
95	710	197	69	139
96	712	198	69	139
97	714	198	69	139
98	717	198	70	140
99	719	198	70	140
100	721	198	70	140
101	723	198	70	140
102	725	198	69	139
103	726	198	69	139
104	728	198	69	139
105	730	198	69	139
106	731	197	69	139
107	733	197	69	138
3D Trajetory (frame, x, z, height, pose)
49	4.85	8.20	1.54	3.00
50	4.83	8.21	1.61	3.00
51	4.72	8.04	1.67	2.00
52	4.74	8.04	1.61	4.00
53	4.75	8.02	1.58	4.00
54	4.74	7.99	1.61	4.00
55	4.73	7.96	1.62	4.00
56	4.65	7.81	1.63	2.00
57	4.59	7.71	1.65	2.00
58	4.57	7.64	1.66	2.00
59	4.52	7.53	1.69	2.00
60	4.47	7.45	1.71	2.00
61	4.42	7.34	1.71	2.00
62	4.39	7.30	1.73	2.00
63	4.31	7.13	1.69	4.00
64	4.24	6.99	1.67	4.00
65	4.19	6.88	1.65	4.00
66	4.14	6.77	1.62	4.00
67	4.08	6.65	1.59	4.00
68	4.04	6.53	1.57	2.00
69	4.02	6.43	1.56	2.00
70	4.00	6.36	1.56	4.00
71	3.98	6.30	1.56	4.00
72	3.95	6.22	1.56	4.00
73	3.93	6.16	1.57	2.00
74	3.91	6.10	1.56	2.00
75	3.88	6.04	1.55	2.00
76	3.86	5.99	1.54	4.00
77	3.84	5.92	1.55	4.00
78	3.81	5.83	1.57	4.00
79	3.78	5.75	1.59	2.00
80	3.77	5.69	1.59	2.00
81	3.76	5.63	1.58	2.00
82	3.70	5.55	1.54	2.00
83	3.66	5.48	1.53	2.00
84	3.64	5.45	1.51	2.00
85	3.62	5.41	1.48	2.00
86	3.61	5.40	1.45	2.00
87	3.58	5.34	1.46	2.00
88	3.56	5.28	1.47	2.00
89	3.55	5.22	1.48	4.00
90	3.52	5.17	1.46	4.00
91	3.50	5.13	1.44	4.00
92	3.49	5.10	1.43	3.00
93	3.48	5.05	1.42	3.00
94	3.48	5.04	1.41	4.00
95	3.49	5.01	1.39	4.00
96	3.50	5.00	1.40	4.00
97	3.50	4.97	1.39	4.00
98	3.51	4.96	1.39	4.00
99	3.53	4.95	1.38	4.00
100	3.56	4.94	1.38	4.00
101	3.55	4.93	1.38	4.00
102	3.56	4.91	1.40	4.00
103	3.58	4.91	1.40	4.00
104	3.61	4.93	1.41	4.00
105	3.66	4.96	1.41	4.00
106	3.70	5.05	1.38	4.00
107	3.73	5.10	1.38	4.00
Target 9 (frames from 64 to 95)
Bounding Boxes (frame, x, y, width, height)
64	469	81	181	363
65	463	91	173	347
66	456	100	166	333
67	450	108	160	320
68	443	115	154	308
69	437	121	148	297
70	431	127	143	287
71	424	132	139	279
72	418	135	135	271
73	412	138	132	265
74	404	140	130	260
75	397	141	128	257
76	391	139	128	257
77	385	138	128	257
78	379	136	128	257
79	373	136	128	256
80	367	135	128	256
81	362	133	128	257
82	356	132	128	257
83	350	131	129	258
84	342	131	129	258
85	335	130	129	259
86	326	130	130	260
87	319	129	130	261
88	310	129	131	262
89	302	129	131	263
90	293	128	132	264
91	284	128	133	266
92	275	128	133	267
93	265	128	134	269
94	255	128	135	271
95	245	128	136	273
3D Trajetory (frame, x, z, height, pose)
64	0.77	2.47	1.78	1.00
65	0.78	2.51	1.78	3.00
66	0.79	2.56	1.83	1.00
67	0.76	2.68	1.74	3.00
68	0.69	2.77	1.66	1.00
69	0.67	2.89	1.62	3.00
70	0.64	2.91	1.63	3.00
71	0.61	2.87	1.63	3.00
72	0.55	3.01	1.62	3.00
73	0.51	3.08	1.63	3.00
74	0.46	3.12	1.63	3.00
75	0.42	3.18	1.64	3.00
76	0.37	3.20	1.67	2.00
77	0.33	3.24	1.68	2.00
78	0.28	3.26	1.71	2.00
79	0.25	3.30	1.71	3.00
80	0.22	3.33	1.72	3.00
81	0.22	3.35	1.72	3.00
82	0.20	3.37	1.71	3.00
83	0.16	3.37	1.74	3.00
84	0.09	3.36	1.76	3.00
85	0.02	3.38	1.76	3.00
86	-0.02	3.37	1.76	3.00
87	-0.08	3.35	1.76	1.00
88	-0.16	3.34	1.75	1.00
89	-0.21	3.31	1.74	3.00
90	-0.29	3.25	1.73	3.00
91	-0.35	3.22	1.73	3.00
92	-0.39	3.21	1.72	3.00
93	-0.40	3.17	1.72	3.00
94	-0.43	3.18	1.71	3.00
95	-0.49	3.13	1.72	3.00
Target 10 (frames from 74 to 116)
Bounding Boxes (frame, x, y, width, height)
74	635	198	43	86
75	635	197	43	86
76	634	197	43	86
77	634	196	43	87
78	633	196	43	87
79	633	195	43	87
80	633	195	43	87
81	632	195	43	87
82	631	194	43	87
83	631	194	43	87
84	630	194	43	87
85	630	194	44	88
86	629	194	44	88
87	629	194	44	88
88	628	193	44	88
89	627	193	44	89
90	626	193	44	89
91	625	193	44	89
92	624	192	45	90
93	623	192	45	90
94	622	191	45	91
95	622	191	45	91
96	621	190	46	92
97	621	189	46	92
98	620	189	46	93
99	620	188	46	93
100	620	188	46	93
101	620	188	47	94
102	620	188	47	94
103	621	188	47	94
104	621	188	46	93
105	621	188	46	93
106	621	189	46	93
107	621	189	46	93
108	620	189	46	93
109	620	189	47	94
110	619	189	47	94
111	619	189	47	94
112	618	189	47	94
113	617	189	47	94
114	616	189	47	94
115	615	189	47	94
116	614	189	47	95
3D Trajetory (frame, x, z, height, pose)
74	5.45	10.36	1.77	2.00
75	5.41	10.31	1.83	2.00
76	5.41	10.30	1.81	2.00
77	5.38	10.26	1.81	2.00
78	5.38	10.29	1.80	1.00
79	5.34	10.26	1.80	1.00
80	5.31	10.27	1.83	2.00
81	5.33	10.32	1.82	2.00
82	5.33	10.33	1.82	2.00
83	5.32	10.32	1.82	2.00
84	5.33	10.34	1.83	2.00
85	5.32	10.34	1.83	2.00
86	5.31	10.35	1.84	2.00
87	5.30	10.36	1.84	2.00
88	5.29	10.38	1.85	2.00
89	5.27	10.39	1.86	2.00
90	5.26	10.39	1.87	2.00
91	5.26	10.40	1.87	2.00
92	5.23	10.41	1.87	2.00
93	5.20	10.39	1.89	2.00
94	5.16	10.38	1.91	2.00
95	5.14	10.38	1.92	2.00
96	5.12	10.38	1.92	2.00
97	5.10	10.37	1.92	2.00
98	5.08	10.36	1.94	2.00
99	5.07	10.37	1.94	2.00
100	5.06	10.37	1.94	2.00
101	5.08	10.38	1.95	2.00
102	5.08	10.36	1.96	2.00
103	5.09	10.38	1.95	1.00
104	5.11	10.38	1.96	1.00
105	5.10	10.37	1.97	1.00
106	5.10	10.36	1.95	1.00
107	5.10	10.36	1.95	1.00
108	5.09	10.35	1.94	1.00
109	5.09	10.34	1.92	1.00
110	5.09	10.35	1.92	1.00
111	5.04	10.34	1.95	1.00
112	5.03	10.34	1.96	1.00
113	5.01	10.32	1.96	1.00
114	4.99	10.29	1.98	1.00
115	4.98	10.28	1.98	1.00
116	4.95	10.33	1.94	1.00
Target 11 (frames from 83 to 141)
Bounding Boxes (frame, x, y, width, height)
83	354	154	87	174
84	349	155	86	173
85	344	156	86	172
86	339	156	85	171
87	334	156	86	172
88	329	156	86	173
89	323	155	87	175
90	317	154	88	177
91	311	152	90	180
92	305	150	92	184
93	298	147	94	189
94	292	144	97	195
95	285	141	100	201
96	278	137	104	208
97	271	134	107	215
98	265	130	111	223
99	258	126	115	230
100	252	123	118	236
101	245	120	121	242
102	238	118	123	247
103	230	117	126	252
104	222	115	128	257
105	213	113	131	263
106	203	111	134	269
107	194	110	137	274
108	186	109	139	278
109	178	109	141	282
110	171	109	142	284
111	165	111	143	286
112	160	114	143	287
113	155	117	143	286
114	149	119	143	286
115	144	122	142	285
116	138	125	142	284
117	133	127	141	282
118	127	129	140	280
119	119	131	139	279
120	112	132	139	279
121	103	133	139	279
122	94	133	139	279
123	84	132	140	281
124	75	131	141	282
125	66	131	141	282
126	58	132	141	282
127	50	131	141	282
128	42	131	141	282
129	36	131	140	281
130	31	131	139	279
131	25	131	139	278
132	21	131	138	276
133	16	132	137	274
134	12	133	135	271
135	8	135	134	269
136	4	136	132	265
137	1	138	131	262
138	-1	140	129	258
139	-3	142	127	254
140	-5	144	124	249
141	-6	147	122	244
3D Trajetory (frame, x, z, height, pose)
83	-0.02	5.48	1.89	2.00
84	-0.05	5.41	1.91	2.00
85	-0.09	5.46	1.91	2.00
86	-0.14	5.44	1.89	2.00
87	-0.20	5.43	1.87	4.00
88	-0.24	5.39	1.88	4.00
89	-0.31	5.38	1.88	4.00
90	-0.36	5.37	1.88	4.00
91	-0.41	5.31	1.88	3.00
92	-0.46	5.22	1.87	3.00
93	-0.51	5.12	1.89	3.00
94	-0.57	5.00	1.90	3.00
95	-0.62	4.74	1.92	3.00
96	-0.64	4.56	1.95	3.00
97	-0.66	4.40	1.95	3.00
98	-0.66	4.29	1.94	1.00
99	-0.69	4.21	1.95	1.00
100	-0.72	4.11	1.95	1.00
101	-0.74	4.01	1.93	3.00
102	-0.77	3.93	1.93	3.00
103	-0.78	3.84	1.93	3.00
104	-0.84	3.72	1.93	3.00
105	-0.86	3.63	1.92	3.00
106	-0.88	3.56	1.91	3.00
107	-0.93	3.50	1.88	3.00
108	-0.98	3.39	1.87	3.00
109	-1.02	3.29	1.86	3.00
110	-1.03	3.22	1.85	3.00
111	-1.05	3.13	1.83	3.00
112	-1.05	3.05	1.82	3.00
113	-1.05	3.02	1.77	3.00
114	-1.05	3.01	1.71	3.00
115	-1.05	2.99	1.69	3.00
116	-1.06	2.94	1.65	3.00
117	-1.10	2.90	1.60	3.00
118	-1.13	2.88	1.60	3.00
119	-1.16	2.86	1.58	3.00
120	-1.30	2.95	1.62	3.00
121	-1.35	2.93	1.63	3.00
122	-1.36	2.89	1.62	3.00
123	-1.39	2.88	1.63	3.00
124	-1.42	2.86	1.62	3.00
125	-1.46	2.87	1.61	3.00
126	-1.49	2.82	1.62	3.00
127	-1.56	2.86	1.59	3.00
128	-1.61	2.85	1.60	3.00
129	-1.64	2.84	1.59	3.00
130	-1.69	2.87	1.60	3.00
131	-1.74	2.91	1.62	3.00
132	-1.78	2.91	1.61	3.00
133	-1.82	2.96	1.59	3.00
134	-1.85	2.96	1.60	3.00
135	-1.88	2.96	1.60	3.00
136	-1.89	2.98	1.56	3.00
137	-1.91	2.99	1.54	3.00
138	-1.93	2.99	1.54	3.00
139	-1.95	2.99	1.54	3.00
140	-2.00	3.01	1.51	3.00
141	-2.10	3.09	1.45	3.00
Target 12 (frames from 106 to 131)
Bounding Boxes (frame, x, y, width, height)
106	584	208	41	82
107	584	208	40	81
108	584	209	40	81
109	585	209	40	80
110	585	210	40	80
111	585	210	40	80
112	585	210	40	80
113	586	211	39	79
114	586	211	39	79
115	586	211	40	80
116	587	210	40	80
117	587	210	40	80
118	587	210	40	81
119	587	209	40	81
120	587	209	40	81
121	587	208	41	82
122	587	208	41	82
123	588	208	41	83
124	588	207	41	83
125	588	207	41	83
126	588	207	41	83
127	588	207	41	83
128	588	207	41	83
129	588	207	41	83
130	588	207	41	83
131	588	208	41	83
3D Trajetory (frame, x, z, height, pose)
106	3.84	9.22	1.51	1.00
107	3.72	9.05	1.47	2.00
108	3.70	9.01	1.48	2.00
109	3.71	9.04	1.49	4.00
110	3.73	9.05	1.47	4.00
111	3.75	9.05	1.47	4.00
112	3.78	9.07	1.42	1.00
113	3.78	9.07	1.42	1.00
114	3.78	9.06	1.44	1.00
115	3.79	9.06	1.45	1.00
116	3.79	9.07	1.46	1.00
117	3.80	9.08	1.46	2.00
118	3.81	9.08	1.49	2.00
119	3.83	9.09	1.49	2.00
120	3.83	9.10	1.50	2.00
121	3.84	9.09	1.51	2.00
122	3.86	9.08	1.52	1.00
123	3.86	9.09	1.52	4.00
124	3.87	9.09	1.52	4.00
125	3.88	9.08	1.51	2.00
126	3.89	9.08	1.52	2.00
127	3.88	9.06	1.51	2.00
128	3.87	9.05	1.53	3.00
129	3.86	9.03	1.53	3.00
130	3.87	9.05	1.53	3.00
131	3.86	9.03	1.52	3.00
Target 13 (frames from 117 to 131)
Bounding Boxes (frame, x, y, width, height)
117	681	116	148	296
118	677	110	152	304
119	672	106	155	310
120	667	102	157	314
121	662	100	159	318
122	656	99	160	320
123	650	99	160	320
124	644	100	160	320
125	637	102	159	318
126	630	105	157	315
127	623	109	155	310
128	615	115	152	304
129	607	121	148	297
130	598	129	144	288
131	589	138	139	278
3D Trajetory (frame, x, z, height, pose)
117	2.05	2.86	1.68	1.00
118	2.00	2.81	1.75	1.00
119	1.98	2.79	1.76	1.00
120	1.96	2.76	1.75	1.00
121	1.92	2.76	1.79	4.00
122	1.87	2.77	1.76	4.00
123	1.84	2.82	1.74	4.00
124	1.80	2.77	1.75	4.00
125	1.77	2.75	1.74	4.00
126	1.74	2.72	1.74	4.00
127	1.68	2.70	1.74	4.00
128	1.61	2.71	1.70	4.00
129	1.57	2.73	1.65	1.00
130	1.52	2.75	1.62	1.00
131	1.49	2.83	1.52	1.00
Target 14 (frames from 149 to 161)
Bounding Boxes (frame, x, y, width, height)
149	678	188	48	96
150	677	188	48	96
151	676	188	48	96
152	675	188	48	97
153	675	188	48	97
154	674	188	48	97
155	674	188	48	97
156	673	188	48	97
157	673	188	49	98
158	673	187	49	98
159	673	187	49	98
160	673	187	49	99
161	673	186	49	99
3D Trajetory (frame, x, z, height, pose)
149	6.42	9.68	1.91	4.00
150	6.42	9.67	1.93	4.00
151	6.39	9.64	1.92	4.00
152	6.39	9.63	1.92	4.00
153	6.38	9.60	1.93	4.00
154	6.36	9.60	1.93	4.00
155	6.36	9.59	1.92	4.00
156	6.36	9.59	1.93	4.00
157	6.36	9.59	1.94	4.00
158	6.36	9.59	1.95	4.00
159	6.35	9.57	1.95	4.00
160	6.35	9.57	1.95	4.00
161	6.34	9.57	1.96	4.00
Target 15 (frames from 152 to 179)
Bounding Boxes (frame, x, y, width, height)
152	749	191	66	133
153	748	191	66	132
154	747	191	65	131
155	747	192	65	131
156	746	191	65	131
157	745	191	65	131
158	745	191	65	131
159	745	191	65	131
160	744	190	65	131
161	744	190	65	131
162	744	189	66	132
163	744	189	66	133
164	744	188	66	133
165	743	187	67	134
166	743	186	68	136
167	743	185	68	137
168	744	184	69	138
169	743	183	69	139
170	743	182	70	140
171	742	181	70	141
172	741	180	71	142
173	740	179	72	144
174	739	178	72	145
175	738	177	73	147
176	737	175	74	148
177	736	174	75	150
178	734	173	75	151
179	733	172	76	153
3D Trajetory (frame, x, z, height, pose)
152	4.59	5.48	1.50	2.00
153	4.61	5.49	1.51	2.00
154	4.64	5.54	1.51	2.00
155	4.65	5.54	1.52	2.00
156	4.66	5.57	1.53	2.00
157	4.66	5.58	1.52	2.00
158	4.66	5.60	1.53	2.00
159	4.68	5.61	1.54	2.00
160	4.68	5.63	1.54	2.00
161	4.69	5.64	1.54	2.00
162	4.71	5.65	1.54	2.00
163	4.71	5.65	1.55	2.00
164	4.71	5.64	1.56	2.00
165	4.71	5.63	1.57	2.00
166	4.71	5.62	1.60	2.00
167	4.71	5.60	1.61	2.00
168	4.71	5.60	1.62	2.00
169	4.71	5.59	1.64	1.00
170	4.71	5.60	1.65	1.00
171	4.70	5.59	1.65	1.00
172	4.70	5.59	1.66	1.00
173	4.71	5.61	1.69	1.00
174	4.73	5.62	1.68	1.00
175	4.74	5.61	1.71	3.00
176	4.65	5.60	1.71	2.00
177	4.61	5.58	1.71	2.00
178	4.58	5.51	1.74	3.00
179	4.48	5.37	1.78	3.00
Target 16 (frames from 155 to 202)
Bounding Boxes (frame, x, y, width, height)
155	600	204	44	89
156	600	205	44	89
157	600	205	44	89
158	601	205	44	89
159	601	205	44	88
160	601	206	44	88
161	601	206	44	88
162	602	206	44	88
163	602	206	44	88
164	602	207	44	88
165	602	207	43	87
166	603	207	43	87
167	603	208	43	87
168	603	208	43	87
169	603	208	43	87
170	604	209	43	86
171	604	209	43	86
172	604	210	43	86
173	605	210	43	86
174	605	210	43	86
175	606	210	43	86
176	606	209	43	86
177	607	209	43	87
178	608	208	44	88
179	608	208	44	88
180	609	207	44	89
181	609	207	44	89
182	609	207	45	90
183	610	207	45	90
184	610	207	45	90
185	610	207	45	90
186	611	208	45	90
187	611	209	45	90
188	611	210	44	89
189	612	211	44	89
190	612	211	44	89
191	613	212	44	89
192	614	212	44	89
193	615	212	44	89
194	615	213	44	89
195	616	213	44	89
196	616	213	44	89
197	617	213	44	89
198	618	213	44	89
199	618	213	44	89
200	619	213	44	89
201	619	213	44	89
202	620	212	44	89
3D Trajetory (frame, x, z, height, pose)
155	4.21	8.34	1.53	1.00
156	4.21	8.34	1.54	1.00
157	4.20	8.33	1.53	1.00
158	4.20	8.32	1.51	4.00
159	4.20	8.31	1.48	4.00
160	4.20	8.31	1.49	4.00
161	4.19	8.30	1.47	4.00
162	4.20	8.29	1.51	1.00
163	4.22	8.27	1.51	1.00
164	4.23	8.26	1.52	1.00
165	4.22	8.23	1.50	1.00
166	4.22	8.23	1.48	1.00
167	4.22	8.21	1.48	1.00
168	4.20	8.18	1.47	4.00
169	4.20	8.15	1.45	4.00
170	4.20	8.15	1.44	2.00
171	4.20	8.14	1.44	4.00
172	4.20	8.13	1.43	2.00
173	4.21	8.12	1.43	4.00
174	4.22	8.11	1.44	4.00
175	4.22	8.11	1.44	4.00
176	4.23	8.08	1.44	4.00
177	4.22	8.06	1.45	4.00
178	4.23	8.04	1.45	4.00
179	4.23	8.04	1.45	4.00
180	4.23	8.02	1.46	1.00
181	4.23	8.00	1.48	1.00
182	4.22	7.97	1.48	1.00
183	4.21	7.94	1.50	1.00
184	4.20	7.93	1.49	4.00
185	4.19	7.91	1.48	4.00
186	4.19	7.89	1.47	4.00
187	4.19	7.87	1.45	2.00
188	4.18	7.85	1.45	2.00
189	4.19	7.83	1.43	2.00
190	4.19	7.82	1.43	2.00
191	4.19	7.79	1.42	2.00
192	4.19	7.76	1.42	2.00
193	4.19	7.73	1.43	2.00
194	4.20	7.72	1.43	2.00
195	4.21	7.70	1.44	2.00
196	4.20	7.69	1.45	2.00
197	4.20	7.68	1.44	2.00
198	4.20	7.66	1.43	2.00
199	4.20	7.64	1.42	2.00
200	4.21	7.62	1.41	2.00
201	4.18	7.59	1.39	2.00
202	4.17	7.59	1.38	2.00
Target 17 (frames from 158 to 321)
Bounding Boxes (frame, x, y, width, height)
158	430	116	163	326
159	423	115	164	328
160	416	115	165	330
161	409	114	166	332
162	401	114	166	333
163	393	114	167	334
164	385	114	167	335
165	377	113	168	336
166	369	113	168	336
167	360	113	168	337
168	351	114	168	336
169	341	114	168	336
170	332	114	167	335
171	323	114	167	334
172	313	114	167	334
173	303	113	167	334
174	293	113	167	334
175	284	113	166	333
176	276	113	166	333
177	268	113	166	333
178	260	113	167	334
179	252	112	168	336
180	244	111	168	337
181	237	110	169	338
182	229	110	169	339
183	220	111	169	339
184	212	111	169	339
185	204	111	169	339
186	196	112	169	338
187	187	112	169	338
188	179	112	168	337
189	171	112	168	337
190	164	111	168	336
191	156	111	168	337
192	149	110	168	337
193	142	110	168	336
194	136	111	167	334
195	129	111	166	333
196	123	112	165	331
197	116	112	165	330
198	108	112	164	328
199	100	113	163	327
200	90	114	163	326
201	78	115	162	325
202	66	116	162	324
203	54	116	162	324
204	42	115	162	325
205	32	114	162	325
206	23	113	163	326
207	16	111	164	328
208	11	109	164	329
209	7	107	165	330
210	4	105	166	332
211	2	104	165	331
212	2	102	165	331
213	2	102	165	330
214	2	102	164	329
215	3	101	163	327
216	4	101	163	326
217	4	102	162	324
218	3	104	160	321
219	1	105	159	318
220	-1	107	157	315
221	-3	108	156	312
222	-5	109	154	309
223	-6	111	153	306
224	-8	112	151	302
225	-9	114	149	298
226	-11	115	147	295
227	-12	115	146	293
228	-15	114	146	293
229	-17	113	147	295
230	-19	111	148	297
231	-21	109	150	301
232	-23	107	152	304
233	-24	104	154	309
234	-25	102	156	313
235	-26	100	158	317
236	-26	98	160	320
237	-27	97	161	323
238	-27	96	163	326
239	-27	95	164	328
240	-27	95	164	328
241	-27	97	163	327
242	-26	99	162	325
243	-26	101	161	322
244	-26	104	159	319
245	-26	106	158	317
246	-27	108	157	315
247	-27	110	156	313
248	-27	112	155	311
249	-27	114	154	309
250	-27	116	153	307
251	-27	118	152	305
252	-27	120	151	303
253	-27	121	151	302
254	-27	121	151	302
255	-27	122	151	302
256	-27	122	151	302
257	-27	122	151	302
258	-27	122	151	303
259	-27	121	151	303
260	-27	121	151	303
261	-27	120	152	304
262	-27	119	152	305
263	-28	119	152	305
264	-28	118	153	306
265	-28	118	153	306
266	-28	118	153	306
267	-28	118	153	306
268	-28	118	153	306
269	-28	117	153	306
270	-29	117	153	306
271	-30	117	153	307
272	-30	116	153	307
273	-31	115	153	307
274	-32	114	154	308
275	-32	113	154	308
276	-32	112	154	308
277	-32	111	154	308
278	-32	110	154	308
279	-31	109	154	308
280	-29	109	154	308
281	-28	108	154	308
282	-26	108	154	308
283	-25	107	154	308
284	-24	106	154	309
285	-23	106	155	310
286	-22	106	155	310
287	-21	107	155	311
288	-22	105	157	315
289	-21	106	157	315
290	-19	108	156	313
291	-18	109	156	312
292	-16	112	154	308
293	-14	116	152	304
294	-11	119	149	299
295	-9	122	146	293
296	-6	126	144	288
297	-3	129	141	282
298	-1	131	139	278
299	0	133	136	273
300	1	135	135	270
301	1	135	133	267
302	1	135	132	265
303	1	136	131	263
304	1	135	131	263
305	-1	134	132	264
306	-3	132	133	266
307	-2	133	131	263
308	-2	132	131	262
309	-2	132	131	262
310	-2	132	130	260
311	-2	132	130	260
312	-2	131	129	259
313	-2	130	130	260
314	-2	129	130	261
315	-2	128	131	262
316	-2	126	132	264
317	-2	125	133	266
318	-2	123	134	269
319	-2	121	136	272
320	-2	119	137	275
321	-2	116	139	279
3D Trajetory (frame, x, z, height, pose)
158	0.65	2.42	1.59	2.00
159	0.65	2.47	1.65	2.00
160	0.62	2.42	1.62	2.00
161	0.56	2.39	1.60	3.00
162	0.51	2.39	1.61	3.00
163	0.49	2.35	1.61	3.00
164	0.47	2.37	1.60	3.00
165	0.42	2.37	1.61	3.00
166	0.39	2.39	1.61	3.00
167	0.34	2.36	1.61	3.00
168	0.29	2.39	1.61	3.00
169	0.25	2.39	1.62	3.00
170	0.21	2.39	1.62	1.00
171	0.16	2.40	1.62	2.00
172	0.11	2.44	1.62	1.00
173	0.05	2.44	1.62	2.00
174	0.01	2.46	1.64	3.00
175	-0.03	2.47	1.64	4.00
176	-0.07	2.48	1.64	3.00
177	-0.11	2.48	1.66	3.00
178	-0.15	2.47	1.66	3.00
179	-0.19	2.48	1.67	3.00
180	-0.23	2.48	1.66	3.00
181	-0.27	2.48	1.67	3.00
182	-0.29	2.49	1.66	3.00
183	-0.32	2.48	1.67	3.00
184	-0.36	2.46	1.66	3.00
185	-0.40	2.42	1.66	3.00
186	-0.45	2.45	1.67	3.00
187	-0.51	2.48	1.68	3.00
188	-0.56	2.50	1.66	3.00
189	-0.60	2.52	1.66	3.00
190	-0.64	2.53	1.66	3.00
191	-0.68	2.56	1.68	3.00
192	-0.71	2.57	1.68	3.00
193	-0.75	2.54	1.70	3.00
194	-0.78	2.56	1.71	3.00
195	-0.81	2.59	1.72	3.00
196	-0.84	2.61	1.72	3.00
197	-0.88	2.62	1.71	3.00
198	-0.92	2.59	1.71	1.00
199	-0.99	2.60	1.70	1.00
200	-1.07	2.67	1.68	2.00
201	-1.14	2.73	1.66	1.00
202	-1.17	2.70	1.68	2.00
203	-1.22	2.70	1.69	1.00
204	-1.26	2.70	1.72	1.00
205	-1.33	2.67	1.71	1.00
206	-1.40	2.65	1.70	1.00
207	-1.46	2.65	1.70	1.00
208	-1.51	2.66	1.71	1.00
209	-1.55	2.70	1.72	1.00
210	-1.50	2.74	1.77	1.00
211	-1.50	2.76	1.79	1.00
212	-1.51	2.80	1.79	4.00
213	-1.53	2.82	1.79	4.00
214	-1.56	2.84	1.82	4.00
215	-1.57	2.86	1.81	4.00
216	-1.57	2.88	1.81	4.00
217	-1.60	2.87	1.82	4.00
218	-1.64	2.89	1.83	4.00
219	-1.67	2.92	1.81	4.00
220	-1.70	2.94	1.80	4.00
221	-1.72	2.98	1.79	4.00
222	-1.74	3.03	1.81	4.00
223	-1.76	3.07	1.82	4.00
224	-1.80	3.11	1.83	4.00
225	-1.84	3.15	1.79	4.00
226	-1.88	3.17	1.81	4.00
227	-1.91	3.18	1.83	1.00
228	-1.95	3.20	1.83	1.00
229	-1.97	3.23	1.83	1.00
230	-1.99	3.24	1.83	4.00
231	-2.01	3.26	1.84	4.00
232	-2.00	3.24	1.85	4.00
233	-1.97	3.19	1.87	4.00
234	-1.91	3.09	1.90	4.00
235	-1.88	3.07	1.92	4.00
236	-1.84	3.02	1.93	2.00
237	-1.83	3.00	1.93	2.00
238	-1.84	3.02	1.92	2.00
239	-1.85	3.01	1.91	2.00
240	-1.86	3.02	1.89	2.00
241	-1.86	3.01	1.89	2.00
242	-1.86	3.02	1.89	2.00
243	-1.86	3.02	1.88	2.00
244	-1.86	3.01	1.87	2.00
245	-1.87	3.02	1.86	2.00
246	-1.87	3.02	1.85	2.00
247	-1.87	3.03	1.84	2.00
248	-1.88	3.04	1.83	2.00
249	-1.90	3.05	1.80	2.00
250	-1.91	3.04	1.80	2.00
251	-1.92	3.04	1.80	2.00
252	-1.91	3.02	1.79	2.00
253	-1.90	3.03	1.79	2.00
254	-1.91	3.03	1.78	2.00
255	-1.91	3.03	1.76	3.00
256	-1.90	3.03	1.77	3.00
257	-1.90	3.03	1.76	3.00
258	-1.90	3.03	1.78	3.00
259	-1.91	3.04	1.79	3.00
260	-1.90	3.04	1.79	3.00
261	-1.90	3.04	1.80	3.00
262	-1.90	3.03	1.80	4.00
263	-1.90	3.04	1.80	4.00
264	-1.91	3.05	1.80	4.00
265	-1.91	3.05	1.80	4.00
266	-1.92	3.06	1.82	4.00
267	-1.92	3.06	1.82	2.00
268	-1.92	3.05	1.81	4.00
269	-1.92	3.04	1.81	2.00
270	-1.92	3.05	1.81	4.00
271	-1.92	3.07	1.80	4.00
272	-1.93	3.07	1.82	4.00
273	-1.94	3.08	1.83	2.00
274	-1.94	3.07	1.84	2.00
275	-1.95	3.07	1.83	2.00
276	-1.95	3.06	1.83	2.00
277	-1.96	3.09	1.85	2.00
278	-1.96	3.10	1.85	2.00
279	-1.95	3.09	1.83	2.00
280	-1.92	3.08	1.83	2.00
281	-1.90	3.07	1.84	2.00
282	-1.87	3.08	1.83	2.00
283	-1.87	3.08	1.83	2.00
284	-1.86	3.07	1.84	2.00
285	-1.84	3.07	1.83	2.00
286	-1.83	3.07	1.83	2.00
287	-1.83	3.06	1.83	2.00
288	-1.82	3.05	1.84	2.00
289	-1.82	3.05	1.84	2.00
290	-1.81	3.04	1.83	2.00
291	-1.80	3.02	1.83	2.00
292	-1.77	3.02	1.83	2.00
293	-1.78	3.06	1.79	3.00
294	-1.78	3.05	1.81	3.00
295	-1.79	3.04	1.80	3.00
296	-1.78	3.04	1.80	3.00
297	-1.92	3.47	1.64	3.00
298	-1.91	3.34	1.72	3.00
299	-1.92	3.32	1.76	3.00
300	-1.96	3.45	1.71	3.00
301	-1.95	3.41	1.76	3.00
302	-1.96	3.40	1.76	3.00
303	-1.98	3.42	1.78	3.00
304	-1.99	3.44	1.78	3.00
305	-2.01	3.46	1.78	3.00
306	-2.03	3.49	1.79	3.00
307	-2.06	3.53	1.80	3.00
308	-2.08	3.57	1.81	3.00
309	-2.08	3.60	1.79	3.00
310	-2.10	3.62	1.81	3.00
311	-2.11	3.64	1.81	3.00
312	-2.12	3.65	1.82	3.00
313	-2.13	3.67	1.83	3.00
314	-2.13	3.67	1.84	3.00
315	-2.12	3.67	1.85	3.00
316	-2.12	3.66	1.86	3.00
317	-2.11	3.65	1.86	3.00
318	-2.11	3.64	1.88	3.00
319	-2.08	3.61	1.89	3.00
320	-2.04	3.58	1.90	3.00
321	-2.02	3.54	1.91	3.00
Target 18 (frames from 169 to 187)
Bounding Boxes (frame, x, y, width, height)
169	625	194	46	92
170	624	193	46	93
171	623	192	47	94
172	623	191	47	95
173	622	191	48	96
174	622	190	48	97
175	622	189	48	97
176	622	189	49	98
177	622	188	49	98
178	623	188	49	99
179	623	188	49	99
180	624	188	49	99
181	625	188	50	100
182	627	188	50	100
183	628	188	49	99
184	630	189	49	99
185	631	189	49	99
186	633	190	49	99
187	636	191	49	98
3D Trajetory (frame, x, z, height, pose)
169	5.34	9.47	1.76	4.00
170	5.39	9.56	1.81	2.00
171	5.36	9.54	1.85	2.00
172	5.32	9.50	1.87	2.00
173	5.24	9.44	1.93	2.00
174	5.23	9.37	1.92	2.00
175	5.24	9.32	1.89	2.00
176	5.26	9.29	1.90	2.00
177	5.25	9.28	1.90	2.00
178	5.25	9.27	1.89	2.00
179	5.22	9.27	1.87	1.00
180	5.22	9.26	1.87	1.00
181	5.21	9.24	1.87	1.00
182	5.23	9.22	1.86	1.00
183	5.27	9.17	1.87	3.00
184	5.28	9.14	1.88	3.00
185	5.28	9.11	1.89	3.00
186	5.31	9.09	1.87	3.00
187	5.32	9.06	1.85	3.00
Target 19 (frames from 180 to 232)
Bounding Boxes (frame, x, y, width, height)
180	709	184	93	186
181	708	184	93	186
182	706	183	93	187
183	704	182	94	188
184	702	181	94	189
185	699	180	95	191
186	696	179	96	192
187	693	177	97	194
188	689	176	98	196
189	685	174	99	198
190	680	171	100	201
191	675	169	102	204
192	669	167	103	207
193	663	164	105	210
194	657	162	106	213
195	651	159	108	216
196	645	158	109	218
197	640	156	110	221
198	636	155	111	222
199	631	155	112	224
200	628	154	112	225
201	625	154	113	226
202	622	154	113	227
203	620	154	113	227
204	616	154	114	228
205	612	154	114	228
206	607	154	114	228
207	602	155	114	228
208	596	156	114	228
209	590	157	114	228
210	583	158	113	227
211	574	159	113	226
212	566	159	113	226
213	558	159	113	226
214	549	159	113	227
215	541	158	114	229
216	533	156	115	231
217	525	154	117	234
218	517	152	119	238
219	509	148	121	243
220	501	143	124	249
221	492	138	127	255
222	482	132	131	263
223	473	125	135	271
224	465	121	138	277
225	458	116	141	283
226	451	111	144	289
227	444	106	148	296
228	438	102	151	302
229	432	97	154	309
230	426	92	158	316
231	420	87	161	323
232	415	82	165	330
3D Trajetory (frame, x, z, height, pose)
180	2.94	3.73	1.47	1.00
181	2.92	3.70	1.45	2.00
182	2.90	3.70	1.43	2.00
183	2.88	3.67	1.44	3.00
184	2.86	3.66	1.45	3.00
185	2.87	3.67	1.45	3.00
186	2.85	3.69	1.44	3.00
187	2.82	3.69	1.45	2.00
188	2.80	3.72	1.49	2.00
189	2.78	3.74	1.54	3.00
190	2.76	3.73	1.56	3.00
191	2.72	3.73	1.58	3.00
192	2.68	3.71	1.60	3.00
193	2.64	3.69	1.63	3.00
194	2.58	3.67	1.66	3.00
195	2.53	3.65	1.66	3.00
196	2.45	3.63	1.64	3.00
197	2.39	3.63	1.64	3.00
198	2.34	3.60	1.64	3.00
199	2.30	3.58	1.65	3.00
200	2.26	3.56	1.66	3.00
201	2.24	3.55	1.67	2.00
202	2.22	3.53	1.68	2.00
203	2.21	3.52	1.67	2.00
204	2.18	3.49	1.67	3.00
205	2.16	3.48	1.65	3.00
206	2.14	3.47	1.64	3.00
207	2.11	3.45	1.62	3.00
208	2.05	3.46	1.63	3.00
209	1.98	3.45	1.64	3.00
210	1.89	3.45	1.63	3.00
211	1.80	3.44	1.62	3.00
212	1.75	3.46	1.61	3.00
213	1.69	3.45	1.61	3.00
214	1.66	3.41	1.60	3.00
215	1.60	3.40	1.60	3.00
216	1.54	3.39	1.62	3.00
217	1.48	3.41	1.60	3.00
218	1.42	3.40	1.62	3.00
219	1.36	3.37	1.67	3.00
220	1.32	3.33	1.72	1.00
221	1.25	3.31	1.72	1.00
222	1.20	3.30	1.77	1.00
223	1.13	3.27	1.79	1.00
224	1.07	3.24	1.83	1.00
225	1.02	3.20	1.89	1.00
226	0.96	3.17	1.91	1.00
227	0.92	3.13	1.93	1.00
228	0.87	3.11	1.94	1.00
229	0.85	3.07	1.96	1.00
230	0.84	3.06	1.98	1.00
231	0.80	3.04	1.98	1.00
232	0.79	3.04	1.98	1.00
Target 20 (frames from 185 to 196)
Bounding Boxes (frame, x, y, width, height)
185	-24	136	140	281
186	-16	127	145	291
187	-9	119	149	299
188	-2	114	152	304
189	4	111	153	307
190	11	111	153	307
191	18	117	150	301
192	25	121	148	296
193	33	126	145	290
194	41	132	141	283
195	49	139	137	275
196	57	147	133	266
3D Trajetory (frame, x, z, height, pose)
185	-1.90	3.00	1.53	2.00
186	-1.81	2.97	1.76	4.00
187	-1.77	2.93	1.79	1.00
188	-1.72	2.94	1.77	1.00
189	-1.68	2.99	1.74	1.00
190	-1.65	2.98	1.75	1.00
191	-1.60	2.99	1.75	1.00
192	-1.58	3.01	1.74	1.00
193	-1.58	3.02	1.72	1.00
194	-1.58	3.01	1.68	1.00
195	-1.54	3.03	1.63	1.00
196	-1.48	3.09	1.59	1.00
Target 21 (frames from 191 to 291)
Bounding Boxes (frame, x, y, width, height)
191	-28	150	124	248
192	-20	152	123	247
193	-13	154	122	245
194	-6	156	122	244
195	1	158	121	243
196	8	159	121	243
197	14	160	121	242
198	20	161	120	241
199	26	162	120	240
200	31	162	119	239
201	37	164	118	236
202	42	166	117	234
203	46	166	116	233
204	49	165	116	233
205	51	163	116	233
206	54	162	117	234
207	56	159	118	237
208	59	155	120	240
209	63	152	121	243
210	68	149	122	245
211	74	147	123	247
212	82	145	123	247
213	91	145	123	247
214	101	144	123	246
215	112	145	122	244
216	124	146	121	242
217	136	148	119	238
218	148	150	117	234
219	159	151	116	232
220	170	153	115	230
221	180	154	113	227
222	189	155	112	225
223	197	157	111	223
224	205	158	110	221
225	212	160	109	219
226	219	161	108	216
227	225	163	107	214
228	230	164	106	212
229	235	165	105	211
230	240	166	105	210
231	245	167	104	209
232	251	167	104	209
233	256	166	104	209
234	262	166	105	210
235	268	165	105	211
236	273	164	106	213
237	279	162	107	215
238	285	161	108	217
239	291	159	109	219
240	297	157	111	222
241	303	155	112	225
242	309	153	113	227
243	315	152	115	230
244	319	150	116	233
245	323	149	117	235
246	326	148	118	237
247	330	147	119	239
248	334	146	120	241
249	339	146	121	242
250	344	146	121	243
251	351	146	121	243
252	358	148	121	242
253	364	149	121	242
254	371	150	120	241
255	378	151	119	239
256	384	152	119	239
257	390	153	119	238
258	395	154	118	237
259	401	154	118	237
260	405	155	118	236
261	409	155	118	236
262	414	156	118	236
263	418	157	117	235
264	423	158	117	235
265	429	159	117	234
266	435	161	116	233
267	443	163	115	231
268	451	166	114	228
269	459	169	112	224
270	467	172	110	221
271	474	175	108	217
272	482	178	107	214
273	488	180	105	211
274	494	182	104	209
275	500	183	103	207
276	505	183	102	205
277	510	184	102	204
278	515	183	102	204
279	520	182	102	204
280	525	182	102	205
281	531	181	102	205
282	536	180	103	206
283	541	180	103	206
284	547	179	103	207
285	552	179	104	208
286	557	179	104	209
287	563	178	105	210
288	568	178	105	211
289	573	177	106	212
290	578	177	106	213
291	584	176	107	215
3D Trajetory (frame, x, z, height, pose)
191	-2.17	3.41	1.55	1.00
192	-2.19	3.41	1.57	1.00
193	-2.11	3.33	1.61	1.00
194	-2.10	3.33	1.61	1.00
195	-2.01	3.30	1.58	1.00
196	-1.90	3.23	1.57	1.00
197	-1.86	3.22	1.60	1.00
198	-1.84	3.23	1.59	1.00
199	-1.80	3.23	1.56	1.00
200	-1.78	3.26	1.53	1.00
201	-1.77	3.31	1.50	1.00
202	-1.77	3.37	1.50	1.00
203	-1.78	3.40	1.51	1.00
204	-1.76	3.41	1.52	1.00
205	-1.74	3.42	1.52	1.00
206	-1.73	3.42	1.53	1.00
207	-1.68	3.46	1.54	1.00
208	-1.67	3.44	1.59	1.00
209	-1.65	3.37	1.68	3.00
210	-1.62	3.39	1.68	3.00
211	-1.58	3.42	1.68	4.00
212	-1.56	3.44	1.68	4.00
213	-1.52	3.45	1.68	1.00
214	-1.42	3.50	1.68	1.00
215	-1.35	3.52	1.68	1.00
216	-1.31	3.60	1.68	1.00
217	-1.23	3.65	1.68	1.00
218	-1.17	3.67	1.68	1.00
219	-1.10	3.66	1.67	1.00
220	-1.04	3.69	1.67	1.00
221	-0.98	3.71	1.67	1.00
222	-0.92	3.73	1.67	1.00
223	-0.87	3.74	1.66	1.00
224	-0.83	3.75	1.65	3.00
225	-0.79	3.76	1.64	3.00
226	-0.75	3.79	1.62	3.00
227	-0.70	3.80	1.61	3.00
228	-0.65	3.81	1.60	1.00
229	-0.61	3.83	1.60	1.00
230	-0.58	3.85	1.61	1.00
231	-0.55	3.86	1.60	1.00
232	-0.53	3.86	1.60	1.00
233	-0.50	3.87	1.59	1.00
234	-0.48	3.86	1.62	3.00
235	-0.44	3.86	1.64	3.00
236	-0.38	3.86	1.65	3.00
237	-0.30	3.87	1.66	3.00
238	-0.24	3.86	1.67	3.00
239	-0.17	3.85	1.68	3.00
240	-0.13	3.81	1.70	3.00
241	-0.10	3.80	1.69	3.00
242	-0.05	3.77	1.71	3.00
243	-0.02	3.75	1.73	3.00
244	0.03	3.70	1.73	3.00
245	0.07	3.67	1.74	1.00
246	0.11	3.65	1.74	1.00
247	0.14	3.63	1.75	1.00
248	0.17	3.61	1.76	1.00
249	0.21	3.58	1.74	1.00
250	0.21	3.55	1.73	1.00
251	0.22	3.52	1.73	1.00
252	0.27	3.53	1.72	1.00
253	0.33	3.53	1.71	3.00
254	0.40	3.52	1.73	3.00
255	0.46	3.51	1.74	3.00
256	0.54	3.51	1.70	1.00
257	0.60	3.53	1.67	1.00
258	0.63	3.52	1.66	1.00
259	0.65	3.51	1.66	1.00
260	0.66	3.49	1.65	1.00
261	0.64	3.52	1.68	1.00
262	0.68	3.50	1.68	3.00
263	0.71	3.48	1.68	3.00
264	0.73	3.47	1.68	3.00
265	0.79	3.48	1.66	3.00
266	0.82	3.48	1.65	3.00
267	0.87	3.46	1.62	3.00
268	0.95	3.46	1.62	1.00
269	1.02	3.44	1.60	1.00
270	1.08	3.48	1.55	1.00
271	1.12	3.49	1.54	1.00
272	1.17	3.49	1.52	1.00
273	1.21	3.49	1.50	1.00
274	1.24	3.50	1.48	1.00
275	1.26	3.52	1.46	3.00
276	1.30	3.52	1.47	3.00
277	1.34	3.51	1.47	3.00
278	1.38	3.49	1.48	1.00
279	1.43	3.49	1.46	1.00
280	1.47	3.48	1.46	1.00
281	1.51	3.46	1.47	1.00
282	1.54	3.44	1.47	1.00
283	1.57	3.42	1.46	1.00
284	1.63	3.43	1.47	1.00
285	1.66	3.43	1.47	1.00
286	1.70	3.41	1.48	1.00
287	1.73	3.40	1.47	1.00
288	1.77	3.38	1.48	1.00
289	1.81	3.37	1.48	1.00
290	1.84	3.36	1.49	1.00
291	1.88	3.36	1.49	1.00
Target 22 (frames from 209 to 244)
Bounding Boxes (frame, x, y, width, height)
209	712	195	46	93
210	713	194	47	94
211	715	193	47	95
212	716	192	48	96
213	718	192	48	96
214	719	191	48	97
215	720	191	48	97
216	721	190	49	98
217	721	190	49	98
218	722	190	49	98
219	723	190	49	98
220	723	191	48	97
221	723	191	48	97
222	723	191	48	97
223	723	192	48	96
224	723	192	48	96
225	723	192	48	96
226	723	193	47	95
227	723	193	47	95
228	724	193	47	94
229	724	194	47	94
230	725	194	47	94
231	726	195	46	93
232	726	195	46	93
233	727	196	46	92
234	728	197	45	91
235	728	198	45	90
236	729	199	45	90
237	730	199	44	89
238	730	200	44	88
239	730	201	44	88
240	731	202	43	87
241	731	202	43	86
242	732	203	43	86
243	732	204	42	85
244	732	205	42	84
3D Trajetory (frame, x, z, height, pose)
209	7.20	9.45	1.83	2.00
210	7.22	9.47	1.89	2.00
211	7.23	9.46	1.90	2.00
212	7.26	9.46	1.90	2.00
213	7.31	9.45	1.91	2.00
214	7.32	9.46	1.93	3.00
215	7.34	9.44	1.93	3.00
216	7.36	9.42	1.94	3.00
217	7.37	9.43	1.94	2.00
218	7.37	9.43	1.95	2.00
219	7.37	9.42	1.93	1.00
220	7.39	9.43	1.93	1.00
221	7.41	9.44	1.94	1.00
222	7.41	9.46	1.91	3.00
223	7.44	9.49	1.91	3.00
224	7.44	9.52	1.89	3.00
225	7.46	9.53	1.90	3.00
226	7.48	9.56	1.92	3.00
227	7.48	9.57	1.91	3.00
228	7.50	9.59	1.91	3.00
229	7.52	9.60	1.90	3.00
230	7.54	9.61	1.88	3.00
231	7.56	9.61	1.88	2.00
232	7.59	9.63	1.88	2.00
233	7.61	9.64	1.86	2.00
234	7.62	9.67	1.85	2.00
235	7.64	9.68	1.85	2.00
236	7.65	9.70	1.83	2.00
237	7.67	9.72	1.81	2.00
238	7.67	9.72	1.79	2.00
239	7.69	9.74	1.77	4.00
240	7.72	9.77	1.77	4.00
241	7.75	9.78	1.76	4.00
242	7.76	9.80	1.75	4.00
243	7.78	9.82	1.76	4.00
244	7.81	9.85	1.75	4.00
Target 23 (frames from 220 to 291)
Bounding Boxes (frame, x, y, width, height)
220	668	176	64	128
221	669	180	62	124
222	670	183	60	120
223	671	186	58	117
224	672	188	57	114
225	673	191	56	112
226	674	192	55	110
227	675	194	54	108
228	676	195	53	107
229	677	196	53	106
230	678	197	52	105
231	679	197	52	105
232	680	196	53	106
233	681	195	54	108
234	682	194	54	109
235	683	193	55	110
236	683	192	56	112
237	684	190	57	114
238	685	189	57	115
239	685	188	58	116
240	686	187	58	117
241	686	186	59	119
242	687	186	59	119
243	688	185	60	120
244	689	185	60	120
245	690	185	60	121
246	691	184	60	121
247	692	185	60	120
248	693	186	59	119
249	695	188	59	118
250	697	189	58	116
251	698	191	57	114
252	700	193	56	112
253	702	195	55	110
254	704	197	54	108
255	705	199	53	107
256	707	199	53	106
257	708	200	52	105
258	709	199	52	105
259	709	199	53	106
260	710	199	53	106
261	711	198	53	107
262	712	198	53	107
263	712	197	54	108
264	713	197	54	109
265	713	197	54	109
266	714	197	54	109
267	715	197	54	109
268	716	198	54	108
269	717	198	54	108
270	719	199	53	107
271	720	200	53	106
272	721	201	52	105
273	722	201	52	104
274	723	202	52	104
275	725	202	51	103
276	726	202	51	102
277	727	202	51	102
278	728	202	50	101
279	729	202	50	101
280	730	202	50	101
281	731	202	50	100
282	732	202	50	101
283	733	202	50	101
284	734	202	50	101
285	735	202	50	101
286	736	201	50	101
287	737	201	51	102
288	738	201	51	102
289	738	201	51	102
290	739	201	51	103
291	740	200	51	103
3D Trajetory (frame, x, z, height, pose)
220	5.11	7.49	1.91	1.00
221	5.04	7.38	1.91	2.00
222	4.99	7.30	1.91	3.00
223	5.08	7.46	1.89	3.00
224	5.17	7.60	1.82	3.00
225	5.17	7.61	1.77	3.00
226	5.19	7.61	1.74	3.00
227	5.22	7.63	1.70	3.00
228	5.23	7.62	1.65	3.00
229	5.24	7.62	1.66	1.00
230	5.26	7.62	1.66	2.00
231	5.29	7.63	1.66	2.00
232	5.28	7.62	1.67	2.00
233	5.31	7.62	1.72	2.00
234	5.33	7.62	1.75	2.00
235	5.33	7.62	1.79	3.00
236	5.34	7.60	1.80	3.00
237	5.34	7.59	1.80	3.00
238	5.35	7.58	1.81	3.00
239	5.38	7.58	1.84	2.00
240	5.39	7.58	1.85	2.00
241	5.39	7.57	1.86	2.00
242	5.39	7.55	1.87	2.00
243	5.39	7.54	1.87	2.00
244	5.41	7.53	1.89	2.00
245	5.41	7.50	1.90	2.00
246	5.42	7.50	1.90	4.00
247	5.42	7.48	1.91	4.00
248	5.44	7.47	1.90	4.00
249	5.45	7.46	1.85	4.00
250	5.45	7.44	1.81	2.00
251	5.46	7.44	1.77	3.00
252	5.47	7.43	1.76	3.00
253	5.48	7.43	1.73	4.00
254	5.52	7.44	1.66	4.00
255	5.57	7.46	1.58	1.00
256	5.58	7.46	1.63	1.00
257	5.60	7.46	1.63	1.00
258	5.62	7.46	1.63	1.00
259	5.64	7.46	1.63	1.00
260	5.65	7.46	1.65	1.00
261	5.66	7.46	1.68	1.00
262	5.67	7.46	1.71	4.00
263	5.68	7.46	1.72	4.00
264	5.68	7.47	1.72	4.00
265	5.70	7.46	1.70	4.00
266	5.72	7.47	1.69	4.00
267	5.73	7.47	1.68	4.00
268	5.75	7.48	1.68	3.00
269	5.77	7.49	1.67	3.00
270	5.78	7.50	1.68	2.00
271	5.80	7.51	1.67	4.00
272	5.83	7.49	1.68	4.00
273	5.85	7.50	1.65	4.00
274	5.88	7.49	1.62	4.00
275	5.89	7.47	1.61	4.00
276	5.91	7.47	1.57	4.00
277	5.93	7.48	1.59	4.00
278	5.96	7.48	1.59	4.00
279	5.99	7.48	1.58	4.00
280	6.01	7.46	1.59	4.00
281	6.04	7.48	1.58	4.00
282	6.04	7.46	1.58	4.00
283	6.09	7.49	1.60	4.00
284	6.13	7.50	1.61	4.00
285	6.17	7.51	1.60	4.00
286	6.18	7.50	1.61	4.00
287	6.20	7.50	1.61	4.00
288	6.21	7.49	1.61	4.00
289	6.22	7.47	1.62	4.00
290	6.25	7.46	1.64	4.00
291	6.32	7.47	1.63	4.00
Target 24 (frames from 224 to 266)
Bounding Boxes (frame, x, y, width, height)
224	636	214	43	86
225	637	213	43	87
226	638	213	44	88
227	638	212	44	89
228	639	211	45	90
229	640	211	45	91
230	640	210	45	91
231	641	210	46	92
232	641	209	46	92
233	642	209	46	93
234	642	209	46	93
235	643	209	46	93
236	643	209	47	94
237	644	209	47	94
238	645	209	47	94
239	645	209	47	94
240	646	209	47	94
241	648	209	47	94
242	649	209	47	95
243	650	209	47	95
244	651	208	47	95
245	652	208	48	96
246	653	207	48	97
247	654	207	48	97
248	655	206	49	98
249	655	205	49	99
250	656	205	49	99
251	656	204	50	100
252	656	204	50	101
253	657	203	50	101
254	657	203	50	101
255	658	203	50	101
256	658	203	50	101
257	659	203	50	101
258	660	203	50	101
259	660	203	50	101
260	661	203	50	101
261	662	203	50	101
262	663	203	50	101
263	664	203	51	102
264	665	203	51	102
265	666	203	51	102
266	667	204	51	102
3D Trajetory (frame, x, z, height, pose)
224	4.61	7.84	1.39	2.00
225	4.61	7.80	1.40	4.00
226	4.62	7.74	1.43	4.00
227	4.64	7.75	1.45	4.00
228	4.65	7.75	1.45	4.00
229	4.66	7.74	1.47	4.00
230	4.67	7.75	1.48	4.00
231	4.68	7.76	1.50	4.00
232	4.68	7.75	1.49	4.00
233	4.68	7.74	1.48	4.00
234	4.70	7.73	1.49	4.00
235	4.70	7.73	1.50	4.00
236	4.69	7.75	1.50	4.00
237	4.70	7.76	1.50	2.00
238	4.71	7.76	1.51	2.00
239	4.72	7.75	1.51	2.00
240	4.75	7.76	1.53	2.00
241	4.77	7.76	1.53	2.00
242	4.78	7.75	1.52	2.00
243	4.80	7.73	1.52	2.00
244	4.83	7.72	1.52	2.00
245	4.85	7.70	1.52	2.00
246	4.85	7.68	1.53	2.00
247	4.85	7.68	1.55	2.00
248	4.86	7.67	1.57	2.00
249	4.86	7.67	1.58	2.00
250	4.86	7.66	1.58	4.00
251	4.86	7.65	1.60	4.00
252	4.86	7.64	1.61	4.00
253	4.86	7.63	1.61	4.00
254	4.86	7.62	1.61	4.00
255	4.87	7.61	1.60	4.00
256	4.88	7.60	1.60	4.00
257	4.89	7.60	1.59	4.00
258	4.89	7.60	1.59	4.00
259	4.90	7.60	1.59	4.00
260	4.91	7.59	1.59	4.00
261	4.94	7.58	1.57	4.00
262	4.94	7.57	1.59	4.00
263	4.96	7.57	1.61	4.00
264	4.97	7.56	1.61	4.00
265	4.98	7.56	1.61	2.00
266	4.98	7.55	1.60	2.00
Target 25 (frames from 225 to 319)
Bounding Boxes (frame, x, y, width, height)
225	68	150	109	219
226	70	146	112	225
227	72	143	115	231
228	74	139	118	236
229	77	136	121	242
230	80	132	123	247
231	84	129	126	252
232	87	126	128	257
233	91	123	131	262
234	96	121	133	266
235	101	118	135	271
236	108	116	137	275
237	114	114	139	279
238	120	112	141	283
239	125	110	143	287
240	130	108	146	292
241	134	105	148	297
242	139	103	150	301
243	143	102	152	305
244	149	101	154	309
245	154	100	156	312
246	160	100	157	315
247	166	102	158	316
248	174	104	158	317
249	182	106	158	317
250	191	109	158	316
251	201	112	157	314
252	210	116	156	312
253	220	120	155	310
254	229	124	153	307
255	237	128	152	304
256	245	130	151	303
257	251	132	151	302
258	257	133	150	301
259	261	133	151	302
260	266	133	151	302
261	271	133	151	303
262	276	132	152	304
263	280	132	152	305
264	285	133	152	305
265	291	133	152	305
266	296	133	152	305
267	303	133	152	305
268	310	133	152	305
269	318	133	152	305
270	325	134	152	304
271	333	135	151	303
272	340	136	151	302
273	348	137	150	300
274	354	137	149	298
275	360	137	148	296
276	364	137	147	295
277	369	136	146	293
278	374	136	146	292
279	379	136	145	290
280	385	136	144	289
281	391	136	144	288
282	398	135	144	288
283	404	134	144	289
284	410	133	145	291
285	417	131	146	293
286	425	129	148	296
287	433	127	150	301
288	441	126	152	305
289	450	124	155	310
290	458	122	157	314
291	465	120	159	318
292	471	116	162	324
293	477	114	163	327
294	482	113	164	329
295	487	111	166	332
296	493	109	167	335
297	499	108	168	336
298	504	107	169	338
299	510	106	169	339
300	515	105	169	339
301	521	106	169	338
302	526	107	168	336
303	533	110	166	332
304	539	113	163	327
305	546	116	161	322
306	554	121	158	316
307	561	125	155	310
308	569	128	152	304
309	577	132	149	299
310	584	135	147	294
311	591	137	145	290
312	597	138	144	288
313	603	139	142	285
314	610	140	142	284
315	616	140	141	282
316	621	140	141	282
317	627	140	140	281
318	633	139	140	281
319	638	138	141	282
3D Trajetory (frame, x, z, height, pose)
225	-1.99	4.15	1.78	1.00
226	-1.87	3.99	1.74	1.00
227	-1.82	3.91	1.77	4.00
228	-1.81	3.89	1.79	4.00
229	-1.80	3.89	1.81	2.00
230	-1.75	3.82	1.84	2.00
231	-1.68	3.78	1.87	2.00
232	-1.64	3.75	1.89	2.00
233	-1.57	3.71	1.89	3.00
234	-1.49	3.63	1.91	3.00
235	-1.41	3.56	1.94	3.00
236	-1.36	3.54	1.93	3.00
237	-1.29	3.52	1.92	1.00
238	-1.23	3.50	1.93	1.00
239	-1.17	3.45	1.92	1.00
240	-1.13	3.40	1.94	3.00
241	-1.07	3.36	1.92	1.00
242	-1.02	3.30	1.94	4.00
243	-0.97	3.24	1.95	1.00
244	-0.92	3.20	1.95	1.00
245	-0.89	3.13	1.95	1.00
246	-0.84	3.08	1.95	1.00
247	-0.78	3.04	1.93	1.00
248	-0.72	3.00	1.91	1.00
249	-0.66	2.96	1.86	1.00
250	-0.59	2.93	1.82	1.00
251	-0.53	2.90	1.80	1.00
252	-0.48	2.88	1.78	1.00
253	-0.44	2.85	1.75	1.00
254	-0.39	2.84	1.71	1.00
255	-0.33	2.82	1.70	1.00
256	-0.27	2.80	1.71	1.00
257	-0.24	2.78	1.70	1.00
258	-0.21	2.80	1.69	1.00
259	-0.19	2.80	1.67	1.00
260	-0.18	2.79	1.67	1.00
261	-0.16	2.79	1.66	1.00
262	-0.14	2.77	1.67	1.00
263	-0.10	2.75	1.69	1.00
264	-0.07	2.75	1.70	1.00
265	-0.05	2.74	1.69	1.00
266	-0.01	2.73	1.70	1.00
267	0.04	2.74	1.71	1.00
268	0.08	2.74	1.68	1.00
269	0.11	2.75	1.67	1.00
270	0.15	2.74	1.65	1.00
271	0.19	2.75	1.65	1.00
272	0.23	2.76	1.66	1.00
273	0.26	2.75	1.67	1.00
274	0.30	2.75	1.67	1.00
275	0.36	2.76	1.67	1.00
276	0.40	2.77	1.67	1.00
277	0.42	2.78	1.65	1.00
278	0.43	2.78	1.66	1.00
279	0.48	2.79	1.64	1.00
280	0.49	2.83	1.63	1.00
281	0.50	2.87	1.64	3.00
282	0.51	2.85	1.67	3.00
283	0.56	2.83	1.67	3.00
284	0.63	2.81	1.65	1.00
285	0.70	2.78	1.65	1.00
286	0.77	2.75	1.65	1.00
287	0.81	2.73	1.66	1.00
288	0.83	2.70	1.69	1.00
289	0.87	2.66	1.69	1.00
290	0.90	2.63	1.71	1.00
291	0.92	2.61	1.71	1.00
292	0.96	2.58	1.72	1.00
293	1.01	2.57	1.73	1.00
294	1.05	2.55	1.73	1.00
295	1.08	2.53	1.74	1.00
296	1.11	2.55	1.75	1.00
297	1.13	2.55	1.77	1.00
298	1.15	2.55	1.77	1.00
299	1.18	2.51	1.78	1.00
300	1.19	2.54	1.78	1.00
301	1.25	2.61	1.74	1.00
302	1.27	2.53	1.77	1.00
303	1.30	2.49	1.79	1.00
304	1.35	2.55	1.77	1.00
305	1.40	2.59	1.74	1.00
306	1.43	2.60	1.73	1.00
307	1.50	2.65	1.70	1.00
308	1.55	2.68	1.68	1.00
309	1.60	2.72	1.65	1.00
310	1.65	2.76	1.64	1.00
311	1.70	2.76	1.64	1.00
312	1.75	2.77	1.64	1.00
313	1.78	2.77	1.64	1.00
314	1.82	2.77	1.64	1.00
315	1.87	2.77	1.65	1.00
316	1.92	2.77	1.66	1.00
317	1.95	2.79	1.66	1.00
318	1.98	2.82	1.66	3.00
319	2.01	2.83	1.70	3.00
Target 26 (frames from 237 to 257)
Bounding Boxes (frame, x, y, width, height)
237	603	204	43	86
238	603	204	43	86
239	603	204	43	86
240	603	204	43	86
241	603	205	43	86
242	603	205	42	85
243	603	205	42	85
244	603	205	42	85
245	603	205	42	85
246	603	205	42	85
247	603	206	42	84
248	603	206	42	84
249	603	206	42	84
250	604	206	41	83
251	604	206	41	83
252	604	207	41	83
253	604	207	41	82
254	605	207	41	82
255	605	207	41	82
256	605	207	40	81
257	606	208	40	81
3D Trajetory (frame, x, z, height, pose)
237	4.98	9.65	1.69	2.00
238	4.98	9.66	1.71	2.00
239	4.99	9.67	1.72	2.00
240	4.99	9.67	1.72	2.00
241	5.00	9.68	1.72	2.00
242	5.01	9.70	1.71	2.00
243	5.01	9.70	1.71	2.00
244	5.01	9.71	1.70	2.00
245	5.01	9.72	1.71	2.00
246	5.02	9.73	1.70	2.00
247	5.02	9.73	1.69	2.00
248	5.02	9.73	1.68	2.00
249	5.02	9.72	1.67	2.00
250	5.02	9.72	1.67	2.00
251	5.02	9.73	1.68	2.00
252	5.04	9.74	1.68	2.00
253	5.04	9.74	1.66	2.00
254	5.04	9.74	1.65	2.00
255	5.03	9.75	1.63	2.00
256	5.04	9.75	1.63	2.00
257	5.04	9.74	1.62	2.00
Target 27 (frames from 252 to 266)
Bounding Boxes (frame, x, y, width, height)
252	309	163	110	220
253	311	163	111	222
254	314	163	112	225
255	317	161	114	228
256	320	160	115	231
257	324	158	117	235
258	328	155	119	239
259	333	152	122	244
260	338	149	124	249
261	343	145	127	255
262	350	141	130	261
263	356	136	133	267
264	363	131	137	274
265	370	125	141	282
266	378	119	145	290
3D Trajetory (frame, x, z, height, pose)
252	-0.09	3.71	1.64	3.00
253	-0.05	3.70	1.63	3.00
254	-0.01	3.59	1.63	3.00
255	0.01	3.54	1.62	3.00
256	0.04	3.51	1.63	3.00
257	0.08	3.49	1.66	3.00
258	0.11	3.46	1.67	3.00
259	0.14	3.43	1.68	3.00
260	0.17	3.40	1.70	3.00
261	0.20	3.38	1.72	1.00
262	0.26	3.35	1.73	2.00
263	0.36	3.27	1.77	2.00
264	0.41	3.21	1.81	2.00
265	0.43	3.19	1.83	2.00
266	0.49	3.17	1.84	2.00
Target 28 (frames from 265 to 284)
Bounding Boxes (frame, x, y, width, height)
265	251	161	94	189
266	246	160	95	191
267	241	159	97	194
268	235	158	98	196
269	230	157	99	198
270	224	156	100	200
271	218	155	101	203
272	212	154	102	205
273	206	153	104	208
274	200	152	105	210
275	192	151	106	213
276	185	150	108	216
277	178	148	109	218
278	171	147	110	220
279	164	146	111	223
280	157	145	112	225
281	150	144	113	227
282	143	143	115	230
283	136	141	116	232
284	129	140	117	234
3D Trajetory (frame, x, z, height, pose)
265	-0.77	4.77	1.83	1.00
266	-0.78	4.77	1.82	1.00
267	-0.80	4.77	1.81	1.00
268	-0.81	4.75	1.84	1.00
269	-0.85	4.74	1.85	1.00
270	-0.86	4.72	1.86	3.00
271	-0.90	4.68	1.87	3.00
272	-0.95	4.58	1.83	3.00
273	-1.01	4.46	1.83	3.00
274	-1.05	4.33	1.83	3.00
275	-1.11	4.28	1.81	3.00
276	-1.15	4.23	1.82	3.00
277	-1.17	4.19	1.81	3.00
278	-1.20	4.14	1.81	3.00
279	-1.24	4.10	1.81	3.00
280	-1.26	4.07	1.80	3.00
281	-1.29	4.03	1.79	3.00
282	-1.32	3.99	1.80	1.00
283	-1.34	3.96	1.80	1.00
284	-1.35	3.92	1.80	1.00
Target 29 (frames from 266 to 317)
Bounding Boxes (frame, x, y, width, height)
266	220	128	153	306
267	232	128	152	305
268	244	129	152	304
269	255	129	151	302
270	264	131	149	299
271	273	132	148	296
272	281	134	146	292
273	287	137	143	287
274	293	140	140	281
275	297	143	137	275
276	303	148	133	266
277	307	154	128	256
278	309	159	122	245
279	309	164	118	236
280	308	169	113	227
281	305	173	109	219
282	300	176	106	212
283	295	179	103	207
284	290	180	102	204
285	285	179	101	203
286	280	178	101	202
287	274	176	101	203
288	268	173	103	206
289	261	169	105	210
290	254	166	107	214
291	246	161	109	218
292	238	157	111	223
293	231	153	114	229
294	224	147	117	235
295	217	142	120	241
296	210	137	123	247
297	204	132	126	253
298	198	129	129	258
299	193	125	131	263
300	188	123	133	266
301	183	121	135	270
302	177	118	136	273
303	170	117	138	276
304	163	116	139	278
305	156	115	139	279
306	148	115	140	280
307	141	115	140	281
308	133	115	140	281
309	126	115	141	282
310	119	115	141	282
311	112	115	141	283
312	106	115	141	283
313	99	116	141	283
314	93	116	141	283
315	86	117	141	283
316	80	118	141	282
317	74	118	141	282
3D Trajetory (frame, x, z, height, pose)
266	-0.34	2.85	1.72	2.00
267	-0.34	2.89	1.71	3.00
268	-0.32	2.88	1.71	3.00
269	-0.30	2.83	1.69	3.00
270	-0.26	2.83	1.71	4.00
271	-0.21	2.84	1.72	4.00
272	-0.18	2.84	1.72	4.00
273	-0.15	2.83	1.73	2.00
274	-0.00	2.94	1.72	2.00
275	0.05	3.08	1.73	2.00
276	0.04	3.17	1.61	2.00
277	0.04	3.18	1.60	1.00
278	0.04	3.21	1.59	3.00
279	-0.02	3.24	1.55	3.00
280	-0.10	3.34	1.49	3.00
281	-0.11	3.43	1.47	3.00
282	-0.14	3.52	1.46	1.00
283	-0.17	3.59	1.47	1.00
284	-0.21	3.63	1.49	1.00
285	-0.28	3.67	1.52	1.00
286	-0.30	3.69	1.53	3.00
287	-0.32	3.72	1.53	3.00
288	-0.34	3.77	1.52	3.00
289	-0.35	3.81	1.52	3.00
290	-0.40	3.80	1.57	3.00
291	-0.45	3.81	1.62	3.00
292	-0.58	3.75	1.72	3.00
293	-0.62	3.74	1.73	3.00
294	-0.64	3.73	1.77	3.00
295	-0.69	3.73	1.79	3.00
296	-0.73	3.72	1.81	3.00
297	-0.74	3.73	1.82	3.00
298	-0.76	3.67	1.85	3.00
299	-0.76	3.58	1.89	3.00
300	-0.77	3.58	1.90	3.00
301	-0.78	3.56	1.92	3.00
302	-0.83	3.54	1.91	3.00
303	-0.87	3.52	1.90	3.00
304	-0.91	3.50	1.91	3.00
305	-0.96	3.49	1.92	3.00
306	-1.02	3.48	1.93	3.00
307	-1.06	3.47	1.92	3.00
308	-1.12	3.46	1.91	4.00
309	-1.15	3.45	1.90	4.00
310	-1.20	3.43	1.88	4.00
311	-1.24	3.43	1.87	4.00
312	-1.27	3.44	1.89	4.00
313	-1.31	3.44	1.89	4.00
314	-1.35	3.42	1.90	4.00
315	-1.37	3.40	1.89	4.00
316	-1.40	3.40	1.88	1.00
317	-1.43	3.39	1.85	1.00
