Total frames 433
Number of Targets 10
Target 1 (frames from 1 to 349)
Bounding Boxes (frame, x, y, width, height)
1	458	354	51	102
2	458	355	51	103
3	458	357	52	104
4	457	357	52	105
5	457	358	52	105
6	457	359	53	106
7	457	359	53	107
8	457	359	53	107
9	457	359	53	107
10	457	359	54	108
11	458	359	54	108
12	458	359	54	108
13	459	358	54	108
14	459	357	54	108
15	460	355	54	108
16	460	354	54	108
17	461	353	54	108
18	461	352	53	107
19	461	351	53	107
20	462	351	53	106
21	462	350	53	106
22	462	350	53	106
23	461	351	53	106
24	461	352	53	106
25	461	352	53	106
26	460	353	53	107
27	460	354	53	107
28	459	354	54	108
29	458	354	54	109
30	457	355	55	110
31	456	354	55	111
32	455	354	56	112
33	455	354	56	113
34	454	353	57	114
35	453	352	57	115
36	452	352	58	116
37	452	351	58	117
38	451	351	59	118
39	450	350	59	119
40	449	350	60	120
41	448	350	60	120
42	447	349	60	121
43	446	349	61	122
44	445	349	61	123
45	445	349	62	125
46	444	349	63	126
47	444	349	64	128
48	443	349	64	129
49	443	349	65	131
50	443	349	66	132
51	444	350	67	134
52	444	350	67	135
53	445	350	68	136
54	445	350	69	138
55	446	350	69	139
56	447	350	70	141
57	447	350	71	143
58	448	350	72	144
59	449	349	73	146
60	450	349	74	148
61	451	348	75	150
62	452	348	76	152
63	453	348	77	154
64	454	347	78	156
65	455	347	79	158
66	456	346	79	159
67	457	346	80	160
68	458	346	80	161
69	459	345	81	162
70	459	345	81	163
71	460	344	82	164
72	461	344	82	165
73	462	343	83	166
74	463	342	83	167
75	464	341	84	168
76	465	341	84	169
77	466	340	85	170
78	468	340	85	171
79	469	340	86	172
80	470	340	86	173
81	471	340	87	174
82	471	340	87	175
83	472	340	87	175
84	472	341	88	176
85	473	341	88	176
86	473	341	88	176
87	473	341	88	176
88	474	341	88	176
89	474	341	88	176
90	475	341	88	176
91	475	340	88	177
92	476	339	88	177
93	476	339	89	179
94	477	338	90	180
95	478	336	91	182
96	478	335	92	184
97	479	334	93	187
98	479	333	95	190
99	479	332	97	194
100	479	331	98	197
101	479	330	100	200
102	480	329	101	203
103	481	328	103	206
104	482	328	104	209
105	483	327	105	211
106	485	327	106	213
107	487	327	107	215
108	488	326	108	216
109	491	326	108	217
110	493	326	108	217
111	495	326	109	218
112	497	326	108	217
113	498	326	109	218
114	500	326	109	218
115	501	326	109	218
116	502	326	109	218
117	503	326	110	220
118	504	326	110	221
119	504	326	111	223
120	505	326	113	226
121	506	327	114	229
122	507	327	116	232
123	507	327	117	235
124	508	327	119	239
125	509	326	121	242
126	510	326	123	246
127	511	326	124	249
128	512	325	126	253
129	514	325	128	256
130	517	324	129	258
131	520	323	130	260
132	523	322	131	262
133	526	321	131	263
134	530	319	132	264
135	534	317	133	266
136	538	315	133	267
137	542	313	134	268
138	547	310	134	269
139	551	307	135	270
140	555	304	136	272
141	558	300	136	273
142	561	296	138	276
143	564	292	140	280
144	566	288	142	284
145	569	284	145	290
146	573	280	148	297
147	578	276	152	305
148	583	273	156	313
149	589	271	161	322
150	595	268	166	332
151	601	266	171	342
152	607	265	176	353
153	614	264	181	363
154	621	263	186	373
155	628	263	191	382
156	635	263	195	390
157	642	263	198	397
158	648	263	201	402
159	653	263	202	405
160	659	263	203	407
161	664	263	205	410
162	669	262	206	412
163	673	261	207	414
164	678	259	208	417
165	682	257	210	420
166	686	255	212	424
167	689	253	215	430
168	692	250	218	436
169	694	247	221	443
170	696	245	224	449
171	698	243	227	455
172	700	240	230	460
173	701	238	232	465
174	702	235	234	468
175	703	233	235	471
176	704	230	236	473
177	704	227	236	473
178	704	224	237	474
179	704	221	237	475
180	703	218	238	476
181	702	215	239	478
182	701	212	240	480
183	702	210	241	483
184	703	207	243	487
185	706	205	245	491
186	708	204	247	494
187	711	203	247	495
188	715	202	247	495
189	720	201	247	495
190	726	199	247	495
191	730	198	247	495
192	734	196	247	494
193	740	195	246	492
194	747	194	244	489
195	754	194	242	485
196	761	194	241	482
197	770	195	239	479
198	779	196	238	476
199	788	197	236	472
200	798	198	234	468
201	808	199	232	464
202	818	200	229	458
203	827	202	224	449
204	836	204	219	439
205	843	206	214	428
206	850	207	208	416
207	856	210	202	405
208	861	213	197	394
209	863	216	191	383
210	865	220	186	373
211	868	224	180	361
212	869	229	175	351
213	870	234	171	342
214	871	239	167	334
215	871	244	164	328
216	870	248	161	322
217	868	251	158	317
218	866	254	156	312
219	864	257	154	308
220	861	260	152	305
221	858	263	150	301
222	855	266	149	298
223	852	268	147	295
224	850	270	146	292
225	847	272	145	290
226	844	274	144	289
227	840	275	144	288
228	837	275	143	286
229	834	275	142	285
230	831	274	142	284
231	828	273	141	282
232	825	272	140	280
233	822	271	139	278
234	820	271	138	276
235	818	270	137	274
236	816	271	135	271
237	814	272	134	268
238	813	275	132	265
239	812	278	131	262
240	811	280	129	259
241	811	283	127	255
242	811	285	126	252
243	811	287	124	249
244	812	289	123	246
245	812	291	122	244
246	812	293	121	242
247	812	294	120	240
248	812	296	119	238
249	812	297	118	236
250	811	299	117	234
251	810	302	116	232
252	810	304	115	230
253	808	307	114	228
254	807	310	112	225
255	805	313	111	223
256	803	317	110	221
257	801	319	109	218
258	800	322	108	216
259	799	324	107	214
260	797	325	106	212
261	796	327	105	210
262	795	328	104	208
263	793	330	103	206
264	792	331	102	204
265	791	332	101	202
266	790	333	100	200
267	790	334	99	198
268	789	335	97	195
269	789	336	96	193
270	789	337	95	190
271	788	338	94	188
272	787	338	92	185
273	786	339	91	183
274	785	339	90	180
275	785	339	89	178
276	784	340	87	175
277	783	341	86	173
278	782	342	85	171
279	782	343	84	168
280	781	344	83	166
281	780	345	82	164
282	780	346	81	162
283	779	348	80	160
284	778	349	79	158
285	777	351	78	156
286	776	352	77	154
287	775	353	76	152
288	773	353	75	150
289	771	353	74	148
290	769	353	73	147
291	767	353	72	145
292	765	352	72	144
293	762	351	71	143
294	760	350	71	143
295	758	349	71	143
296	756	348	71	143
297	754	347	71	143
298	751	345	72	144
299	749	344	72	145
300	746	343	73	146
301	744	342	73	146
302	741	341	73	147
303	739	340	73	147
304	737	339	74	148
305	735	338	74	148
306	733	338	74	148
307	732	337	73	147
308	731	337	73	147
309	730	336	73	146
310	730	336	72	145
311	730	336	72	144
312	731	336	71	143
313	731	335	71	143
314	732	334	71	142
315	733	334	70	141
316	734	333	70	141
317	735	332	70	140
318	736	331	69	139
319	737	330	69	138
320	738	329	68	137
321	739	329	68	136
322	740	328	67	135
323	740	328	67	135
324	741	329	67	134
325	741	329	66	133
326	741	330	66	133
327	741	330	66	132
328	741	331	66	132
329	740	331	65	131
330	740	331	65	131
331	739	331	65	130
332	738	331	64	129
333	737	331	64	129
334	736	330	64	128
335	735	330	64	128
336	734	329	63	127
337	733	328	63	126
338	732	328	63	126
339	731	328	62	125
340	730	328	62	124
341	729	328	62	124
342	729	329	61	123
343	728	330	61	122
344	728	331	60	121
345	727	333	60	121
346	727	334	60	120
347	727	336	59	119
348	727	339	59	118
349	727	341	58	117
3D Trajetory (frame, x, z, height, pose)
1	-2.67	9.15	1.86	2.00
2	-2.61	9.06	1.87	2.00
3	-2.54	8.96	1.89	2.00
4	-2.55	8.94	1.87	2.00
5	-2.55	8.91	1.85	4.00
6	-2.50	8.78	1.84	4.00
7	-2.44	8.65	1.83	4.00
8	-2.42	8.58	1.83	4.00
9	-2.39	8.51	1.82	2.00
10	-2.38	8.49	1.83	2.00
11	-2.38	8.47	1.83	2.00
12	-2.37	8.51	1.84	2.00
13	-2.36	8.55	1.84	2.00
14	-2.36	8.57	1.84	2.00
15	-2.36	8.59	1.84	2.00
16	-2.35	8.56	1.84	2.00
17	-2.34	8.53	1.84	2.00
18	-2.34	8.56	1.84	2.00
19	-2.34	8.58	1.83	2.00
20	-2.34	8.62	1.83	2.00
21	-2.35	8.65	1.83	4.00
22	-2.35	8.67	1.83	4.00
23	-2.35	8.69	1.82	4.00
24	-2.34	8.67	1.82	4.00
25	-2.32	8.64	1.82	4.00
26	-2.31	8.59	1.82	4.00
27	-2.29	8.54	1.82	4.00
28	-2.26	8.48	1.82	4.00
29	-2.24	8.41	1.82	4.00
30	-2.20	8.31	1.82	4.00
31	-2.17	8.21	1.82	4.00
32	-2.14	8.11	1.82	4.00
33	-2.12	8.00	1.82	4.00
34	-2.10	7.98	1.82	4.00
35	-2.08	7.95	1.82	2.00
36	-2.06	7.92	1.82	2.00
37	-2.04	7.88	1.82	2.00
38	-2.01	7.83	1.82	2.00
39	-1.98	7.77	1.82	2.00
40	-1.97	7.71	1.82	2.00
41	-1.95	7.65	1.82	2.00
42	-1.92	7.59	1.82	2.00
43	-1.90	7.53	1.82	4.00
44	-1.88	7.48	1.82	4.00
45	-1.85	7.43	1.82	4.00
46	-1.83	7.38	1.82	4.00
47	-1.81	7.34	1.82	4.00
48	-1.77	7.25	1.82	4.00
49	-1.72	7.17	1.82	4.00
50	-1.66	7.03	1.82	4.00
51	-1.59	6.90	1.82	4.00
52	-1.55	6.80	1.82	4.00
53	-1.51	6.69	1.82	4.00
54	-1.49	6.64	1.82	4.00
55	-1.46	6.59	1.82	4.00
56	-1.44	6.62	1.82	4.00
57	-1.42	6.65	1.82	4.00
58	-1.38	6.57	1.82	4.00
59	-1.34	6.48	1.82	4.00
60	-1.28	6.34	1.82	4.00
61	-1.22	6.21	1.82	2.00
62	-1.17	6.09	1.82	2.00
63	-1.11	5.97	1.82	4.00
64	-1.08	5.92	1.82	4.00
65	-1.04	5.88	1.82	4.00
66	-1.00	5.83	1.82	4.00
67	-0.96	5.79	1.82	4.00
68	-0.94	5.79	1.82	4.00
69	-0.91	5.79	1.82	4.00
70	-0.88	5.75	1.82	4.00
71	-0.84	5.71	1.82	4.00
72	-0.80	5.67	1.82	4.00
73	-0.76	5.64	1.82	2.00
74	-0.72	5.60	1.82	2.00
75	-0.67	5.55	1.82	4.00
76	-0.62	5.50	1.82	4.00
77	-0.58	5.44	1.82	4.00
78	-0.54	5.41	1.82	4.00
79	-0.50	5.39	1.82	2.00
80	-0.46	5.36	1.82	2.00
81	-0.43	5.34	1.82	4.00
82	-0.40	5.34	1.82	4.00
83	-0.38	5.34	1.81	4.00
84	-0.35	5.32	1.81	4.00
85	-0.32	5.29	1.82	4.00
86	-0.30	5.26	1.81	4.00
87	-0.28	5.24	1.81	4.00
88	-0.25	5.22	1.81	4.00
89	-0.22	5.20	1.81	4.00
90	-0.17	5.27	1.81	4.00
91	-0.13	5.33	1.81	4.00
92	-0.10	5.30	1.81	4.00
93	-0.06	5.27	1.81	2.00
94	-0.02	5.20	1.81	2.00
95	0.03	5.14	1.81	4.00
96	0.07	5.03	1.81	4.00
97	0.11	4.92	1.82	4.00
98	0.16	4.84	1.82	4.00
99	0.20	4.76	1.82	4.00
100	0.24	4.70	1.82	4.00
101	0.28	4.63	1.82	4.00
102	0.32	4.55	1.82	4.00
103	0.35	4.46	1.82	1.00
104	0.40	4.42	1.81	1.00
105	0.46	4.38	1.81	4.00
106	0.51	4.31	1.81	4.00
107	0.57	4.24	1.81	2.00
108	0.63	4.20	1.81	2.00
109	0.70	4.16	1.81	4.00
110	0.75	4.14	1.81	4.00
111	0.80	4.12	1.81	4.00
112	0.85	4.11	1.81	4.00
113	0.90	4.09	1.81	1.00
114	0.95	4.11	1.81	1.00
115	1.00	4.12	1.81	1.00
116	1.04	4.10	1.81	1.00
117	1.09	4.08	1.81	3.00
118	1.11	4.02	1.81	3.00
119	1.14	3.96	1.81	3.00
120	1.18	3.88	1.81	3.00
121	1.21	3.80	1.81	4.00
122	1.23	3.73	1.81	4.00
123	1.24	3.65	1.81	4.00
124	1.28	3.59	1.81	4.00
125	1.31	3.53	1.81	1.00
126	1.34	3.47	1.81	1.00
127	1.37	3.41	1.81	1.00
128	1.41	3.35	1.81	1.00
129	1.45	3.30	1.81	1.00
130	1.49	3.22	1.81	1.00
131	1.52	3.15	1.81	2.00
132	1.54	3.08	1.81	2.00
133	1.55	3.00	1.81	4.00
134	1.61	2.99	1.81	4.00
135	1.68	2.97	1.81	1.00
136	1.73	2.94	1.81	1.00
137	1.78	2.90	1.81	1.00
138	1.83	2.87	1.81	1.00
139	1.88	2.84	1.81	3.00
140	1.89	2.77	1.81	3.00
141	1.91	2.69	1.82	3.00
142	1.94	2.62	1.81	3.00
143	1.96	2.54	1.81	4.00
144	1.99	2.47	1.81	4.00
145	2.01	2.40	1.81	4.00
146	2.01	2.33	1.81	4.00
147	2.01	2.25	1.81	1.00
148	2.01	2.15	1.82	1.00
149	2.00	2.05	1.82	1.00
150	1.99	1.90	1.82	1.00
151	1.98	1.76	1.82	1.00
152	1.99	1.64	1.82	1.00
153	2.00	1.53	1.82	1.00
154	2.01	1.44	1.82	1.00
155	2.02	1.34	1.82	1.00
156	2.00	1.28	1.82	1.00
157	1.99	1.21	1.82	1.00
158	2.00	1.14	1.82	1.00
159	2.01	1.07	1.82	1.00
160	2.04	1.01	1.82	1.00
161	2.08	0.95	1.82	1.00
162	2.10	0.89	1.82	1.00
163	2.11	0.83	1.82	1.00
164	2.15	0.76	1.82	1.00
165	2.19	0.69	1.82	1.00
166	2.19	0.61	1.82	1.00
167	2.20	0.53	1.82	1.00
168	2.15	0.48	1.82	1.00
169	2.11	0.43	1.82	1.00
170	2.09	0.39	1.82	1.00
171	2.07	0.35	1.82	1.00
172	2.06	0.28	1.82	1.00
173	2.04	0.22	1.82	1.00
174	2.03	0.16	1.82	1.00
175	2.01	0.10	1.82	1.00
176	2.05	0.04	1.82	1.00
177	2.08	-0.01	1.82	1.00
178	2.07	-0.07	1.82	1.00
179	2.07	-0.12	1.82	1.00
180	2.04	-0.15	1.82	1.00
181	2.02	-0.17	1.81	1.00
182	2.00	-0.20	1.81	1.00
183	1.99	-0.23	1.81	1.00
184	1.97	-0.28	1.81	1.00
185	1.95	-0.33	1.81	1.00
186	1.93	-0.38	1.81	1.00
187	1.90	-0.43	1.81	1.00
188	1.90	-0.49	1.81	1.00
189	1.89	-0.55	1.81	1.00
190	1.88	-0.60	1.81	1.00
191	1.87	-0.65	1.81	1.00
192	1.91	-0.69	1.81	1.00
193	1.96	-0.73	1.82	1.00
194	1.93	-0.78	1.82	1.00
195	1.90	-0.83	1.82	1.00
196	1.89	-0.87	1.82	1.00
197	1.88	-0.91	1.82	1.00
198	1.88	-0.96	1.82	1.00
199	1.88	-1.01	1.82	3.00
200	1.91	-1.16	1.82	3.00
201	1.95	-1.31	1.82	2.00
202	1.92	-1.37	1.82	2.00
203	1.89	-1.43	1.82	1.00
204	1.89	-1.49	1.82	1.00
205	1.88	-1.55	1.82	1.00
206	1.96	-1.64	1.82	1.00
207	2.03	-1.73	1.83	1.00
208	2.08	-1.82	1.83	1.00
209	2.13	-1.92	1.83	1.00
210	2.17	-2.00	1.83	1.00
211	2.22	-2.09	1.83	1.00
212	2.25	-2.18	1.83	1.00
213	2.28	-2.27	1.83	1.00
214	2.27	-2.30	1.83	1.00
215	2.27	-2.32	1.83	1.00
216	2.29	-2.37	1.83	1.00
217	2.32	-2.42	1.83	1.00
218	2.34	-2.48	1.83	1.00
219	2.37	-2.55	1.83	1.00
220	2.39	-2.59	1.83	1.00
221	2.41	-2.62	1.83	1.00
222	2.40	-2.65	1.83	1.00
223	2.40	-2.68	1.83	2.00
224	2.38	-2.68	1.83	2.00
225	2.35	-2.69	1.82	4.00
226	2.35	-2.71	1.83	4.00
227	2.35	-2.73	1.83	1.00
228	2.36	-2.75	1.83	1.00
229	2.37	-2.78	1.83	1.00
230	2.36	-2.79	1.83	1.00
231	2.35	-2.80	1.83	4.00
232	2.35	-2.82	1.83	4.00
233	2.35	-2.83	1.83	4.00
234	2.35	-2.85	1.83	4.00
235	2.35	-2.88	1.82	4.00
236	2.35	-2.91	1.82	4.00
237	2.35	-2.94	1.82	1.00
238	2.35	-2.99	1.82	1.00
239	2.35	-3.04	1.82	1.00
240	2.36	-3.11	1.82	1.00
241	2.37	-3.17	1.82	1.00
242	2.37	-3.23	1.82	1.00
243	2.37	-3.28	1.82	1.00
244	2.37	-3.35	1.82	1.00
245	2.37	-3.42	1.82	1.00
246	2.35	-3.47	1.82	1.00
247	2.33	-3.52	1.82	1.00
248	2.31	-3.54	1.83	1.00
249	2.29	-3.57	1.83	1.00
250	2.29	-3.62	1.83	1.00
251	2.29	-3.67	1.83	1.00
252	2.27	-3.70	1.83	1.00
253	2.25	-3.74	1.83	1.00
254	2.26	-3.83	1.83	1.00
255	2.26	-3.92	1.83	4.00
256	2.25	-3.97	1.83	4.00
257	2.24	-4.02	1.83	4.00
258	2.23	-4.06	1.83	4.00
259	2.21	-4.11	1.83	4.00
260	2.18	-4.14	1.83	4.00
261	2.16	-4.16	1.83	1.00
262	2.15	-4.21	1.83	1.00
263	2.15	-4.26	1.83	1.00
264	2.14	-4.34	1.83	1.00
265	2.14	-4.42	1.84	1.00
266	2.15	-4.50	1.84	1.00
267	2.15	-4.57	1.84	1.00
268	2.15	-4.64	1.84	1.00
269	2.15	-4.71	1.84	1.00
270	2.13	-4.76	1.85	1.00
271	2.10	-4.80	1.85	1.00
272	2.10	-4.89	1.85	1.00
273	2.10	-4.97	1.85	1.00
274	2.11	-5.07	1.85	1.00
275	2.12	-5.17	1.85	3.00
276	2.13	-5.27	1.85	3.00
277	2.13	-5.36	1.85	3.00
278	2.12	-5.42	1.85	3.00
279	2.11	-5.48	1.85	3.00
280	2.10	-5.56	1.85	3.00
281	2.09	-5.63	1.85	2.00
282	2.06	-5.70	1.85	2.00
283	2.03	-5.76	1.85	2.00
284	2.03	-5.85	1.85	2.00
285	2.02	-5.94	1.85	2.00
286	2.02	-6.04	1.85	2.00
287	2.01	-6.14	1.85	1.00
288	2.01	-6.22	1.85	1.00
289	2.01	-6.30	1.86	1.00
290	1.99	-6.39	1.86	1.00
291	1.97	-6.48	1.86	1.00
292	1.94	-6.52	1.86	1.00
293	1.90	-6.56	1.87	2.00
294	1.86	-6.58	1.87	2.00
295	1.82	-6.60	1.87	2.00
296	1.80	-6.64	1.88	2.00
297	1.78	-6.68	1.88	1.00
298	1.73	-6.64	1.88	1.00
299	1.68	-6.61	1.89	1.00
300	1.64	-6.60	1.89	1.00
301	1.61	-6.60	1.90	3.00
302	1.57	-6.56	1.90	3.00
303	1.54	-6.51	1.91	4.00
304	1.50	-6.47	1.91	4.00
305	1.46	-6.42	1.92	4.00
306	1.45	-6.49	1.91	4.00
307	1.45	-6.57	1.91	4.00
308	1.43	-6.61	1.91	4.00
309	1.41	-6.66	1.91	2.00
310	1.39	-6.70	1.91	2.00
311	1.37	-6.74	1.91	1.00
312	1.35	-6.79	1.91	1.00
313	1.34	-6.83	1.91	4.00
314	1.29	-6.85	1.92	4.00
315	1.25	-6.86	1.92	4.00
316	1.23	-6.92	1.92	4.00
317	1.21	-6.98	1.92	4.00
318	1.19	-7.04	1.92	4.00
319	1.17	-7.09	1.92	4.00
320	1.15	-7.14	1.92	4.00
321	1.14	-7.19	1.92	4.00
322	1.12	-7.24	1.92	4.00
323	1.10	-7.30	1.92	4.00
324	1.09	-7.37	1.92	4.00
325	1.07	-7.43	1.92	4.00
326	1.05	-7.47	1.92	4.00
327	1.04	-7.51	1.92	4.00
328	1.01	-7.49	1.92	4.00
329	0.98	-7.48	1.92	4.00
330	0.97	-7.51	1.92	4.00
331	0.97	-7.55	1.92	4.00
332	0.96	-7.62	1.92	4.00
333	0.95	-7.69	1.92	1.00
334	0.93	-7.73	1.92	1.00
335	0.92	-7.76	1.92	1.00
336	0.90	-7.80	1.92	1.00
337	0.89	-7.85	1.92	1.00
338	0.87	-7.88	1.92	1.00
339	0.85	-7.92	1.92	1.00
340	0.84	-7.93	1.92	1.00
341	0.83	-7.94	1.92	4.00
342	0.80	-7.98	1.92	4.00
343	0.78	-8.01	1.92	4.00
344	0.77	-8.09	1.92	4.00
345	0.75	-8.16	1.92	4.00
346	0.74	-8.26	1.92	4.00
347	0.72	-8.35	1.92	4.00
348	0.69	-8.37	1.92	4.00
349	0.67	-8.39	1.92	4.00
Target 2 (frames from 1 to 69)
Bounding Boxes (frame, x, y, width, height)
1	532	361	51	103
2	532	362	51	103
3	532	363	51	103
4	532	364	51	103
5	532	365	51	103
6	532	365	51	103
7	533	365	52	104
8	533	365	52	104
9	533	365	52	104
10	533	365	52	104
11	533	364	52	104
12	533	363	52	104
13	534	362	52	105
14	534	361	52	105
15	534	360	53	106
16	533	358	53	106
17	533	357	53	106
18	532	356	53	107
19	532	355	53	106
20	531	354	53	106
21	530	354	53	106
22	529	354	53	106
23	528	354	52	105
24	528	355	52	105
25	527	356	52	104
26	526	357	52	104
27	525	358	51	103
28	525	358	51	103
29	524	359	51	103
30	523	359	51	103
31	522	359	51	103
32	520	359	51	103
33	519	359	52	104
34	518	358	52	104
35	516	358	52	104
36	514	357	52	104
37	513	357	52	104
38	511	357	52	104
39	510	356	51	103
40	508	356	51	103
41	507	356	51	103
42	506	356	51	103
43	505	356	51	103
44	504	356	51	103
45	504	356	51	103
46	503	357	51	103
47	502	357	51	103
48	502	357	51	103
49	501	358	51	102
50	501	358	51	102
51	500	358	51	102
52	500	359	51	102
53	499	359	51	102
54	499	360	51	102
55	498	360	51	103
56	498	360	51	103
57	497	360	51	103
58	497	360	51	103
59	496	360	51	103
60	496	360	52	104
61	495	360	52	104
62	495	360	52	105
63	495	360	52	105
64	494	360	52	105
65	494	359	53	106
66	493	359	53	107
67	493	359	53	107
68	493	359	54	108
69	493	359	54	109
3D Trajetory (frame, x, z, height, pose)
1	-1.27	8.75	1.77	4.00
2	-1.18	8.42	1.73	4.00
3	-1.09	8.08	1.70	4.00
4	-1.11	8.14	1.71	4.00
5	-1.13	8.20	1.72	4.00
6	-1.13	8.24	1.72	4.00
7	-1.13	8.29	1.73	4.00
8	-1.13	8.38	1.73	4.00
9	-1.14	8.46	1.73	4.00
10	-1.12	8.44	1.74	4.00
11	-1.11	8.41	1.75	4.00
12	-1.10	8.39	1.75	4.00
13	-1.09	8.38	1.75	4.00
14	-1.09	8.35	1.75	4.00
15	-1.08	8.31	1.75	4.00
16	-1.07	8.26	1.76	4.00
17	-1.06	8.21	1.76	4.00
18	-1.08	8.22	1.76	4.00
19	-1.11	8.23	1.77	4.00
20	-1.12	8.27	1.77	4.00
21	-1.14	8.30	1.77	1.00
22	-1.15	8.35	1.76	1.00
23	-1.17	8.39	1.76	4.00
24	-1.19	8.42	1.75	4.00
25	-1.20	8.46	1.75	2.00
26	-1.19	8.46	1.75	2.00
27	-1.17	8.47	1.75	2.00
28	-1.19	8.50	1.75	2.00
29	-1.21	8.53	1.75	2.00
30	-1.18	8.48	1.75	2.00
31	-1.16	8.44	1.75	2.00
32	-1.18	8.44	1.75	2.00
33	-1.20	8.45	1.75	2.00
34	-1.21	8.45	1.75	2.00
35	-1.22	8.45	1.75	2.00
36	-1.23	8.48	1.75	2.00
37	-1.24	8.51	1.75	2.00
38	-1.26	8.52	1.75	2.00
39	-1.27	8.53	1.75	2.00
40	-1.27	8.53	1.75	2.00
41	-1.27	8.52	1.75	2.00
42	-1.27	8.57	1.75	2.00
43	-1.27	8.61	1.75	2.00
44	-1.25	8.61	1.75	2.00
45	-1.24	8.62	1.76	2.00
46	-1.24	8.62	1.76	2.00
47	-1.23	8.63	1.76	2.00
48	-1.23	8.64	1.76	2.00
49	-1.22	8.64	1.76	2.00
50	-1.22	8.64	1.76	2.00
51	-1.22	8.64	1.76	2.00
52	-1.21	8.66	1.76	2.00
53	-1.20	8.67	1.76	2.00
54	-1.19	8.67	1.76	2.00
55	-1.19	8.67	1.76	2.00
56	-1.18	8.64	1.75	2.00
57	-1.18	8.61	1.75	2.00
58	-1.17	8.59	1.75	2.00
59	-1.16	8.57	1.75	4.00
60	-1.15	8.55	1.75	4.00
61	-1.14	8.52	1.75	4.00
62	-1.13	8.48	1.75	4.00
63	-1.11	8.43	1.75	4.00
64	-1.10	8.40	1.75	4.00
65	-1.08	8.37	1.75	4.00
66	-1.05	8.35	1.75	4.00
67	-1.03	8.33	1.75	4.00
68	-0.99	8.25	1.75	4.00
69	-0.95	8.16	1.75	4.00
Target 3 (frames from 25 to 365)
Bounding Boxes (frame, x, y, width, height)
25	442	359	45	91
26	440	359	46	92
27	439	359	46	93
28	438	359	47	94
29	437	359	47	94
30	435	359	47	95
31	434	358	48	96
32	433	358	48	97
33	431	358	49	98
34	430	358	49	98
35	428	357	49	99
36	426	357	50	100
37	425	356	50	100
38	423	356	50	101
39	421	356	50	101
40	419	355	51	102
41	417	355	51	102
42	415	355	51	103
43	413	355	51	103
44	411	355	52	104
45	409	355	52	104
46	407	355	52	105
47	405	355	52	105
48	404	355	53	106
49	403	356	53	106
50	402	356	53	107
51	401	356	54	108
52	400	357	54	108
53	400	357	54	109
54	400	357	54	109
55	400	357	55	110
56	400	357	55	110
57	401	358	55	110
58	401	357	55	111
59	402	357	55	111
60	402	357	55	111
61	402	357	55	111
62	402	357	56	112
63	402	357	56	112
64	401	357	56	112
65	400	357	56	112
66	400	356	56	112
67	399	356	56	112
68	398	356	56	112
69	396	356	56	113
70	395	355	56	113
71	393	355	56	113
72	391	354	57	114
73	389	353	57	115
74	388	353	58	116
75	386	352	58	116
76	384	351	58	117
77	383	351	59	118
78	381	350	59	119
79	380	350	60	120
80	379	350	60	121
81	377	350	61	122
82	376	350	61	123
83	375	350	62	124
84	373	350	63	126
85	372	350	63	127
86	371	350	64	128
87	369	350	65	130
88	368	350	65	131
89	366	349	66	132
90	364	349	66	133
91	362	348	67	135
92	360	347	68	137
93	359	347	69	138
94	357	346	69	139
95	356	345	70	140
96	354	344	71	142
97	353	343	71	143
98	351	342	72	144
99	349	342	72	145
100	347	341	73	146
101	345	340	74	148
102	343	340	74	149
103	341	339	75	151
104	339	339	76	152
105	337	339	76	153
106	335	338	77	154
107	332	338	78	156
108	330	337	78	157
109	328	337	79	159
110	326	337	80	160
111	324	336	80	161
112	321	336	81	162
113	319	336	81	163
114	317	336	82	164
115	314	336	82	165
116	312	335	83	166
117	310	335	83	167
118	308	336	84	169
119	306	336	85	170
120	304	337	85	171
121	301	337	86	172
122	299	338	86	173
123	297	338	87	175
124	294	338	88	176
125	292	338	89	178
126	289	338	90	180
127	287	338	91	182
128	284	338	92	184
129	281	338	93	186
130	278	338	94	188
131	275	337	95	191
132	272	335	96	193
133	269	334	97	195
134	267	332	98	197
135	265	330	99	198
136	263	328	100	200
137	260	325	101	202
138	258	322	101	203
139	256	319	102	204
140	254	316	102	205
141	253	313	103	206
142	251	309	103	207
143	250	306	104	208
144	248	302	105	210
145	246	299	105	211
146	244	296	106	213
147	242	294	107	215
148	240	292	109	218
149	238	290	110	220
150	236	289	112	224
151	233	289	113	227
152	231	289	115	231
153	228	289	117	235
154	226	290	119	239
155	224	290	121	243
156	222	291	124	248
157	221	292	126	252
158	219	292	128	256
159	217	291	130	260
160	213	291	132	265
161	210	290	135	270
162	207	288	138	276
163	204	286	140	281
164	201	284	143	287
165	198	282	146	292
166	194	280	148	297
167	190	277	151	302
168	186	275	153	307
169	181	273	155	311
170	175	271	158	316
171	168	269	160	321
172	161	266	163	326
173	153	264	166	332
174	146	261	169	339
175	139	258	172	345
176	134	254	176	352
177	129	251	179	359
178	125	247	182	365
179	124	243	185	370
180	123	239	187	375
181	123	236	189	379
182	124	232	192	384
183	127	230	193	386
184	130	227	194	388
185	134	226	194	389
186	138	225	195	390
187	141	224	195	391
188	144	222	196	392
189	148	221	197	395
190	153	219	199	398
191	159	217	200	401
192	167	215	202	404
193	176	213	204	409
194	185	212	206	413
195	193	210	209	418
196	201	209	211	423
197	206	209	214	429
198	209	209	218	437
199	211	208	222	445
200	214	207	225	451
201	217	207	228	456
202	221	207	229	459
203	225	208	230	461
204	231	208	230	461
205	237	208	230	460
206	245	208	229	458
207	255	209	226	453
208	267	211	223	447
209	281	214	220	440
210	297	217	216	432
211	313	221	211	422
212	329	225	206	413
213	345	230	202	405
214	360	234	199	398
215	373	239	196	393
216	385	243	194	388
217	397	246	191	383
218	408	248	190	380
219	418	251	189	378
220	428	254	188	376
221	436	257	187	375
222	444	259	187	375
223	450	261	187	375
224	455	262	188	376
225	460	264	188	376
226	464	265	188	376
227	469	266	187	375
228	473	266	187	374
229	478	266	186	373
230	483	265	186	372
231	489	264	185	370
232	496	263	183	367
233	503	263	182	364
234	511	262	180	360
235	520	262	178	356
236	529	263	176	352
237	539	264	174	348
238	548	267	171	343
239	557	270	169	338
240	565	273	166	333
241	572	275	163	327
242	579	278	161	322
243	585	280	159	318
244	591	283	156	313
245	595	284	155	310
246	599	286	153	306
247	602	288	151	303
248	605	290	150	300
249	608	292	148	297
250	612	294	146	293
251	615	296	145	290
252	618	299	143	286
253	621	302	141	282
254	624	306	139	278
255	627	309	136	273
256	629	313	134	269
257	632	316	132	264
258	635	319	129	259
259	638	321	127	254
260	641	323	124	248
261	644	325	121	243
262	647	327	119	239
263	650	329	117	234
264	653	330	115	230
265	655	332	113	226
266	658	333	111	222
267	660	335	109	219
268	663	336	108	216
269	665	337	107	214
270	667	337	105	211
271	668	338	104	209
272	669	338	103	207
273	670	339	102	205
274	671	339	101	203
275	672	339	101	202
276	672	339	100	200
277	673	340	99	198
278	673	341	98	197
279	674	342	97	195
280	675	343	97	194
281	676	344	96	192
282	678	345	95	190
283	679	346	94	189
284	680	348	93	187
285	681	349	92	185
286	681	351	91	183
287	682	351	90	181
288	681	352	89	179
289	681	352	88	177
290	680	352	87	175
291	679	352	86	173
292	678	351	85	171
293	676	351	84	169
294	675	351	83	166
295	675	350	82	164
296	674	349	81	162
297	674	349	80	160
298	673	348	78	157
299	673	348	77	155
300	673	348	76	153
301	673	347	75	151
302	673	347	74	149
303	673	347	74	148
304	674	346	73	147
305	674	346	72	145
306	675	345	72	144
307	675	344	72	144
308	676	344	71	143
309	677	343	71	143
310	678	343	71	143
311	680	343	71	143
312	682	342	71	143
313	684	341	71	143
314	686	340	71	143
315	687	340	71	143
316	688	339	71	143
317	689	338	71	143
318	690	336	71	143
319	690	335	72	144
320	691	334	72	145
321	691	333	73	146
322	691	333	73	146
323	691	332	73	147
324	691	333	73	147
325	691	333	73	147
326	692	333	73	147
327	692	334	73	146
328	693	335	72	145
329	694	335	72	144
330	695	335	71	143
331	696	335	71	142
332	696	335	70	141
333	696	335	70	140
334	697	334	69	139
335	696	334	69	139
336	696	333	69	138
337	696	332	69	138
338	695	332	69	138
339	694	331	68	137
340	694	331	68	137
341	694	332	68	136
342	693	332	68	136
343	693	333	67	135
344	693	334	67	134
345	693	336	67	134
346	693	338	66	133
347	693	340	66	132
348	693	342	65	131
349	693	344	65	131
350	694	345	65	130
351	694	346	64	129
352	694	347	64	129
353	695	347	64	128
354	695	347	64	128
355	696	347	63	127
356	696	347	63	127
357	696	347	63	127
358	696	347	63	127
359	696	346	63	127
360	696	346	63	127
361	695	346	63	127
362	695	345	63	127
363	695	344	64	128
364	694	344	64	128
365	694	343	64	128
3D Trajetory (frame, x, z, height, pose)
25	-3.02	9.59	1.72	2.00
26	-3.02	9.58	1.75	2.00
27	-3.02	9.57	1.78	4.00
28	-3.01	9.56	1.78	4.00
29	-2.99	9.54	1.79	4.00
30	-2.99	9.49	1.79	4.00
31	-2.98	9.44	1.79	2.00
32	-2.94	9.30	1.78	2.00
33	-2.91	9.17	1.78	2.00
34	-2.90	9.13	1.77	2.00
35	-2.89	9.09	1.77	2.00
36	-2.87	9.02	1.77	2.00
37	-2.86	8.96	1.77	2.00
38	-2.86	8.93	1.77	2.00
39	-2.87	8.90	1.77	2.00
40	-2.85	8.83	1.77	2.00
41	-2.83	8.75	1.77	2.00
42	-2.84	8.78	1.78	2.00
43	-2.85	8.81	1.78	2.00
44	-2.85	8.77	1.78	2.00
45	-2.86	8.74	1.78	2.00
46	-2.85	8.71	1.78	2.00
47	-2.85	8.68	1.78	2.00
48	-2.83	8.64	1.78	2.00
49	-2.82	8.59	1.78	2.00
50	-2.80	8.54	1.78	2.00
51	-2.78	8.48	1.78	2.00
52	-2.76	8.47	1.79	2.00
53	-2.75	8.46	1.79	2.00
54	-2.72	8.42	1.79	2.00
55	-2.69	8.38	1.79	2.00
56	-2.66	8.35	1.79	2.00
57	-2.63	8.32	1.79	2.00
58	-2.60	8.30	1.78	2.00
59	-2.58	8.28	1.78	2.00
60	-2.55	8.26	1.78	2.00
61	-2.53	8.24	1.78	2.00
62	-2.51	8.24	1.79	2.00
63	-2.49	8.24	1.79	2.00
64	-2.49	8.26	1.79	2.00
65	-2.49	8.29	1.79	2.00
66	-2.49	8.28	1.79	2.00
67	-2.48	8.27	1.79	2.00
68	-2.47	8.27	1.79	2.00
69	-2.46	8.26	1.79	2.00
70	-2.45	8.27	1.79	2.00
71	-2.44	8.27	1.79	2.00
72	-2.41	8.23	1.79	2.00
73	-2.38	8.20	1.79	2.00
74	-2.36	8.15	1.79	2.00
75	-2.33	8.09	1.79	2.00
76	-2.30	8.04	1.79	2.00
77	-2.27	7.98	1.79	2.00
78	-2.24	7.91	1.79	2.00
79	-2.22	7.84	1.79	2.00
80	-2.19	7.80	1.79	2.00
81	-2.15	7.76	1.80	2.00
82	-2.11	7.73	1.80	2.00
83	-2.08	7.71	1.80	2.00
84	-2.04	7.62	1.79	2.00
85	-2.00	7.54	1.79	2.00
86	-1.97	7.46	1.79	2.00
87	-1.94	7.38	1.79	2.00
88	-1.90	7.31	1.79	2.00
89	-1.87	7.24	1.80	2.00
90	-1.81	7.17	1.80	2.00
91	-1.76	7.10	1.80	2.00
92	-1.73	7.09	1.80	2.00
93	-1.69	7.09	1.79	2.00
94	-1.65	7.03	1.79	2.00
95	-1.61	6.97	1.79	2.00
96	-1.56	6.88	1.79	2.00
97	-1.51	6.79	1.79	2.00
98	-1.46	6.73	1.79	2.00
99	-1.42	6.66	1.80	2.00
100	-1.39	6.72	1.80	2.00
101	-1.37	6.78	1.80	2.00
102	-1.32	6.73	1.80	2.00
103	-1.27	6.68	1.80	2.00
104	-1.21	6.60	1.80	2.00
105	-1.16	6.51	1.80	2.00
106	-1.10	6.43	1.80	2.00
107	-1.04	6.35	1.80	2.00
108	-0.99	6.34	1.80	2.00
109	-0.95	6.32	1.80	2.00
110	-0.91	6.33	1.80	2.00
111	-0.87	6.35	1.80	2.00
112	-0.82	6.31	1.80	2.00
113	-0.76	6.28	1.80	2.00
114	-0.72	6.25	1.80	2.00
115	-0.68	6.22	1.80	2.00
116	-0.65	6.19	1.80	2.00
117	-0.62	6.16	1.80	2.00
118	-0.58	6.12	1.80	2.00
119	-0.53	6.09	1.80	2.00
120	-0.49	6.04	1.80	2.00
121	-0.46	5.99	1.80	2.00
122	-0.42	5.98	1.80	2.00
123	-0.39	5.98	1.80	2.00
124	-0.34	5.96	1.80	2.00
125	-0.29	5.95	1.80	1.00
126	-0.26	5.89	1.80	1.00
127	-0.22	5.83	1.80	1.00
128	-0.17	5.75	1.80	1.00
129	-0.11	5.68	1.80	2.00
130	-0.07	5.63	1.80	2.00
131	-0.02	5.58	1.80	2.00
132	-0.00	5.51	1.80	2.00
133	0.01	5.44	1.80	2.00
134	0.04	5.40	1.80	2.00
135	0.06	5.36	1.80	2.00
136	0.10	5.35	1.80	2.00
137	0.14	5.34	1.80	2.00
138	0.18	5.33	1.80	2.00
139	0.22	5.32	1.80	2.00
140	0.26	5.29	1.80	2.00
141	0.30	5.26	1.80	2.00
142	0.32	5.20	1.80	2.00
143	0.34	5.14	1.80	2.00
144	0.40	5.13	1.80	2.00
145	0.46	5.13	1.80	2.00
146	0.50	5.10	1.80	2.00
147	0.55	5.07	1.80	1.00
148	0.59	5.02	1.80	1.00
149	0.63	4.96	1.80	1.00
150	0.67	4.87	1.80	1.00
151	0.70	4.77	1.80	4.00
152	0.74	4.69	1.80	4.00
153	0.78	4.61	1.80	2.00
154	0.80	4.51	1.80	2.00
155	0.83	4.41	1.80	2.00
156	0.86	4.34	1.80	2.00
157	0.90	4.26	1.79	2.00
158	0.95	4.19	1.79	2.00
159	1.01	4.12	1.79	1.00
160	1.05	4.04	1.79	1.00
161	1.10	3.97	1.79	2.00
162	1.15	3.89	1.80	2.00
163	1.19	3.81	1.80	2.00
164	1.24	3.71	1.80	2.00
165	1.29	3.61	1.80	4.00
166	1.31	3.52	1.80	4.00
167	1.34	3.42	1.80	1.00
168	1.38	3.35	1.80	1.00
169	1.41	3.27	1.80	1.00
170	1.44	3.27	1.80	1.00
171	1.47	3.27	1.80	4.00
172	1.50	3.21	1.80	4.00
173	1.54	3.16	1.80	2.00
174	1.55	3.10	1.80	2.00
175	1.57	3.04	1.80	2.00
176	1.60	2.96	1.80	2.00
177	1.64	2.89	1.80	2.00
178	1.65	2.76	1.80	2.00
179	1.67	2.64	1.79	1.00
180	1.71	2.56	1.79	1.00
181	1.76	2.48	1.79	1.00
182	1.80	2.42	1.79	1.00
183	1.84	2.35	1.79	1.00
184	1.91	2.34	1.80	1.00
185	1.98	2.33	1.80	1.00
186	2.00	2.26	1.80	1.00
187	2.02	2.19	1.80	1.00
188	2.01	2.08	1.80	1.00
189	2.01	1.98	1.80	3.00
190	2.08	1.96	1.80	3.00
191	2.15	1.95	1.80	3.00
192	2.13	1.83	1.80	3.00
193	2.11	1.71	1.80	1.00
194	2.11	1.62	1.79	1.00
195	2.10	1.52	1.79	1.00
196	2.10	1.43	1.79	1.00
197	2.10	1.35	1.79	1.00
198	2.08	1.28	1.79	1.00
199	2.07	1.21	1.79	1.00
200	2.05	1.14	1.79	1.00
201	2.03	1.07	1.79	1.00
202	2.02	1.02	1.79	1.00
203	2.02	0.97	1.79	1.00
204	2.02	0.94	1.79	1.00
205	2.01	0.90	1.79	1.00
206	2.09	0.84	1.79	1.00
207	2.16	0.77	1.79	3.00
208	2.17	0.70	1.79	3.00
209	2.18	0.62	1.79	3.00
210	2.23	0.56	1.79	3.00
211	2.28	0.51	1.79	3.00
212	2.29	0.44	1.79	3.00
213	2.29	0.37	1.79	1.00
214	2.36	0.30	1.79	1.00
215	2.42	0.22	1.79	1.00
216	2.45	0.13	1.79	1.00
217	2.48	0.04	1.79	1.00
218	2.47	-0.02	1.79	1.00
219	2.47	-0.09	1.79	1.00
220	2.44	-0.15	1.79	1.00
221	2.41	-0.21	1.79	1.00
222	2.41	-0.26	1.79	1.00
223	2.41	-0.31	1.79	1.00
224	2.37	-0.36	1.79	1.00
225	2.33	-0.41	1.79	1.00
226	2.35	-0.46	1.79	1.00
227	2.37	-0.51	1.79	1.00
228	2.36	-0.55	1.79	1.00
229	2.36	-0.59	1.79	1.00
230	2.36	-0.63	1.79	1.00
231	2.36	-0.66	1.79	1.00
232	2.35	-0.71	1.79	1.00
233	2.35	-0.77	1.79	1.00
234	2.33	-0.82	1.79	1.00
235	2.31	-0.88	1.79	1.00
236	2.32	-0.97	1.79	1.00
237	2.33	-1.06	1.79	1.00
238	2.35	-1.15	1.79	1.00
239	2.37	-1.24	1.79	1.00
240	2.38	-1.31	1.79	1.00
241	2.39	-1.38	1.79	1.00
242	2.39	-1.45	1.79	1.00
243	2.38	-1.52	1.79	1.00
244	2.39	-1.57	1.79	1.00
245	2.40	-1.62	1.79	1.00
246	2.41	-1.66	1.79	1.00
247	2.41	-1.70	1.79	1.00
248	2.41	-1.77	1.79	1.00
249	2.41	-1.85	1.79	4.00
250	2.41	-1.90	1.79	4.00
251	2.40	-1.96	1.79	4.00
252	2.41	-2.02	1.79	4.00
253	2.41	-2.07	1.79	4.00
254	2.42	-2.15	1.79	4.00
255	2.43	-2.22	1.79	4.00
256	2.44	-2.30	1.79	4.00
257	2.45	-2.38	1.79	4.00
258	2.47	-2.46	1.79	4.00
259	2.48	-2.53	1.79	1.00
260	2.51	-2.64	1.79	1.00
261	2.53	-2.74	1.79	1.00
262	2.54	-2.84	1.79	1.00
263	2.54	-2.93	1.79	4.00
264	2.56	-3.03	1.80	4.00
265	2.58	-3.12	1.80	4.00
266	2.57	-3.19	1.80	4.00
267	2.56	-3.25	1.79	4.00
268	2.57	-3.32	1.80	4.00
269	2.57	-3.40	1.80	4.00
270	2.56	-3.46	1.80	4.00
271	2.55	-3.53	1.80	4.00
272	2.55	-3.61	1.80	4.00
273	2.55	-3.69	1.81	4.00
274	2.54	-3.74	1.80	4.00
275	2.52	-3.79	1.80	4.00
276	2.50	-3.84	1.80	4.00
277	2.49	-3.89	1.80	4.00
278	2.47	-3.94	1.80	4.00
279	2.46	-3.99	1.80	4.00
280	2.45	-4.03	1.80	4.00
281	2.43	-4.07	1.80	4.00
282	2.41	-4.14	1.80	4.00
283	2.38	-4.21	1.80	4.00
284	2.37	-4.29	1.80	4.00
285	2.36	-4.36	1.80	4.00
286	2.34	-4.45	1.80	4.00
287	2.32	-4.53	1.80	4.00
288	2.31	-4.58	1.80	4.00
289	2.30	-4.64	1.80	4.00
290	2.29	-4.70	1.80	4.00
291	2.28	-4.75	1.80	4.00
292	2.27	-4.82	1.80	4.00
293	2.25	-4.89	1.80	1.00
294	2.28	-5.02	1.80	1.00
295	2.30	-5.16	1.80	4.00
296	2.27	-5.20	1.80	4.00
297	2.25	-5.25	1.80	4.00
298	2.22	-5.31	1.80	4.00
299	2.19	-5.37	1.80	4.00
300	2.18	-5.51	1.80	4.00
301	2.18	-5.65	1.80	4.00
302	2.17	-5.72	1.80	4.00
303	2.16	-5.80	1.80	4.00
304	2.14	-5.89	1.80	4.00
305	2.13	-5.97	1.80	4.00
306	2.09	-6.00	1.81	4.00
307	2.05	-6.03	1.81	4.00
308	2.01	-6.08	1.81	4.00
309	1.98	-6.12	1.81	4.00
310	1.92	-6.11	1.81	4.00
311	1.85	-6.10	1.81	4.00
312	1.81	-6.12	1.81	4.00
313	1.78	-6.13	1.81	4.00
314	1.74	-6.16	1.81	4.00
315	1.70	-6.19	1.81	4.00
316	1.67	-6.26	1.81	4.00
317	1.65	-6.32	1.81	4.00
318	1.62	-6.31	1.81	4.00
319	1.59	-6.29	1.81	4.00
320	1.56	-6.22	1.81	4.00
321	1.52	-6.14	1.81	4.00
322	1.50	-6.11	1.81	4.00
323	1.49	-6.07	1.81	4.00
324	1.46	-6.04	1.81	4.00
325	1.43	-6.01	1.81	4.00
326	1.40	-6.03	1.81	4.00
327	1.37	-6.06	1.81	4.00
328	1.37	-6.21	1.81	4.00
329	1.38	-6.36	1.81	4.00
330	1.35	-6.41	1.81	4.00
331	1.32	-6.46	1.81	4.00
332	1.29	-6.47	1.82	4.00
333	1.26	-6.48	1.82	4.00
334	1.24	-6.50	1.82	4.00
335	1.22	-6.52	1.82	4.00
336	1.20	-6.54	1.82	4.00
337	1.19	-6.55	1.82	4.00
338	1.17	-6.60	1.82	4.00
339	1.15	-6.66	1.82	4.00
340	1.13	-6.68	1.82	4.00
341	1.11	-6.71	1.82	4.00
342	1.09	-6.73	1.82	4.00
343	1.06	-6.74	1.82	4.00
344	1.05	-6.78	1.82	4.00
345	1.04	-6.81	1.82	4.00
346	1.02	-6.86	1.82	4.00
347	1.00	-6.91	1.82	4.00
348	0.99	-6.96	1.82	4.00
349	0.98	-7.02	1.82	4.00
350	0.96	-7.05	1.82	4.00
351	0.93	-7.09	1.82	4.00
352	0.92	-7.13	1.82	4.00
353	0.90	-7.18	1.82	4.00
354	0.87	-7.20	1.82	4.00
355	0.85	-7.22	1.82	4.00
356	0.83	-7.23	1.82	4.00
357	0.80	-7.24	1.82	1.00
358	0.77	-7.23	1.82	1.00
359	0.75	-7.22	1.82	1.00
360	0.73	-7.23	1.82	1.00
361	0.71	-7.23	1.82	4.00
362	0.69	-7.22	1.82	4.00
363	0.66	-7.21	1.82	4.00
364	0.65	-7.20	1.82	4.00
365	0.63	-7.20	1.82	4.00
Target 4 (frames from 33 to 199)
Bounding Boxes (frame, x, y, width, height)
33	538	351	58	116
34	538	350	59	118
35	537	350	59	119
36	536	349	60	121
37	536	349	61	122
38	536	349	62	124
39	535	349	62	125
40	535	348	63	126
41	535	348	63	127
42	535	348	63	127
43	535	348	64	128
44	535	348	64	128
45	535	349	64	128
46	536	349	64	128
47	536	349	64	129
48	536	349	64	129
49	537	350	64	129
50	537	350	64	129
51	538	350	65	130
52	539	351	65	130
53	540	351	65	131
54	541	352	65	131
55	542	352	66	132
56	544	352	66	133
57	545	352	67	134
58	547	352	67	134
59	548	352	67	135
60	550	352	68	136
61	551	352	68	136
62	552	352	68	137
63	553	351	68	137
64	554	351	69	138
65	554	351	69	139
66	555	351	69	139
67	555	351	70	140
68	555	350	70	141
69	555	350	71	142
70	555	350	71	143
71	554	349	72	144
72	554	349	72	145
73	554	348	73	146
74	554	348	73	147
75	555	347	74	149
76	556	347	75	150
77	557	346	75	151
78	558	346	76	152
79	560	346	76	152
80	561	346	76	153
81	563	346	77	154
82	566	346	77	155
83	568	346	78	156
84	570	347	78	157
85	572	347	79	158
86	574	346	80	160
87	576	346	80	161
88	577	346	81	163
89	578	345	82	165
90	579	345	83	166
91	580	344	84	168
92	580	343	85	170
93	581	342	86	172
94	582	341	86	173
95	583	340	87	175
96	584	339	88	176
97	585	338	89	178
98	586	338	89	178
99	588	337	89	178
100	589	337	89	179
101	590	337	89	179
102	591	336	89	178
103	592	336	89	178
104	593	336	88	177
105	594	336	88	176
106	594	336	87	175
107	595	336	87	174
108	595	336	86	173
109	596	336	86	172
110	597	336	85	171
111	598	336	85	171
112	600	336	85	171
113	601	336	86	172
114	603	336	86	173
115	604	336	87	174
116	606	336	88	176
117	607	336	88	177
118	608	336	89	179
119	609	336	90	181
120	610	337	91	183
121	611	338	92	185
122	611	339	93	186
123	611	339	94	188
124	612	339	94	188
125	613	340	94	189
126	614	340	94	189
127	616	340	95	190
128	618	340	95	191
129	620	340	96	192
130	621	340	96	193
131	623	339	97	195
132	625	338	98	197
133	626	336	100	200
134	628	334	101	203
135	629	332	103	207
136	630	329	105	211
137	632	326	107	215
138	633	323	109	219
139	635	320	111	223
140	637	316	113	226
141	639	313	114	229
142	642	309	115	231
143	645	305	116	233
144	648	301	117	234
145	651	298	117	235
146	654	295	117	235
147	657	293	117	235
148	660	292	117	235
149	663	291	117	234
150	665	290	116	233
151	667	290	116	232
152	669	291	116	232
153	671	292	116	232
154	673	293	116	233
155	675	294	117	234
156	677	295	117	235
157	678	296	118	237
158	680	297	119	239
159	681	297	120	240
160	681	297	121	242
161	680	296	121	243
162	678	296	121	243
163	677	295	121	243
164	676	294	121	243
165	677	293	122	244
166	678	291	123	246
167	680	289	124	248
168	683	287	125	251
169	687	285	128	256
170	691	283	130	261
171	695	280	133	267
172	700	278	137	274
173	704	275	140	281
174	708	272	144	288
175	711	268	148	297
176	713	264	153	306
177	714	260	158	317
178	715	255	164	328
179	715	251	169	339
180	716	246	175	351
181	718	241	181	363
182	722	237	187	375
183	728	233	194	388
184	735	229	199	399
185	744	226	205	411
186	756	224	211	422
187	768	221	215	430
188	781	219	218	436
189	794	217	220	441
190	808	216	221	443
191	819	214	222	445
192	829	213	223	446
193	839	212	223	446
194	848	211	222	445
195	857	210	221	442
196	866	210	219	438
197	874	209	216	433
198	883	209	213	426
199	891	209	209	419
3D Trajetory (frame, x, z, height, pose)
33	-0.78	8.12	1.83	4.00
34	-0.76	7.93	1.85	4.00
35	-0.74	7.73	1.87	4.00
36	-0.72	7.58	1.86	4.00
37	-0.69	7.44	1.85	4.00
38	-0.67	7.38	1.83	4.00
39	-0.65	7.33	1.82	4.00
40	-0.63	7.29	1.82	4.00
41	-0.60	7.25	1.82	4.00
42	-0.57	7.21	1.82	4.00
43	-0.54	7.18	1.81	4.00
44	-0.51	7.14	1.82	4.00
45	-0.49	7.10	1.82	4.00
46	-0.47	7.04	1.82	4.00
47	-0.45	6.99	1.83	4.00
48	-0.44	7.12	1.83	4.00
49	-0.43	7.24	1.84	4.00
50	-0.41	7.18	1.83	4.00
51	-0.39	7.11	1.82	4.00
52	-0.36	7.05	1.82	4.00
53	-0.33	6.98	1.81	4.00
54	-0.29	6.90	1.81	4.00
55	-0.25	6.81	1.80	4.00
56	-0.22	6.77	1.80	4.00
57	-0.19	6.74	1.80	4.00
58	-0.15	6.71	1.81	4.00
59	-0.12	6.69	1.81	4.00
60	-0.09	6.70	1.81	4.00
61	-0.07	6.70	1.81	4.00
62	-0.03	6.65	1.81	4.00
63	-0.00	6.61	1.81	4.00
64	0.02	6.56	1.81	4.00
65	0.05	6.52	1.81	4.00
66	0.07	6.49	1.81	4.00
67	0.10	6.46	1.81	1.00
68	0.11	6.41	1.81	1.00
69	0.12	6.37	1.81	1.00
70	0.14	6.30	1.80	1.00
71	0.16	6.24	1.80	1.00
72	0.19	6.16	1.79	1.00
73	0.21	6.08	1.78	1.00
74	0.25	6.04	1.78	1.00
75	0.28	5.99	1.78	4.00
76	0.31	5.95	1.78	4.00
77	0.35	5.91	1.78	4.00
78	0.38	5.86	1.78	4.00
79	0.41	5.81	1.78	3.00
80	0.46	5.78	1.78	3.00
81	0.51	5.74	1.78	4.00
82	0.56	5.70	1.78	4.00
83	0.61	5.67	1.78	4.00
84	0.65	5.62	1.78	4.00
85	0.69	5.57	1.78	4.00
86	0.74	5.54	1.78	4.00
87	0.79	5.51	1.78	4.00
88	0.83	5.42	1.78	4.00
89	0.87	5.34	1.78	4.00
90	0.88	5.23	1.78	4.00
91	0.89	5.13	1.78	1.00
92	0.94	5.10	1.78	1.00
93	0.99	5.08	1.78	2.00
94	1.03	5.05	1.78	2.00
95	1.06	5.02	1.78	4.00
96	1.08	4.95	1.78	4.00
97	1.11	4.89	1.78	4.00
98	1.16	4.86	1.78	4.00
99	1.22	4.82	1.78	4.00
100	1.26	4.79	1.78	4.00
101	1.31	4.77	1.78	4.00
102	1.36	4.74	1.78	4.00
103	1.40	4.71	1.78	1.00
104	1.48	4.79	1.78	1.00
105	1.55	4.87	1.78	3.00
106	1.60	4.87	1.78	3.00
107	1.66	4.87	1.78	2.00
108	1.71	4.87	1.78	2.00
109	1.77	4.88	1.79	4.00
110	1.81	4.84	1.79	4.00
111	1.85	4.81	1.79	4.00
112	1.92	4.82	1.79	4.00
113	1.99	4.83	1.79	4.00
114	2.07	4.78	1.79	4.00
115	2.15	4.72	1.79	1.00
116	2.16	4.59	1.78	1.00
117	2.17	4.46	1.77	4.00
118	2.19	4.40	1.77	4.00
119	2.21	4.33	1.77	4.00
120	2.23	4.27	1.77	4.00
121	2.25	4.21	1.77	4.00
122	2.26	4.14	1.77	4.00
123	2.28	4.07	1.77	1.00
124	2.31	4.02	1.77	1.00
125	2.34	3.96	1.77	1.00
126	2.42	3.96	1.77	1.00
127	2.51	3.97	1.77	3.00
128	2.55	3.91	1.77	3.00
129	2.60	3.86	1.77	3.00
130	2.64	3.78	1.77	3.00
131	2.68	3.71	1.77	3.00
132	2.68	3.63	1.77	3.00
133	2.69	3.55	1.77	3.00
134	2.67	3.44	1.77	3.00
135	2.65	3.33	1.77	1.00
136	2.65	3.25	1.77	1.00
137	2.66	3.16	1.77	1.00
138	2.66	3.08	1.77	1.00
139	2.67	3.00	1.77	1.00
140	2.66	2.91	1.77	1.00
141	2.65	2.82	1.77	1.00
142	2.67	2.73	1.77	1.00
143	2.69	2.65	1.77	1.00
144	2.73	2.61	1.77	1.00
145	2.78	2.57	1.77	1.00
146	2.83	2.52	1.77	1.00
147	2.88	2.48	1.78	1.00
148	2.96	2.46	1.78	1.00
149	3.04	2.43	1.78	3.00
150	3.07	2.38	1.78	3.00
151	3.10	2.33	1.78	3.00
152	3.14	2.29	1.78	3.00
153	3.17	2.24	1.78	3.00
154	3.21	2.19	1.78	3.00
155	3.24	2.15	1.78	3.00
156	3.27	2.11	1.78	3.00
157	3.31	2.07	1.78	3.00
158	3.28	1.93	1.78	3.00
159	3.25	1.80	1.78	3.00
160	3.27	1.74	1.78	3.00
161	3.30	1.68	1.78	3.00
162	3.32	1.61	1.78	3.00
163	3.34	1.55	1.77	3.00
164	3.37	1.49	1.77	3.00
165	3.39	1.43	1.77	3.00
166	3.41	1.37	1.78	3.00
167	3.43	1.31	1.78	3.00
168	3.46	1.25	1.78	3.00
169	3.48	1.18	1.77	3.00
170	3.43	1.02	1.78	3.00
171	3.38	0.85	1.78	3.00
172	3.27	0.67	1.78	3.00
173	3.15	0.50	1.78	3.00
174	3.11	0.42	1.78	3.00
175	3.06	0.34	1.78	3.00
176	3.01	0.24	1.78	3.00
177	2.96	0.15	1.78	3.00
178	2.89	0.07	1.78	3.00
179	2.82	-0.01	1.78	3.00
180	2.73	-0.08	1.78	3.00
181	2.64	-0.15	1.78	3.00
182	2.52	-0.22	1.78	3.00
183	2.40	-0.29	1.78	3.00
184	2.32	-0.39	1.78	3.00
185	2.24	-0.48	1.78	3.00
186	2.21	-0.56	1.78	3.00
187	2.17	-0.64	1.78	3.00
188	2.16	-0.74	1.78	3.00
189	2.14	-0.84	1.78	3.00
190	2.12	-0.92	1.78	3.00
191	2.11	-0.99	1.78	3.00
192	2.08	-1.09	1.78	3.00
193	2.05	-1.19	1.78	1.00
194	2.07	-1.25	1.78	1.00
195	2.09	-1.32	1.78	1.00
196	2.08	-1.36	1.78	1.00
197	2.08	-1.41	1.78	1.00
198	2.06	-1.44	1.78	1.00
199	2.05	-1.47	1.78	1.00
Target 5 (frames from 109 to 179)
Bounding Boxes (frame, x, y, width, height)
109	472	351	70	140
110	470	349	70	140
111	468	348	70	141
112	466	347	70	141
113	464	346	71	142
114	462	345	71	143
115	461	345	71	143
116	459	344	72	144
117	457	344	72	145
118	455	344	73	146
119	453	344	73	147
120	451	345	74	149
121	449	345	75	150
122	446	346	76	152
123	444	346	76	153
124	441	346	77	154
125	439	347	77	155
126	436	347	78	157
127	434	346	79	159
128	431	346	80	161
129	429	346	81	163
130	426	345	82	164
131	423	345	83	166
132	420	343	84	168
133	417	342	85	170
134	415	340	86	172
135	412	338	87	174
136	410	336	87	175
137	409	334	88	177
138	407	331	89	179
139	405	328	90	180
140	403	325	91	182
141	401	321	92	184
142	398	317	92	185
143	396	314	93	187
144	393	310	94	189
145	389	307	95	191
146	386	304	96	193
147	383	302	97	195
148	379	300	99	198
149	376	298	100	200
150	373	297	101	202
151	370	297	101	203
152	368	297	102	205
153	366	298	102	205
154	365	299	103	206
155	365	300	103	206
156	365	301	103	206
157	365	302	102	205
158	364	303	102	205
159	363	303	102	205
160	361	303	102	205
161	358	303	103	206
162	355	303	103	207
163	351	302	104	209
164	346	300	105	210
165	341	299	106	212
166	334	297	107	215
167	327	295	108	217
168	320	293	109	219
169	311	292	110	221
170	302	290	112	224
171	293	288	113	226
172	284	286	114	229
173	274	284	116	232
174	263	282	117	235
175	252	280	119	238
176	240	277	120	241
177	228	275	122	244
178	216	272	123	247
179	203	270	125	251
3D Trajetory (frame, x, z, height, pose)
109	0.54	6.06	1.65	4.00
110	0.58	6.06	1.66	4.00
111	0.62	6.06	1.68	4.00
112	0.68	6.22	1.70	4.00
113	0.74	6.38	1.73	4.00
114	0.78	6.33	1.73	4.00
115	0.82	6.27	1.73	2.00
116	0.83	6.16	1.73	2.00
117	0.84	6.04	1.74	2.00
118	0.87	6.01	1.74	2.00
119	0.89	5.99	1.73	4.00
120	0.92	5.99	1.73	4.00
121	0.95	6.00	1.73	1.00
122	0.98	5.94	1.73	1.00
123	1.02	5.89	1.74	1.00
124	1.05	5.84	1.74	1.00
125	1.07	5.79	1.75	4.00
126	1.10	5.72	1.75	4.00
127	1.13	5.66	1.75	4.00
128	1.15	5.61	1.75	4.00
129	1.18	5.56	1.75	4.00
130	1.20	5.50	1.75	4.00
131	1.23	5.45	1.75	1.00
132	1.23	5.37	1.75	1.00
133	1.23	5.30	1.75	2.00
134	1.25	5.25	1.75	2.00
135	1.27	5.20	1.75	4.00
136	1.29	5.16	1.75	4.00
137	1.31	5.13	1.75	4.00
138	1.33	5.06	1.75	4.00
139	1.35	4.99	1.75	1.00
140	1.37	4.94	1.75	1.00
141	1.39	4.90	1.75	1.00
142	1.42	4.84	1.75	1.00
143	1.45	4.79	1.75	1.00
144	1.47	4.76	1.75	1.00
145	1.48	4.73	1.75	4.00
146	1.49	4.68	1.75	4.00
147	1.50	4.62	1.75	4.00
148	1.52	4.57	1.75	4.00
149	1.54	4.52	1.75	4.00
150	1.55	4.48	1.75	4.00
151	1.57	4.43	1.75	1.00
152	1.61	4.39	1.76	1.00
153	1.64	4.35	1.76	1.00
154	1.68	4.31	1.76	1.00
155	1.72	4.28	1.76	4.00
156	1.80	4.30	1.76	4.00
157	1.87	4.32	1.76	2.00
158	1.94	4.30	1.76	2.00
159	2.01	4.28	1.76	1.00
160	2.08	4.27	1.77	1.00
161	2.16	4.26	1.77	3.00
162	2.20	4.21	1.77	3.00
163	2.24	4.16	1.76	3.00
164	2.25	4.07	1.76	3.00
165	2.26	3.98	1.76	3.00
166	2.31	3.93	1.76	3.00
167	2.37	3.89	1.76	4.00
168	2.36	3.84	1.76	4.00
169	2.35	3.80	1.76	4.00
170	2.38	3.82	1.76	4.00
171	2.40	3.85	1.76	4.00
172	2.42	3.82	1.76	4.00
173	2.45	3.79	1.76	4.00
174	2.46	3.75	1.76	4.00
175	2.47	3.72	1.76	4.00
176	2.51	3.65	1.76	4.00
177	2.55	3.59	1.76	1.00
178	2.57	3.55	1.76	1.00
179	2.58	3.50	1.76	1.00
Target 6 (frames from 185 to 235)
Bounding Boxes (frame, x, y, width, height)
185	663	246	147	294
186	670	243	145	291
187	676	240	144	289
188	681	238	143	286
189	686	236	142	284
190	691	234	140	281
191	695	233	139	279
192	698	231	138	277
193	701	230	137	275
194	703	230	137	274
195	706	228	136	273
196	708	228	136	272
197	709	228	135	270
198	709	229	134	269
199	707	230	133	267
200	706	230	133	266
201	704	231	132	264
202	701	232	131	263
203	698	233	131	262
204	695	233	131	262
205	692	232	131	262
206	689	232	131	262
207	685	233	130	261
208	682	234	130	260
209	679	236	129	258
210	677	238	128	257
211	675	241	127	255
212	672	244	126	253
213	669	248	126	252
214	667	252	125	250
215	664	256	124	249
216	661	259	124	248
217	659	261	123	247
218	657	264	122	245
219	654	266	122	244
220	652	269	121	243
221	648	271	121	242
222	645	274	120	241
223	641	276	120	240
224	638	278	119	238
225	634	280	118	236
226	631	282	117	234
227	629	282	116	233
228	627	283	115	231
229	626	283	114	229
230	625	283	113	227
231	625	282	112	225
232	625	281	111	223
233	625	280	110	221
234	625	278	109	219
235	626	276	108	217
3D Trajetory (frame, x, z, height, pose)
185	3.04	-0.09	1.80	1.00
186	3.15	-0.14	1.80	1.00
187	3.25	-0.20	1.80	3.00
188	3.29	-0.27	1.80	3.00
189	3.32	-0.35	1.80	3.00
190	3.31	-0.43	1.80	3.00
191	3.31	-0.52	1.80	3.00
192	3.30	-0.60	1.82	3.00
193	3.30	-0.68	1.84	3.00
194	3.30	-0.75	1.85	3.00
195	3.30	-0.82	1.85	4.00
196	3.43	-0.87	1.85	4.00
197	3.55	-0.93	1.84	4.00
198	3.52	-0.99	1.84	4.00
199	3.49	-1.06	1.84	1.00
200	3.46	-1.09	1.85	1.00
201	3.42	-1.12	1.85	1.00
202	3.40	-1.15	1.85	1.00
203	3.38	-1.18	1.85	1.00
204	3.37	-1.21	1.85	1.00
205	3.37	-1.24	1.85	1.00
206	3.39	-1.27	1.85	1.00
207	3.41	-1.31	1.85	1.00
208	3.41	-1.33	1.85	1.00
209	3.41	-1.36	1.85	1.00
210	3.41	-1.38	1.85	1.00
211	3.42	-1.40	1.85	1.00
212	3.43	-1.42	1.85	1.00
213	3.45	-1.44	1.85	1.00
214	3.46	-1.46	1.85	1.00
215	3.46	-1.48	1.85	1.00
216	3.48	-1.53	1.85	1.00
217	3.50	-1.57	1.85	1.00
218	3.50	-1.58	1.85	1.00
219	3.50	-1.60	1.85	1.00
220	3.50	-1.61	1.85	1.00
221	3.50	-1.63	1.85	4.00
222	3.48	-1.66	1.85	4.00
223	3.46	-1.68	1.85	4.00
224	3.51	-1.71	1.85	4.00
225	3.55	-1.74	1.85	1.00
226	3.58	-1.73	1.85	1.00
227	3.60	-1.72	1.85	1.00
228	3.61	-1.75	1.85	1.00
229	3.63	-1.77	1.85	1.00
230	3.68	-1.83	1.85	1.00
231	3.73	-1.90	1.84	1.00
232	3.71	-1.94	1.84	1.00
233	3.70	-1.99	1.85	1.00
234	3.67	-2.04	1.84	1.00
235	3.65	-2.09	1.84	1.00
Target 7 (frames from 197 to 433)
Bounding Boxes (frame, x, y, width, height)
197	168	249	162	325
198	168	248	159	319
199	168	247	156	313
200	169	246	154	308
201	169	246	151	303
202	170	246	149	298
203	171	247	146	293
204	172	248	144	289
205	173	249	143	286
206	174	251	141	282
207	175	254	138	277
208	176	256	136	273
209	178	259	135	271
210	179	262	135	270
211	182	265	134	268
212	185	268	133	267
213	188	272	133	267
214	193	276	133	267
215	197	280	133	266
216	202	283	133	266
217	206	285	133	266
218	211	287	133	267
219	215	290	133	266
220	219	292	133	266
221	223	295	133	266
222	227	297	132	265
223	231	299	132	265
224	234	300	132	264
225	236	302	132	264
226	239	303	132	265
227	242	304	132	264
228	246	304	132	264
229	250	303	131	262
230	254	303	130	260
231	260	301	129	258
232	266	300	127	255
233	272	299	126	253
234	278	298	125	250
235	284	298	124	248
236	290	298	123	246
237	296	299	122	244
238	302	300	121	242
239	308	303	120	240
240	314	305	119	239
241	320	307	118	237
242	326	309	117	235
243	332	311	117	234
244	338	312	116	232
245	345	314	115	231
246	350	315	114	229
247	356	316	114	228
248	361	318	113	227
249	366	319	113	226
250	371	321	112	224
251	375	323	111	223
252	380	325	110	221
253	383	328	109	219
254	387	331	109	218
255	390	334	108	216
256	393	337	107	214
257	396	339	105	211
258	399	342	104	208
259	403	343	102	205
260	407	345	101	202
261	411	347	99	199
262	415	348	98	196
263	419	349	97	194
264	423	351	95	191
265	428	352	94	189
266	432	353	93	186
267	436	354	92	184
268	440	355	91	182
269	444	355	90	180
270	448	356	89	178
271	452	356	88	176
272	455	357	87	175
273	458	357	86	173
274	460	357	86	172
275	463	357	85	170
276	465	357	84	169
277	467	358	83	167
278	469	358	83	166
279	471	359	82	164
280	473	360	81	163
281	475	361	80	161
282	477	362	80	160
283	479	363	79	158
284	481	364	78	157
285	483	366	77	155
286	484	367	77	154
287	486	367	76	152
288	487	368	75	151
289	489	368	75	150
290	490	367	74	148
291	490	367	73	147
292	491	366	73	146
293	492	365	72	145
294	492	364	72	144
295	492	364	71	143
296	492	363	71	143
297	492	362	71	142
298	492	361	71	142
299	492	360	70	141
300	493	359	70	141
301	494	359	70	140
302	495	358	70	140
303	496	358	69	139
304	498	357	69	138
305	500	356	68	137
306	501	356	68	137
307	504	355	68	136
308	506	355	67	135
309	508	355	67	135
310	511	354	67	134
311	513	354	67	134
312	515	353	66	133
313	517	353	66	132
314	519	352	66	132
315	521	351	66	132
316	523	350	66	132
317	525	349	65	131
318	528	348	65	131
319	531	347	65	130
320	534	346	64	129
321	536	346	64	129
322	539	345	64	128
323	541	345	63	127
324	544	345	63	126
325	546	346	62	125
326	548	346	62	124
327	550	347	62	124
328	552	347	61	123
329	553	347	61	122
330	554	347	60	121
331	555	347	60	120
332	556	347	59	119
333	556	347	59	119
334	557	346	59	118
335	558	345	58	117
336	558	345	58	116
337	559	344	58	116
338	560	344	57	115
339	560	343	57	114
340	561	343	56	113
341	562	343	56	113
342	564	344	56	112
343	565	345	55	111
344	566	346	55	110
345	568	348	55	110
346	569	350	54	109
347	571	352	54	109
348	572	354	54	108
349	574	355	54	108
350	575	357	53	107
351	577	358	53	106
352	578	358	53	106
353	580	359	52	105
354	581	359	52	105
355	582	358	52	105
356	583	358	52	104
357	584	357	52	104
358	585	357	52	104
359	586	356	52	104
360	586	356	52	104
361	587	356	52	104
362	587	356	52	104
363	587	356	52	104
364	587	356	52	104
365	587	356	52	104
366	587	356	52	104
367	587	357	52	104
368	587	357	52	104
369	588	357	51	103
370	588	358	51	103
371	588	358	51	103
372	589	358	51	102
373	589	358	51	102
374	590	358	50	101
375	590	358	50	101
376	590	358	50	100
377	591	358	50	100
378	591	357	49	99
379	591	357	49	99
380	591	357	49	98
381	591	356	49	98
382	591	356	49	98
383	592	356	49	98
384	592	355	49	98
385	593	355	49	98
386	593	355	49	98
387	594	354	49	98
388	594	354	49	98
389	595	354	49	98
390	595	354	49	98
391	596	354	49	98
392	597	353	49	98
393	597	353	49	98
394	598	352	49	98
395	598	351	49	98
396	598	350	49	98
397	597	350	48	97
398	596	349	48	97
399	596	349	48	97
400	595	349	48	96
401	595	348	48	96
402	595	348	48	96
403	595	348	48	96
404	595	348	47	95
405	596	348	47	95
406	596	348	47	95
407	597	348	47	94
408	598	348	47	94
409	598	347	47	94
410	599	346	47	94
411	600	345	46	93
412	600	344	46	93
413	601	342	46	93
414	601	341	46	92
415	601	340	46	92
416	602	340	46	92
417	603	339	46	92
418	604	339	46	92
419	605	340	46	92
420	608	341	45	91
421	610	343	45	91
422	612	345	45	91
423	614	347	45	91
424	617	350	45	91
425	619	351	45	90
426	621	353	45	90
427	624	354	45	90
428	626	355	45	90
429	628	356	45	90
430	631	357	44	89
431	633	358	44	89
432	635	358	44	89
433	638	359	44	88
3D Trajetory (frame, x, z, height, pose)
197	2.60	2.07	1.62	1.00
198	2.67	2.06	1.67	1.00
199	2.73	2.06	1.73	1.00
200	2.84	2.04	1.72	1.00
201	2.94	2.03	1.71	3.00
202	2.96	1.96	1.70	3.00
203	2.97	1.89	1.70	3.00
204	3.09	1.92	1.68	3.00
205	3.21	1.94	1.67	3.00
206	3.29	1.93	1.67	3.00
207	3.36	1.92	1.66	3.00
208	3.42	1.90	1.66	3.00
209	3.48	1.88	1.66	1.00
210	3.51	1.83	1.65	1.00
211	3.53	1.79	1.65	3.00
212	3.51	1.72	1.65	3.00
213	3.48	1.64	1.64	3.00
214	3.47	1.58	1.64	3.00
215	3.46	1.52	1.64	3.00
216	3.50	1.45	1.64	3.00
217	3.53	1.37	1.64	1.00
218	3.59	1.32	1.64	1.00
219	3.65	1.27	1.64	1.00
220	3.64	1.20	1.64	1.00
221	3.63	1.14	1.64	1.00
222	3.60	1.08	1.64	1.00
223	3.57	1.03	1.64	1.00
224	3.58	0.98	1.64	1.00
225	3.58	0.94	1.64	1.00
226	3.61	0.88	1.64	1.00
227	3.63	0.82	1.64	1.00
228	3.66	0.77	1.64	1.00
229	3.69	0.73	1.64	1.00
230	3.70	0.67	1.64	1.00
231	3.71	0.62	1.64	1.00
232	3.71	0.57	1.64	1.00
233	3.71	0.51	1.64	1.00
234	3.77	0.45	1.64	1.00
235	3.84	0.38	1.64	1.00
236	3.87	0.31	1.64	1.00
237	3.89	0.24	1.65	2.00
238	3.91	0.17	1.65	2.00
239	3.92	0.10	1.65	2.00
240	3.91	0.03	1.65	2.00
241	3.91	-0.04	1.65	2.00
242	3.92	-0.12	1.65	2.00
243	3.92	-0.20	1.65	4.00
244	3.92	-0.27	1.65	4.00
245	3.92	-0.33	1.65	1.00
246	3.94	-0.41	1.65	1.00
247	3.96	-0.49	1.65	1.00
248	3.96	-0.57	1.65	1.00
249	3.96	-0.65	1.65	1.00
250	3.95	-0.71	1.65	1.00
251	3.95	-0.77	1.65	2.00
252	3.92	-0.83	1.65	2.00
253	3.89	-0.89	1.65	4.00
254	3.93	-0.96	1.65	4.00
255	3.96	-1.04	1.65	1.00
256	3.99	-1.12	1.65	1.00
257	4.03	-1.20	1.65	2.00
258	4.06	-1.29	1.65	2.00
259	4.09	-1.37	1.65	2.00
260	4.11	-1.45	1.65	2.00
261	4.13	-1.53	1.65	2.00
262	4.15	-1.61	1.65	2.00
263	4.16	-1.69	1.65	2.00
264	4.20	-1.78	1.65	2.00
265	4.23	-1.87	1.65	1.00
266	4.24	-1.96	1.65	1.00
267	4.25	-2.05	1.66	1.00
268	4.27	-2.14	1.66	1.00
269	4.29	-2.22	1.66	2.00
270	4.29	-2.30	1.66	2.00
271	4.29	-2.37	1.66	2.00
272	4.28	-2.44	1.66	2.00
273	4.27	-2.51	1.66	4.00
274	4.25	-2.59	1.66	4.00
275	4.24	-2.67	1.66	1.00
276	4.27	-2.75	1.66	1.00
277	4.31	-2.84	1.66	2.00
278	4.30	-2.90	1.66	2.00
279	4.29	-2.97	1.66	2.00
280	4.30	-3.03	1.66	2.00
281	4.30	-3.10	1.66	4.00
282	4.30	-3.17	1.66	4.00
283	4.29	-3.24	1.66	1.00
284	4.30	-3.33	1.66	1.00
285	4.30	-3.41	1.66	1.00
286	4.29	-3.50	1.66	1.00
287	4.28	-3.59	1.66	1.00
288	4.28	-3.67	1.66	1.00
289	4.28	-3.74	1.66	2.00
290	4.27	-3.82	1.66	2.00
291	4.27	-3.90	1.66	2.00
292	4.27	-3.99	1.66	2.00
293	4.26	-4.07	1.66	2.00
294	4.23	-4.13	1.66	2.00
295	4.20	-4.20	1.67	2.00
296	4.19	-4.27	1.67	2.00
297	4.19	-4.34	1.67	2.00
298	4.16	-4.39	1.67	2.00
299	4.14	-4.45	1.67	2.00
300	4.10	-4.48	1.67	2.00
301	4.06	-4.52	1.67	2.00
302	4.03	-4.56	1.67	2.00
303	3.99	-4.60	1.67	1.00
304	3.96	-4.69	1.67	1.00
305	3.92	-4.78	1.67	2.00
306	3.91	-4.88	1.67	2.00
307	3.91	-4.99	1.67	2.00
308	3.86	-5.03	1.67	2.00
309	3.82	-5.08	1.67	2.00
310	3.78	-5.10	1.67	2.00
311	3.74	-5.13	1.67	2.00
312	3.70	-5.15	1.67	2.00
313	3.66	-5.16	1.67	2.00
314	3.64	-5.23	1.67	2.00
315	3.61	-5.29	1.67	2.00
316	3.60	-5.34	1.67	2.00
317	3.58	-5.39	1.67	2.00
318	3.58	-5.45	1.67	2.00
319	3.58	-5.52	1.67	4.00
320	3.51	-5.52	1.67	4.00
321	3.44	-5.53	1.67	4.00
322	3.40	-5.58	1.67	4.00
323	3.36	-5.62	1.67	1.00
324	3.36	-5.71	1.67	1.00
325	3.37	-5.81	1.67	2.00
326	3.38	-5.90	1.67	2.00
327	3.39	-5.99	1.67	4.00
328	3.38	-6.05	1.68	4.00
329	3.38	-6.12	1.68	4.00
330	3.35	-6.18	1.68	4.00
331	3.33	-6.24	1.68	4.00
332	3.30	-6.26	1.68	4.00
333	3.27	-6.29	1.67	1.00
334	3.25	-6.33	1.67	1.00
335	3.23	-6.38	1.68	2.00
336	3.22	-6.46	1.68	2.00
337	3.22	-6.55	1.68	4.00
338	3.22	-6.63	1.68	4.00
339	3.23	-6.71	1.68	4.00
340	3.20	-6.77	1.68	4.00
341	3.18	-6.82	1.68	4.00
342	3.14	-6.86	1.68	4.00
343	3.10	-6.89	1.68	1.00
344	3.07	-6.96	1.68	1.00
345	3.04	-7.03	1.68	4.00
346	3.02	-7.10	1.68	4.00
347	2.99	-7.18	1.68	2.00
348	2.97	-7.22	1.68	2.00
349	2.95	-7.27	1.68	4.00
350	2.92	-7.31	1.68	4.00
351	2.90	-7.35	1.68	4.00
352	2.87	-7.40	1.68	4.00
353	2.83	-7.46	1.68	4.00
354	2.80	-7.50	1.68	4.00
355	2.76	-7.54	1.68	4.00
356	2.74	-7.58	1.68	4.00
357	2.71	-7.61	1.68	2.00
358	2.68	-7.65	1.68	2.00
359	2.66	-7.68	1.68	2.00
360	2.62	-7.69	1.68	2.00
361	2.59	-7.70	1.68	2.00
362	2.56	-7.70	1.68	2.00
363	2.53	-7.70	1.68	1.00
364	2.50	-7.72	1.68	1.00
365	2.46	-7.74	1.68	2.00
366	2.43	-7.77	1.68	2.00
367	2.39	-7.79	1.68	3.00
368	2.35	-7.80	1.68	3.00
369	2.32	-7.81	1.68	1.00
370	2.28	-7.82	1.68	1.00
371	2.25	-7.82	1.68	1.00
372	2.25	-7.91	1.68	1.00
373	2.24	-7.99	1.68	2.00
374	2.23	-8.03	1.68	2.00
375	2.21	-8.07	1.68	2.00
376	2.19	-8.12	1.68	2.00
377	2.17	-8.17	1.68	2.00
378	2.14	-8.20	1.68	2.00
379	2.11	-8.23	1.68	2.00
380	2.08	-8.29	1.68	2.00
381	2.05	-8.35	1.68	2.00
382	2.03	-8.34	1.68	2.00
383	2.01	-8.33	1.68	2.00
384	1.99	-8.37	1.68	2.00
385	1.97	-8.42	1.68	2.00
386	1.93	-8.42	1.68	2.00
387	1.90	-8.42	1.68	2.00
388	1.86	-8.40	1.68	2.00
389	1.81	-8.38	1.68	1.00
390	1.77	-8.37	1.68	1.00
391	1.74	-8.35	1.68	1.00
392	1.71	-8.38	1.68	1.00
393	1.68	-8.40	1.68	1.00
394	1.65	-8.43	1.68	1.00
395	1.63	-8.46	1.68	1.00
396	1.61	-8.49	1.68	1.00
397	1.59	-8.52	1.68	4.00
398	1.57	-8.55	1.68	4.00
399	1.56	-8.59	1.68	4.00
400	1.54	-8.60	1.68	4.00
401	1.53	-8.61	1.68	1.00
402	1.51	-8.65	1.68	1.00
403	1.50	-8.68	1.68	4.00
404	1.49	-8.70	1.68	4.00
405	1.47	-8.72	1.68	4.00
406	1.45	-8.75	1.68	4.00
407	1.43	-8.77	1.68	4.00
408	1.41	-8.81	1.68	4.00
409	1.38	-8.84	1.68	1.00
410	1.37	-8.88	1.68	1.00
411	1.36	-8.91	1.67	1.00
412	1.34	-8.93	1.67	1.00
413	1.32	-8.96	1.67	1.00
414	1.31	-8.97	1.67	1.00
415	1.29	-8.99	1.67	1.00
416	1.27	-9.01	1.67	1.00
417	1.26	-9.04	1.67	1.00
418	1.24	-9.06	1.67	1.00
419	1.22	-9.08	1.67	1.00
420	1.20	-9.11	1.67	1.00
421	1.19	-9.14	1.67	1.00
422	1.14	-9.15	1.67	1.00
423	1.08	-9.16	1.68	1.00
424	1.08	-9.19	1.68	1.00
425	1.07	-9.22	1.68	1.00
426	1.06	-9.24	1.68	1.00
427	1.05	-9.26	1.68	1.00
428	1.04	-9.29	1.68	1.00
429	1.04	-9.31	1.67	1.00
430	1.02	-9.35	1.67	1.00
431	1.00	-9.39	1.67	1.00
432	0.97	-9.41	1.67	1.00
433	0.94	-9.44	1.67	1.00
Target 8 (frames from 263 to 353)
Bounding Boxes (frame, x, y, width, height)
263	630	321	82	165
264	629	322	83	166
265	627	322	83	166
266	626	323	83	166
267	624	324	83	166
268	623	324	83	166
269	622	325	83	166
270	621	326	83	166
271	620	326	82	165
272	619	327	82	165
273	618	327	81	163
274	617	328	81	162
275	617	328	80	160
276	617	328	79	159
277	616	329	79	158
278	616	330	78	157
279	616	331	78	156
280	616	332	78	156
281	615	332	78	156
282	615	333	78	157
283	615	334	78	157
284	614	336	78	157
285	614	337	78	157
286	613	338	78	157
287	612	338	78	157
288	611	339	78	156
289	609	339	77	155
290	608	339	77	154
291	606	338	76	153
292	605	338	75	151
293	604	338	74	149
294	603	338	74	148
295	602	337	73	146
296	601	337	72	144
297	601	336	71	143
298	600	335	70	141
299	600	335	70	140
300	599	335	69	139
301	599	334	69	138
302	599	334	69	138
303	599	334	68	137
304	600	333	68	136
305	600	332	68	136
306	600	332	68	136
307	600	331	67	135
308	601	331	67	135
309	602	331	67	134
310	603	331	67	134
311	604	330	67	134
312	605	330	66	133
313	606	329	66	132
314	608	329	65	131
315	609	328	65	130
316	611	328	64	128
317	612	327	63	126
318	614	327	62	124
319	616	326	61	122
320	618	326	60	120
321	620	325	59	118
322	622	325	58	116
323	623	326	57	115
324	625	326	56	113
325	626	327	56	112
326	627	328	56	112
327	628	328	55	111
328	628	329	55	111
329	629	329	56	112
330	629	329	56	112
331	629	329	56	112
332	629	328	56	112
333	629	328	56	113
334	629	327	56	113
335	629	326	57	114
336	629	326	57	114
337	628	325	57	115
338	628	324	57	115
339	627	324	57	115
340	627	324	57	115
341	627	324	57	115
342	627	325	57	114
343	627	326	57	114
344	627	327	57	114
345	627	328	57	114
346	628	329	57	115
347	628	330	57	115
348	629	332	57	115
349	630	334	58	116
350	631	336	58	116
351	632	338	58	117
352	633	340	58	117
353	635	342	59	118
3D Trajetory (frame, x, z, height, pose)
263	4.49	-4.44	2.05	3.00
264	4.51	-4.52	2.09	3.00
265	4.52	-4.60	2.12	2.00
266	4.39	-4.52	2.10	2.00
267	4.26	-4.44	2.07	4.00
268	4.22	-4.45	2.07	4.00
269	4.18	-4.46	2.06	4.00
270	4.22	-4.53	2.08	4.00
271	4.26	-4.60	2.09	4.00
272	4.24	-4.67	2.09	4.00
273	4.22	-4.75	2.08	1.00
274	4.27	-4.86	2.09	1.00
275	4.33	-4.98	2.10	1.00
276	4.33	-5.05	2.09	1.00
277	4.32	-5.12	2.09	1.00
278	4.28	-5.14	2.09	1.00
279	4.24	-5.17	2.08	4.00
280	4.18	-5.18	2.08	4.00
281	4.12	-5.20	2.07	4.00
282	4.08	-5.22	2.07	4.00
283	4.03	-5.24	2.07	4.00
284	4.00	-5.28	2.07	4.00
285	3.97	-5.31	2.07	3.00
286	3.91	-5.32	2.08	3.00
287	3.86	-5.32	2.08	3.00
288	3.83	-5.37	2.08	3.00
289	3.80	-5.41	2.08	4.00
290	3.83	-5.53	2.08	4.00
291	3.86	-5.65	2.08	4.00
292	3.86	-5.74	2.08	4.00
293	3.86	-5.82	2.08	4.00
294	3.86	-5.91	2.08	4.00
295	3.85	-6.01	2.08	1.00
296	3.86	-6.12	2.08	1.00
297	3.87	-6.22	2.08	4.00
298	3.85	-6.30	2.08	4.00
299	3.82	-6.37	2.08	3.00
300	3.78	-6.43	2.08	3.00
301	3.73	-6.48	2.08	4.00
302	3.71	-6.54	2.08	4.00
303	3.69	-6.60	2.07	4.00
304	3.65	-6.67	2.08	4.00
305	3.62	-6.73	2.08	4.00
306	3.60	-6.81	2.08	4.00
307	3.58	-6.89	2.08	1.00
308	3.51	-6.89	2.08	1.00
309	3.44	-6.90	2.08	3.00
310	3.43	-6.97	2.07	3.00
311	3.43	-7.04	2.07	4.00
312	3.38	-7.06	2.07	4.00
313	3.33	-7.08	2.07	4.00
314	3.32	-7.17	2.07	4.00
315	3.31	-7.27	2.08	4.00
316	3.30	-7.32	2.08	4.00
317	3.28	-7.38	2.08	4.00
318	3.31	-7.59	2.08	4.00
319	3.34	-7.81	2.08	4.00
320	3.42	-8.08	2.08	4.00
321	3.50	-8.34	2.08	1.00
322	3.49	-8.44	2.08	1.00
323	3.48	-8.54	2.08	1.00
324	3.44	-8.58	2.08	1.00
325	3.41	-8.63	2.08	4.00
326	3.36	-8.64	2.08	4.00
327	3.31	-8.66	2.08	4.00
328	3.26	-8.66	2.08	4.00
329	3.21	-8.67	2.08	4.00
330	3.20	-8.72	2.08	4.00
331	3.18	-8.77	2.08	4.00
332	3.14	-8.75	2.07	4.00
333	3.09	-8.73	2.07	4.00
334	3.04	-8.70	2.07	4.00
335	2.99	-8.67	2.07	4.00
336	2.92	-8.62	2.07	4.00
337	2.84	-8.56	2.06	4.00
338	2.76	-8.46	2.06	4.00
339	2.68	-8.35	2.06	4.00
340	2.67	-8.46	2.06	4.00
341	2.65	-8.56	2.06	4.00
342	2.69	-8.64	2.06	4.00
343	2.73	-8.72	2.06	4.00
344	2.69	-8.76	2.06	4.00
345	2.65	-8.79	2.06	4.00
346	2.57	-8.73	2.06	4.00
347	2.48	-8.67	2.06	4.00
348	2.41	-8.62	2.06	4.00
349	2.34	-8.56	2.06	1.00
350	2.29	-8.55	2.06	1.00
351	2.24	-8.53	2.06	1.00
352	2.20	-8.51	2.06	1.00
353	2.16	-8.50	2.06	4.00
Target 9 (frames from 373 to 433)
Bounding Boxes (frame, x, y, width, height)
373	720	353	50	101
374	719	352	50	101
375	717	352	51	102
376	716	351	51	102
377	714	350	51	102
378	713	349	51	103
379	712	349	51	103
380	711	348	51	103
381	710	348	51	103
382	709	347	52	104
383	709	347	52	104
384	708	346	51	103
385	708	346	51	103
386	708	346	51	103
387	708	346	51	103
388	708	346	51	103
389	708	346	51	103
390	708	345	51	103
391	708	345	51	103
392	708	345	51	103
393	708	344	51	103
394	708	343	51	103
395	708	343	51	103
396	707	342	51	103
397	707	341	51	103
398	707	341	51	102
399	706	340	51	102
400	706	340	51	102
401	706	340	51	102
402	707	339	51	102
403	707	339	51	102
404	708	339	51	102
405	708	339	50	101
406	709	339	50	101
407	710	339	50	101
408	711	339	50	101
409	712	338	50	101
410	712	337	50	101
411	713	336	50	101
412	713	335	50	101
413	714	333	50	100
414	715	332	50	100
415	715	331	50	100
416	716	330	50	100
417	717	330	50	100
418	719	330	50	100
419	721	331	50	100
420	723	332	50	100
421	726	334	50	100
422	729	336	50	100
423	732	338	50	100
424	734	341	50	100
425	737	342	49	99
426	740	344	49	99
427	743	345	49	98
428	745	346	49	98
429	748	347	48	97
430	751	348	48	97
431	754	349	48	96
432	756	350	47	95
433	759	351	47	94
3D Trajetory (frame, x, z, height, pose)
373	0.18	-9.19	1.79	4.00
374	0.17	-9.14	1.80	4.00
375	0.15	-9.09	1.81	4.00
376	0.13	-9.07	1.82	4.00
377	0.11	-9.06	1.83	4.00
378	0.10	-9.03	1.83	4.00
379	0.08	-9.01	1.84	2.00
380	0.08	-9.05	1.84	2.00
381	0.07	-9.08	1.84	4.00
382	0.05	-9.09	1.84	4.00
383	0.04	-9.09	1.84	4.00
384	0.02	-9.10	1.84	4.00
385	-0.00	-9.11	1.84	4.00
386	-0.03	-9.11	1.84	4.00
387	-0.06	-9.11	1.84	4.00
388	-0.09	-9.10	1.84	4.00
389	-0.11	-9.09	1.84	4.00
390	-0.13	-9.09	1.84	4.00
391	-0.15	-9.08	1.84	4.00
392	-0.18	-9.09	1.84	4.00
393	-0.21	-9.11	1.84	4.00
394	-0.24	-9.11	1.84	4.00
395	-0.26	-9.12	1.84	4.00
396	-0.29	-9.13	1.84	4.00
397	-0.32	-9.14	1.84	4.00
398	-0.34	-9.16	1.84	4.00
399	-0.36	-9.17	1.84	1.00
400	-0.39	-9.19	1.84	1.00
401	-0.42	-9.20	1.84	1.00
402	-0.45	-9.21	1.84	1.00
403	-0.49	-9.22	1.84	1.00
404	-0.52	-9.23	1.84	1.00
405	-0.55	-9.24	1.84	1.00
406	-0.58	-9.25	1.84	1.00
407	-0.60	-9.26	1.84	1.00
408	-0.63	-9.28	1.84	1.00
409	-0.65	-9.29	1.84	1.00
410	-0.67	-9.31	1.84	1.00
411	-0.69	-9.33	1.84	1.00
412	-0.72	-9.34	1.84	1.00
413	-0.75	-9.35	1.84	1.00
414	-0.77	-9.35	1.84	1.00
415	-0.79	-9.34	1.84	4.00
416	-0.82	-9.36	1.84	4.00
417	-0.85	-9.37	1.84	4.00
418	-0.88	-9.36	1.84	4.00
419	-0.90	-9.36	1.84	2.00
420	-0.94	-9.38	1.84	2.00
421	-0.98	-9.40	1.84	1.00
422	-1.02	-9.38	1.84	1.00
423	-1.07	-9.36	1.84	1.00
424	-1.10	-9.38	1.84	1.00
425	-1.12	-9.40	1.84	1.00
426	-1.15	-9.50	1.84	1.00
427	-1.17	-9.60	1.84	1.00
428	-1.20	-9.67	1.84	1.00
429	-1.22	-9.74	1.84	1.00
430	-1.27	-9.82	1.84	1.00
431	-1.31	-9.89	1.84	1.00
432	-1.34	-9.98	1.84	1.00
433	-1.38	-10.06	1.84	1.00
Target 10 (frames from 359 to 419)
Bounding Boxes (frame, x, y, width, height)
359	636	349	51	102
360	634	349	51	102
361	632	349	51	102
362	631	349	51	103
363	630	349	51	103
364	628	349	51	103
365	628	350	51	103
366	627	350	51	103
367	626	350	51	103
368	626	350	51	103
369	626	350	51	103
370	626	351	51	103
371	627	351	51	103
372	627	351	51	103
373	628	352	51	103
374	629	352	51	102
375	630	351	51	102
376	631	351	51	102
377	632	351	51	102
378	632	350	51	102
379	632	350	50	101
380	632	350	50	101
381	632	349	50	101
382	632	349	50	101
383	631	349	50	100
384	631	348	50	100
385	631	348	50	100
386	631	348	49	99
387	631	348	49	99
388	631	348	49	99
389	630	348	49	99
390	630	348	49	99
391	630	347	49	99
392	629	347	49	99
393	629	346	49	99
394	628	345	49	99
395	627	345	49	99
396	626	344	49	99
397	625	343	49	99
398	624	343	49	99
399	623	342	49	99
400	622	342	49	99
401	621	341	49	99
402	621	341	49	99
403	621	341	49	99
404	621	341	49	99
405	621	341	49	99
406	622	341	49	99
407	623	341	49	99
408	623	341	49	98
409	624	340	49	98
410	624	339	48	97
411	625	339	48	97
412	626	338	48	97
413	626	337	48	96
414	627	336	48	96
415	628	335	48	96
416	628	334	48	96
417	629	333	47	95
418	630	332	47	95
419	630	330	47	95
3D Trajetory (frame, x, z, height, pose)
359	2.08	-8.62	1.80	4.00
360	2.07	-8.63	1.81	4.00
361	2.07	-8.64	1.82	4.00
362	2.05	-8.64	1.82	4.00
363	2.02	-8.64	1.82	3.00
364	1.99	-8.60	1.82	3.00
365	1.95	-8.55	1.81	3.00
366	1.94	-8.55	1.81	3.00
367	1.92	-8.56	1.81	1.00
368	1.89	-8.58	1.82	1.00
369	1.86	-8.60	1.82	1.00
370	1.84	-8.62	1.82	1.00
371	1.83	-8.65	1.82	1.00
372	1.76	-8.67	1.82	1.00
373	1.70	-8.69	1.82	4.00
374	1.67	-8.72	1.82	4.00
375	1.64	-8.74	1.82	4.00
376	1.60	-8.77	1.82	4.00
377	1.57	-8.81	1.81	1.00
378	1.54	-8.83	1.81	1.00
379	1.51	-8.85	1.81	4.00
380	1.48	-8.88	1.81	4.00
381	1.45	-8.90	1.81	4.00
382	1.42	-8.93	1.81	4.00
383	1.39	-8.95	1.81	4.00
384	1.39	-8.99	1.81	4.00
385	1.38	-9.02	1.81	4.00
386	1.37	-9.03	1.81	4.00
387	1.35	-9.05	1.81	4.00
388	1.33	-9.08	1.81	4.00
389	1.31	-9.11	1.81	1.00
390	1.29	-9.12	1.81	1.00
391	1.27	-9.14	1.81	1.00
392	1.25	-9.13	1.81	1.00
393	1.22	-9.12	1.81	1.00
394	1.21	-9.09	1.81	1.00
395	1.19	-9.06	1.81	4.00
396	1.18	-9.07	1.81	4.00
397	1.18	-9.08	1.81	4.00
398	1.16	-9.09	1.81	4.00
399	1.15	-9.10	1.81	4.00
400	1.14	-9.10	1.81	4.00
401	1.12	-9.09	1.81	4.00
402	1.10	-9.08	1.81	4.00
403	1.07	-9.08	1.81	4.00
404	1.05	-9.07	1.81	4.00
405	1.03	-9.07	1.81	4.00
406	1.02	-9.11	1.81	4.00
407	1.01	-9.15	1.81	2.00
408	0.98	-9.18	1.81	2.00
409	0.96	-9.21	1.81	4.00
410	0.94	-9.24	1.81	4.00
411	0.92	-9.28	1.81	1.00
412	0.90	-9.34	1.81	1.00
413	0.89	-9.41	1.80	1.00
414	0.87	-9.42	1.80	1.00
415	0.85	-9.43	1.80	1.00
416	0.83	-9.45	1.80	1.00
417	0.80	-9.46	1.80	1.00
418	0.78	-9.46	1.80	1.00
419	0.76	-9.45	1.81	1.00
