Total frames 391
Number of Targets 15
Target 1 (frames from 1 to 129)
Bounding Boxes (frame, x, y, width, height)
1	853	313	96	192
2	853	313	96	192
3	852	313	95	191
4	852	313	95	191
5	852	313	95	191
6	852	313	95	190
7	852	313	95	190
8	852	313	94	189
9	852	313	94	189
10	852	313	94	189
11	852	312	94	188
12	852	312	93	187
13	852	311	93	186
14	852	311	93	186
15	852	311	92	185
16	852	310	92	185
17	853	310	92	185
18	853	310	92	185
19	853	310	92	185
20	854	310	92	185
21	854	309	93	186
22	854	309	93	187
23	853	309	93	187
24	853	308	93	187
25	853	308	93	187
26	853	307	93	187
27	853	307	94	188
28	853	306	94	188
29	852	306	94	188
30	852	305	94	188
31	851	305	94	188
32	851	304	94	189
33	851	304	94	189
34	850	303	94	189
35	850	303	94	189
36	850	303	94	189
37	850	302	95	190
38	850	302	95	190
39	849	302	95	190
40	849	302	95	190
41	849	302	95	191
42	849	301	95	191
43	848	301	95	191
44	848	301	96	192
45	848	300	96	192
46	848	300	96	192
47	847	299	96	192
48	847	299	96	192
49	847	299	96	192
50	846	298	96	192
51	845	298	96	192
52	844	297	96	192
53	843	297	96	192
54	842	296	96	192
55	841	296	96	192
56	839	295	96	192
57	838	295	96	192
58	836	294	96	193
59	835	294	96	193
60	833	294	96	193
61	832	293	97	194
62	831	293	97	194
63	830	293	97	194
64	829	294	97	194
65	829	294	97	194
66	828	294	97	195
67	828	294	97	195
68	827	294	97	195
69	826	294	97	195
70	824	294	97	195
71	823	294	97	195
72	821	293	98	196
73	819	293	98	196
74	818	293	98	196
75	816	293	98	196
76	814	293	98	196
77	812	292	98	196
78	810	292	98	196
79	808	292	98	197
80	806	292	98	197
81	805	292	98	197
82	803	291	99	198
83	802	291	99	198
84	801	291	99	199
85	800	290	99	199
86	799	290	100	200
87	798	289	100	200
88	797	288	100	201
89	796	288	100	201
90	795	287	100	201
91	794	287	100	201
92	793	287	100	201
93	791	286	100	200
94	790	286	100	200
95	788	285	100	200
96	785	285	99	199
97	783	284	99	199
98	781	284	99	198
99	778	283	99	198
100	776	282	98	197
101	773	281	98	197
102	770	280	98	197
103	767	278	98	197
104	764	277	98	197
105	761	276	98	197
106	758	275	98	197
107	755	275	99	198
108	751	274	99	198
109	748	274	99	199
110	745	273	99	199
111	742	273	100	200
112	739	273	100	200
113	736	273	100	201
114	733	273	100	201
115	730	272	101	202
116	728	272	101	203
117	725	272	101	203
118	722	271	101	203
119	718	270	101	203
120	715	269	101	202
121	711	269	101	202
122	707	268	100	201
123	703	267	100	200
124	699	266	99	199
125	695	266	98	197
126	691	265	98	196
127	686	264	97	194
128	682	263	96	192
129	677	262	95	190
3D Trajetory (frame, x, z, height, pose)
1	2.81	5.53	2.10	1.00
2	2.82	5.55	2.11	1.00
3	2.82	5.57	2.13	2.00
4	2.81	5.54	2.11	2.00
5	2.79	5.50	2.10	2.00
6	2.80	5.54	2.11	2.00
7	2.82	5.57	2.11	2.00
8	2.82	5.56	2.11	2.00
9	2.82	5.55	2.11	2.00
10	2.81	5.55	2.11	2.00
11	2.81	5.55	2.12	2.00
12	2.88	5.70	2.13	2.00
13	2.96	5.85	2.14	2.00
14	2.96	5.85	2.14	2.00
15	2.96	5.86	2.14	2.00
16	2.96	5.82	2.14	2.00
17	2.95	5.79	2.14	2.00
18	2.93	5.78	2.14	2.00
19	2.92	5.78	2.14	2.00
20	2.91	5.75	2.13	2.00
21	2.91	5.73	2.13	2.00
22	2.91	5.72	2.13	2.00
23	2.91	5.71	2.13	2.00
24	2.91	5.69	2.13	2.00
25	2.90	5.67	2.13	2.00
26	2.88	5.67	2.13	2.00
27	2.87	5.66	2.13	2.00
28	2.86	5.67	2.13	2.00
29	2.86	5.68	2.13	2.00
30	2.86	5.68	2.12	2.00
31	2.86	5.67	2.12	2.00
32	2.85	5.65	2.12	2.00
33	2.84	5.62	2.13	2.00
34	2.84	5.62	2.12	2.00
35	2.83	5.61	2.12	2.00
36	2.83	5.61	2.12	2.00
37	2.83	5.61	2.12	2.00
38	2.82	5.60	2.12	2.00
39	2.81	5.60	2.12	2.00
40	2.80	5.58	2.12	2.00
41	2.80	5.57	2.12	2.00
42	2.79	5.56	2.12	2.00
43	2.79	5.56	2.12	2.00
44	2.79	5.54	2.12	2.00
45	2.78	5.53	2.12	2.00
46	2.78	5.53	2.12	2.00
47	2.78	5.53	2.12	2.00
48	2.76	5.52	2.12	2.00
49	2.75	5.51	2.12	2.00
50	2.74	5.51	2.12	2.00
51	2.74	5.51	2.12	2.00
52	2.74	5.53	2.12	2.00
53	2.74	5.55	2.12	2.00
54	2.73	5.54	2.12	2.00
55	2.72	5.53	2.12	2.00
56	2.70	5.52	2.12	2.00
57	2.68	5.51	2.12	2.00
58	2.67	5.50	2.12	2.00
59	2.65	5.48	2.12	2.00
60	2.64	5.46	2.12	2.00
61	2.63	5.44	2.12	2.00
62	2.63	5.45	2.12	2.00
63	2.63	5.46	2.12	2.00
64	2.62	5.44	2.12	2.00
65	2.62	5.42	2.12	2.00
66	2.61	5.41	2.12	2.00
67	2.60	5.41	2.12	2.00
68	2.60	5.40	2.12	2.00
69	2.59	5.39	2.12	2.00
70	2.60	5.39	2.12	2.00
71	2.60	5.39	2.12	2.00
72	2.58	5.38	2.12	2.00
73	2.57	5.36	2.12	2.00
74	2.56	5.34	2.12	2.00
75	2.54	5.32	2.12	2.00
76	2.53	5.31	2.12	2.00
77	2.51	5.29	2.12	2.00
78	2.52	5.29	2.12	2.00
79	2.52	5.29	2.12	2.00
80	2.51	5.29	2.12	2.00
81	2.51	5.28	2.12	2.00
82	2.50	5.27	2.12	2.00
83	2.48	5.26	2.12	2.00
84	2.46	5.23	2.12	2.00
85	2.44	5.20	2.12	2.00
86	2.43	5.18	2.12	2.00
87	2.41	5.15	2.12	2.00
88	2.40	5.13	2.12	2.00
89	2.38	5.12	2.12	2.00
90	2.39	5.13	2.12	2.00
91	2.39	5.14	2.12	2.00
92	2.40	5.15	2.12	2.00
93	2.40	5.17	2.12	2.00
94	2.40	5.17	2.12	2.00
95	2.40	5.17	2.12	2.00
96	2.39	5.18	2.12	2.00
97	2.38	5.18	2.12	2.00
98	2.38	5.18	2.12	2.00
99	2.38	5.18	2.12	2.00
100	2.37	5.16	2.12	2.00
101	2.36	5.14	2.12	4.00
102	2.37	5.16	2.12	4.00
103	2.38	5.18	2.12	4.00
104	2.38	5.18	2.12	4.00
105	2.37	5.17	2.12	2.00
106	2.34	5.14	2.11	2.00
107	2.31	5.12	2.11	2.00
108	2.28	5.10	2.11	2.00
109	2.25	5.08	2.11	2.00
110	2.23	5.07	2.11	2.00
111	2.21	5.05	2.11	2.00
112	2.19	5.03	2.11	2.00
113	2.17	5.00	2.11	2.00
114	2.15	4.99	2.11	2.00
115	2.13	4.97	2.11	2.00
116	2.13	4.96	2.11	2.00
117	2.13	4.96	2.11	2.00
118	2.11	4.95	2.11	2.00
119	2.09	4.94	2.11	2.00
120	2.08	4.92	2.11	2.00
121	2.06	4.90	2.11	2.00
122	2.04	4.89	2.11	2.00
123	2.01	4.88	2.11	2.00
124	2.05	5.03	2.11	2.00
125	2.08	5.18	2.10	4.00
126	2.07	5.17	2.10	4.00
127	2.05	5.16	2.10	4.00
128	2.03	5.13	2.10	4.00
129	2.01	5.11	2.10	4.00
Target 2 (frames from 1 to 207)
Bounding Boxes (frame, x, y, width, height)
1	262	340	60	121
2	262	340	60	121
3	262	341	60	121
4	262	341	60	120
5	262	341	60	120
6	263	341	60	120
7	263	341	60	120
8	264	341	60	120
9	265	341	60	120
10	266	340	60	120
11	266	340	60	120
12	267	340	60	120
13	269	339	60	120
14	270	338	60	120
15	272	338	60	120
16	274	337	60	120
17	276	337	60	121
18	278	337	60	121
19	281	336	60	121
20	283	336	61	122
21	286	335	61	123
22	288	335	61	123
23	291	334	62	124
24	293	333	62	125
25	295	332	63	127
26	298	331	64	128
27	300	330	64	129
28	302	329	65	131
29	304	328	66	132
30	306	327	66	133
31	308	326	67	135
32	310	326	68	136
33	312	325	68	137
34	314	324	69	138
35	316	324	69	139
36	318	324	70	140
37	320	323	70	140
38	323	323	70	141
39	325	323	71	142
40	327	322	71	143
41	329	322	72	144
42	331	321	73	146
43	333	321	73	147
44	336	320	74	148
45	338	319	75	150
46	341	318	75	151
47	344	318	76	152
48	347	317	77	154
49	350	316	77	155
50	353	316	78	156
51	356	315	78	157
52	358	314	79	158
53	362	313	79	159
54	365	313	80	161
55	367	312	81	162
56	370	311	81	163
57	373	311	82	164
58	376	310	82	165
59	378	309	82	165
60	381	309	83	166
61	385	309	83	167
62	388	309	84	168
63	391	308	84	169
64	395	308	85	170
65	398	308	85	171
66	402	308	86	172
67	405	308	86	173
68	408	308	87	174
69	411	308	87	175
70	413	307	88	176
71	415	307	88	176
72	417	307	88	177
73	418	306	88	177
74	420	306	88	177
75	422	306	88	177
76	424	306	89	178
77	426	306	89	178
78	429	305	89	178
79	431	305	89	179
80	434	305	90	180
81	437	304	90	181
82	440	304	91	183
83	445	303	92	184
84	449	303	93	186
85	453	302	94	188
86	457	301	94	189
87	462	300	95	191
88	467	299	96	192
89	471	298	97	194
90	476	298	97	195
91	480	297	98	197
92	485	296	99	198
93	489	295	99	199
94	493	295	99	199
95	497	294	100	200
96	501	293	100	200
97	504	292	100	200
98	507	292	100	201
99	510	290	100	201
100	513	289	101	202
101	515	288	101	202
102	517	286	102	204
103	520	284	102	205
104	522	283	103	207
105	524	281	104	209
106	526	280	106	212
107	529	278	107	215
108	532	277	109	219
109	535	276	111	222
110	539	275	112	225
111	543	274	114	228
112	547	273	115	231
113	552	273	117	234
114	557	272	118	237
115	562	271	120	240
116	567	271	121	242
117	572	270	122	245
118	577	269	123	247
119	581	267	125	250
120	586	265	126	253
121	589	264	127	255
122	593	262	129	258
123	596	260	130	261
124	600	258	132	264
125	603	256	134	268
126	605	254	135	271
127	609	253	136	273
128	612	252	136	273
129	616	252	136	273
130	620	251	136	272
131	624	251	135	271
132	629	251	135	270
133	633	251	134	269
134	638	251	134	268
135	643	250	133	267
136	648	249	134	268
137	652	248	134	269
138	656	245	135	271
139	660	243	137	274
140	664	240	139	278
141	668	237	141	283
142	672	234	144	288
143	675	230	147	294
144	679	227	149	298
145	683	224	151	302
146	686	221	153	306
147	690	218	155	310
148	695	217	156	313
149	700	215	157	315
150	706	215	159	318
151	712	215	159	319
152	719	215	160	321
153	726	216	161	322
154	734	216	162	324
155	742	217	162	325
156	750	218	163	327
157	759	218	164	329
158	767	218	164	329
159	775	218	165	330
160	782	217	165	330
161	789	216	164	329
162	796	215	164	328
163	801	214	163	327
164	805	213	162	325
165	809	212	161	323
166	812	212	161	322
167	816	211	160	320
168	819	210	159	319
169	822	210	159	318
170	825	209	159	319
171	827	208	160	320
172	830	207	161	323
173	832	205	163	327
174	834	203	165	331
175	835	199	168	336
176	836	193	170	341
177	838	186	173	346
178	839	180	176	352
179	840	174	178	356
180	840	167	180	360
181	839	161	182	364
182	839	155	183	367
183	838	150	185	371
184	836	146	187	374
185	836	141	188	377
186	835	137	189	379
187	834	136	190	381
188	832	136	190	381
189	831	136	190	380
190	830	136	189	379
191	828	135	189	378
192	827	132	187	375
193	825	127	186	373
194	822	121	185	371
195	819	116	184	369
196	814	110	183	366
197	809	105	182	364
198	804	100	181	363
199	799	98	181	362
200	795	96	181	362
201	791	95	181	362
202	786	94	181	363
203	781	94	182	364
204	776	95	182	365
205	771	96	183	367
206	766	97	184	369
207	761	99	186	372
3D Trajetory (frame, x, z, height, pose)
1	-5.67	7.95	1.94	4.00
2	-5.68	7.97	1.95	4.00
3	-5.69	7.99	1.96	4.00
4	-5.69	8.01	1.96	4.00
5	-5.69	8.03	1.95	4.00
6	-5.68	8.03	1.95	4.00
7	-5.68	8.04	1.95	4.00
8	-5.68	8.04	1.95	4.00
9	-5.67	8.05	1.95	4.00
10	-5.67	8.06	1.94	4.00
11	-5.67	8.08	1.94	4.00
12	-5.63	8.06	1.95	4.00
13	-5.60	8.04	1.95	4.00
14	-5.57	8.04	1.95	4.00
15	-5.55	8.03	1.96	4.00
16	-5.50	8.03	1.96	4.00
17	-5.46	8.03	1.96	4.00
18	-5.42	8.02	1.96	4.00
19	-5.37	8.00	1.96	4.00
20	-5.32	7.97	1.97	4.00
21	-5.26	7.94	1.97	4.00
22	-5.19	7.91	1.97	4.00
23	-5.11	7.87	1.98	4.00
24	-5.05	7.84	1.98	4.00
25	-4.99	7.80	1.98	4.00
26	-4.88	7.69	1.99	4.00
27	-4.76	7.57	1.99	2.00
28	-4.70	7.52	2.00	2.00
29	-4.63	7.46	2.00	4.00
30	-4.55	7.39	2.00	4.00
31	-4.46	7.32	2.00	4.00
32	-4.41	7.27	2.00	4.00
33	-4.35	7.23	2.00	4.00
34	-4.28	7.18	2.00	4.00
35	-4.22	7.14	2.00	4.00
36	-4.16	7.08	2.00	4.00
37	-4.11	7.02	2.00	4.00
38	-4.03	6.97	2.00	4.00
39	-3.95	6.93	2.00	4.00
40	-3.90	6.90	2.00	4.00
41	-3.85	6.87	2.00	4.00
42	-3.78	6.82	2.00	4.00
43	-3.71	6.76	2.00	4.00
44	-3.65	6.70	2.00	4.00
45	-3.59	6.63	2.00	4.00
46	-3.50	6.55	2.00	4.00
47	-3.42	6.47	2.00	4.00
48	-3.35	6.43	2.00	4.00
49	-3.28	6.39	2.00	4.00
50	-3.21	6.33	2.00	4.00
51	-3.13	6.28	2.00	4.00
52	-3.07	6.26	2.00	4.00
53	-3.02	6.23	2.00	4.00
54	-2.97	6.21	2.00	4.00
55	-2.92	6.18	2.00	4.00
56	-2.85	6.12	2.00	4.00
57	-2.77	6.06	2.00	4.00
58	-2.71	6.02	2.00	4.00
59	-2.64	5.98	2.00	4.00
60	-2.58	5.95	2.00	4.00
61	-2.52	5.93	2.00	4.00
62	-2.47	5.91	2.00	4.00
63	-2.41	5.90	2.00	4.00
64	-2.36	5.89	2.00	4.00
65	-2.30	5.88	1.99	4.00
66	-2.24	5.84	1.99	4.00
67	-2.18	5.80	1.99	4.00
68	-2.10	5.72	2.00	4.00
69	-2.02	5.65	2.00	4.00
70	-1.98	5.64	2.00	4.00
71	-1.94	5.63	2.00	4.00
72	-1.91	5.64	2.00	4.00
73	-1.88	5.66	2.00	1.00
74	-1.84	5.65	2.00	1.00
75	-1.81	5.64	2.00	4.00
76	-1.79	5.66	1.99	4.00
77	-1.76	5.68	1.99	4.00
78	-1.71	5.65	1.99	4.00
79	-1.66	5.63	1.99	4.00
80	-1.58	5.59	1.99	4.00
81	-1.51	5.54	1.99	4.00
82	-1.44	5.49	1.99	4.00
83	-1.37	5.43	1.99	4.00
84	-1.32	5.40	1.99	4.00
85	-1.28	5.37	1.99	4.00
86	-1.20	5.30	1.99	4.00
87	-1.13	5.24	1.99	2.00
88	-1.06	5.20	1.99	2.00
89	-1.00	5.16	1.99	4.00
90	-0.94	5.14	2.00	4.00
91	-0.87	5.12	2.00	4.00
92	-0.81	5.09	2.00	4.00
93	-0.75	5.06	2.00	4.00
94	-0.69	5.03	2.00	4.00
95	-0.64	5.00	2.00	4.00
96	-0.59	4.96	2.00	4.00
97	-0.54	4.93	2.00	4.00
98	-0.48	4.97	2.00	4.00
99	-0.43	5.01	2.00	2.00
100	-0.37	5.03	2.00	2.00
101	-0.31	5.04	2.00	4.00
102	-0.27	4.99	2.00	4.00
103	-0.22	4.93	2.00	4.00
104	-0.18	4.87	2.00	4.00
105	-0.14	4.80	2.00	4.00
106	-0.09	4.73	2.00	4.00
107	-0.04	4.65	2.00	4.00
108	0.01	4.57	2.00	4.00
109	0.05	4.49	2.00	1.00
110	0.11	4.43	2.00	1.00
111	0.18	4.37	2.00	1.00
112	0.23	4.31	2.00	1.00
113	0.28	4.25	2.00	4.00
114	0.34	4.18	1.99	4.00
115	0.40	4.12	1.99	2.00
116	0.46	4.08	1.99	2.00
117	0.51	4.04	1.99	4.00
118	0.57	3.99	1.99	4.00
119	0.63	3.93	1.99	1.00
120	0.67	3.88	1.99	1.00
121	0.72	3.82	1.99	2.00
122	0.76	3.78	1.99	2.00
123	0.80	3.74	1.99	2.00
124	0.85	3.69	1.99	2.00
125	0.91	3.64	1.99	2.00
126	0.93	3.58	1.99	2.00
127	0.96	3.52	1.99	2.00
128	0.99	3.49	1.99	2.00
129	1.03	3.46	1.99	2.00
130	1.08	3.43	1.99	2.00
131	1.13	3.40	1.99	2.00
132	1.18	3.43	1.99	2.00
133	1.23	3.46	1.99	2.00
134	1.34	3.56	1.99	2.00
135	1.45	3.66	1.98	3.00
136	1.49	3.57	1.98	3.00
137	1.53	3.48	1.98	3.00
138	1.55	3.37	1.98	3.00
139	1.57	3.26	1.98	4.00
140	1.60	3.20	1.98	4.00
141	1.63	3.14	1.98	4.00
142	1.66	3.05	1.98	4.00
143	1.69	2.95	1.98	2.00
144	1.73	2.90	1.98	2.00
145	1.77	2.84	1.98	2.00
146	1.81	2.78	1.98	2.00
147	1.86	2.72	1.98	2.00
148	1.91	2.68	1.98	2.00
149	1.97	2.64	1.98	2.00
150	1.99	2.58	1.98	2.00
151	2.02	2.52	1.98	3.00
152	2.04	2.45	1.98	3.00
153	2.06	2.39	1.98	3.00
154	2.15	2.37	1.98	3.00
155	2.25	2.35	1.98	3.00
156	2.32	2.30	1.98	3.00
157	2.39	2.25	1.98	3.00
158	2.44	2.19	1.98	3.00
159	2.50	2.13	1.98	3.00
160	2.55	2.07	1.98	3.00
161	2.60	2.00	1.98	2.00
162	2.64	1.95	1.98	2.00
163	2.68	1.90	1.98	1.00
164	2.77	1.90	1.98	1.00
165	2.86	1.89	1.97	1.00
166	2.90	1.84	1.97	1.00
167	2.93	1.78	1.97	1.00
168	3.03	1.77	1.97	1.00
169	3.13	1.75	1.97	2.00
170	3.15	1.66	1.97	2.00
171	3.17	1.57	1.97	3.00
172	3.14	1.46	1.97	3.00
173	3.10	1.35	1.97	3.00
174	3.14	1.28	1.97	3.00
175	3.17	1.21	1.97	3.00
176	3.13	1.12	1.98	3.00
177	3.10	1.03	1.98	1.00
178	3.08	0.95	1.98	1.00
179	3.06	0.87	1.98	1.00
180	3.06	0.80	1.98	1.00
181	3.07	0.73	1.98	1.00
182	3.05	0.66	1.98	1.00
183	3.03	0.59	1.98	3.00
184	3.02	0.55	1.98	3.00
185	3.01	0.51	1.98	3.00
186	2.99	0.46	1.98	3.00
187	2.98	0.41	1.98	1.00
188	2.97	0.35	1.98	1.00
189	2.96	0.29	1.98	1.00
190	2.96	0.24	1.98	1.00
191	2.97	0.19	1.98	1.00
192	2.98	0.13	1.98	1.00
193	3.00	0.06	1.98	1.00
194	3.07	0.02	1.98	1.00
195	3.14	-0.03	1.98	1.00
196	3.11	-0.07	1.98	1.00
197	3.09	-0.12	1.98	1.00
198	3.07	-0.16	1.98	1.00
199	3.05	-0.20	1.98	1.00
200	3.02	-0.22	1.98	1.00
201	2.98	-0.23	1.98	1.00
202	2.97	-0.25	1.98	1.00
203	2.96	-0.28	1.98	1.00
204	2.95	-0.34	1.98	1.00
205	2.93	-0.40	1.98	1.00
206	2.91	-0.42	1.98	1.00
207	2.90	-0.45	1.98	1.00
Target 3 (frames from 1 to 89)
Bounding Boxes (frame, x, y, width, height)
1	192	349	49	99
2	191	349	49	99
3	191	349	50	100
4	191	349	50	100
5	191	349	50	101
6	191	349	51	102
7	191	349	51	102
8	192	349	51	103
9	192	349	51	103
10	193	349	52	104
11	193	349	52	104
12	194	348	52	105
13	194	348	52	105
14	195	348	53	106
15	197	347	53	106
16	198	347	53	107
17	199	347	53	107
18	201	347	53	107
19	202	347	54	108
20	204	346	54	108
21	205	346	54	109
22	206	346	54	109
23	207	345	54	109
24	208	344	55	110
25	209	344	55	110
26	210	343	55	110
27	211	342	55	110
28	211	342	55	110
29	211	341	55	110
30	212	340	55	110
31	213	340	55	110
32	215	339	55	110
33	217	339	55	110
34	219	339	55	111
35	222	338	55	111
36	225	338	55	111
37	228	338	56	112
38	231	338	56	112
39	233	337	56	113
40	236	337	57	114
41	238	337	57	115
42	240	336	58	116
43	242	336	58	117
44	243	335	59	119
45	244	334	60	120
46	246	334	61	122
47	247	333	61	123
48	249	333	62	124
49	251	332	62	125
50	253	331	63	126
51	254	331	63	127
52	256	330	64	128
53	257	329	64	129
54	259	329	64	129
55	260	328	65	130
56	261	328	65	131
57	262	327	66	132
58	263	326	66	133
59	263	326	67	134
60	264	326	67	135
61	264	325	67	135
62	265	325	68	136
63	266	325	68	137
64	268	325	68	137
65	269	325	69	138
66	270	325	69	139
67	271	326	69	139
68	272	326	70	140
69	273	325	70	140
70	273	325	70	140
71	274	325	70	141
72	275	324	70	141
73	275	324	70	141
74	276	324	70	141
75	277	324	71	142
76	277	324	71	142
77	278	323	71	142
78	279	323	71	142
79	280	323	71	142
80	281	323	71	143
81	283	323	71	143
82	284	322	71	143
83	286	322	71	143
84	288	322	71	143
85	290	321	71	143
86	292	321	71	142
87	294	321	71	142
88	297	320	71	142
89	300	320	71	142
3D Trajetory (frame, x, z, height, pose)
1	-8.11	9.34	1.87	2.00
2	-8.00	9.23	1.86	2.00
3	-7.89	9.11	1.85	2.00
4	-7.83	9.06	1.84	2.00
5	-7.77	9.00	1.84	2.00
6	-7.74	8.96	1.84	2.00
7	-7.70	8.92	1.85	4.00
8	-7.63	8.85	1.84	4.00
9	-7.56	8.78	1.84	4.00
10	-7.50	8.72	1.84	4.00
11	-7.44	8.66	1.83	4.00
12	-7.39	8.63	1.83	4.00
13	-7.34	8.61	1.83	4.00
14	-7.26	8.53	1.82	4.00
15	-7.17	8.45	1.81	2.00
16	-7.10	8.39	1.81	2.00
17	-7.03	8.32	1.81	1.00
18	-6.99	8.30	1.81	1.00
19	-6.95	8.29	1.81	4.00
20	-6.89	8.25	1.81	4.00
21	-6.84	8.22	1.81	4.00
22	-6.78	8.18	1.81	4.00
23	-6.73	8.14	1.81	4.00
24	-6.68	8.11	1.81	4.00
25	-6.64	8.08	1.81	4.00
26	-6.71	8.16	1.82	4.00
27	-6.78	8.25	1.84	4.00
28	-6.77	8.25	1.84	4.00
29	-6.76	8.25	1.84	2.00
30	-6.72	8.22	1.84	2.00
31	-6.69	8.20	1.83	2.00
32	-6.65	8.18	1.83	2.00
33	-6.62	8.17	1.83	2.00
34	-6.59	8.15	1.84	2.00
35	-6.57	8.13	1.84	2.00
36	-6.46	8.15	1.84	2.00
37	-6.36	8.17	1.84	4.00
38	-6.25	8.10	1.84	4.00
39	-6.15	8.03	1.83	4.00
40	-6.07	7.95	1.83	4.00
41	-5.99	7.88	1.83	4.00
42	-5.92	7.84	1.83	4.00
43	-5.85	7.80	1.84	4.00
44	-5.72	7.65	1.84	4.00
45	-5.58	7.51	1.84	3.00
46	-5.51	7.45	1.84	3.00
47	-5.44	7.39	1.84	4.00
48	-5.36	7.30	1.84	4.00
49	-5.28	7.20	1.84	1.00
50	-5.22	7.19	1.84	1.00
51	-5.17	7.18	1.84	4.00
52	-5.11	7.14	1.84	4.00
53	-5.05	7.11	1.84	4.00
54	-4.99	7.06	1.84	4.00
55	-4.93	7.01	1.84	4.00
56	-4.87	6.97	1.84	4.00
57	-4.82	6.92	1.84	4.00
58	-4.77	6.89	1.84	4.00
59	-4.72	6.86	1.84	4.00
60	-4.67	6.82	1.84	4.00
61	-4.63	6.78	1.84	4.00
62	-4.57	6.72	1.84	4.00
63	-4.51	6.67	1.84	2.00
64	-4.47	6.66	1.84	2.00
65	-4.43	6.65	1.84	2.00
66	-4.40	6.64	1.84	2.00
67	-4.37	6.64	1.84	2.00
68	-4.33	6.62	1.84	2.00
69	-4.28	6.61	1.84	4.00
70	-4.25	6.59	1.84	4.00
71	-4.21	6.56	1.84	4.00
72	-4.17	6.53	1.84	4.00
73	-4.14	6.50	1.84	4.00
74	-4.12	6.54	1.84	4.00
75	-4.10	6.58	1.84	4.00
76	-4.07	6.59	1.84	4.00
77	-4.05	6.61	1.84	4.00
78	-4.01	6.61	1.84	4.00
79	-3.98	6.61	1.84	4.00
80	-3.93	6.59	1.84	4.00
81	-3.88	6.57	1.84	3.00
82	-3.85	6.56	1.84	3.00
83	-3.82	6.56	1.84	3.00
84	-3.78	6.55	1.84	3.00
85	-3.74	6.55	1.85	3.00
86	-3.71	6.54	1.84	3.00
87	-3.67	6.53	1.84	3.00
88	-3.72	6.67	1.85	3.00
89	-3.77	6.82	1.85	3.00
Target 4 (frames from 1 to 145)
Bounding Boxes (frame, x, y, width, height)
1	995	319	103	206
2	994	318	103	207
3	993	317	104	209
4	992	316	104	209
5	991	315	105	210
6	990	315	105	211
7	988	314	105	211
8	987	313	105	211
9	986	313	105	211
10	985	312	105	211
11	983	312	105	211
12	981	312	105	210
13	980	311	104	209
14	979	311	104	208
15	978	311	103	206
16	977	310	102	205
17	977	310	102	205
18	977	310	102	204
19	977	310	101	203
20	977	309	101	203
21	977	309	101	203
22	977	308	101	203
23	977	308	102	204
24	977	307	102	204
25	977	306	102	205
26	978	305	103	207
27	978	304	103	207
28	979	303	104	208
29	979	302	104	209
30	979	301	105	210
31	979	301	105	211
32	979	300	106	212
33	979	299	106	213
34	978	298	107	214
35	978	298	107	215
36	978	297	108	216
37	977	296	108	217
38	976	296	109	218
39	976	295	109	219
40	975	295	110	220
41	974	294	110	220
42	972	294	110	221
43	972	293	110	221
44	971	293	111	222
45	970	293	111	222
46	970	292	111	222
47	969	292	110	221
48	969	292	110	221
49	968	292	110	220
50	968	292	110	220
51	968	292	109	219
52	967	292	109	219
53	967	291	109	218
54	967	291	108	217
55	967	291	108	217
56	967	291	108	216
57	966	290	108	216
58	966	290	107	215
59	966	290	107	215
60	966	290	108	216
61	966	289	108	216
62	966	289	108	216
63	966	289	108	217
64	966	289	108	217
65	966	289	109	218
66	965	289	109	219
67	965	289	110	220
68	964	289	110	221
69	963	288	110	221
70	962	288	111	222
71	960	288	110	221
72	958	288	110	221
73	955	288	110	220
74	953	288	109	219
75	950	288	109	218
76	948	289	108	216
77	945	289	107	215
78	942	289	106	213
79	940	289	105	211
80	938	290	105	210
81	936	290	105	210
82	935	290	104	209
83	935	290	104	209
84	934	289	104	209
85	934	289	105	210
86	933	288	105	211
87	933	287	106	212
88	933	286	107	214
89	932	286	107	215
90	932	285	108	217
91	931	284	109	218
92	930	284	109	219
93	929	283	110	220
94	926	282	110	221
95	923	282	110	221
96	920	281	111	222
97	917	280	111	222
98	913	279	111	223
99	910	278	111	223
100	906	277	111	223
101	903	276	111	223
102	899	275	111	222
103	895	274	111	222
104	892	273	111	222
105	889	272	111	222
106	887	271	111	222
107	885	270	110	221
108	883	270	110	221
109	881	270	110	221
110	880	270	110	220
111	878	270	110	220
112	876	270	110	220
113	874	270	110	220
114	871	270	110	220
115	868	270	110	220
116	865	270	110	220
117	862	269	110	220
118	858	269	110	220
119	853	268	110	220
120	849	267	110	220
121	844	266	110	220
122	839	265	110	220
123	834	263	110	220
124	829	262	110	220
125	824	261	110	220
126	819	260	110	220
127	813	259	110	220
128	808	259	110	220
129	803	258	110	220
130	797	257	110	220
131	792	257	110	220
132	787	256	110	220
133	781	256	110	220
134	776	256	110	220
135	770	255	110	220
136	764	254	110	220
137	758	253	110	221
138	752	251	110	221
139	746	249	111	222
140	740	247	111	222
141	734	245	111	223
142	727	242	112	224
143	721	240	112	225
144	714	237	113	226
145	708	233	114	228
3D Trajetory (frame, x, z, height, pose)
1	3.75	4.74	1.95	3.00
2	3.80	4.80	1.98	3.00
3	3.85	4.86	2.00	2.00
4	3.85	4.85	2.01	2.00
5	3.84	4.85	2.02	2.00
6	3.82	4.82	2.02	2.00
7	3.80	4.79	2.02	2.00
8	3.79	4.81	2.02	2.00
9	3.78	4.84	2.02	2.00
10	3.77	4.85	2.03	2.00
11	3.76	4.86	2.04	3.00
12	3.77	4.88	2.04	3.00
13	3.77	4.89	2.04	3.00
14	3.77	4.90	2.05	3.00
15	3.77	4.91	2.05	2.00
16	3.83	5.01	2.05	2.00
17	3.88	5.11	2.05	3.00
18	3.88	5.11	2.05	3.00
19	3.88	5.12	2.05	1.00
20	3.88	5.11	2.06	1.00
21	3.88	5.11	2.06	1.00
22	3.89	5.10	2.07	1.00
23	3.89	5.09	2.08	2.00
24	3.89	5.09	2.08	2.00
25	3.88	5.09	2.09	2.00
26	3.87	5.07	2.09	2.00
27	3.85	5.05	2.08	2.00
28	3.85	5.03	2.08	2.00
29	3.84	5.02	2.08	3.00
30	3.82	4.99	2.08	3.00
31	3.80	4.96	2.09	3.00
32	3.80	4.94	2.09	3.00
33	3.80	4.93	2.08	3.00
34	3.79	4.91	2.09	3.00
35	3.77	4.89	2.09	3.00
36	3.75	4.87	2.10	3.00
37	3.73	4.86	2.10	3.00
38	3.71	4.85	2.10	3.00
39	3.70	4.84	2.10	3.00
40	3.68	4.81	2.10	3.00
41	3.66	4.79	2.10	3.00
42	3.65	4.78	2.10	3.00
43	3.63	4.77	2.10	3.00
44	3.62	4.76	2.10	3.00
45	3.61	4.75	2.11	3.00
46	3.61	4.76	2.10	3.00
47	3.61	4.77	2.10	3.00
48	3.60	4.76	2.10	3.00
49	3.59	4.76	2.10	3.00
50	3.61	4.78	2.10	3.00
51	3.62	4.81	2.10	3.00
52	3.63	4.82	2.09	3.00
53	3.63	4.84	2.09	3.00
54	3.64	4.84	2.09	3.00
55	3.65	4.84	2.09	3.00
56	3.65	4.84	2.09	3.00
57	3.65	4.84	2.09	3.00
58	3.66	4.83	2.09	3.00
59	3.66	4.83	2.09	3.00
60	3.68	4.84	2.09	3.00
61	3.69	4.85	2.09	3.00
62	3.70	4.85	2.09	3.00
63	3.71	4.85	2.09	3.00
64	3.67	4.79	2.09	3.00
65	3.64	4.73	2.09	3.00
66	3.65	4.73	2.09	3.00
67	3.65	4.72	2.09	3.00
68	3.64	4.71	2.09	3.00
69	3.63	4.69	2.09	3.00
70	3.60	4.67	2.09	3.00
71	3.58	4.64	2.10	3.00
72	3.60	4.67	2.10	3.00
73	3.62	4.69	2.10	3.00
74	3.60	4.67	2.09	3.00
75	3.58	4.66	2.09	3.00
76	3.62	4.73	2.09	3.00
77	3.65	4.81	2.09	3.00
78	3.64	4.81	2.09	3.00
79	3.63	4.81	2.09	3.00
80	3.66	4.84	2.09	3.00
81	3.68	4.88	2.09	3.00
82	3.68	4.88	2.09	3.00
83	3.68	4.88	2.09	3.00
84	3.66	4.85	2.09	3.00
85	3.64	4.83	2.09	3.00
86	3.62	4.78	2.09	3.00
87	3.61	4.74	2.09	3.00
88	3.59	4.71	2.09	3.00
89	3.57	4.69	2.09	3.00
90	3.53	4.63	2.08	3.00
91	3.50	4.58	2.08	3.00
92	3.48	4.56	2.08	3.00
93	3.47	4.53	2.08	3.00
94	3.46	4.51	2.08	3.00
95	3.45	4.49	2.08	3.00
96	3.43	4.49	2.08	3.00
97	3.41	4.48	2.08	3.00
98	3.39	4.46	2.08	3.00
99	3.38	4.44	2.08	3.00
100	3.35	4.42	2.08	3.00
101	3.31	4.39	2.08	3.00
102	3.31	4.38	2.08	3.00
103	3.30	4.37	2.08	3.00
104	3.29	4.36	2.08	3.00
105	3.28	4.35	2.08	3.00
106	3.29	4.37	2.08	3.00
107	3.31	4.40	2.08	3.00
108	3.30	4.38	2.08	3.00
109	3.30	4.36	2.08	3.00
110	3.30	4.35	2.08	3.00
111	3.30	4.34	2.08	3.00
112	3.29	4.33	2.08	3.00
113	3.28	4.32	2.08	3.00
114	3.28	4.32	2.08	3.00
115	3.28	4.33	2.08	3.00
116	3.26	4.33	2.08	3.00
117	3.24	4.33	2.08	3.00
118	3.22	4.30	2.08	3.00
119	3.19	4.28	2.08	3.00
120	3.17	4.28	2.07	3.00
121	3.15	4.28	2.07	3.00
122	3.12	4.26	2.07	3.00
123	3.10	4.24	2.07	3.00
124	3.08	4.23	2.07	3.00
125	3.06	4.23	2.07	2.00
126	3.03	4.21	2.07	2.00
127	3.00	4.19	2.07	2.00
128	2.98	4.18	2.07	2.00
129	2.95	4.17	2.07	2.00
130	2.92	4.17	2.07	2.00
131	2.90	4.18	2.07	3.00
132	2.87	4.18	2.07	3.00
133	2.85	4.18	2.07	3.00
134	2.82	4.16	2.07	3.00
135	2.79	4.13	2.07	3.00
136	2.77	4.14	2.07	3.00
137	2.76	4.14	2.07	3.00
138	2.73	4.12	2.07	3.00
139	2.71	4.10	2.07	3.00
140	2.66	4.06	2.07	3.00
141	2.61	4.02	2.06	3.00
142	2.60	3.99	2.06	3.00
143	2.59	3.96	2.06	3.00
144	2.55	3.94	2.06	3.00
145	2.52	3.93	2.06	3.00
Target 5 (frames from 1 to 387)
Bounding Boxes (frame, x, y, width, height)
1	142	353	56	113
2	143	353	56	113
3	143	353	56	113
4	144	354	56	113
5	144	354	56	113
6	145	354	57	114
7	146	354	57	114
8	147	354	57	114
9	148	354	57	114
10	149	353	57	115
11	150	353	57	115
12	151	352	57	115
13	153	352	58	116
14	154	351	58	116
15	156	351	58	117
16	157	350	58	117
17	159	350	58	117
18	160	350	59	118
19	161	350	59	118
20	163	349	59	119
21	164	349	59	119
22	165	349	60	120
23	166	348	60	120
24	167	348	60	121
25	169	347	60	121
26	170	347	61	122
27	172	346	61	122
28	174	345	61	123
29	176	344	62	124
30	178	344	62	124
31	179	343	62	125
32	181	342	63	126
33	183	342	63	127
34	185	341	64	128
35	187	340	64	128
36	189	340	64	129
37	191	339	65	130
38	193	339	65	131
39	194	339	66	132
40	196	338	66	133
41	197	338	66	133
42	198	338	67	134
43	199	337	67	134
44	200	337	67	134
45	201	337	67	135
46	203	336	67	135
47	204	336	67	135
48	206	336	67	135
49	208	336	67	135
50	210	335	67	135
51	212	335	67	135
52	214	334	68	136
53	216	334	68	137
54	217	333	69	138
55	219	332	69	139
56	220	331	70	141
57	221	331	71	142
58	222	330	71	143
59	222	330	72	144
60	222	329	73	146
61	223	329	73	147
62	223	328	74	149
63	224	328	75	150
64	224	328	75	151
65	225	328	76	153
66	227	328	77	154
67	228	328	77	155
68	229	328	78	157
69	230	327	79	158
70	231	327	79	159
71	233	327	80	160
72	234	326	80	161
73	235	326	81	162
74	236	326	82	164
75	237	325	82	165
76	239	325	83	167
77	240	324	84	168
78	241	324	85	170
79	242	324	86	172
80	243	323	87	174
81	244	323	88	176
82	246	322	88	177
83	248	322	89	178
84	250	321	89	179
85	252	321	90	180
86	253	320	90	181
87	255	319	91	182
88	257	318	91	182
89	259	318	91	183
90	261	317	92	184
91	262	317	92	185
92	263	316	93	187
93	264	316	94	188
94	264	315	95	190
95	264	314	95	191
96	264	313	96	193
97	263	312	97	195
98	263	311	98	197
99	263	310	99	198
100	262	308	100	200
101	262	307	101	202
102	262	305	102	204
103	261	304	103	206
104	261	302	104	208
105	261	301	105	210
106	262	299	106	212
107	262	299	107	214
108	262	298	108	216
109	262	297	109	219
110	261	297	110	221
111	261	296	112	224
112	261	296	113	226
113	261	295	114	228
114	261	295	115	230
115	260	295	116	232
116	260	294	117	234
117	260	294	118	236
118	260	293	119	239
119	259	292	120	241
120	258	290	121	243
121	257	289	122	245
122	256	287	123	247
123	255	285	125	250
124	254	284	127	254
125	252	282	129	258
126	251	280	131	262
127	251	279	133	267
128	250	277	136	273
129	250	275	139	278
130	250	274	141	283
131	251	273	144	288
132	252	271	146	293
133	253	270	149	298
134	255	269	151	303
135	257	267	154	308
136	259	266	155	311
137	261	263	157	315
138	263	261	158	317
139	265	259	160	320
140	268	256	161	323
141	270	254	163	326
142	272	251	164	329
143	275	248	166	333
144	278	245	167	335
145	281	243	168	337
146	284	241	169	338
147	287	239	170	340
148	290	238	171	342
149	294	237	172	344
150	297	236	172	345
151	302	237	173	347
152	306	238	174	348
153	310	238	175	350
154	314	238	176	353
155	317	238	178	357
156	320	239	181	363
157	323	238	185	371
158	325	237	189	379
159	328	236	193	387
160	331	234	197	394
161	335	232	200	400
162	340	230	202	405
163	344	228	205	410
164	349	225	207	415
165	353	223	211	422
166	358	221	213	427
167	363	219	216	432
168	368	217	218	436
169	372	216	220	441
170	375	214	223	446
171	377	212	227	454
172	379	210	231	462
173	381	208	234	469
174	384	206	238	476
175	389	201	240	480
176	395	196	241	482
177	402	191	239	479
178	411	187	237	475
179	422	182	234	469
180	432	178	231	463
181	443	173	228	456
182	454	170	224	448
183	466	167	220	441
184	478	164	217	435
185	488	160	216	432
186	497	157	215	431
187	504	156	216	433
188	508	155	219	439
189	511	154	224	449
190	512	151	230	460
191	514	148	236	473
192	514	142	243	486
193	514	134	249	498
194	512	126	255	510
195	510	118	261	522
196	509	110	266	532
197	508	103	270	541
198	509	97	273	546
199	512	93	274	549
200	518	90	275	550
201	526	88	275	551
202	535	87	275	551
203	547	86	275	550
204	559	87	274	549
205	573	90	273	547
206	588	92	272	545
207	604	93	272	544
208	621	93	271	542
209	636	93	270	541
210	650	93	269	539
211	662	92	268	537
212	672	91	267	535
213	682	90	266	532
214	690	90	264	529
215	698	91	262	524
216	705	93	259	519
217	710	94	256	513
218	713	96	253	507
219	715	96	251	502
220	716	96	248	497
221	714	95	247	494
222	712	95	246	493
223	710	95	245	490
224	708	95	244	488
225	705	95	242	485
226	701	95	241	483
227	696	95	240	481
228	691	96	239	479
229	686	97	237	475
230	681	99	235	470
231	677	101	232	464
232	673	104	228	457
233	669	107	225	450
234	666	110	220	441
235	663	112	215	430
236	660	114	210	420
237	657	116	205	410
238	654	118	201	402
239	651	121	197	394
240	648	125	193	387
241	645	128	189	379
242	643	131	186	372
243	639	133	183	367
244	636	136	181	363
245	633	138	180	360
246	629	141	179	358
247	625	144	178	356
248	621	147	178	356
249	617	149	178	356
250	613	152	178	357
251	610	154	179	358
252	607	156	179	358
253	605	158	179	358
254	603	159	179	358
255	602	160	178	357
256	601	161	178	356
257	600	163	177	354
258	599	165	175	351
259	598	167	174	349
260	597	170	173	346
261	596	173	171	342
262	595	176	169	338
263	594	179	167	334
264	593	182	165	331
265	591	184	164	328
266	589	187	162	324
267	587	189	160	321
268	586	191	158	317
269	585	192	157	314
270	584	193	155	310
271	584	194	153	307
272	583	194	152	304
273	583	194	150	301
274	583	195	149	298
275	583	196	147	294
276	583	198	145	291
277	583	200	143	287
278	583	202	142	284
279	584	205	140	280
280	585	208	138	277
281	586	210	136	273
282	586	212	135	270
283	587	213	133	267
284	588	215	132	265
285	589	216	131	262
286	590	216	129	259
287	590	217	128	257
288	591	217	127	255
289	592	218	127	255
290	592	218	127	254
291	592	219	126	252
292	592	221	126	252
293	592	223	125	251
294	593	225	125	250
295	593	227	125	250
296	594	230	124	248
297	594	233	123	247
298	594	235	122	245
299	595	237	121	243
300	595	239	120	241
301	595	240	119	238
302	595	241	118	236
303	595	242	117	234
304	596	243	115	231
305	596	243	114	228
306	596	244	112	225
307	596	245	110	221
308	597	246	109	218
309	598	246	108	216
310	599	247	106	213
311	600	247	105	211
312	601	247	104	209
313	603	248	103	207
314	605	248	102	205
315	606	249	102	204
316	608	249	101	203
317	610	250	101	202
318	611	250	101	203
319	613	251	101	203
320	615	251	101	203
321	617	252	101	203
322	619	253	101	202
323	621	254	100	201
324	624	255	100	200
325	626	255	99	199
326	629	256	99	198
327	631	257	98	197
328	633	257	98	196
329	635	257	97	195
330	637	257	97	195
331	638	257	97	194
332	639	257	97	194
333	640	257	97	194
334	640	258	96	193
335	640	259	96	193
336	640	260	96	192
337	640	261	95	190
338	639	261	94	188
339	639	262	92	185
340	639	263	91	182
341	639	263	89	178
342	640	264	87	175
343	640	265	86	172
344	640	265	84	169
345	640	266	83	166
346	640	266	82	164
347	639	267	81	162
348	638	267	80	160
349	637	267	79	159
350	636	268	79	159
351	635	269	79	158
352	634	270	79	158
353	633	270	79	158
354	632	271	79	158
355	632	271	78	157
356	632	271	78	156
357	633	272	77	155
358	634	272	77	155
359	636	272	77	154
360	638	272	76	153
361	641	272	76	152
362	643	272	75	151
363	645	272	75	150
364	648	271	74	149
365	650	271	74	149
366	652	271	74	149
367	653	270	74	149
368	655	270	75	150
369	656	270	75	150
370	657	270	75	151
371	659	270	76	152
372	660	270	76	153
373	661	270	76	153
374	662	271	77	154
375	663	271	77	154
376	665	271	77	154
377	666	271	77	154
378	668	271	77	154
379	669	272	76	153
380	671	272	76	153
381	672	272	76	153
382	674	272	76	152
383	675	272	75	151
384	677	272	75	150
385	679	273	74	149
386	680	273	74	148
387	682	273	73	147
3D Trajetory (frame, x, z, height, pose)
1	-7.23	7.53	1.74	2.00
2	-7.21	7.53	1.73	2.00
3	-7.19	7.52	1.73	2.00
4	-7.18	7.50	1.72	2.00
5	-7.17	7.48	1.72	2.00
6	-7.13	7.47	1.72	2.00
7	-7.09	7.45	1.72	2.00
8	-7.05	7.44	1.72	2.00
9	-7.01	7.42	1.72	2.00
10	-6.98	7.41	1.72	2.00
11	-6.95	7.40	1.72	1.00
12	-6.90	7.37	1.72	1.00
13	-6.85	7.33	1.72	2.00
14	-6.80	7.30	1.72	2.00
15	-6.75	7.28	1.72	2.00
16	-6.71	7.26	1.72	2.00
17	-6.67	7.25	1.73	2.00
18	-6.64	7.23	1.73	2.00
19	-6.60	7.21	1.73	2.00
20	-6.54	7.17	1.73	2.00
21	-6.48	7.12	1.73	1.00
22	-6.44	7.09	1.73	1.00
23	-6.40	7.06	1.73	4.00
24	-6.36	7.04	1.73	4.00
25	-6.33	7.02	1.73	2.00
26	-6.28	6.99	1.73	2.00
27	-6.23	6.96	1.73	2.00
28	-6.19	6.94	1.73	2.00
29	-6.16	6.92	1.73	2.00
30	-6.07	6.89	1.73	2.00
31	-5.99	6.85	1.73	2.00
32	-5.93	6.82	1.74	2.00
33	-5.88	6.79	1.74	2.00
34	-5.82	6.75	1.75	2.00
35	-5.76	6.71	1.75	2.00
36	-5.71	6.68	1.75	2.00
37	-5.66	6.65	1.75	2.00
38	-5.61	6.62	1.76	2.00
39	-5.55	6.59	1.76	2.00
40	-5.50	6.56	1.76	2.00
41	-5.45	6.54	1.76	2.00
42	-5.39	6.50	1.76	2.00
43	-5.33	6.45	1.76	2.00
44	-5.30	6.43	1.76	2.00
45	-5.27	6.40	1.76	2.00
46	-5.29	6.44	1.75	2.00
47	-5.31	6.48	1.75	2.00
48	-5.28	6.46	1.75	2.00
49	-5.24	6.44	1.75	2.00
50	-5.19	6.40	1.75	2.00
51	-5.13	6.36	1.75	2.00
52	-5.07	6.35	1.75	2.00
53	-5.01	6.34	1.75	2.00
54	-4.95	6.31	1.75	2.00
55	-4.88	6.27	1.75	2.00
56	-4.81	6.19	1.75	2.00
57	-4.73	6.12	1.76	2.00
58	-4.67	6.07	1.76	2.00
59	-4.61	6.03	1.76	2.00
60	-4.57	5.99	1.76	2.00
61	-4.52	5.95	1.76	2.00
62	-4.48	5.91	1.76	2.00
63	-4.44	5.88	1.76	4.00
64	-4.39	5.85	1.76	4.00
65	-4.34	5.82	1.76	1.00
66	-4.25	5.74	1.76	1.00
67	-4.16	5.67	1.77	1.00
68	-4.10	5.62	1.77	1.00
69	-4.05	5.57	1.77	1.00
70	-3.99	5.53	1.77	1.00
71	-3.93	5.49	1.77	2.00
72	-3.90	5.50	1.77	2.00
73	-3.87	5.51	1.76	2.00
74	-3.81	5.48	1.76	2.00
75	-3.75	5.45	1.77	2.00
76	-3.69	5.42	1.77	2.00
77	-3.63	5.38	1.77	4.00
78	-3.55	5.31	1.77	4.00
79	-3.47	5.23	1.77	4.00
80	-3.39	5.17	1.77	4.00
81	-3.31	5.10	1.77	2.00
82	-3.26	5.07	1.77	2.00
83	-3.21	5.03	1.77	2.00
84	-3.18	5.03	1.77	2.00
85	-3.16	5.02	1.77	2.00
86	-3.13	5.04	1.77	2.00
87	-3.11	5.05	1.78	2.00
88	-3.07	5.03	1.78	2.00
89	-3.04	5.01	1.78	2.00
90	-2.99	4.97	1.78	2.00
91	-2.95	4.93	1.78	4.00
92	-2.90	4.89	1.78	4.00
93	-2.85	4.84	1.78	4.00
94	-2.79	4.79	1.78	4.00
95	-2.74	4.74	1.78	2.00
96	-2.72	4.74	1.78	2.00
97	-2.69	4.74	1.77	2.00
98	-2.65	4.71	1.77	2.00
99	-2.61	4.69	1.78	2.00
100	-2.56	4.65	1.78	2.00
101	-2.51	4.62	1.78	2.00
102	-2.47	4.58	1.78	2.00
103	-2.42	4.53	1.78	2.00
104	-2.37	4.50	1.78	2.00
105	-2.32	4.46	1.78	2.00
106	-2.28	4.43	1.78	2.00
107	-2.24	4.41	1.78	2.00
108	-2.19	4.37	1.78	2.00
109	-2.15	4.34	1.78	2.00
110	-2.11	4.29	1.78	2.00
111	-2.07	4.25	1.78	2.00
112	-2.04	4.21	1.78	2.00
113	-2.01	4.17	1.78	2.00
114	-1.97	4.12	1.78	2.00
115	-1.93	4.07	1.78	2.00
116	-1.89	4.04	1.78	2.00
117	-1.85	4.01	1.78	2.00
118	-1.82	4.01	1.78	2.00
119	-1.80	4.00	1.78	2.00
120	-1.76	3.98	1.78	2.00
121	-1.73	3.96	1.77	2.00
122	-1.69	3.92	1.78	2.00
123	-1.65	3.87	1.78	2.00
124	-1.61	3.82	1.78	2.00
125	-1.57	3.77	1.78	2.00
126	-1.53	3.74	1.78	2.00
127	-1.50	3.70	1.78	2.00
128	-1.43	3.62	1.78	2.00
129	-1.37	3.53	1.78	2.00
130	-1.31	3.47	1.78	2.00
131	-1.25	3.40	1.78	1.00
132	-1.19	3.35	1.78	1.00
133	-1.13	3.29	1.78	1.00
134	-1.08	3.25	1.78	1.00
135	-1.03	3.21	1.78	2.00
136	-0.99	3.19	1.78	2.00
137	-0.94	3.17	1.78	2.00
138	-0.89	3.14	1.78	2.00
139	-0.83	3.11	1.78	2.00
140	-0.78	3.08	1.78	2.00
141	-0.73	3.04	1.79	4.00
142	-0.69	3.04	1.79	4.00
143	-0.65	3.04	1.79	3.00
144	-0.59	3.02	1.79	3.00
145	-0.54	3.00	1.79	1.00
146	-0.49	2.95	1.79	1.00
147	-0.43	2.90	1.79	4.00
148	-0.38	2.86	1.79	4.00
149	-0.33	2.82	1.79	4.00
150	-0.29	2.87	1.78	4.00
151	-0.24	2.92	1.78	2.00
152	-0.20	2.90	1.78	2.00
153	-0.16	2.88	1.78	2.00
154	-0.11	2.78	1.78	2.00
155	-0.07	2.68	1.78	2.00
156	-0.02	2.69	1.78	2.00
157	0.03	2.71	1.78	2.00
158	0.07	2.63	1.78	2.00
159	0.11	2.55	1.78	2.00
160	0.16	2.45	1.78	2.00
161	0.20	2.34	1.78	4.00
162	0.24	2.28	1.78	4.00
163	0.28	2.22	1.78	3.00
164	0.34	2.22	1.78	3.00
165	0.39	2.22	1.78	3.00
166	0.45	2.22	1.78	3.00
167	0.51	2.21	1.78	1.00
168	0.55	2.14	1.79	1.00
169	0.59	2.06	1.79	2.00
170	0.63	1.98	1.79	2.00
171	0.67	1.90	1.79	2.00
172	0.71	1.86	1.79	2.00
173	0.76	1.82	1.79	2.00
174	0.79	1.79	1.79	2.00
175	0.81	1.77	1.79	2.00
176	0.84	1.72	1.79	2.00
177	0.87	1.66	1.79	2.00
178	0.94	1.64	1.79	2.00
179	1.01	1.61	1.80	2.00
180	1.12	1.59	1.80	2.00
181	1.23	1.58	1.80	1.00
182	1.32	1.57	1.80	1.00
183	1.41	1.56	1.80	2.00
184	1.46	1.54	1.80	2.00
185	1.51	1.52	1.80	2.00
186	1.53	1.43	1.80	2.00
187	1.54	1.35	1.80	2.00
188	1.59	1.30	1.80	2.00
189	1.65	1.25	1.80	2.00
190	1.62	1.15	1.80	2.00
191	1.58	1.04	1.80	2.00
192	1.56	0.98	1.80	2.00
193	1.54	0.91	1.80	1.00
194	1.53	0.86	1.80	1.00
195	1.51	0.80	1.80	3.00
196	1.50	0.74	1.80	3.00
197	1.49	0.68	1.80	3.00
198	1.51	0.66	1.80	3.00
199	1.52	0.63	1.80	1.00
200	1.53	0.58	1.80	1.00
201	1.54	0.53	1.80	1.00
202	1.56	0.46	1.80	1.00
203	1.59	0.39	1.80	1.00
204	1.64	0.32	1.80	1.00
205	1.69	0.25	1.81	1.00
206	1.69	0.17	1.81	1.00
207	1.69	0.09	1.81	1.00
208	1.70	0.05	1.81	1.00
209	1.70	0.01	1.81	1.00
210	1.73	-0.06	1.81	1.00
211	1.76	-0.12	1.81	1.00
212	1.78	-0.18	1.81	1.00
213	1.80	-0.24	1.81	1.00
214	1.81	-0.29	1.81	1.00
215	1.82	-0.33	1.81	1.00
216	1.82	-0.37	1.81	1.00
217	1.81	-0.40	1.81	1.00
218	1.85	-0.45	1.80	1.00
219	1.90	-0.50	1.80	1.00
220	1.89	-0.51	1.80	1.00
221	1.88	-0.53	1.80	1.00
222	1.89	-0.56	1.80	1.00
223	1.91	-0.59	1.80	1.00
224	1.91	-0.61	1.80	1.00
225	1.92	-0.64	1.80	1.00
226	1.87	-0.66	1.80	1.00
227	1.83	-0.68	1.80	2.00
228	1.81	-0.70	1.80	2.00
229	1.78	-0.71	1.80	4.00
230	1.85	-0.77	1.80	4.00
231	1.91	-0.83	1.80	4.00
232	1.89	-0.85	1.80	4.00
233	1.87	-0.87	1.80	4.00
234	1.90	-0.90	1.80	4.00
235	1.94	-0.92	1.80	4.00
236	1.98	-0.97	1.80	4.00
237	2.02	-1.02	1.80	2.00
238	2.04	-1.06	1.80	2.00
239	2.05	-1.09	1.79	2.00
240	2.09	-1.13	1.79	2.00
241	2.13	-1.17	1.79	2.00
242	2.15	-1.20	1.79	2.00
243	2.17	-1.23	1.79	4.00
244	2.17	-1.26	1.79	4.00
245	2.17	-1.28	1.79	4.00
246	2.18	-1.32	1.79	4.00
247	2.19	-1.36	1.79	4.00
248	2.15	-1.35	1.79	4.00
249	2.11	-1.35	1.79	1.00
250	2.11	-1.38	1.79	1.00
251	2.12	-1.41	1.79	2.00
252	2.09	-1.41	1.79	2.00
253	2.06	-1.41	1.79	2.00
254	2.04	-1.42	1.79	2.00
255	2.01	-1.43	1.79	1.00
256	2.02	-1.48	1.79	1.00
257	2.03	-1.52	1.79	4.00
258	2.03	-1.57	1.79	4.00
259	2.03	-1.63	1.79	4.00
260	2.02	-1.66	1.79	4.00
261	2.01	-1.69	1.79	2.00
262	2.01	-1.72	1.79	2.00
263	2.02	-1.75	1.79	2.00
264	2.02	-1.79	1.79	2.00
265	2.02	-1.82	1.79	4.00
266	2.03	-1.86	1.79	4.00
267	2.04	-1.91	1.79	1.00
268	2.04	-1.95	1.79	1.00
269	2.04	-1.99	1.79	1.00
270	2.04	-2.03	1.79	1.00
271	2.05	-2.08	1.79	1.00
272	2.05	-2.12	1.79	1.00
273	2.05	-2.16	1.79	4.00
274	2.05	-2.20	1.79	4.00
275	2.05	-2.25	1.79	4.00
276	2.04	-2.29	1.79	4.00
277	2.04	-2.33	1.79	4.00
278	2.03	-2.34	1.78	4.00
279	2.02	-2.36	1.78	4.00
280	2.07	-2.46	1.79	4.00
281	2.12	-2.56	1.79	4.00
282	2.11	-2.59	1.79	4.00
283	2.11	-2.63	1.79	2.00
284	2.11	-2.66	1.79	2.00
285	2.10	-2.70	1.79	4.00
286	2.09	-2.72	1.79	4.00
287	2.08	-2.74	1.79	4.00
288	2.07	-2.78	1.79	4.00
289	2.06	-2.82	1.79	4.00
290	2.06	-2.86	1.79	4.00
291	2.06	-2.90	1.79	4.00
292	2.05	-2.92	1.79	4.00
293	2.03	-2.94	1.79	4.00
294	2.01	-2.96	1.79	4.00
295	2.00	-2.98	1.79	4.00
296	1.98	-3.01	1.79	4.00
297	1.96	-3.03	1.79	4.00
298	1.95	-3.05	1.79	4.00
299	1.93	-3.07	1.79	2.00
300	1.93	-3.10	1.79	2.00
301	1.94	-3.14	1.79	2.00
302	1.98	-3.24	1.79	2.00
303	2.03	-3.33	1.78	2.00
304	2.04	-3.36	1.78	2.00
305	2.05	-3.39	1.79	2.00
306	2.05	-3.42	1.78	2.00
307	2.05	-3.45	1.78	2.00
308	2.03	-3.45	1.79	2.00
309	2.01	-3.46	1.79	2.00
310	2.06	-3.57	1.78	2.00
311	2.10	-3.68	1.77	4.00
312	2.11	-3.72	1.77	4.00
313	2.11	-3.75	1.77	4.00
314	2.11	-3.79	1.77	4.00
315	2.10	-3.82	1.78	4.00
316	2.08	-3.84	1.78	4.00
317	2.07	-3.86	1.78	4.00
318	2.04	-3.88	1.78	4.00
319	2.02	-3.90	1.78	3.00
320	1.99	-3.90	1.78	3.00
321	1.96	-3.90	1.78	2.00
322	1.94	-3.91	1.78	2.00
323	1.92	-3.92	1.79	4.00
324	1.91	-3.94	1.78	4.00
325	1.89	-3.95	1.78	4.00
326	1.93	-4.09	1.78	4.00
327	1.96	-4.22	1.78	2.00
328	1.92	-4.23	1.78	2.00
329	1.87	-4.23	1.79	2.00
330	1.85	-4.23	1.79	2.00
331	1.82	-4.23	1.79	2.00
332	1.79	-4.22	1.79	2.00
333	1.76	-4.21	1.79	2.00
334	1.75	-4.24	1.79	2.00
335	1.74	-4.26	1.79	4.00
336	1.73	-4.28	1.79	4.00
337	1.72	-4.31	1.79	4.00
338	1.73	-4.42	1.78	4.00
339	1.74	-4.53	1.78	2.00
340	1.74	-4.59	1.78	2.00
341	1.75	-4.65	1.78	2.00
342	1.76	-4.75	1.78	2.00
343	1.77	-4.86	1.78	2.00
344	1.77	-4.97	1.78	2.00
345	1.78	-5.08	1.78	2.00
346	1.77	-5.18	1.78	2.00
347	1.76	-5.27	1.78	2.00
348	1.72	-5.27	1.78	2.00
349	1.69	-5.27	1.78	2.00
350	1.67	-5.29	1.78	2.00
351	1.65	-5.32	1.78	2.00
352	1.63	-5.36	1.78	2.00
353	1.61	-5.41	1.78	2.00
354	1.56	-5.39	1.77	2.00
355	1.52	-5.37	1.77	2.00
356	1.49	-5.37	1.77	2.00
357	1.45	-5.38	1.77	2.00
358	1.45	-5.50	1.77	2.00
359	1.44	-5.61	1.78	1.00
360	1.41	-5.65	1.77	1.00
361	1.39	-5.69	1.77	1.00
362	1.35	-5.71	1.77	1.00
363	1.32	-5.73	1.77	3.00
364	1.29	-5.75	1.77	3.00
365	1.26	-5.78	1.77	2.00
366	1.23	-5.80	1.77	2.00
367	1.20	-5.82	1.77	2.00
368	1.17	-5.81	1.77	2.00
369	1.13	-5.80	1.77	2.00
370	1.09	-5.76	1.77	2.00
371	1.05	-5.72	1.77	2.00
372	1.02	-5.70	1.77	2.00
373	0.98	-5.68	1.77	2.00
374	0.95	-5.68	1.77	2.00
375	0.92	-5.67	1.77	2.00
376	0.89	-5.67	1.77	2.00
377	0.87	-5.66	1.77	2.00
378	0.83	-5.67	1.77	2.00
379	0.79	-5.69	1.77	2.00
380	0.77	-5.77	1.77	2.00
381	0.74	-5.84	1.77	2.00
382	0.71	-5.87	1.77	2.00
383	0.68	-5.90	1.77	2.00
384	0.65	-5.90	1.77	2.00
385	0.62	-5.90	1.77	2.00
386	0.61	-5.91	1.77	2.00
387	0.59	-5.93	1.77	2.00
Target 6 (frames from 1 to 81)
Bounding Boxes (frame, x, y, width, height)
1	63	351	37	74
2	62	351	37	74
3	62	351	37	75
4	61	351	37	75
5	60	351	37	75
6	59	351	37	75
7	58	351	38	76
8	57	351	38	76
9	56	351	38	76
10	55	351	38	76
11	54	351	38	76
12	53	350	38	77
13	52	350	38	77
14	51	349	38	77
15	50	349	38	77
16	49	349	38	77
17	48	349	38	77
18	47	348	39	78
19	47	348	39	78
20	46	348	39	78
21	45	348	39	78
22	44	347	39	78
23	44	347	39	78
24	43	346	39	79
25	43	346	39	79
26	43	345	39	79
27	42	344	39	79
28	42	344	39	79
29	41	343	40	80
30	41	342	40	80
31	40	342	40	80
32	39	342	40	80
33	39	341	40	81
34	38	341	40	81
35	37	340	40	81
36	37	340	40	81
37	36	340	40	81
38	36	340	40	81
39	35	340	41	82
40	35	339	41	82
41	34	339	41	82
42	34	339	41	82
43	34	338	41	82
44	34	338	41	83
45	34	338	41	83
46	34	337	41	83
47	34	337	41	83
48	34	336	41	83
49	34	336	41	83
50	34	336	42	84
51	34	335	42	84
52	33	335	42	84
53	32	334	42	84
54	32	334	42	84
55	31	333	42	84
56	30	333	42	85
57	29	332	42	85
58	28	332	42	85
59	26	332	42	85
60	25	331	42	85
61	24	331	42	85
62	23	331	43	86
63	22	331	43	86
64	21	331	43	86
65	21	331	43	86
66	20	332	43	86
67	18	332	43	87
68	17	332	43	87
69	15	332	43	87
70	13	331	43	87
71	11	331	43	87
72	9	331	43	87
73	7	331	43	87
74	5	331	43	87
75	3	331	43	87
76	1	331	43	87
77	-1	331	43	87
78	-3	330	43	87
79	-6	330	43	87
80	-8	330	43	87
81	-11	330	43	87
3D Trajetory (frame, x, z, height, pose)
1	-14.74	12.92	1.92	4.00
2	-14.67	12.83	1.94	4.00
3	-14.60	12.75	1.97	4.00
4	-14.54	12.68	1.95	4.00
5	-14.47	12.61	1.94	4.00
6	-14.45	12.58	1.94	4.00
7	-14.43	12.56	1.94	3.00
8	-14.40	12.52	1.94	3.00
9	-14.36	12.47	1.94	3.00
10	-14.35	12.44	1.93	3.00
11	-14.34	12.41	1.93	3.00
12	-14.30	12.37	1.92	3.00
13	-14.26	12.32	1.92	3.00
14	-14.20	12.24	1.92	3.00
15	-14.14	12.17	1.91	3.00
16	-14.14	12.15	1.91	3.00
17	-14.13	12.13	1.90	3.00
18	-14.14	12.10	1.91	3.00
19	-14.15	12.07	1.92	1.00
20	-14.14	12.04	1.92	1.00
21	-14.14	12.01	1.92	3.00
22	-14.14	12.01	1.92	3.00
23	-14.15	12.01	1.92	3.00
24	-14.15	11.99	1.92	3.00
25	-14.14	11.97	1.92	3.00
26	-14.13	11.96	1.92	3.00
27	-14.11	11.95	1.93	3.00
28	-14.10	11.94	1.94	3.00
29	-14.09	11.93	1.94	4.00
30	-14.07	11.89	1.94	4.00
31	-14.04	11.85	1.94	2.00
32	-14.02	11.82	1.94	2.00
33	-14.00	11.79	1.94	2.00
34	-13.99	11.76	1.94	2.00
35	-13.97	11.74	1.94	2.00
36	-13.95	11.72	1.94	2.00
37	-13.93	11.70	1.94	2.00
38	-13.91	11.68	1.94	2.00
39	-13.90	11.66	1.94	2.00
40	-13.87	11.63	1.94	2.00
41	-13.84	11.60	1.94	2.00
42	-13.82	11.58	1.94	2.00
43	-13.80	11.55	1.94	3.00
44	-13.77	11.55	1.94	3.00
45	-13.74	11.54	1.94	3.00
46	-13.71	11.51	1.94	3.00
47	-13.67	11.48	1.94	3.00
48	-13.64	11.46	1.94	3.00
49	-13.60	11.44	1.94	4.00
50	-13.59	11.42	1.94	4.00
51	-13.58	11.40	1.94	2.00
52	-13.56	11.38	1.94	2.00
53	-13.54	11.35	1.94	2.00
54	-13.50	11.32	1.94	2.00
55	-13.46	11.29	1.94	4.00
56	-13.45	11.29	1.94	4.00
57	-13.43	11.28	1.94	3.00
58	-13.43	11.28	1.94	3.00
59	-13.42	11.29	1.94	3.00
60	-13.41	11.29	1.93	3.00
61	-13.40	11.29	1.93	3.00
62	-13.37	11.27	1.93	3.00
63	-13.34	11.26	1.93	3.00
64	-13.29	11.22	1.93	3.00
65	-13.24	11.18	1.93	1.00
66	-13.22	11.16	1.93	1.00
67	-13.20	11.15	1.93	2.00
68	-13.20	11.16	1.93	2.00
69	-13.20	11.17	1.93	2.00
70	-13.19	11.16	1.93	2.00
71	-13.18	11.15	1.93	3.00
72	-13.17	11.15	1.93	3.00
73	-13.17	11.15	1.93	3.00
74	-13.18	11.20	1.93	3.00
75	-13.20	11.24	1.93	3.00
76	-13.29	11.33	1.93	3.00
77	-13.38	11.42	1.93	3.00
78	-13.37	11.42	1.93	3.00
79	-13.35	11.42	1.93	3.00
80	-13.35	11.44	1.93	3.00
81	-13.34	11.46	1.93	3.00
Target 7 (frames from 1 to 157)
Bounding Boxes (frame, x, y, width, height)
1	1081	351	56	113
2	1080	351	56	113
3	1079	351	56	113
4	1078	350	57	114
5	1078	350	57	114
6	1077	350	57	114
7	1076	350	57	114
8	1075	349	57	114
9	1075	349	57	114
10	1074	349	57	114
11	1073	348	56	113
12	1072	348	56	113
13	1072	347	56	113
14	1071	347	56	113
15	1071	346	56	113
16	1071	346	56	113
17	1070	346	56	112
18	1070	346	56	112
19	1070	346	56	112
20	1069	345	56	112
21	1069	345	55	111
22	1068	345	55	111
23	1067	344	55	111
24	1067	344	55	110
25	1067	344	55	110
26	1067	343	55	110
27	1067	342	55	110
28	1066	342	54	109
29	1066	341	54	109
30	1066	341	54	109
31	1067	340	54	109
32	1067	340	54	109
33	1067	339	54	109
34	1067	339	54	109
35	1067	338	55	110
36	1067	338	55	110
37	1067	338	54	109
38	1066	338	54	109
39	1066	338	54	109
40	1066	338	54	109
41	1065	338	54	109
42	1065	338	54	109
43	1064	337	54	109
44	1064	337	54	109
45	1063	337	54	109
46	1063	336	54	109
47	1063	336	54	109
48	1063	336	54	109
49	1063	335	54	109
50	1062	335	54	109
51	1062	334	54	109
52	1061	334	55	110
53	1061	333	55	110
54	1060	332	55	110
55	1059	332	55	110
56	1058	332	55	110
57	1057	331	55	111
58	1056	331	55	111
59	1054	330	55	111
60	1053	330	55	111
61	1052	330	56	112
62	1052	330	56	112
63	1051	330	56	112
64	1051	330	56	113
65	1050	330	56	113
66	1050	330	56	113
67	1049	330	56	113
68	1049	330	57	114
69	1048	330	57	114
70	1046	330	57	114
71	1045	330	57	114
72	1044	330	57	114
73	1042	329	57	114
74	1040	329	57	114
75	1038	329	57	114
76	1036	329	57	114
77	1034	329	57	115
78	1032	329	57	115
79	1030	328	57	115
80	1028	328	57	115
81	1027	328	57	115
82	1026	328	58	116
83	1025	328	58	116
84	1024	327	58	116
85	1024	327	58	116
86	1023	327	58	117
87	1022	326	58	117
88	1022	325	58	117
89	1022	325	58	117
90	1021	324	59	118
91	1021	324	59	118
92	1021	323	59	118
93	1020	323	59	118
94	1019	322	59	118
95	1017	322	59	118
96	1015	321	59	118
97	1013	321	59	118
98	1011	320	59	118
99	1008	319	59	118
100	1006	318	59	118
101	1003	317	58	117
102	999	316	58	117
103	995	314	58	117
104	991	313	58	116
105	988	312	58	116
106	984	312	58	116
107	981	311	58	116
108	977	311	58	116
109	975	310	58	116
110	972	310	57	115
111	969	310	57	115
112	967	310	58	116
113	964	310	58	116
114	962	310	58	116
115	959	310	58	116
116	956	310	58	116
117	952	310	58	116
118	949	309	58	117
119	944	308	58	117
120	939	307	58	116
121	933	306	58	116
122	928	305	58	116
123	922	304	58	116
124	917	303	58	116
125	912	302	58	116
126	907	301	58	116
127	902	300	58	116
128	897	299	58	116
129	893	298	58	116
130	888	298	58	116
131	884	297	58	117
132	880	297	58	117
133	875	296	58	117
134	870	296	58	117
135	866	295	59	118
136	860	294	59	118
137	854	293	59	118
138	848	291	59	119
139	841	289	59	119
140	835	287	59	119
141	829	285	60	120
142	822	283	60	120
143	816	281	60	120
144	809	278	60	121
145	803	276	60	121
146	795	274	61	122
147	788	272	61	122
148	781	271	61	122
149	774	271	61	123
150	766	271	61	123
151	759	271	61	123
152	751	271	61	123
153	743	272	62	124
154	735	273	62	124
155	727	275	62	124
156	719	276	62	124
157	711	278	62	124
3D Trajetory (frame, x, z, height, pose)
1	7.20	7.86	1.76	1.00
2	7.21	7.88	1.77	1.00
3	7.22	7.90	1.79	1.00
4	7.24	7.92	1.79	1.00
5	7.25	7.94	1.80	1.00
6	7.25	7.94	1.80	1.00
7	7.25	7.95	1.80	1.00
8	7.24	7.95	1.80	1.00
9	7.22	7.96	1.80	1.00
10	7.23	7.98	1.80	1.00
11	7.24	7.99	1.81	1.00
12	7.25	8.02	1.81	1.00
13	7.27	8.04	1.81	1.00
14	7.28	8.05	1.81	1.00
15	7.29	8.06	1.81	1.00
16	7.30	8.09	1.81	1.00
17	7.30	8.13	1.81	1.00
18	7.32	8.15	1.82	1.00
19	7.34	8.17	1.82	1.00
20	7.34	8.17	1.82	1.00
21	7.34	8.17	1.82	1.00
22	7.36	8.21	1.82	1.00
23	7.38	8.25	1.82	1.00
24	7.41	8.31	1.83	1.00
25	7.44	8.36	1.83	1.00
26	7.45	8.38	1.83	1.00
27	7.47	8.41	1.83	1.00
28	7.47	8.41	1.83	1.00
29	7.48	8.41	1.83	1.00
30	7.49	8.41	1.83	1.00
31	7.49	8.41	1.83	1.00
32	7.50	8.42	1.83	1.00
33	7.50	8.43	1.84	1.00
34	7.51	8.43	1.84	1.00
35	7.52	8.42	1.84	1.00
36	7.52	8.43	1.84	1.00
37	7.51	8.43	1.84	1.00
38	7.51	8.43	1.84	1.00
39	7.51	8.43	1.84	1.00
40	7.51	8.44	1.84	1.00
41	7.52	8.45	1.84	1.00
42	7.52	8.45	1.83	1.00
43	7.52	8.46	1.83	1.00
44	7.52	8.48	1.83	1.00
45	7.52	8.50	1.83	4.00
46	7.51	8.47	1.83	4.00
47	7.49	8.45	1.84	4.00
48	7.49	8.45	1.83	4.00
49	7.49	8.46	1.83	4.00
50	7.47	8.44	1.84	4.00
51	7.46	8.42	1.84	4.00
52	7.43	8.39	1.84	4.00
53	7.40	8.36	1.84	1.00
54	7.39	8.36	1.84	1.00
55	7.38	8.36	1.84	4.00
56	7.35	8.32	1.84	4.00
57	7.31	8.29	1.84	4.00
58	7.30	8.27	1.84	4.00
59	7.28	8.25	1.84	4.00
60	7.28	8.24	1.84	4.00
61	7.27	8.22	1.84	4.00
62	7.23	8.18	1.84	4.00
63	7.18	8.13	1.84	4.00
64	7.16	8.09	1.84	4.00
65	7.13	8.05	1.84	4.00
66	7.12	8.01	1.84	4.00
67	7.12	7.98	1.84	4.00
68	7.11	7.98	1.84	4.00
69	7.11	7.98	1.84	1.00
70	7.10	7.97	1.84	1.00
71	7.09	7.96	1.84	1.00
72	7.07	7.93	1.84	1.00
73	7.05	7.89	1.84	1.00
74	7.04	7.87	1.84	1.00
75	7.02	7.85	1.84	1.00
76	7.00	7.81	1.84	1.00
77	6.98	7.77	1.84	1.00
78	6.95	7.74	1.84	1.00
79	6.92	7.72	1.84	4.00
80	6.90	7.69	1.84	4.00
81	6.87	7.66	1.84	4.00
82	6.86	7.64	1.84	4.00
83	6.85	7.62	1.84	1.00
84	6.83	7.61	1.84	1.00
85	6.81	7.60	1.84	4.00
86	6.80	7.58	1.84	4.00
87	6.79	7.56	1.84	4.00
88	6.77	7.53	1.84	4.00
89	6.75	7.49	1.84	4.00
90	6.74	7.46	1.84	4.00
91	6.72	7.44	1.84	1.00
92	6.71	7.40	1.84	1.00
93	6.70	7.37	1.84	1.00
94	6.71	7.36	1.84	1.00
95	6.72	7.36	1.84	1.00
96	6.71	7.34	1.84	1.00
97	6.70	7.33	1.84	1.00
98	6.73	7.32	1.84	1.00
99	6.76	7.31	1.83	1.00
100	6.74	7.30	1.83	1.00
101	6.73	7.28	1.84	1.00
102	6.71	7.25	1.84	1.00
103	6.68	7.23	1.83	1.00
104	6.68	7.22	1.83	1.00
105	6.68	7.22	1.83	1.00
106	6.65	7.23	1.83	1.00
107	6.62	7.24	1.83	1.00
108	6.60	7.23	1.83	1.00
109	6.59	7.22	1.83	1.00
110	6.57	7.20	1.83	1.00
111	6.54	7.18	1.83	1.00
112	6.52	7.15	1.83	1.00
113	6.49	7.12	1.83	1.00
114	6.46	7.09	1.83	1.00
115	6.44	7.05	1.83	1.00
116	6.41	7.02	1.83	1.00
117	6.39	6.99	1.83	1.00
118	6.33	6.95	1.83	1.00
119	6.27	6.90	1.83	1.00
120	6.24	6.91	1.82	1.00
121	6.20	6.93	1.82	4.00
122	6.15	6.91	1.82	4.00
123	6.10	6.90	1.82	4.00
124	6.06	6.88	1.82	4.00
125	6.02	6.85	1.82	4.00
126	5.96	6.82	1.82	4.00
127	5.90	6.78	1.82	4.00
128	5.91	6.77	1.82	4.00
129	5.92	6.77	1.82	4.00
130	5.87	6.73	1.82	4.00
131	5.83	6.69	1.82	4.00
132	5.76	6.65	1.82	4.00
133	5.69	6.61	1.82	4.00
134	5.65	6.57	1.82	4.00
135	5.61	6.53	1.82	3.00
136	5.57	6.49	1.82	3.00
137	5.53	6.46	1.82	4.00
138	5.48	6.42	1.82	4.00
139	5.44	6.39	1.82	4.00
140	5.38	6.36	1.82	4.00
141	5.33	6.32	1.81	1.00
142	5.26	6.28	1.81	1.00
143	5.20	6.23	1.81	1.00
144	5.13	6.18	1.81	1.00
145	5.06	6.14	1.81	3.00
146	5.04	6.10	1.81	3.00
147	5.01	6.07	1.81	3.00
148	4.95	6.03	1.81	3.00
149	4.90	5.98	1.81	3.00
150	4.85	5.95	1.81	3.00
151	4.80	5.92	1.81	3.00
152	4.70	5.96	1.81	3.00
153	4.61	6.00	1.81	3.00
154	4.55	5.97	1.81	3.00
155	4.49	5.94	1.80	3.00
156	4.41	5.94	1.80	3.00
157	4.34	5.94	1.80	3.00
Target 8 (frames from 1 to 73)
Bounding Boxes (frame, x, y, width, height)
1	517	347	52	104
2	516	348	52	104
3	516	348	52	105
4	515	348	52	105
5	514	348	52	105
6	514	349	52	105
7	513	349	52	105
8	513	349	52	105
9	512	348	52	105
10	512	348	52	105
11	511	348	52	105
12	511	347	52	105
13	510	347	52	105
14	510	346	52	105
15	510	346	52	105
16	509	346	52	105
17	509	345	52	105
18	509	345	52	105
19	509	345	52	105
20	509	345	52	105
21	509	345	52	105
22	509	344	52	105
23	509	344	52	105
24	509	344	52	105
25	508	343	52	105
26	508	343	52	105
27	508	342	52	105
28	508	341	52	105
29	508	341	52	105
30	507	340	52	104
31	507	340	52	104
32	507	340	52	104
33	506	339	52	104
34	506	339	52	104
35	505	339	52	104
36	505	338	52	104
37	505	338	52	104
38	505	338	52	104
39	505	338	52	104
40	504	338	52	104
41	504	338	52	104
42	504	337	52	104
43	504	337	52	104
44	504	337	52	104
45	505	336	52	104
46	505	336	52	104
47	505	335	52	104
48	505	335	52	105
49	505	335	52	105
50	505	334	52	105
51	504	334	52	105
52	504	333	52	105
53	503	333	52	105
54	502	332	52	105
55	501	332	52	105
56	500	331	52	105
57	499	331	52	105
58	498	330	52	105
59	497	330	52	105
60	496	330	52	105
61	495	330	52	104
62	494	330	52	104
63	493	330	52	104
64	492	330	52	104
65	491	330	52	104
66	490	330	52	104
67	489	330	52	104
68	488	331	51	103
69	487	331	51	103
70	486	331	51	103
71	485	331	51	103
72	484	331	51	103
73	483	331	52	104
3D Trajetory (frame, x, z, height, pose)
1	-1.85	8.99	1.90	3.00
2	-1.84	8.91	1.87	3.00
3	-1.83	8.83	1.85	3.00
4	-1.83	8.79	1.85	3.00
5	-1.82	8.75	1.84	2.00
6	-1.83	8.73	1.85	2.00
7	-1.84	8.72	1.85	2.00
8	-1.84	8.72	1.85	2.00
9	-1.84	8.73	1.85	2.00
10	-1.86	8.74	1.85	2.00
11	-1.89	8.75	1.85	2.00
12	-1.89	8.75	1.85	2.00
13	-1.89	8.74	1.85	2.00
14	-1.90	8.75	1.85	2.00
15	-1.91	8.76	1.85	2.00
16	-1.90	8.74	1.85	2.00
17	-1.89	8.71	1.85	2.00
18	-1.90	8.72	1.85	2.00
19	-1.92	8.74	1.85	2.00
20	-1.92	8.74	1.85	2.00
21	-1.92	8.75	1.86	2.00
22	-1.93	8.77	1.85	2.00
23	-1.94	8.80	1.85	3.00
24	-1.94	8.79	1.85	3.00
25	-1.93	8.78	1.86	3.00
26	-1.94	8.79	1.86	3.00
27	-1.95	8.80	1.86	3.00
28	-1.95	8.80	1.86	3.00
29	-1.96	8.80	1.86	2.00
30	-1.97	8.81	1.86	2.00
31	-1.98	8.82	1.86	2.00
32	-1.99	8.83	1.86	2.00
33	-1.99	8.84	1.86	2.00
34	-2.00	8.85	1.86	2.00
35	-2.00	8.87	1.86	3.00
36	-2.02	8.87	1.86	3.00
37	-2.03	8.87	1.86	3.00
38	-2.03	8.88	1.86	3.00
39	-2.03	8.89	1.86	3.00
40	-2.03	8.87	1.86	3.00
41	-2.02	8.85	1.86	3.00
42	-2.02	8.86	1.86	3.00
43	-2.02	8.88	1.86	3.00
44	-2.02	8.86	1.86	3.00
45	-2.01	8.85	1.86	3.00
46	-2.01	8.84	1.86	3.00
47	-2.00	8.84	1.86	3.00
48	-1.99	8.84	1.86	3.00
49	-1.98	8.84	1.86	3.00
50	-1.99	8.83	1.86	3.00
51	-1.99	8.83	1.86	3.00
52	-2.00	8.81	1.86	3.00
53	-2.01	8.79	1.86	3.00
54	-2.03	8.82	1.87	3.00
55	-2.05	8.84	1.87	3.00
56	-2.06	8.83	1.87	3.00
57	-2.06	8.83	1.87	3.00
58	-2.07	8.83	1.87	3.00
59	-2.08	8.83	1.87	3.00
60	-2.08	8.83	1.86	3.00
61	-2.08	8.84	1.86	3.00
62	-2.10	8.89	1.86	3.00
63	-2.12	8.95	1.86	3.00
64	-2.14	8.97	1.86	3.00
65	-2.17	8.99	1.86	3.00
66	-2.18	8.99	1.86	3.00
67	-2.19	8.99	1.86	3.00
68	-2.19	8.98	1.86	3.00
69	-2.19	8.98	1.86	3.00
70	-2.18	8.97	1.86	3.00
71	-2.18	8.97	1.86	3.00
72	-2.18	8.95	1.86	3.00
73	-2.18	8.94	1.86	3.00
Target 9 (frames from 49 to 175)
Bounding Boxes (frame, x, y, width, height)
49	332	342	59	118
50	334	341	59	119
51	336	340	59	119
52	339	338	59	119
53	341	337	60	120
54	343	336	60	120
55	344	335	60	121
56	346	335	60	121
57	348	334	61	122
58	350	334	61	122
59	352	333	61	122
60	353	333	61	122
61	355	333	61	123
62	357	333	61	123
63	358	333	62	124
64	360	333	62	124
65	361	333	62	125
66	363	333	62	125
67	364	333	63	126
68	365	334	63	127
69	366	333	63	127
70	367	333	64	128
71	367	333	64	129
72	368	333	65	130
73	368	333	66	132
74	369	333	66	133
75	370	333	67	135
76	370	333	68	137
77	371	333	69	138
78	372	332	70	140
79	373	332	71	142
80	374	332	72	144
81	377	332	72	145
82	379	332	73	147
83	383	331	74	149
84	386	331	75	151
85	389	331	76	152
86	392	330	77	154
87	395	329	78	156
88	398	328	79	158
89	401	328	80	160
90	404	327	80	161
91	406	327	81	163
92	409	326	82	165
93	411	325	83	167
94	413	324	85	170
95	414	323	86	172
96	415	323	87	174
97	416	322	88	176
98	416	321	89	178
99	417	319	90	180
100	419	318	91	182
101	420	317	92	184
102	421	315	93	186
103	422	314	94	188
104	423	312	94	189
105	424	311	95	191
106	426	310	96	192
107	428	310	96	193
108	430	309	97	194
109	432	309	97	195
110	434	308	98	196
111	436	308	98	197
112	438	308	99	198
113	440	308	99	198
114	441	308	99	199
115	442	308	100	200
116	443	307	100	200
117	445	307	100	201
118	446	306	101	202
119	447	305	101	202
120	449	304	101	203
121	450	303	102	204
122	451	302	102	204
123	452	300	102	205
124	453	299	103	206
125	454	298	103	207
126	455	297	104	209
127	456	296	105	211
128	457	295	106	213
129	457	294	108	216
130	458	293	109	219
131	459	292	111	222
132	459	291	112	225
133	461	290	113	227
134	462	290	115	230
135	464	288	116	233
136	467	287	118	236
137	469	285	119	239
138	471	283	121	242
139	473	281	122	245
140	476	279	124	248
141	478	276	125	251
142	480	274	126	253
143	482	271	128	256
144	484	269	129	258
145	486	266	130	261
146	488	264	132	264
147	489	262	133	267
148	491	261	135	270
149	494	260	136	273
150	497	259	138	276
151	500	260	139	278
152	504	260	140	281
153	507	261	142	284
154	511	261	143	287
155	514	261	145	290
156	518	262	146	292
157	521	263	147	294
158	524	263	148	296
159	527	263	149	298
160	530	262	149	299
161	533	261	150	300
162	535	260	150	300
163	537	258	150	301
164	538	256	150	301
165	539	255	150	301
166	539	254	150	300
167	540	253	150	300
168	540	252	150	301
169	539	251	151	302
170	538	250	151	303
171	537	249	152	305
172	535	248	153	306
173	533	247	153	307
174	531	247	154	309
175	528	246	155	310
3D Trajetory (frame, x, z, height, pose)
49	-4.08	7.18	1.67	1.00
50	-3.99	7.10	1.69	1.00
51	-3.90	7.01	1.72	4.00
52	-3.89	7.04	1.73	4.00
53	-3.88	7.06	1.73	4.00
54	-3.86	7.09	1.74	4.00
55	-3.84	7.11	1.75	4.00
56	-3.83	7.17	1.75	4.00
57	-3.82	7.23	1.75	4.00
58	-3.77	7.23	1.75	4.00
59	-3.73	7.22	1.76	4.00
60	-3.66	7.16	1.75	4.00
61	-3.59	7.10	1.74	4.00
62	-3.53	7.05	1.74	4.00
63	-3.47	6.99	1.74	4.00
64	-3.42	6.94	1.75	4.00
65	-3.38	6.90	1.75	4.00
66	-3.38	6.96	1.75	4.00
67	-3.38	7.02	1.76	4.00
68	-3.31	6.96	1.75	4.00
69	-3.25	6.90	1.75	4.00
70	-3.17	6.81	1.74	4.00
71	-3.10	6.71	1.73	4.00
72	-3.05	6.64	1.73	4.00
73	-2.99	6.58	1.73	4.00
74	-2.93	6.50	1.72	4.00
75	-2.87	6.43	1.72	4.00
76	-2.80	6.33	1.72	4.00
77	-2.72	6.23	1.71	4.00
78	-2.65	6.16	1.71	4.00
79	-2.58	6.09	1.71	4.00
80	-2.50	6.00	1.70	4.00
81	-2.42	5.91	1.70	4.00
82	-2.35	5.85	1.70	4.00
83	-2.29	5.78	1.70	4.00
84	-2.22	5.71	1.70	4.00
85	-2.14	5.64	1.70	4.00
86	-2.07	5.58	1.70	4.00
87	-1.99	5.53	1.70	1.00
88	-1.92	5.46	1.70	1.00
89	-1.85	5.39	1.70	4.00
90	-1.79	5.31	1.70	4.00
91	-1.73	5.22	1.70	4.00
92	-1.69	5.19	1.70	4.00
93	-1.66	5.16	1.70	4.00
94	-1.60	5.10	1.70	4.00
95	-1.54	5.04	1.70	4.00
96	-1.47	4.97	1.70	4.00
97	-1.41	4.90	1.70	4.00
98	-1.36	4.85	1.70	4.00
99	-1.30	4.79	1.70	4.00
100	-1.26	4.74	1.70	4.00
101	-1.22	4.69	1.70	4.00
102	-1.18	4.67	1.70	4.00
103	-1.15	4.64	1.70	2.00
104	-1.11	4.60	1.70	2.00
105	-1.06	4.56	1.70	2.00
106	-1.01	4.54	1.70	2.00
107	-0.95	4.51	1.70	1.00
108	-0.91	4.49	1.70	1.00
109	-0.87	4.48	1.70	2.00
110	-0.84	4.46	1.70	2.00
111	-0.81	4.44	1.70	2.00
112	-0.78	4.41	1.70	2.00
113	-0.74	4.38	1.70	4.00
114	-0.71	4.37	1.70	4.00
115	-0.68	4.36	1.70	4.00
116	-0.65	4.34	1.70	4.00
117	-0.62	4.31	1.70	2.00
118	-0.59	4.31	1.70	2.00
119	-0.56	4.31	1.70	4.00
120	-0.53	4.31	1.70	4.00
121	-0.50	4.30	1.70	4.00
122	-0.46	4.28	1.70	4.00
123	-0.42	4.26	1.70	2.00
124	-0.37	4.23	1.70	2.00
125	-0.33	4.20	1.70	4.00
126	-0.30	4.17	1.70	4.00
127	-0.27	4.14	1.70	4.00
128	-0.23	4.12	1.70	4.00
129	-0.19	4.09	1.70	4.00
130	-0.16	4.01	1.70	4.00
131	-0.13	3.93	1.70	4.00
132	-0.10	3.87	1.70	4.00
133	-0.06	3.81	1.70	4.00
134	-0.01	3.77	1.70	4.00
135	0.03	3.73	1.70	4.00
136	0.07	3.66	1.70	4.00
137	0.10	3.60	1.70	1.00
138	0.16	3.57	1.70	1.00
139	0.22	3.55	1.70	4.00
140	0.28	3.50	1.70	4.00
141	0.33	3.45	1.70	4.00
142	0.37	3.38	1.70	4.00
143	0.41	3.32	1.70	4.00
144	0.45	3.27	1.70	4.00
145	0.48	3.23	1.70	1.00
146	0.53	3.21	1.70	1.00
147	0.57	3.19	1.70	1.00
148	0.61	3.14	1.70	1.00
149	0.65	3.10	1.70	1.00
150	0.70	3.05	1.70	1.00
151	0.74	3.01	1.70	2.00
152	0.78	2.94	1.70	2.00
153	0.81	2.86	1.70	3.00
154	0.85	2.82	1.70	3.00
155	0.89	2.78	1.70	3.00
156	0.93	2.75	1.70	3.00
157	0.96	2.73	1.70	1.00
158	1.00	2.69	1.70	1.00
159	1.05	2.66	1.70	1.00
160	1.09	2.62	1.70	1.00
161	1.13	2.59	1.70	2.00
162	1.18	2.58	1.70	2.00
163	1.22	2.57	1.70	4.00
164	1.25	2.52	1.70	4.00
165	1.28	2.48	1.70	3.00
166	1.31	2.46	1.70	3.00
167	1.35	2.43	1.70	1.00
168	1.38	2.45	1.70	1.00
169	1.42	2.47	1.69	3.00
170	1.47	2.43	1.70	3.00
171	1.53	2.38	1.70	3.00
172	1.56	2.36	1.70	3.00
173	1.59	2.33	1.70	3.00
174	1.57	2.22	1.69	3.00
175	1.55	2.12	1.69	3.00
Target 10 (frames from 65 to 109)
Bounding Boxes (frame, x, y, width, height)
65	199	335	37	75
66	197	335	37	75
67	196	335	38	76
68	194	334	38	77
69	193	334	38	77
70	191	334	39	78
71	189	334	39	78
72	187	333	39	78
73	185	333	39	79
74	183	333	39	79
75	181	333	39	79
76	179	333	39	78
77	176	333	39	78
78	173	333	39	78
79	171	333	39	78
80	169	334	39	78
81	167	334	39	78
82	165	333	38	77
83	165	333	38	77
84	164	333	38	77
85	162	333	38	77
86	161	332	38	77
87	160	332	38	77
88	159	331	38	77
89	159	331	38	77
90	158	331	38	77
91	157	331	38	76
92	155	330	38	77
93	153	330	38	77
94	151	329	38	77
95	147	328	38	77
96	144	328	38	77
97	141	327	38	77
98	137	326	38	77
99	134	325	38	77
100	131	324	39	78
101	128	323	39	78
102	125	322	39	78
103	122	321	39	78
104	119	320	39	78
105	116	318	39	78
106	113	317	39	79
107	110	316	39	79
108	106	314	39	79
109	103	313	39	79
3D Trajetory (frame, x, z, height, pose)
65	-10.77	12.84	1.88	4.00
66	-10.64	12.68	1.91	4.00
67	-10.50	12.52	1.94	4.00
68	-10.46	12.46	1.93	4.00
69	-10.41	12.41	1.93	4.00
70	-10.35	12.34	1.93	4.00
71	-10.29	12.28	1.92	4.00
72	-10.27	12.26	1.92	4.00
73	-10.25	12.24	1.92	4.00
74	-10.28	12.28	1.91	4.00
75	-10.31	12.31	1.90	1.00
76	-10.31	12.30	1.89	1.00
77	-10.31	12.28	1.88	3.00
78	-10.36	12.33	1.89	3.00
79	-10.40	12.38	1.89	4.00
80	-10.44	12.39	1.89	4.00
81	-10.47	12.41	1.89	4.00
82	-10.51	12.46	1.88	4.00
83	-10.55	12.51	1.88	4.00
84	-10.59	12.54	1.88	4.00
85	-10.62	12.57	1.88	4.00
86	-10.60	12.57	1.88	4.00
87	-10.57	12.57	1.87	2.00
88	-10.61	12.59	1.87	2.00
89	-10.65	12.60	1.87	2.00
90	-10.66	12.61	1.87	2.00
91	-10.68	12.62	1.87	2.00
92	-10.69	12.64	1.87	2.00
93	-10.71	12.66	1.87	2.00
94	-10.72	12.68	1.87	2.00
95	-10.74	12.70	1.87	1.00
96	-10.74	12.71	1.87	1.00
97	-10.73	12.73	1.87	1.00
98	-10.74	12.74	1.87	1.00
99	-10.74	12.75	1.87	1.00
100	-10.76	12.79	1.87	1.00
101	-10.77	12.82	1.87	3.00
102	-10.75	12.85	1.87	3.00
103	-10.73	12.88	1.87	2.00
104	-10.72	12.92	1.87	2.00
105	-10.71	12.95	1.87	1.00
106	-10.71	12.98	1.87	1.00
107	-10.71	13.00	1.87	1.00
108	-10.71	13.00	1.87	1.00
109	-10.72	13.01	1.87	1.00
Target 11 (frames from 143 to 205)
Bounding Boxes (frame, x, y, width, height)
143	247	260	96	192
144	246	258	101	203
145	245	257	106	213
146	245	256	111	222
147	244	254	115	231
148	243	253	119	238
149	243	253	122	245
150	242	252	126	252
151	242	252	128	257
152	242	251	131	262
153	243	252	132	265
154	244	253	133	267
155	245	254	134	269
156	245	254	135	271
157	245	255	136	273
158	245	254	136	273
159	244	254	136	272
160	242	254	135	271
161	239	253	135	270
162	236	252	134	269
163	231	250	134	268
164	225	248	134	268
165	219	247	134	268
166	213	246	134	269
167	206	245	135	271
168	198	243	137	275
169	191	242	140	280
170	183	240	143	287
171	176	239	146	293
172	168	237	150	300
173	161	235	153	306
174	155	233	156	313
175	148	229	159	318
176	142	223	161	322
177	137	218	162	325
178	131	212	164	328
179	125	207	165	330
180	118	201	166	332
181	110	195	167	334
182	102	190	168	336
183	92	186	169	338
184	83	182	169	339
185	73	177	170	341
186	63	174	172	344
187	53	172	174	348
188	43	172	176	353
189	35	171	178	357
190	27	170	180	360
191	21	168	181	362
192	16	165	181	363
193	11	159	181	362
194	7	153	179	359
195	4	148	178	356
196	2	142	175	351
197	-1	139	174	348
198	-3	136	172	345
199	-5	134	170	341
200	-6	132	168	337
201	-7	130	166	332
202	-7	128	163	327
203	-7	127	160	321
204	-6	126	157	314
205	-5	125	154	308
3D Trajetory (frame, x, z, height, pose)
143	-1.85	6.02	1.83	4.00
144	-1.61	5.49	1.85	4.00
145	-1.37	4.97	1.87	4.00
146	-1.22	4.65	1.85	4.00
147	-1.06	4.34	1.83	2.00
148	-1.04	4.29	1.81	2.00
149	-1.02	4.24	1.78	2.00
150	-0.98	4.17	1.78	2.00
151	-0.93	4.09	1.78	2.00
152	-0.84	4.02	1.78	2.00
153	-0.75	3.95	1.78	2.00
154	-0.70	3.97	1.78	2.00
155	-0.65	3.98	1.78	2.00
156	-0.60	3.91	1.78	2.00
157	-0.55	3.85	1.78	2.00
158	-0.51	3.78	1.78	2.00
159	-0.47	3.71	1.78	2.00
160	-0.46	3.80	1.78	2.00
161	-0.46	3.88	1.78	2.00
162	-0.45	3.95	1.79	2.00
163	-0.44	4.02	1.79	2.00
164	-0.41	4.12	1.79	2.00
165	-0.38	4.22	1.79	2.00
166	-0.34	4.16	1.78	2.00
167	-0.30	4.11	1.78	3.00
168	-0.28	4.03	1.78	3.00
169	-0.27	3.96	1.78	4.00
170	-0.22	3.90	1.78	4.00
171	-0.18	3.84	1.78	4.00
172	-0.14	3.78	1.78	4.00
173	-0.10	3.72	1.78	2.00
174	-0.04	3.66	1.79	2.00
175	0.02	3.59	1.79	3.00
176	0.07	3.58	1.79	3.00
177	0.13	3.57	1.79	3.00
178	0.17	3.58	1.79	3.00
179	0.22	3.58	1.79	3.00
180	0.26	3.54	1.79	3.00
181	0.29	3.51	1.79	2.00
182	0.33	3.57	1.79	2.00
183	0.36	3.62	1.79	2.00
184	0.38	3.61	1.79	2.00
185	0.40	3.60	1.79	4.00
186	0.43	3.60	1.79	4.00
187	0.46	3.60	1.79	1.00
188	0.51	3.61	1.79	1.00
189	0.56	3.61	1.79	3.00
190	0.60	3.60	1.79	3.00
191	0.65	3.59	1.79	2.00
192	0.69	3.51	1.79	2.00
193	0.72	3.43	1.79	1.00
194	0.82	3.44	1.79	1.00
195	0.91	3.45	1.79	1.00
196	1.01	3.60	1.79	1.00
197	1.12	3.74	1.79	3.00
198	1.22	3.82	1.79	3.00
199	1.32	3.90	1.79	3.00
200	1.42	3.92	1.79	3.00
201	1.53	3.94	1.79	3.00
202	1.58	3.92	1.79	3.00
203	1.64	3.90	1.79	3.00
204	1.68	3.84	1.79	3.00
205	1.72	3.77	1.79	3.00
Target 12 (frames from 201 to 389)
Bounding Boxes (frame, x, y, width, height)
201	490	151	143	286
202	488	152	146	293
203	487	152	149	299
204	486	153	153	306
205	485	153	156	312
206	485	153	159	318
207	485	153	162	324
208	485	153	164	329
209	485	153	167	334
210	486	153	169	339
211	486	151	172	344
212	487	149	174	349
213	489	148	176	353
214	492	147	178	356
215	495	147	179	359
216	499	147	180	361
217	502	148	181	362
218	506	148	181	362
219	508	147	180	361
220	509	146	179	359
221	510	146	179	358
222	510	146	177	355
223	508	145	176	353
224	507	145	175	350
225	504	145	174	348
226	500	145	172	345
227	495	145	171	343
228	489	146	170	340
229	482	146	168	337
230	475	147	167	334
231	467	149	165	331
232	460	150	163	327
233	453	152	162	324
234	446	153	160	320
235	439	154	158	317
236	432	155	156	313
237	425	155	155	310
238	419	156	153	307
239	413	158	152	304
240	409	160	151	302
241	404	162	150	300
242	401	164	149	298
243	398	165	148	297
244	396	167	147	295
245	394	169	146	293
246	393	172	146	292
247	392	175	145	291
248	391	177	145	290
249	391	180	144	289
250	390	183	143	287
251	390	186	142	285
252	391	188	141	283
253	391	189	140	280
254	392	191	139	278
255	393	192	137	274
256	395	193	135	270
257	396	195	133	266
258	397	197	131	262
259	399	199	129	258
260	400	201	127	255
261	400	204	126	252
262	400	207	125	250
263	401	209	124	249
264	401	211	124	249
265	400	214	124	249
266	400	216	124	249
267	400	218	124	248
268	400	219	123	247
269	400	220	123	247
270	401	220	123	246
271	402	220	122	245
272	403	220	121	243
273	404	220	120	241
274	405	220	119	239
275	407	221	118	237
276	409	222	117	234
277	412	224	116	232
278	414	226	114	229
279	417	229	114	228
280	420	231	113	226
281	423	233	112	224
282	426	235	111	222
283	429	236	110	220
284	432	237	109	219
285	435	238	108	217
286	438	238	107	215
287	441	239	106	212
288	443	239	105	210
289	445	239	104	208
290	446	240	103	206
291	447	241	102	204
292	448	243	101	202
293	449	245	100	200
294	450	247	99	198
295	451	250	97	195
296	452	253	96	193
297	453	255	95	191
298	454	258	94	189
299	456	259	93	187
300	457	261	92	185
301	459	262	91	183
302	462	263	90	181
303	464	263	90	180
304	467	264	89	178
305	470	264	88	177
306	473	264	88	176
307	476	264	87	175
308	479	265	87	174
309	482	265	87	174
310	485	265	86	173
311	489	265	86	172
312	493	265	86	172
313	496	265	86	172
314	499	265	85	171
315	502	265	85	171
316	505	265	85	171
317	508	266	85	171
318	510	267	85	170
319	513	268	85	170
320	516	268	85	170
321	519	269	85	170
322	521	270	84	169
323	524	271	84	169
324	527	272	84	169
325	529	272	84	169
326	532	273	84	169
327	535	273	84	168
328	537	274	83	167
329	540	274	83	166
330	541	273	82	165
331	543	273	82	165
332	544	274	82	164
333	544	274	81	163
334	545	275	81	162
335	545	276	80	161
336	545	277	79	159
337	545	277	79	158
338	545	278	78	157
339	545	278	78	156
340	545	278	77	155
341	545	278	77	154
342	545	278	76	153
343	545	279	76	153
344	544	279	76	153
345	544	279	76	153
346	543	279	76	153
347	542	279	76	153
348	540	279	77	154
349	538	279	77	154
350	536	280	77	155
351	534	280	77	155
352	532	281	77	155
353	531	282	77	155
354	530	282	77	154
355	529	283	76	153
356	530	283	76	152
357	530	283	75	151
358	532	283	75	150
359	534	283	74	148
360	536	283	74	148
361	539	283	73	147
362	541	282	73	146
363	544	282	72	145
364	546	282	72	145
365	549	281	72	145
366	551	281	72	145
367	553	280	72	144
368	555	280	72	144
369	557	280	71	143
370	560	280	70	141
371	562	281	69	139
372	565	282	68	136
373	567	282	66	133
374	569	283	65	130
375	571	283	63	127
376	572	284	62	124
377	574	284	60	121
378	575	284	59	119
379	576	285	58	116
380	576	285	57	115
381	577	285	56	113
382	578	285	56	112
383	579	286	55	110
384	579	286	55	110
385	580	286	54	109
386	580	287	54	109
387	581	287	54	109
388	581	287	54	109
389	581	288	55	110
3D Trajetory (frame, x, z, height, pose)
201	2.52	1.44	1.66	1.00
202	2.51	1.36	1.66	1.00
203	2.50	1.27	1.66	3.00
204	2.47	1.21	1.66	3.00
205	2.44	1.15	1.66	2.00
206	2.40	1.09	1.65	2.00
207	2.36	1.04	1.65	1.00
208	2.32	1.00	1.65	1.00
209	2.28	0.97	1.65	1.00
210	2.28	0.92	1.65	1.00
211	2.28	0.88	1.65	1.00
212	2.26	0.83	1.65	1.00
213	2.24	0.79	1.65	1.00
214	2.22	0.73	1.65	1.00
215	2.21	0.66	1.65	1.00
216	2.20	0.62	1.65	1.00
217	2.20	0.57	1.65	1.00
218	2.21	0.52	1.65	1.00
219	2.23	0.48	1.65	1.00
220	2.24	0.45	1.65	1.00
221	2.26	0.42	1.65	1.00
222	2.31	0.38	1.65	1.00
223	2.35	0.35	1.65	1.00
224	2.38	0.32	1.65	1.00
225	2.40	0.30	1.65	1.00
226	2.40	0.29	1.65	1.00
227	2.40	0.27	1.65	1.00
228	2.41	0.24	1.65	1.00
229	2.42	0.21	1.65	1.00
230	2.46	0.19	1.65	1.00
231	2.50	0.16	1.65	1.00
232	2.56	0.14	1.65	1.00
233	2.61	0.12	1.65	1.00
234	2.66	0.12	1.65	1.00
235	2.71	0.12	1.65	1.00
236	2.75	0.11	1.65	1.00
237	2.78	0.10	1.65	1.00
238	2.80	0.08	1.65	1.00
239	2.82	0.07	1.65	1.00
240	2.84	0.05	1.65	1.00
241	2.87	0.04	1.65	1.00
242	2.90	0.00	1.65	1.00
243	2.93	-0.03	1.65	1.00
244	2.98	-0.09	1.66	1.00
245	3.02	-0.15	1.66	1.00
246	3.01	-0.18	1.66	1.00
247	3.00	-0.21	1.66	1.00
248	3.01	-0.25	1.66	1.00
249	3.02	-0.29	1.66	1.00
250	3.03	-0.33	1.65	1.00
251	3.04	-0.37	1.65	1.00
252	3.05	-0.42	1.65	1.00
253	3.06	-0.46	1.65	1.00
254	3.08	-0.51	1.65	1.00
255	3.10	-0.55	1.65	1.00
256	3.20	-0.63	1.66	1.00
257	3.30	-0.70	1.66	1.00
258	3.30	-0.75	1.66	1.00
259	3.31	-0.80	1.66	1.00
260	3.31	-0.86	1.66	1.00
261	3.32	-0.93	1.66	1.00
262	3.37	-0.99	1.66	1.00
263	3.42	-1.06	1.66	1.00
264	3.40	-1.11	1.66	1.00
265	3.38	-1.15	1.66	1.00
266	3.33	-1.19	1.66	1.00
267	3.28	-1.22	1.65	4.00
268	3.25	-1.26	1.65	4.00
269	3.23	-1.30	1.65	2.00
270	3.25	-1.36	1.65	2.00
271	3.27	-1.42	1.65	1.00
272	3.29	-1.48	1.65	1.00
273	3.31	-1.55	1.65	4.00
274	3.31	-1.61	1.65	4.00
275	3.30	-1.67	1.65	4.00
276	3.32	-1.72	1.65	4.00
277	3.33	-1.78	1.65	4.00
278	3.33	-1.83	1.65	4.00
279	3.32	-1.87	1.65	1.00
280	3.31	-1.92	1.65	1.00
281	3.31	-1.97	1.65	1.00
282	3.31	-2.04	1.65	1.00
283	3.31	-2.10	1.65	4.00
284	3.31	-2.15	1.65	4.00
285	3.31	-2.21	1.65	4.00
286	3.31	-2.26	1.65	4.00
287	3.31	-2.30	1.65	4.00
288	3.32	-2.36	1.65	4.00
289	3.32	-2.42	1.65	1.00
290	3.34	-2.47	1.65	1.00
291	3.35	-2.53	1.65	1.00
292	3.37	-2.58	1.65	1.00
293	3.39	-2.64	1.65	1.00
294	3.40	-2.69	1.65	1.00
295	3.41	-2.74	1.65	4.00
296	3.43	-2.80	1.65	4.00
297	3.44	-2.85	1.65	4.00
298	3.45	-2.90	1.65	4.00
299	3.46	-2.95	1.65	4.00
300	3.47	-3.01	1.65	4.00
301	3.47	-3.07	1.65	1.00
302	3.48	-3.13	1.65	1.00
303	3.49	-3.19	1.65	1.00
304	3.49	-3.25	1.65	1.00
305	3.50	-3.30	1.65	4.00
306	3.48	-3.35	1.65	4.00
307	3.46	-3.39	1.65	4.00
308	3.43	-3.43	1.65	4.00
309	3.40	-3.46	1.65	1.00
310	3.37	-3.49	1.65	1.00
311	3.34	-3.51	1.65	4.00
312	3.31	-3.55	1.65	4.00
313	3.28	-3.60	1.65	4.00
314	3.26	-3.63	1.65	4.00
315	3.25	-3.67	1.65	4.00
316	3.22	-3.71	1.65	4.00
317	3.20	-3.75	1.65	4.00
318	3.16	-3.75	1.65	4.00
319	3.12	-3.75	1.65	1.00
320	3.08	-3.75	1.65	1.00
321	3.05	-3.75	1.65	1.00
322	3.04	-3.79	1.65	1.00
323	3.03	-3.84	1.65	1.00
324	3.01	-3.88	1.65	1.00
325	2.98	-3.92	1.65	1.00
326	2.96	-3.94	1.65	1.00
327	2.94	-3.96	1.65	1.00
328	2.91	-3.98	1.65	1.00
329	2.88	-4.00	1.65	1.00
330	2.86	-4.02	1.65	1.00
331	2.84	-4.03	1.65	1.00
332	2.87	-4.12	1.65	1.00
333	2.89	-4.21	1.65	1.00
334	2.89	-4.24	1.65	1.00
335	2.88	-4.27	1.65	1.00
336	2.88	-4.30	1.65	1.00
337	2.87	-4.33	1.65	1.00
338	2.86	-4.37	1.64	1.00
339	2.86	-4.42	1.64	1.00
340	2.84	-4.46	1.64	1.00
341	2.82	-4.49	1.64	1.00
342	2.81	-4.55	1.64	1.00
343	2.80	-4.61	1.64	1.00
344	2.78	-4.64	1.64	1.00
345	2.76	-4.68	1.64	1.00
346	2.72	-4.67	1.64	1.00
347	2.68	-4.66	1.64	1.00
348	2.63	-4.63	1.64	1.00
349	2.58	-4.61	1.64	1.00
350	2.54	-4.58	1.64	1.00
351	2.49	-4.55	1.64	1.00
352	2.51	-4.63	1.64	1.00
353	2.53	-4.70	1.64	2.00
354	2.50	-4.70	1.64	2.00
355	2.47	-4.69	1.63	2.00
356	2.47	-4.77	1.64	2.00
357	2.47	-4.85	1.64	2.00
358	2.47	-4.92	1.64	2.00
359	2.47	-4.99	1.64	2.00
360	2.45	-5.05	1.64	2.00
361	2.43	-5.11	1.64	2.00
362	2.40	-5.14	1.64	2.00
363	2.37	-5.17	1.64	1.00
364	2.33	-5.16	1.64	1.00
365	2.30	-5.15	1.64	1.00
366	2.27	-5.18	1.64	1.00
367	2.25	-5.22	1.64	2.00
368	2.23	-5.27	1.64	2.00
369	2.22	-5.33	1.64	2.00
370	2.19	-5.33	1.64	2.00
371	2.16	-5.34	1.64	1.00
372	2.16	-5.48	1.64	1.00
373	2.17	-5.61	1.64	1.00
374	2.21	-5.84	1.64	1.00
375	2.25	-6.06	1.64	1.00
376	2.32	-6.33	1.64	1.00
377	2.40	-6.60	1.65	2.00
378	2.40	-6.66	1.65	2.00
379	2.41	-6.72	1.65	2.00
380	2.40	-6.73	1.65	2.00
381	2.39	-6.73	1.65	2.00
382	2.38	-6.77	1.65	2.00
383	2.37	-6.80	1.65	2.00
384	2.37	-6.91	1.65	2.00
385	2.37	-7.03	1.65	2.00
386	2.36	-7.09	1.65	2.00
387	2.35	-7.16	1.65	2.00
388	2.33	-7.19	1.64	2.00
389	2.30	-7.22	1.64	2.00
Target 13 (frames from 207 to 391)
Bounding Boxes (frame, x, y, width, height)
207	-33	83	246	492
208	-28	89	238	476
209	-24	96	231	462
210	-20	101	224	449
211	-16	106	218	437
212	-12	110	213	426
213	-7	113	208	417
214	-3	116	204	409
215	2	119	201	402
216	7	120	198	397
217	13	122	196	392
218	20	123	194	389
219	26	121	194	388
220	30	119	194	389
221	32	116	196	393
222	34	114	197	395
223	37	113	198	396
224	40	112	198	396
225	41	112	197	395
226	41	111	197	395
227	40	112	198	397
228	40	112	200	400
229	37	111	203	406
230	35	111	206	412
231	34	111	208	417
232	35	111	211	422
233	36	112	213	426
234	37	113	214	429
235	39	113	216	432
236	41	114	217	434
237	44	114	217	435
238	46	114	217	435
239	49	117	217	434
240	53	119	215	431
241	56	122	213	427
242	59	124	211	422
243	62	126	208	417
244	65	129	206	412
245	69	132	203	407
246	72	134	201	403
247	76	137	200	400
248	80	141	198	396
249	84	144	195	391
250	89	148	193	387
251	94	151	191	383
252	99	153	189	379
253	104	155	187	375
254	109	157	186	373
255	114	158	185	371
256	119	160	185	370
257	125	161	184	368
258	131	163	183	366
259	138	165	182	364
260	144	167	181	362
261	150	170	180	361
262	156	172	180	360
263	163	174	179	359
264	170	177	178	357
265	177	179	178	356
266	184	181	177	354
267	189	183	176	353
268	195	184	175	351
269	200	185	175	350
270	205	186	174	348
271	210	186	173	347
272	214	186	173	347
273	219	186	173	346
274	224	187	172	345
275	230	188	171	343
276	235	189	170	341
277	241	191	169	338
278	246	194	167	335
279	252	196	165	331
280	258	199	164	328
281	264	202	162	324
282	270	204	159	319
283	276	206	157	314
284	282	208	154	309
285	288	209	152	304
286	294	210	149	299
287	300	211	147	295
288	306	212	145	290
289	311	213	143	286
290	316	214	141	282
291	321	216	139	278
292	325	217	137	275
293	330	220	135	271
294	334	222	134	268
295	339	225	133	266
296	343	228	132	264
297	347	231	131	263
298	351	233	130	261
299	355	235	129	259
300	360	236	129	258
301	364	237	128	256
302	369	238	127	255
303	373	239	127	254
304	378	239	126	253
305	382	239	126	252
306	387	239	125	251
307	391	240	125	250
308	396	240	124	249
309	400	240	124	248
310	404	240	123	246
311	409	240	122	245
312	413	240	122	244
313	418	240	121	242
314	422	241	120	241
315	426	241	120	240
316	429	242	119	238
317	433	243	118	237
318	436	244	118	236
319	440	245	117	235
320	444	245	117	235
321	448	246	117	234
322	452	247	116	232
323	456	248	115	231
324	460	249	115	230
325	464	250	114	229
326	468	251	114	228
327	472	251	113	226
328	475	252	112	225
329	478	252	112	224
330	480	252	111	222
331	482	252	110	221
332	483	252	109	219
333	483	253	109	218
334	484	254	108	217
335	484	255	107	215
336	484	256	106	213
337	485	257	105	211
338	485	257	104	209
339	486	258	103	207
340	487	258	102	204
341	488	259	101	202
342	490	259	99	199
343	491	260	98	197
344	493	261	97	194
345	494	261	96	192
346	495	261	94	189
347	495	262	93	187
348	495	262	92	185
349	495	263	91	183
350	495	263	91	182
351	494	264	90	180
352	493	265	89	179
353	492	266	88	177
354	492	267	88	176
355	492	267	88	176
356	492	267	87	175
357	492	267	87	175
358	493	267	87	175
359	494	267	87	175
360	495	267	87	175
361	497	267	88	176
362	498	266	88	176
363	500	266	88	176
364	502	265	88	176
365	504	265	88	176
366	507	265	88	176
367	509	264	87	175
368	512	264	87	174
369	514	264	87	174
370	516	264	87	174
371	518	265	87	174
372	520	265	87	174
373	522	266	87	174
374	524	266	87	175
375	525	266	87	175
376	527	267	88	176
377	528	267	88	176
378	530	267	88	176
379	532	267	88	176
380	533	267	87	175
381	535	267	87	174
382	536	267	86	173
383	537	267	86	173
384	539	268	86	172
385	540	268	85	171
386	541	269	85	170
387	543	269	84	169
388	544	270	84	168
389	545	271	83	167
390	546	272	83	166
391	547	272	82	164
3D Trajetory (frame, x, z, height, pose)
207	1.34	2.56	1.89	1.00
208	1.36	2.59	1.88	1.00
209	1.38	2.63	1.88	1.00
210	1.39	2.61	1.86	1.00
211	1.39	2.59	1.83	1.00
212	1.54	2.71	1.79	1.00
213	1.69	2.83	1.75	3.00
214	1.75	2.86	1.74	3.00
215	1.81	2.88	1.73	3.00
216	1.83	2.79	1.75	3.00
217	1.85	2.69	1.78	2.00
218	1.86	2.61	1.79	2.00
219	1.87	2.54	1.80	3.00
220	1.94	2.53	1.79	3.00
221	2.01	2.53	1.79	3.00
222	2.06	2.48	1.79	3.00
223	2.11	2.44	1.79	1.00
224	2.16	2.38	1.79	1.00
225	2.22	2.33	1.79	3.00
226	2.26	2.28	1.79	3.00
227	2.30	2.24	1.79	3.00
228	2.32	2.16	1.79	3.00
229	2.34	2.09	1.79	1.00
230	2.35	2.01	1.79	1.00
231	2.37	1.93	1.79	1.00
232	2.39	1.84	1.79	1.00
233	2.41	1.75	1.79	1.00
234	2.40	1.66	1.79	1.00
235	2.38	1.56	1.79	1.00
236	2.40	1.50	1.79	1.00
237	2.41	1.44	1.79	1.00
238	2.49	1.41	1.79	1.00
239	2.58	1.38	1.78	1.00
240	2.58	1.34	1.78	1.00
241	2.58	1.30	1.78	1.00
242	2.62	1.25	1.78	1.00
243	2.66	1.20	1.78	1.00
244	2.71	1.15	1.78	1.00
245	2.75	1.10	1.78	1.00
246	2.84	1.06	1.79	1.00
247	2.92	1.03	1.79	2.00
248	2.97	0.99	1.79	2.00
249	3.01	0.95	1.79	3.00
250	3.00	0.89	1.79	3.00
251	2.99	0.83	1.79	1.00
252	3.01	0.77	1.79	1.00
253	3.03	0.72	1.79	1.00
254	3.09	0.66	1.79	1.00
255	3.14	0.60	1.79	1.00
256	3.16	0.55	1.79	1.00
257	3.18	0.49	1.79	1.00
258	3.19	0.42	1.79	1.00
259	3.19	0.35	1.79	1.00
260	3.16	0.28	1.79	1.00
261	3.13	0.22	1.79	1.00
262	3.10	0.14	1.79	1.00
263	3.07	0.06	1.79	1.00
264	3.13	-0.02	1.79	1.00
265	3.18	-0.10	1.80	4.00
266	3.17	-0.16	1.79	4.00
267	3.16	-0.23	1.79	2.00
268	3.14	-0.29	1.79	2.00
269	3.12	-0.36	1.79	1.00
270	3.11	-0.41	1.79	1.00
271	3.10	-0.47	1.79	1.00
272	3.07	-0.51	1.79	1.00
273	3.04	-0.56	1.79	1.00
274	3.02	-0.62	1.79	1.00
275	3.00	-0.67	1.79	1.00
276	3.01	-0.74	1.79	1.00
277	3.01	-0.80	1.79	1.00
278	3.01	-0.85	1.79	1.00
279	3.02	-0.91	1.79	1.00
280	3.04	-0.96	1.79	1.00
281	3.07	-1.02	1.79	1.00
282	3.07	-1.06	1.79	1.00
283	3.07	-1.10	1.79	1.00
284	3.08	-1.15	1.79	1.00
285	3.10	-1.20	1.79	4.00
286	3.10	-1.26	1.79	4.00
287	3.11	-1.32	1.79	4.00
288	3.17	-1.42	1.79	4.00
289	3.24	-1.52	1.79	4.00
290	3.23	-1.56	1.79	4.00
291	3.22	-1.61	1.79	4.00
292	3.22	-1.65	1.79	4.00
293	3.22	-1.69	1.79	1.00
294	3.22	-1.74	1.79	1.00
295	3.22	-1.79	1.79	1.00
296	3.21	-1.84	1.79	1.00
297	3.19	-1.89	1.79	1.00
298	3.19	-1.95	1.79	1.00
299	3.19	-2.02	1.79	1.00
300	3.18	-2.07	1.79	1.00
301	3.16	-2.12	1.79	1.00
302	3.12	-2.14	1.79	1.00
303	3.09	-2.17	1.79	1.00
304	3.08	-2.20	1.79	1.00
305	3.07	-2.23	1.79	1.00
306	3.04	-2.27	1.79	1.00
307	3.01	-2.32	1.79	1.00
308	3.00	-2.35	1.79	1.00
309	2.98	-2.39	1.79	1.00
310	2.97	-2.44	1.79	1.00
311	2.95	-2.48	1.79	1.00
312	2.94	-2.53	1.79	1.00
313	2.93	-2.57	1.79	1.00
314	2.92	-2.60	1.79	1.00
315	2.91	-2.62	1.79	1.00
316	2.87	-2.63	1.79	1.00
317	2.84	-2.64	1.79	1.00
318	2.84	-2.70	1.79	1.00
319	2.85	-2.75	1.79	1.00
320	2.82	-2.78	1.79	1.00
321	2.79	-2.80	1.79	1.00
322	2.78	-2.83	1.79	1.00
323	2.76	-2.85	1.79	1.00
324	2.74	-2.89	1.79	1.00
325	2.72	-2.93	1.79	1.00
326	2.71	-2.96	1.79	1.00
327	2.70	-2.99	1.79	1.00
328	2.69	-3.03	1.79	1.00
329	2.68	-3.07	1.79	1.00
330	2.66	-3.10	1.79	1.00
331	2.65	-3.14	1.79	1.00
332	2.67	-3.18	1.79	1.00
333	2.68	-3.22	1.79	4.00
334	2.69	-3.25	1.79	4.00
335	2.70	-3.29	1.79	4.00
336	2.71	-3.32	1.79	4.00
337	2.71	-3.35	1.79	1.00
338	2.69	-3.38	1.79	1.00
339	2.68	-3.41	1.79	1.00
340	2.70	-3.51	1.79	1.00
341	2.73	-3.60	1.79	1.00
342	2.72	-3.67	1.79	1.00
343	2.71	-3.73	1.79	1.00
344	2.72	-3.82	1.79	1.00
345	2.73	-3.90	1.79	1.00
346	2.73	-3.96	1.79	1.00
347	2.73	-4.02	1.79	1.00
348	2.72	-4.06	1.79	1.00
349	2.71	-4.11	1.79	1.00
350	2.71	-4.16	1.79	1.00
351	2.70	-4.22	1.79	1.00
352	2.69	-4.26	1.79	1.00
353	2.69	-4.30	1.79	1.00
354	2.69	-4.39	1.79	1.00
355	2.69	-4.49	1.79	1.00
356	2.68	-4.52	1.79	1.00
357	2.66	-4.54	1.79	1.00
358	2.63	-4.50	1.79	1.00
359	2.60	-4.47	1.79	1.00
360	2.57	-4.47	1.79	1.00
361	2.53	-4.48	1.79	1.00
362	2.50	-4.48	1.79	1.00
363	2.46	-4.48	1.79	1.00
364	2.44	-4.49	1.79	1.00
365	2.41	-4.51	1.79	1.00
366	2.39	-4.54	1.79	1.00
367	2.36	-4.58	1.79	1.00
368	2.36	-4.63	1.79	1.00
369	2.35	-4.68	1.79	1.00
370	2.31	-4.69	1.79	1.00
371	2.27	-4.70	1.79	1.00
372	2.23	-4.68	1.79	1.00
373	2.18	-4.65	1.79	1.00
374	2.15	-4.65	1.79	1.00
375	2.12	-4.64	1.79	1.00
376	2.08	-4.64	1.79	1.00
377	2.04	-4.64	1.79	1.00
378	2.01	-4.66	1.79	1.00
379	1.98	-4.67	1.79	2.00
380	1.97	-4.70	1.79	2.00
381	1.95	-4.74	1.79	2.00
382	1.94	-4.78	1.79	2.00
383	1.93	-4.82	1.79	1.00
384	1.92	-4.85	1.79	1.00
385	1.91	-4.88	1.79	1.00
386	1.90	-4.92	1.79	1.00
387	1.89	-4.95	1.79	1.00
388	1.88	-4.98	1.79	1.00
389	1.87	-5.01	1.79	1.00
390	1.85	-5.03	1.79	1.00
391	1.82	-5.04	1.79	1.00
Target 14 (frames from 229 to 271)
Bounding Boxes (frame, x, y, width, height)
229	670	118	154	308
230	660	118	154	309
231	649	118	155	310
232	639	119	155	311
233	629	119	155	311
234	619	120	155	311
235	609	121	155	311
236	598	123	155	311
237	588	124	155	310
238	578	126	154	309
239	569	129	153	307
240	559	132	153	306
241	548	135	152	305
242	538	137	151	303
243	528	139	150	301
244	519	142	149	298
245	511	144	147	295
246	505	147	146	292
247	499	150	144	288
248	494	154	142	284
249	489	157	140	280
250	485	160	138	276
251	481	163	136	272
252	478	166	134	268
253	476	168	132	265
254	473	170	130	261
255	471	171	129	258
256	468	172	127	255
257	466	174	126	253
258	465	176	126	252
259	464	178	125	250
260	463	181	124	248
261	463	183	123	246
262	464	186	121	243
263	463	188	120	240
264	463	191	118	237
265	463	193	117	234
266	464	195	115	231
267	464	198	113	227
268	465	200	112	224
269	466	203	110	220
270	467	205	108	216
271	468	208	105	211
3D Trajetory (frame, x, z, height, pose)
229	3.08	-0.90	1.89	1.00
230	2.99	-0.85	1.89	1.00
231	2.89	-0.79	1.90	1.00
232	2.91	-0.82	1.88	1.00
233	2.93	-0.85	1.86	1.00
234	2.90	-0.86	1.87	1.00
235	2.87	-0.88	1.88	1.00
236	2.88	-0.87	1.86	1.00
237	2.89	-0.86	1.84	1.00
238	2.87	-0.85	1.84	1.00
239	2.85	-0.84	1.84	1.00
240	2.87	-0.83	1.83	1.00
241	2.89	-0.81	1.82	1.00
242	2.90	-0.79	1.82	1.00
243	2.92	-0.77	1.82	1.00
244	2.96	-0.78	1.82	1.00
245	3.01	-0.79	1.83	1.00
246	3.04	-0.81	1.83	1.00
247	3.07	-0.83	1.83	1.00
248	3.12	-0.87	1.83	1.00
249	3.18	-0.92	1.83	1.00
250	3.24	-0.96	1.83	1.00
251	3.29	-1.00	1.83	1.00
252	3.34	-1.02	1.83	1.00
253	3.39	-1.05	1.83	1.00
254	3.41	-1.08	1.83	1.00
255	3.44	-1.11	1.83	1.00
256	3.46	-1.14	1.83	1.00
257	3.49	-1.18	1.83	1.00
258	3.53	-1.25	1.84	1.00
259	3.56	-1.32	1.84	1.00
260	3.55	-1.38	1.84	1.00
261	3.54	-1.43	1.84	1.00
262	3.55	-1.49	1.83	1.00
263	3.56	-1.56	1.83	1.00
264	3.54	-1.62	1.83	1.00
265	3.51	-1.69	1.83	1.00
266	3.63	-1.80	1.83	1.00
267	3.75	-1.90	1.84	1.00
268	3.79	-1.97	1.84	1.00
269	3.82	-2.04	1.84	1.00
270	3.84	-2.09	1.84	1.00
271	3.87	-2.15	1.84	1.00
Target 15 (frames from 297 to 391)
Bounding Boxes (frame, x, y, width, height)
297	485	248	92	184
298	488	249	92	184
299	491	250	92	184
300	494	251	92	184
301	497	252	92	184
302	500	252	92	184
303	503	253	92	184
304	506	253	92	184
305	509	254	92	184
306	512	254	92	184
307	516	254	92	184
308	519	254	91	183
309	522	254	91	183
310	524	253	91	183
311	527	253	91	183
312	530	253	91	183
313	533	253	92	184
314	536	253	92	184
315	538	253	92	185
316	541	253	92	185
317	545	254	92	185
318	548	255	92	185
319	551	256	92	184
320	555	256	92	184
321	559	257	91	183
322	563	258	90	181
323	567	259	90	180
324	570	260	89	179
325	574	261	89	178
326	578	262	88	177
327	581	262	88	176
328	584	263	87	174
329	587	263	86	173
330	590	263	86	172
331	592	263	85	171
332	594	263	85	171
333	596	264	85	170
334	597	264	85	170
335	598	265	85	170
336	599	266	84	169
337	599	266	84	169
338	600	267	84	168
339	600	267	83	167
340	601	267	83	166
341	601	267	82	164
342	601	267	81	162
343	601	268	80	160
344	601	268	79	158
345	601	268	78	156
346	600	269	77	154
347	600	269	76	152
348	598	269	75	150
349	597	269	74	149
350	596	270	74	148
351	595	271	73	147
352	593	271	73	146
353	593	272	73	146
354	592	273	73	146
355	592	273	72	145
356	593	273	72	145
357	594	273	72	145
358	596	273	72	144
359	598	273	72	144
360	600	273	71	143
361	603	273	71	142
362	606	273	70	141
363	609	273	70	140
364	611	273	69	139
365	613	273	68	137
366	615	272	68	136
367	617	272	67	134
368	619	272	66	132
369	620	273	65	130
370	621	273	64	128
371	622	273	63	127
372	622	274	63	126
373	623	275	62	125
374	623	275	62	124
375	623	276	62	124
376	622	276	61	123
377	622	276	61	123
378	621	276	61	123
379	620	276	61	123
380	620	276	62	124
381	619	276	62	124
382	618	276	62	124
383	617	276	62	125
384	617	276	62	125
385	616	276	62	125
386	616	277	62	125
387	615	277	62	125
388	614	278	62	125
389	614	278	62	125
390	613	279	62	125
391	613	279	63	126
3D Trajetory (frame, x, z, height, pose)
297	3.64	-3.41	1.78	4.00
298	3.58	-3.43	1.77	4.00
299	3.53	-3.44	1.76	4.00
300	3.44	-3.42	1.75	4.00
301	3.35	-3.40	1.74	1.00
302	3.27	-3.39	1.74	1.00
303	3.18	-3.39	1.73	1.00
304	3.17	-3.45	1.74	1.00
305	3.15	-3.51	1.75	1.00
306	3.17	-3.60	1.75	1.00
307	3.19	-3.70	1.76	1.00
308	3.17	-3.73	1.76	1.00
309	3.15	-3.77	1.76	1.00
310	3.10	-3.77	1.76	1.00
311	3.05	-3.77	1.76	1.00
312	2.99	-3.78	1.76	1.00
313	2.94	-3.78	1.76	1.00
314	2.89	-3.76	1.76	1.00
315	2.84	-3.75	1.76	1.00
316	2.82	-3.79	1.76	1.00
317	2.80	-3.84	1.76	1.00
318	2.77	-3.88	1.76	1.00
319	2.75	-3.92	1.76	4.00
320	2.72	-3.96	1.76	4.00
321	2.70	-4.00	1.76	4.00
322	2.67	-4.04	1.76	4.00
323	2.65	-4.07	1.76	1.00
324	2.63	-4.12	1.76	1.00
325	2.61	-4.17	1.76	1.00
326	2.58	-4.21	1.76	1.00
327	2.56	-4.26	1.76	1.00
328	2.55	-4.31	1.76	1.00
329	2.54	-4.35	1.76	1.00
330	2.52	-4.40	1.76	1.00
331	2.50	-4.45	1.76	4.00
332	2.48	-4.50	1.76	4.00
333	2.47	-4.55	1.76	4.00
334	2.45	-4.58	1.76	4.00
335	2.42	-4.61	1.76	1.00
336	2.38	-4.61	1.76	1.00
337	2.34	-4.60	1.76	1.00
338	2.31	-4.62	1.76	1.00
339	2.28	-4.64	1.76	1.00
340	2.26	-4.68	1.76	1.00
341	2.23	-4.71	1.76	4.00
342	2.27	-4.87	1.76	4.00
343	2.30	-5.03	1.77	4.00
344	2.30	-5.11	1.77	4.00
345	2.30	-5.19	1.77	4.00
346	2.32	-5.27	1.77	4.00
347	2.33	-5.36	1.77	3.00
348	2.30	-5.39	1.77	3.00
349	2.27	-5.43	1.77	4.00
350	2.26	-5.50	1.77	4.00
351	2.26	-5.57	1.77	1.00
352	2.23	-5.58	1.77	1.00
353	2.20	-5.60	1.77	1.00
354	2.18	-5.64	1.77	1.00
355	2.15	-5.67	1.77	1.00
356	2.12	-5.71	1.77	1.00
357	2.09	-5.76	1.77	1.00
358	2.04	-5.76	1.77	1.00
359	1.99	-5.77	1.78	1.00
360	1.95	-5.79	1.78	1.00
361	1.91	-5.82	1.78	4.00
362	1.90	-5.90	1.78	4.00
363	1.89	-5.98	1.78	4.00
364	1.88	-6.09	1.78	4.00
365	1.87	-6.19	1.77	4.00
366	1.84	-6.24	1.77	4.00
367	1.82	-6.29	1.77	4.00
368	1.82	-6.40	1.77	4.00
369	1.83	-6.51	1.77	1.00
370	1.83	-6.59	1.77	1.00
371	1.84	-6.67	1.77	1.00
372	1.84	-6.75	1.77	1.00
373	1.84	-6.83	1.77	4.00
374	1.83	-6.87	1.77	4.00
375	1.82	-6.91	1.77	2.00
376	1.80	-6.90	1.77	2.00
377	1.78	-6.89	1.77	2.00
378	1.77	-6.88	1.77	2.00
379	1.75	-6.87	1.77	2.00
380	1.74	-6.87	1.77	2.00
381	1.74	-6.87	1.77	4.00
382	1.73	-6.85	1.77	4.00
383	1.73	-6.84	1.77	4.00
384	1.71	-6.83	1.77	4.00
385	1.70	-6.82	1.77	4.00
386	1.68	-6.80	1.78	4.00
387	1.67	-6.78	1.78	4.00
388	1.66	-6.80	1.77	4.00
389	1.66	-6.83	1.77	4.00
390	1.66	-6.83	1.77	4.00
391	1.65	-6.84	1.77	4.00
