Total frames 905
Number of Targets 19
Target 1 (frames from 23 to 391)
Bounding Boxes (frame, x, y, width, height)
23	-8	150	156	312
24	-6	150	154	309
25	-5	149	153	306
26	-3	149	152	304
27	-1	149	150	301
28	1	148	149	299
29	3	148	149	298
30	6	148	148	296
31	9	148	147	295
32	12	147	146	293
33	15	146	147	295
34	18	145	148	297
35	21	145	148	296
36	25	145	147	295
37	30	146	147	294
38	35	146	146	292
39	40	147	145	290
40	46	147	144	288
41	52	148	143	286
42	57	149	141	283
43	63	150	140	281
44	69	151	139	278
45	75	152	137	275
46	80	153	136	272
47	86	154	134	269
48	91	155	133	266
49	96	156	131	263
50	101	157	130	260
51	106	157	129	258
52	110	158	128	256
53	114	159	126	253
54	118	159	126	252
55	122	159	125	250
56	125	158	124	249
57	129	158	124	249
58	133	157	124	248
59	137	157	123	247
60	141	157	123	246
61	145	157	122	245
62	149	157	121	243
63	153	157	120	241
64	157	157	120	240
65	160	157	119	238
66	163	157	118	236
67	166	158	117	234
68	169	158	116	232
69	171	158	115	230
70	174	159	114	228
71	177	159	113	226
72	181	159	112	225
73	185	159	111	223
74	189	160	111	222
75	193	160	110	220
76	197	161	109	219
77	201	161	108	217
78	204	162	108	216
79	207	162	108	216
80	209	162	107	215
81	211	162	107	214
82	213	162	107	214
83	214	162	106	213
84	215	161	106	213
85	216	161	106	212
86	217	161	106	212
87	219	161	105	211
88	220	160	105	211
89	222	160	105	210
90	225	160	105	210
91	227	159	104	209
92	230	159	104	208
93	232	159	103	207
94	235	159	103	206
95	237	159	102	205
96	239	159	102	204
97	241	158	101	203
98	243	158	101	202
99	244	158	100	200
100	246	159	99	199
101	247	159	98	197
102	248	159	98	196
103	249	159	97	195
104	250	159	97	194
105	252	159	96	193
106	253	159	96	192
107	255	159	95	191
108	257	159	95	190
109	259	158	95	190
110	261	158	94	189
111	262	158	94	188
112	264	158	93	187
113	266	158	93	187
114	267	158	93	186
115	269	158	92	185
116	270	158	92	184
117	271	158	91	183
118	273	158	91	183
119	274	158	91	182
120	276	158	90	181
121	278	158	90	180
122	279	158	89	179
123	281	158	89	178
124	282	158	88	177
125	284	159	87	175
126	285	159	87	174
127	286	160	86	172
128	287	160	85	171
129	289	160	85	170
130	290	161	84	169
131	292	161	84	168
132	293	161	83	167
133	294	160	83	166
134	295	160	83	166
135	297	160	82	165
136	298	160	82	165
137	299	160	82	165
138	301	159	82	164
139	302	158	82	164
140	304	158	81	163
141	305	157	81	163
142	307	156	81	162
143	309	156	81	162
144	310	156	80	161
145	312	155	80	160
146	314	155	79	159
147	316	155	79	158
148	318	155	78	157
149	319	156	78	156
150	321	156	77	155
151	322	157	77	154
152	323	158	76	153
153	324	158	76	152
154	325	159	76	152
155	325	160	75	151
156	326	160	75	151
157	327	161	75	150
158	329	161	75	150
159	330	161	75	150
160	332	161	75	150
161	334	161	75	150
162	336	161	75	150
163	338	161	75	150
164	340	161	75	151
165	342	161	75	151
166	344	162	75	150
167	346	162	75	150
168	348	162	75	150
169	349	162	75	150
170	350	162	74	149
171	351	162	74	149
172	352	162	74	148
173	352	162	74	148
174	352	162	73	147
175	352	163	73	146
176	352	163	72	145
177	352	162	72	144
178	352	162	71	143
179	352	162	71	142
180	353	161	70	141
181	353	161	70	141
182	353	161	70	140
183	354	161	69	139
184	355	161	69	139
185	356	161	69	139
186	357	161	69	138
187	358	161	68	137
188	359	161	68	137
189	360	161	68	136
190	361	162	67	135
191	362	162	67	134
192	363	163	66	133
193	364	164	66	132
194	365	164	65	131
195	366	165	65	131
196	367	166	65	130
197	368	166	64	129
198	369	167	64	129
199	370	167	64	128
200	371	168	64	128
201	372	168	64	128
202	373	168	64	128
203	374	169	63	127
204	375	170	63	127
205	376	170	63	126
206	377	171	63	126
207	378	171	62	125
208	379	172	62	124
209	381	172	62	124
210	382	173	61	123
211	383	174	61	122
212	384	174	60	121
213	385	175	60	121
214	386	176	60	120
215	387	176	59	119
216	388	177	59	119
217	388	177	59	118
218	389	178	58	117
219	390	178	58	117
220	390	178	58	116
221	391	178	58	116
222	391	178	58	116
223	392	177	57	115
224	392	177	57	115
225	393	176	57	115
226	393	175	57	114
227	393	174	57	114
228	394	173	57	114
229	394	173	57	114
230	395	172	56	113
231	395	171	56	113
232	396	171	56	112
233	397	170	56	112
234	398	170	56	112
235	399	170	55	111
236	400	170	55	111
237	401	170	55	110
238	402	170	55	110
239	403	171	54	109
240	405	171	54	109
241	406	171	54	108
242	407	172	54	108
243	408	172	53	107
244	409	172	53	107
245	410	172	53	107
246	410	171	53	107
247	411	171	53	107
248	412	170	53	107
249	413	170	54	108
250	414	169	54	109
251	415	168	54	109
252	416	168	55	110
253	417	168	55	110
254	418	168	55	111
255	419	168	55	111
256	420	168	55	111
257	421	169	56	112
258	422	170	56	112
259	422	170	56	112
260	423	171	56	112
261	423	172	56	112
262	424	173	56	112
263	424	173	56	112
264	425	174	55	111
265	425	175	55	111
266	426	175	55	110
267	427	176	55	110
268	427	177	54	109
269	428	177	54	109
270	429	178	54	108
271	429	178	53	107
272	430	179	53	107
273	431	179	53	106
274	432	180	53	106
275	432	180	52	105
276	433	180	52	104
277	434	181	52	104
278	434	181	51	103
279	435	181	51	102
280	436	181	51	102
281	437	181	50	101
282	438	181	50	100
283	439	181	49	99
284	440	182	49	98
285	441	182	49	98
286	442	182	48	97
287	443	183	48	96
288	443	183	48	96
289	444	183	47	95
290	445	183	47	95
291	446	183	47	94
292	447	182	47	94
293	447	181	47	94
294	448	180	47	94
295	449	180	46	93
296	450	179	46	93
297	451	178	46	93
298	451	177	46	93
299	452	177	46	93
300	453	177	46	93
301	454	176	46	93
302	455	176	46	93
303	455	176	46	93
304	456	176	46	93
305	456	176	46	93
306	457	177	46	93
307	457	177	46	93
308	457	177	46	92
309	458	178	46	92
310	458	178	46	92
311	459	179	46	92
312	460	179	46	92
313	461	180	45	91
314	462	181	45	91
315	464	181	45	91
316	465	182	45	91
317	467	183	45	90
318	468	184	45	90
319	469	184	45	90
320	470	184	45	90
321	471	184	45	90
322	471	184	45	90
323	471	184	45	90
324	471	183	45	90
325	471	183	45	90
326	471	183	45	90
327	470	183	45	90
328	469	183	45	90
329	469	184	44	89
330	468	184	44	89
331	467	184	44	89
332	466	184	44	89
333	466	185	44	89
334	465	185	44	89
335	465	185	44	89
336	465	185	44	89
337	465	185	44	89
338	465	185	44	89
339	466	186	44	89
340	467	186	44	89
341	468	186	44	89
342	469	186	44	89
343	469	186	44	89
344	470	186	44	89
345	471	187	44	89
346	472	187	44	88
347	473	187	44	88
348	473	188	44	88
349	474	188	44	88
350	474	188	43	87
351	474	189	43	87
352	474	189	43	87
353	474	189	43	86
354	475	189	43	86
355	475	190	43	86
356	476	190	43	86
357	476	190	42	85
358	477	190	42	85
359	478	189	42	85
360	478	189	42	85
361	479	189	42	85
362	480	188	42	85
363	481	188	42	85
364	482	188	42	84
365	482	187	42	84
366	483	187	42	84
367	483	187	42	84
368	483	187	42	84
369	483	187	42	84
370	483	188	42	84
371	483	188	41	83
372	482	188	41	83
373	482	188	41	83
374	481	188	41	83
375	481	189	41	83
376	480	189	41	82
377	480	189	41	82
378	480	189	41	82
379	480	189	41	82
380	480	189	41	82
381	480	189	41	82
382	480	189	41	82
383	481	189	41	82
384	481	189	41	82
385	482	190	41	82
386	482	190	40	81
387	483	191	40	81
388	484	191	40	81
389	485	192	40	81
390	485	193	40	81
391	487	193	40	80
3D Trajetory (frame, x, z, height, pose)
23	-1.50	2.56	1.71	1.00
24	-1.57	2.68	1.68	1.00
25	-1.63	2.81	1.65	1.00
26	-1.61	2.82	1.66	1.00
27	-1.60	2.84	1.66	1.00
28	-1.60	2.86	1.68	1.00
29	-1.60	2.88	1.69	1.00
30	-1.59	2.89	1.70	1.00
31	-1.59	2.90	1.70	1.00
32	-1.57	2.90	1.72	1.00
33	-1.56	2.90	1.74	1.00
34	-1.54	2.90	1.74	1.00
35	-1.52	2.90	1.74	1.00
36	-1.49	2.92	1.73	1.00
37	-1.47	2.94	1.72	1.00
38	-1.47	2.98	1.73	1.00
39	-1.46	3.01	1.73	1.00
40	-1.43	2.99	1.72	1.00
41	-1.40	2.97	1.71	1.00
42	-1.40	3.01	1.71	1.00
43	-1.40	3.06	1.71	1.00
44	-1.37	3.07	1.71	1.00
45	-1.35	3.08	1.71	1.00
46	-1.32	3.10	1.71	1.00
47	-1.29	3.12	1.71	1.00
48	-1.28	3.15	1.69	1.00
49	-1.27	3.18	1.67	1.00
50	-1.26	3.20	1.66	1.00
51	-1.25	3.22	1.66	1.00
52	-1.23	3.25	1.66	1.00
53	-1.22	3.27	1.66	1.00
54	-1.21	3.28	1.66	1.00
55	-1.20	3.30	1.66	1.00
56	-1.18	3.32	1.67	1.00
57	-1.17	3.33	1.67	1.00
58	-1.16	3.36	1.68	1.00
59	-1.14	3.38	1.68	1.00
60	-1.12	3.41	1.69	1.00
61	-1.10	3.44	1.70	1.00
62	-1.09	3.47	1.71	1.00
63	-1.08	3.50	1.71	1.00
64	-1.07	3.54	1.71	1.00
65	-1.07	3.57	1.71	1.00
66	-1.07	3.60	1.70	1.00
67	-1.07	3.64	1.70	1.00
68	-1.06	3.66	1.70	1.00
69	-1.04	3.68	1.70	1.00
70	-1.03	3.71	1.70	1.00
71	-1.02	3.73	1.70	1.00
72	-1.00	3.76	1.70	1.00
73	-0.98	3.78	1.70	1.00
74	-0.96	3.81	1.70	1.00
75	-0.94	3.84	1.71	1.00
76	-0.93	3.87	1.71	1.00
77	-0.91	3.91	1.72	1.00
78	-0.89	3.94	1.71	1.00
79	-0.86	3.98	1.71	1.00
80	-0.86	4.01	1.72	1.00
81	-0.86	4.03	1.73	1.00
82	-0.85	4.06	1.73	1.00
83	-0.84	4.08	1.74	1.00
84	-0.83	4.10	1.76	1.00
85	-0.82	4.12	1.78	1.00
86	-0.81	4.15	1.78	1.00
87	-0.79	4.17	1.78	1.00
88	-0.78	4.20	1.78	1.00
89	-0.77	4.23	1.77	1.00
90	-0.76	4.26	1.77	1.00
91	-0.76	4.28	1.78	1.00
92	-0.74	4.31	1.78	1.00
93	-0.72	4.34	1.79	1.00
94	-0.71	4.36	1.80	1.00
95	-0.69	4.39	1.81	1.00
96	-0.68	4.41	1.81	1.00
97	-0.66	4.43	1.82	2.00
98	-0.65	4.47	1.81	2.00
99	-0.65	4.51	1.81	2.00
100	-0.64	4.54	1.80	2.00
101	-0.64	4.57	1.80	2.00
102	-0.63	4.60	1.79	2.00
103	-0.63	4.63	1.79	2.00
104	-0.62	4.65	1.80	2.00
105	-0.62	4.68	1.81	1.00
106	-0.61	4.70	1.81	1.00
107	-0.60	4.73	1.80	1.00
108	-0.58	4.75	1.82	1.00
109	-0.56	4.77	1.83	1.00
110	-0.55	4.80	1.82	1.00
111	-0.54	4.83	1.82	2.00
112	-0.53	4.86	1.82	2.00
113	-0.52	4.89	1.81	2.00
114	-0.52	4.91	1.82	2.00
115	-0.52	4.94	1.82	2.00
116	-0.51	4.95	1.82	2.00
117	-0.50	4.97	1.83	1.00
118	-0.49	5.00	1.83	1.00
119	-0.48	5.03	1.83	1.00
120	-0.46	5.04	1.83	1.00
121	-0.45	5.06	1.82	1.00
122	-0.43	5.08	1.82	1.00
123	-0.42	5.09	1.82	1.00
124	-0.41	5.14	1.82	1.00
125	-0.40	5.18	1.82	1.00
126	-0.40	5.23	1.82	1.00
127	-0.39	5.28	1.82	1.00
128	-0.39	5.33	1.82	1.00
129	-0.39	5.37	1.83	1.00
130	-0.38	5.41	1.82	1.00
131	-0.37	5.46	1.82	4.00
132	-0.36	5.49	1.82	4.00
133	-0.35	5.52	1.82	4.00
134	-0.35	5.53	1.82	4.00
135	-0.34	5.53	1.82	2.00
136	-0.33	5.55	1.83	2.00
137	-0.33	5.56	1.84	2.00
138	-0.32	5.59	1.84	2.00
139	-0.32	5.61	1.85	2.00
140	-0.32	5.65	1.85	2.00
141	-0.32	5.68	1.85	2.00
142	-0.30	5.75	1.87	2.00
143	-0.28	5.82	1.88	4.00
144	-0.26	5.88	1.88	4.00
145	-0.25	5.93	1.88	4.00
146	-0.23	5.94	1.88	4.00
147	-0.22	5.95	1.89	4.00
148	-0.20	5.98	1.89	4.00
149	-0.18	6.00	1.88	4.00
150	-0.17	6.03	1.88	4.00
151	-0.16	6.06	1.87	4.00
152	-0.14	6.10	1.86	4.00
153	-0.13	6.15	1.86	2.00
154	-0.12	6.17	1.85	2.00
155	-0.11	6.19	1.84	2.00
156	-0.09	6.22	1.85	2.00
157	-0.08	6.26	1.86	2.00
158	-0.06	6.27	1.88	2.00
159	-0.05	6.28	1.90	4.00
160	-0.03	6.29	1.90	4.00
161	-0.02	6.31	1.91	4.00
162	0.00	6.34	1.90	4.00
163	0.02	6.37	1.90	4.00
164	0.04	6.38	1.90	4.00
165	0.06	6.40	1.90	4.00
166	0.08	6.41	1.91	4.00
167	0.10	6.42	1.92	4.00
168	0.11	6.44	1.92	4.00
169	0.13	6.45	1.93	4.00
170	0.14	6.48	1.94	4.00
171	0.15	6.50	1.94	4.00
172	0.16	6.53	1.94	4.00
173	0.17	6.56	1.93	4.00
174	0.18	6.58	1.92	4.00
175	0.20	6.60	1.92	4.00
176	0.20	6.62	1.91	4.00
177	0.20	6.63	1.89	4.00
178	0.21	6.66	1.89	4.00
179	0.22	6.69	1.89	4.00
180	0.22	6.71	1.88	4.00
181	0.23	6.72	1.88	4.00
182	0.24	6.74	1.88	4.00
183	0.24	6.76	1.88	4.00
184	0.24	6.79	1.89	4.00
185	0.25	6.82	1.90	4.00
186	0.27	6.87	1.89	4.00
187	0.29	6.92	1.88	4.00
188	0.30	6.94	1.88	4.00
189	0.31	6.95	1.88	4.00
190	0.32	6.98	1.89	4.00
191	0.33	7.02	1.89	4.00
192	0.34	7.05	1.88	4.00
193	0.35	7.09	1.87	4.00
194	0.36	7.12	1.86	4.00
195	0.37	7.15	1.85	4.00
196	0.38	7.18	1.85	4.00
197	0.39	7.21	1.85	4.00
198	0.40	7.24	1.85	4.00
199	0.41	7.26	1.84	4.00
200	0.42	7.29	1.86	4.00
201	0.42	7.32	1.87	4.00
202	0.44	7.36	1.88	4.00
203	0.45	7.40	1.88	4.00
204	0.46	7.43	1.88	4.00
205	0.47	7.46	1.88	4.00
206	0.49	7.49	1.88	4.00
207	0.51	7.52	1.87	4.00
208	0.52	7.55	1.87	4.00
209	0.53	7.57	1.86	4.00
210	0.54	7.60	1.85	4.00
211	0.55	7.64	1.84	4.00
212	0.56	7.66	1.84	4.00
213	0.57	7.69	1.85	4.00
214	0.58	7.72	1.85	4.00
215	0.59	7.75	1.85	4.00
216	0.59	7.77	1.84	4.00
217	0.59	7.79	1.83	4.00
218	0.61	7.81	1.83	4.00
219	0.62	7.84	1.82	4.00
220	0.64	7.88	1.82	4.00
221	0.66	7.91	1.81	4.00
222	0.66	7.94	1.81	4.00
223	0.67	7.96	1.82	4.00
224	0.68	7.98	1.83	4.00
225	0.69	8.00	1.84	1.00
226	0.71	8.03	1.84	1.00
227	0.72	8.06	1.84	4.00
228	0.73	8.10	1.84	4.00
229	0.74	8.14	1.84	4.00
230	0.74	8.17	1.84	4.00
231	0.75	8.20	1.84	4.00
232	0.76	8.23	1.84	4.00
233	0.76	8.26	1.83	4.00
234	0.78	8.30	1.84	4.00
235	0.81	8.33	1.84	4.00
236	0.82	8.36	1.84	4.00
237	0.84	8.39	1.85	4.00
238	0.86	8.42	1.85	4.00
239	0.87	8.45	1.85	4.00
240	0.89	8.49	1.84	4.00
241	0.92	8.54	1.83	4.00
242	0.94	8.57	1.82	4.00
243	0.96	8.61	1.82	4.00
244	0.96	8.62	1.82	4.00
245	0.96	8.64	1.83	4.00
246	0.98	8.65	1.84	4.00
247	1.00	8.66	1.86	4.00
248	1.03	8.69	1.87	4.00
249	1.05	8.72	1.88	4.00
250	1.06	8.75	1.89	4.00
251	1.07	8.78	1.90	4.00
252	1.08	8.81	1.91	4.00
253	1.10	8.83	1.92	4.00
254	1.12	8.86	1.94	4.00
255	1.15	8.89	1.96	4.00
256	1.17	8.91	1.98	4.00
257	1.20	8.92	1.99	4.00
258	1.22	8.94	1.99	4.00
259	1.24	8.96	1.99	4.00
260	1.25	8.99	1.99	4.00
261	1.25	9.02	2.00	4.00
262	1.27	9.04	2.00	4.00
263	1.29	9.06	2.01	4.00
264	1.30	9.08	2.00	4.00
265	1.31	9.10	2.00	4.00
266	1.33	9.12	2.00	4.00
267	1.35	9.14	2.01	4.00
268	1.36	9.16	1.99	4.00
269	1.37	9.19	1.97	4.00
270	1.38	9.22	1.96	4.00
271	1.39	9.25	1.95	4.00
272	1.38	9.27	1.95	4.00
273	1.38	9.30	1.95	4.00
274	1.39	9.33	1.95	4.00
275	1.41	9.35	1.96	4.00
276	1.42	9.38	1.95	4.00
277	1.43	9.40	1.94	4.00
278	1.44	9.44	1.93	4.00
279	1.45	9.48	1.92	4.00
280	1.46	9.50	1.91	4.00
281	1.47	9.53	1.90	4.00
282	1.48	9.56	1.89	4.00
283	1.49	9.58	1.89	4.00
284	1.50	9.60	1.87	4.00
285	1.51	9.62	1.85	4.00
286	1.52	9.62	1.84	4.00
287	1.53	9.62	1.84	4.00
288	1.54	9.64	1.83	4.00
289	1.56	9.65	1.81	4.00
290	1.57	9.65	1.81	4.00
291	1.58	9.65	1.80	4.00
292	1.58	9.67	1.80	4.00
293	1.59	9.69	1.79	4.00
294	1.60	9.71	1.80	4.00
295	1.61	9.73	1.80	4.00
296	1.63	9.75	1.80	4.00
297	1.64	9.76	1.79	4.00
298	1.66	9.77	1.80	4.00
299	1.67	9.78	1.80	4.00
300	1.68	9.79	1.80	4.00
301	1.70	9.80	1.80	4.00
302	1.71	9.81	1.80	4.00
303	1.72	9.82	1.80	4.00
304	1.73	9.83	1.80	4.00
305	1.74	9.84	1.80	4.00
306	1.75	9.86	1.80	4.00
307	1.76	9.87	1.80	4.00
308	1.77	9.88	1.80	4.00
309	1.78	9.89	1.80	4.00
310	1.79	9.90	1.80	4.00
311	1.80	9.91	1.79	4.00
312	1.81	9.92	1.79	4.00
313	1.83	9.93	1.79	4.00
314	1.84	9.94	1.78	4.00
315	1.85	9.94	1.77	4.00
316	1.87	9.95	1.77	4.00
317	1.89	9.95	1.78	4.00
318	1.92	9.96	1.77	4.00
319	1.95	9.96	1.76	4.00
320	1.96	9.97	1.76	4.00
321	1.98	9.98	1.76	4.00
322	1.97	10.00	1.76	4.00
323	1.97	10.03	1.76	4.00
324	1.98	10.04	1.77	4.00
325	2.00	10.05	1.77	4.00
326	2.01	10.06	1.78	4.00
327	2.02	10.06	1.79	4.00
328	2.02	10.07	1.79	4.00
329	2.02	10.08	1.78	4.00
330	2.02	10.09	1.77	4.00
331	2.02	10.11	1.76	4.00
332	2.03	10.12	1.77	4.00
333	2.04	10.12	1.77	4.00
334	2.03	10.13	1.78	4.00
335	2.03	10.14	1.79	4.00
336	2.04	10.15	1.78	4.00
337	2.04	10.16	1.78	4.00
338	2.06	10.17	1.78	4.00
339	2.08	10.18	1.78	4.00
340	2.08	10.19	1.79	4.00
341	2.09	10.20	1.79	4.00
342	2.10	10.20	1.78	4.00
343	2.10	10.20	1.78	4.00
344	2.11	10.21	1.78	4.00
345	2.11	10.22	1.79	4.00
346	2.12	10.23	1.79	4.00
347	2.13	10.24	1.79	1.00
348	2.13	10.25	1.78	1.00
349	2.14	10.26	1.77	4.00
350	2.14	10.26	1.76	4.00
351	2.15	10.27	1.75	4.00
352	2.15	10.28	1.75	4.00
353	2.15	10.29	1.76	4.00
354	2.16	10.30	1.75	4.00
355	2.16	10.31	1.74	4.00
356	2.17	10.32	1.74	4.00
357	2.18	10.33	1.74	4.00
358	2.20	10.34	1.73	4.00
359	2.21	10.35	1.73	4.00
360	2.23	10.36	1.73	4.00
361	2.25	10.36	1.73	4.00
362	2.25	10.37	1.72	4.00
363	2.26	10.37	1.72	4.00
364	2.27	10.39	1.72	4.00
365	2.29	10.40	1.72	4.00
366	2.29	10.41	1.72	4.00
367	2.30	10.42	1.72	4.00
368	2.31	10.43	1.72	4.00
369	2.31	10.44	1.72	4.00
370	2.32	10.45	1.72	4.00
371	2.33	10.45	1.72	4.00
372	2.34	10.47	1.71	4.00
373	2.34	10.50	1.70	4.00
374	2.35	10.51	1.70	4.00
375	2.36	10.52	1.70	4.00
376	2.36	10.53	1.70	4.00
377	2.36	10.54	1.70	4.00
378	2.37	10.56	1.71	4.00
379	2.39	10.58	1.71	4.00
380	2.41	10.60	1.71	4.00
381	2.42	10.61	1.71	4.00
382	2.44	10.63	1.71	4.00
383	2.46	10.64	1.71	4.00
384	2.47	10.66	1.72	4.00
385	2.49	10.67	1.72	4.00
386	2.50	10.69	1.72	4.00
387	2.52	10.71	1.72	4.00
388	2.53	10.73	1.71	4.00
389	2.54	10.75	1.69	4.00
390	2.55	10.75	1.70	4.00
391	2.56	10.76	1.71	4.00
Target 2 (frames from 45 to 91)
Bounding Boxes (frame, x, y, width, height)
45	300	167	41	82
46	300	167	40	81
47	300	167	40	81
48	300	167	40	81
49	300	167	40	80
50	300	167	40	80
51	300	167	40	80
52	300	167	40	80
53	300	167	40	80
54	300	167	40	80
55	300	167	40	80
56	300	167	40	80
57	300	167	40	80
58	300	167	40	80
59	300	167	40	81
60	300	167	40	81
61	300	167	40	81
62	300	167	41	82
63	300	167	41	82
64	300	167	41	82
65	299	167	41	82
66	299	167	41	82
67	299	167	41	82
68	298	167	41	82
69	297	167	41	82
70	296	167	41	82
71	296	168	41	82
72	295	168	41	82
73	295	168	41	82
74	295	169	41	82
75	295	169	41	82
76	294	170	41	82
77	294	171	41	82
78	294	171	41	82
79	294	172	41	82
80	293	173	41	82
81	292	174	41	82
82	292	174	41	82
83	291	175	41	82
84	290	175	41	82
85	289	175	41	82
86	287	175	41	82
87	286	176	41	82
88	284	176	41	82
89	283	176	41	82
90	281	176	41	82
91	279	176	41	82
3D Trajetory (frame, x, z, height, pose)
45	-0.95	11.57	1.89	2.00
46	-0.95	11.56	1.89	2.00
47	-0.95	11.55	1.89	2.00
48	-0.97	11.55	1.89	2.00
49	-0.98	11.56	1.89	2.00
50	-0.99	11.56	1.88	2.00
51	-1.00	11.57	1.86	2.00
52	-1.01	11.59	1.86	2.00
53	-1.02	11.61	1.85	2.00
54	-1.02	11.61	1.85	2.00
55	-1.02	11.62	1.85	2.00
56	-1.02	11.59	1.86	2.00
57	-1.03	11.57	1.86	3.00
58	-1.05	11.55	1.87	3.00
59	-1.08	11.54	1.89	3.00
60	-1.08	11.52	1.89	3.00
61	-1.09	11.50	1.89	2.00
62	-1.10	11.50	1.89	2.00
63	-1.11	11.51	1.89	2.00
64	-1.11	11.47	1.90	2.00
65	-1.11	11.44	1.91	2.00
66	-1.13	11.44	1.90	2.00
67	-1.15	11.43	1.90	2.00
68	-1.16	11.41	1.89	2.00
69	-1.18	11.38	1.89	2.00
70	-1.19	11.37	1.89	2.00
71	-1.20	11.35	1.89	2.00
72	-1.23	11.36	1.88	2.00
73	-1.25	11.37	1.87	2.00
74	-1.26	11.37	1.87	2.00
75	-1.28	11.36	1.87	2.00
76	-1.27	11.33	1.87	2.00
77	-1.27	11.31	1.88	2.00
78	-1.27	11.29	1.88	2.00
79	-1.28	11.28	1.88	2.00
80	-1.29	11.27	1.87	2.00
81	-1.31	11.27	1.87	2.00
82	-1.32	11.26	1.86	2.00
83	-1.33	11.26	1.86	2.00
84	-1.35	11.24	1.85	2.00
85	-1.36	11.22	1.85	2.00
86	-1.37	11.20	1.85	2.00
87	-1.38	11.18	1.84	2.00
88	-1.39	11.17	1.84	2.00
89	-1.40	11.15	1.84	2.00
90	-1.40	11.13	1.85	2.00
91	-1.40	11.11	1.85	2.00
Target 3 (frames from 129 to 297)
Bounding Boxes (frame, x, y, width, height)
129	266	172	47	94
130	268	172	47	94
131	270	172	46	93
132	272	172	46	93
133	273	173	46	93
134	275	173	46	92
135	276	173	46	92
136	276	173	46	92
137	276	173	46	92
138	276	174	45	91
139	276	174	45	91
140	275	174	45	91
141	274	174	45	91
142	273	174	45	91
143	271	175	45	91
144	269	175	45	91
145	267	175	45	91
146	265	175	45	91
147	263	175	45	91
148	262	175	45	91
149	261	175	46	92
150	259	175	46	92
151	258	175	46	92
152	257	175	46	92
153	256	176	46	92
154	254	177	46	92
155	253	177	46	92
156	251	178	46	92
157	250	178	46	92
158	249	179	46	93
159	248	179	46	93
160	247	179	46	93
161	247	179	47	94
162	246	179	47	95
163	245	179	48	96
164	245	178	48	97
165	245	178	48	97
166	244	178	49	98
167	243	178	49	99
168	243	178	50	100
169	242	177	50	101
170	241	177	50	101
171	240	177	51	102
172	238	177	51	103
173	237	176	51	103
174	235	176	51	103
175	234	175	52	104
176	232	174	52	104
177	231	173	52	105
178	230	172	52	105
179	228	171	53	106
180	227	170	53	107
181	226	169	54	108
182	225	168	54	108
183	224	168	54	109
184	223	168	55	110
185	222	167	55	111
186	222	167	56	112
187	221	167	56	113
188	220	167	56	113
189	218	167	57	114
190	217	167	57	115
191	216	167	57	115
192	215	167	58	116
193	214	167	58	116
194	213	168	58	116
195	213	169	58	116
196	212	169	58	117
197	211	170	58	117
198	210	171	58	117
199	210	171	58	117
200	209	172	58	117
201	209	173	58	117
202	208	174	59	118
203	207	175	59	118
204	207	176	59	118
205	206	177	59	118
206	205	177	59	118
207	204	178	59	118
208	203	178	59	119
209	202	179	59	119
210	202	179	59	119
211	201	179	60	120
212	200	180	60	121
213	200	180	60	121
214	199	180	61	122
215	198	180	61	123
216	197	180	62	124
217	195	180	62	125
218	194	180	63	127
219	192	180	64	128
220	190	180	64	129
221	188	180	65	130
222	185	180	65	131
223	183	180	65	131
224	181	179	66	132
225	179	179	66	132
226	177	178	66	133
227	175	178	66	133
228	173	178	66	133
229	171	177	66	133
230	169	177	66	133
231	167	176	66	133
232	166	176	67	134
233	164	175	67	134
234	163	175	67	135
235	161	174	68	136
236	159	174	68	137
237	158	174	69	138
238	156	174	69	139
239	154	174	70	140
240	152	174	70	141
241	150	174	71	142
242	149	174	71	143
243	147	174	71	143
244	146	174	72	144
245	144	174	72	145
246	142	174	72	145
247	141	175	73	146
248	139	175	73	146
249	138	175	73	146
250	136	176	73	147
251	134	176	73	147
252	132	177	74	148
253	130	177	74	148
254	128	178	74	149
255	125	179	75	150
256	123	180	75	150
257	121	181	75	151
258	118	183	76	152
259	115	184	76	153
260	113	185	77	154
261	110	186	77	155
262	107	186	78	156
263	104	187	78	157
264	101	188	79	158
265	98	188	79	159
266	95	189	80	160
267	93	189	80	161
268	90	189	81	162
269	87	190	81	163
270	85	190	82	164
271	83	190	82	165
272	80	190	83	166
273	78	190	83	167
274	76	189	84	168
275	74	189	84	169
276	71	188	85	170
277	69	188	86	172
278	66	187	86	173
279	64	187	87	174
280	61	186	87	175
281	58	186	88	176
282	56	186	88	176
283	53	187	88	177
284	50	187	89	178
285	47	187	89	178
286	44	187	89	179
287	41	188	89	179
288	38	188	89	179
289	36	188	89	179
290	33	188	90	180
291	30	188	90	180
292	28	188	90	180
293	25	187	90	180
294	22	187	90	181
295	20	186	90	181
296	18	186	90	181
297	15	185	90	181
3D Trajetory (frame, x, z, height, pose)
129	-1.40	9.45	1.79	2.00
130	-1.39	9.43	1.77	2.00
131	-1.39	9.41	1.75	2.00
132	-1.38	9.40	1.74	2.00
133	-1.37	9.39	1.73	2.00
134	-1.36	9.39	1.74	2.00
135	-1.36	9.39	1.75	1.00
136	-1.34	9.38	1.73	1.00
137	-1.32	9.36	1.72	1.00
138	-1.31	9.37	1.72	1.00
139	-1.30	9.37	1.73	1.00
140	-1.32	9.34	1.71	1.00
141	-1.34	9.31	1.69	1.00
142	-1.44	9.21	1.67	1.00
143	-1.55	9.12	1.65	2.00
144	-1.55	9.13	1.66	2.00
145	-1.56	9.14	1.67	2.00
146	-1.57	9.13	1.68	2.00
147	-1.58	9.13	1.68	2.00
148	-1.61	9.11	1.68	2.00
149	-1.63	9.10	1.68	2.00
150	-1.65	9.09	1.68	2.00
151	-1.67	9.09	1.68	2.00
152	-1.69	9.09	1.68	2.00
153	-1.71	9.09	1.68	2.00
154	-1.73	9.15	1.68	2.00
155	-1.76	9.20	1.68	2.00
156	-1.77	9.13	1.68	2.00
157	-1.78	9.05	1.68	2.00
158	-1.79	9.06	1.68	2.00
159	-1.80	9.06	1.69	2.00
160	-1.82	9.02	1.70	2.00
161	-1.84	8.98	1.70	2.00
162	-1.86	8.98	1.71	2.00
163	-1.88	8.98	1.72	2.00
164	-1.89	8.97	1.73	2.00
165	-1.90	8.95	1.74	2.00
166	-1.90	8.90	1.75	2.00
167	-1.91	8.84	1.76	2.00
168	-1.92	8.80	1.77	2.00
169	-1.93	8.75	1.78	2.00
170	-1.93	8.72	1.78	2.00
171	-1.94	8.69	1.78	2.00
172	-1.95	8.67	1.79	2.00
173	-1.96	8.64	1.79	2.00
174	-1.96	8.61	1.79	2.00
175	-1.96	8.58	1.80	2.00
176	-1.96	8.55	1.79	2.00
177	-1.96	8.53	1.79	2.00
178	-1.97	8.50	1.79	2.00
179	-1.98	8.47	1.79	2.00
180	-1.97	8.43	1.80	2.00
181	-1.97	8.39	1.81	2.00
182	-1.97	8.35	1.82	2.00
183	-1.97	8.30	1.82	2.00
184	-1.99	8.27	1.83	2.00
185	-2.00	8.24	1.84	2.00
186	-1.99	8.18	1.84	2.00
187	-1.99	8.12	1.85	2.00
188	-1.99	8.08	1.84	2.00
189	-1.99	8.03	1.84	2.00
190	-2.01	7.99	1.84	2.00
191	-2.02	7.95	1.83	2.00
192	-2.03	7.92	1.83	2.00
193	-2.04	7.89	1.83	2.00
194	-2.05	7.86	1.83	2.00
195	-2.06	7.83	1.83	2.00
196	-2.06	7.79	1.83	2.00
197	-2.06	7.75	1.82	2.00
198	-2.07	7.71	1.81	2.00
199	-2.08	7.67	1.81	2.00
200	-2.08	7.65	1.80	2.00
201	-2.07	7.62	1.80	2.00
202	-2.07	7.59	1.79	2.00
203	-2.06	7.56	1.78	2.00
204	-2.08	7.52	1.78	2.00
205	-2.10	7.47	1.78	2.00
206	-2.11	7.44	1.77	2.00
207	-2.12	7.41	1.77	2.00
208	-2.13	7.39	1.77	2.00
209	-2.13	7.37	1.76	2.00
210	-2.14	7.34	1.77	2.00
211	-2.15	7.32	1.77	2.00
212	-2.15	7.28	1.77	2.00
213	-2.15	7.25	1.77	2.00
214	-2.16	7.20	1.77	2.00
215	-2.16	7.16	1.77	2.00
216	-2.15	7.09	1.77	2.00
217	-2.14	7.02	1.76	3.00
218	-2.13	6.93	1.77	3.00
219	-2.13	6.83	1.77	3.00
220	-2.13	6.77	1.77	3.00
221	-2.14	6.72	1.78	2.00
222	-2.15	6.69	1.77	2.00
223	-2.17	6.65	1.77	2.00
224	-2.18	6.63	1.77	2.00
225	-2.20	6.60	1.77	2.00
226	-2.23	6.59	1.76	2.00
227	-2.25	6.58	1.75	2.00
228	-2.26	6.54	1.75	2.00
229	-2.27	6.51	1.75	2.00
230	-2.29	6.51	1.75	2.00
231	-2.31	6.52	1.74	2.00
232	-2.31	6.48	1.74	2.00
233	-2.32	6.44	1.75	2.00
234	-2.33	6.40	1.75	2.00
235	-2.34	6.36	1.75	2.00
236	-2.35	6.31	1.75	2.00
237	-2.35	6.27	1.75	2.00
238	-2.36	6.24	1.76	2.00
239	-2.36	6.21	1.77	2.00
240	-2.37	6.17	1.76	2.00
241	-2.39	6.13	1.76	2.00
242	-2.39	6.09	1.76	2.00
243	-2.39	6.05	1.77	2.00
244	-2.40	6.02	1.76	2.00
245	-2.41	5.99	1.76	2.00
246	-2.41	5.97	1.75	2.00
247	-2.42	5.94	1.75	3.00
248	-2.42	5.91	1.74	3.00
249	-2.43	5.88	1.74	3.00
250	-2.44	5.84	1.74	3.00
251	-2.45	5.80	1.74	3.00
252	-2.47	5.76	1.74	3.00
253	-2.50	5.73	1.73	3.00
254	-2.50	5.71	1.72	3.00
255	-2.51	5.69	1.72	3.00
256	-2.52	5.65	1.72	3.00
257	-2.53	5.61	1.72	3.00
258	-2.54	5.59	1.73	3.00
259	-2.56	5.56	1.73	2.00
260	-2.57	5.53	1.73	2.00
261	-2.57	5.50	1.73	2.00
262	-2.58	5.47	1.74	2.00
263	-2.60	5.43	1.74	2.00
264	-2.62	5.40	1.74	2.00
265	-2.64	5.37	1.74	2.00
266	-2.64	5.33	1.74	2.00
267	-2.65	5.30	1.74	2.00
268	-2.66	5.27	1.73	2.00
269	-2.68	5.25	1.73	2.00
270	-2.69	5.21	1.73	2.00
271	-2.70	5.18	1.74	2.00
272	-2.71	5.16	1.74	2.00
273	-2.73	5.13	1.74	2.00
274	-2.75	5.12	1.75	2.00
275	-2.77	5.11	1.76	2.00
276	-2.77	5.07	1.76	2.00
277	-2.78	5.04	1.76	2.00
278	-2.78	5.01	1.77	2.00
279	-2.79	4.99	1.78	3.00
280	-2.81	4.96	1.78	3.00
281	-2.82	4.93	1.78	3.00
282	-2.84	4.91	1.77	3.00
283	-2.86	4.89	1.77	3.00
284	-2.87	4.85	1.76	3.00
285	-2.88	4.81	1.75	3.00
286	-2.89	4.77	1.75	3.00
287	-2.90	4.73	1.74	3.00
288	-2.92	4.72	1.74	3.00
289	-2.94	4.71	1.74	3.00
290	-2.96	4.69	1.73	3.00
291	-2.98	4.67	1.73	3.00
292	-3.00	4.66	1.73	3.00
293	-3.03	4.65	1.72	2.00
294	-3.04	4.63	1.72	2.00
295	-3.05	4.61	1.72	2.00
296	-3.06	4.59	1.72	2.00
297	-3.08	4.57	1.71	2.00
Target 4 (frames from 167 to 327)
Bounding Boxes (frame, x, y, width, height)
167	288	179	54	109
168	288	179	55	110
169	288	179	55	110
170	288	178	55	111
171	288	178	56	112
172	287	178	56	112
173	287	177	56	113
174	286	177	56	113
175	285	176	56	113
176	283	176	57	114
177	282	175	56	113
178	280	175	56	113
179	278	174	56	113
180	276	173	56	113
181	274	173	56	113
182	271	172	56	113
183	269	171	56	113
184	268	171	57	114
185	266	171	57	114
186	264	170	57	115
187	263	170	57	115
188	262	170	58	116
189	260	170	58	117
190	259	170	58	117
191	258	169	59	118
192	257	169	59	118
193	256	170	59	118
194	255	170	59	119
195	254	170	59	119
196	253	170	60	120
197	252	170	60	120
198	251	170	60	121
199	251	170	61	122
200	250	170	61	122
201	249	171	61	123
202	248	171	61	123
203	247	171	62	124
204	246	172	62	124
205	245	172	62	124
206	244	172	62	125
207	243	173	62	125
208	242	173	62	125
209	242	173	63	126
210	241	174	63	126
211	240	174	63	126
212	239	174	63	127
213	238	174	64	128
214	237	174	64	128
215	236	174	64	129
216	235	175	64	129
217	233	175	65	130
218	232	175	65	131
219	230	174	65	131
220	228	174	66	132
221	227	174	66	132
222	225	174	66	133
223	223	173	66	133
224	222	173	67	134
225	220	172	67	134
226	218	172	67	135
227	217	171	68	136
228	215	170	68	136
229	214	169	68	137
230	212	169	69	138
231	211	168	69	139
232	209	168	69	139
233	208	167	70	140
234	206	167	70	141
235	205	167	70	141
236	203	168	71	142
237	202	168	71	142
238	200	169	71	142
239	199	169	71	142
240	197	170	71	142
241	196	170	71	142
242	194	171	71	143
243	193	171	71	143
244	191	171	72	144
245	189	171	72	145
246	187	171	72	145
247	185	171	73	146
248	183	170	73	147
249	181	170	74	148
250	179	170	75	150
251	176	169	75	151
252	174	169	76	152
253	172	170	77	154
254	170	170	77	155
255	167	171	78	156
256	165	172	79	158
257	163	173	79	159
258	161	174	80	160
259	158	175	80	161
260	156	176	81	163
261	154	176	82	164
262	151	177	82	165
263	149	178	83	166
264	147	178	83	167
265	145	178	84	168
266	143	178	85	170
267	141	178	85	171
268	139	178	86	173
269	137	178	87	174
270	135	177	88	176
271	134	177	89	178
272	132	177	89	179
273	130	177	90	181
274	129	176	91	183
275	127	176	92	185
276	125	175	93	187
277	123	175	94	188
278	121	174	95	190
279	119	174	95	191
280	118	173	96	192
281	116	174	96	193
282	115	174	96	193
283	113	174	97	194
284	112	174	97	194
285	112	175	97	194
286	111	176	97	194
287	110	176	97	194
288	110	177	97	194
289	109	177	97	195
290	108	177	97	195
291	107	177	98	196
292	106	176	98	197
293	104	176	98	197
294	103	175	99	198
295	101	175	99	198
296	99	174	99	198
297	97	174	99	198
298	95	175	99	198
299	93	175	99	198
300	91	176	99	198
301	89	177	98	197
302	87	178	98	197
303	86	179	98	197
304	84	179	99	198
305	82	179	99	199
306	80	179	100	201
307	78	179	101	203
308	75	178	102	205
309	72	178	103	207
310	69	177	104	209
311	66	177	105	211
312	62	176	106	213
313	58	176	107	215
314	55	176	108	217
315	51	176	109	219
316	47	177	110	220
317	43	177	110	221
318	39	178	111	223
319	34	178	112	224
320	30	179	112	225
321	26	179	113	227
322	22	180	114	228
323	17	180	114	229
324	13	181	115	230
325	9	181	116	232
326	4	182	116	233
327	0	182	117	234
3D Trajetory (frame, x, z, height, pose)
167	-1.00	8.05	1.69	1.00
168	-0.98	7.90	1.72	1.00
169	-0.96	7.75	1.75	2.00
170	-0.96	7.77	1.76	2.00
171	-0.96	7.78	1.76	3.00
172	-0.94	7.75	1.76	3.00
173	-0.92	7.73	1.76	3.00
174	-0.92	7.72	1.75	3.00
175	-0.92	7.71	1.75	2.00
176	-0.93	7.69	1.74	2.00
177	-0.93	7.67	1.74	1.00
178	-0.96	7.69	1.74	1.00
179	-1.00	7.70	1.74	1.00
180	-1.04	7.73	1.74	1.00
181	-1.08	7.76	1.74	1.00
182	-1.11	7.77	1.75	1.00
183	-1.15	7.78	1.75	2.00
184	-1.17	7.75	1.76	2.00
185	-1.18	7.72	1.77	2.00
186	-1.20	7.70	1.77	2.00
187	-1.22	7.68	1.77	2.00
188	-1.24	7.66	1.78	2.00
189	-1.25	7.65	1.79	2.00
190	-1.27	7.62	1.79	2.00
191	-1.28	7.60	1.80	2.00
192	-1.30	7.58	1.80	2.00
193	-1.32	7.56	1.79	2.00
194	-1.33	7.54	1.79	2.00
195	-1.34	7.52	1.79	2.00
196	-1.34	7.51	1.80	2.00
197	-1.35	7.50	1.81	2.00
198	-1.36	7.49	1.81	2.00
199	-1.38	7.48	1.82	1.00
200	-1.39	7.46	1.82	1.00
201	-1.41	7.45	1.83	3.00
202	-1.42	7.44	1.85	3.00
203	-1.44	7.43	1.86	2.00
204	-1.45	7.41	1.85	2.00
205	-1.46	7.40	1.84	2.00
206	-1.47	7.39	1.84	2.00
207	-1.49	7.37	1.84	4.00
208	-1.50	7.35	1.84	4.00
209	-1.51	7.33	1.85	4.00
210	-1.52	7.30	1.85	4.00
211	-1.53	7.28	1.85	4.00
212	-1.55	7.24	1.85	4.00
213	-1.57	7.19	1.85	2.00
214	-1.56	7.15	1.84	2.00
215	-1.56	7.11	1.84	2.00
216	-1.58	7.09	1.85	2.00
217	-1.61	7.08	1.86	2.00
218	-1.62	7.06	1.86	2.00
219	-1.63	7.05	1.87	2.00
220	-1.65	7.03	1.86	2.00
221	-1.66	7.00	1.86	2.00
222	-1.68	6.96	1.86	2.00
223	-1.70	6.92	1.87	2.00
224	-1.70	6.89	1.86	2.00
225	-1.71	6.86	1.86	2.00
226	-1.71	6.84	1.86	2.00
227	-1.72	6.82	1.85	3.00
228	-1.73	6.76	1.85	3.00
229	-1.73	6.71	1.85	3.00
230	-1.74	6.67	1.85	3.00
231	-1.75	6.63	1.85	3.00
232	-1.76	6.60	1.85	3.00
233	-1.77	6.57	1.86	3.00
234	-1.78	6.51	1.85	3.00
235	-1.78	6.46	1.85	2.00
236	-1.79	6.43	1.84	2.00
237	-1.80	6.39	1.83	2.00
238	-1.82	6.36	1.82	2.00
239	-1.83	6.34	1.81	2.00
240	-1.85	6.31	1.81	2.00
241	-1.86	6.28	1.80	2.00
242	-1.87	6.25	1.80	2.00
243	-1.88	6.23	1.80	2.00
244	-1.89	6.19	1.80	2.00
245	-1.91	6.15	1.80	2.00
246	-1.92	6.13	1.80	2.00
247	-1.93	6.11	1.80	2.00
248	-1.94	6.06	1.80	2.00
249	-1.96	6.01	1.81	2.00
250	-1.98	5.98	1.82	2.00
251	-2.00	5.95	1.82	2.00
252	-2.01	5.91	1.82	2.00
253	-2.02	5.86	1.82	2.00
254	-2.03	5.82	1.82	2.00
255	-2.03	5.77	1.82	2.00
256	-2.04	5.73	1.83	2.00
257	-2.04	5.69	1.84	2.00
258	-2.05	5.65	1.84	2.00
259	-2.06	5.61	1.83	3.00
260	-2.06	5.57	1.83	3.00
261	-2.07	5.53	1.83	3.00
262	-2.07	5.49	1.83	3.00
263	-2.08	5.45	1.83	3.00
264	-2.09	5.42	1.84	3.00
265	-2.10	5.40	1.85	3.00
266	-2.10	5.37	1.85	3.00
267	-2.11	5.33	1.85	3.00
268	-2.12	5.32	1.86	3.00
269	-2.13	5.30	1.86	3.00
270	-2.13	5.26	1.86	3.00
271	-2.14	5.21	1.87	3.00
272	-2.13	5.16	1.88	3.00
273	-2.13	5.12	1.88	3.00
274	-2.12	5.08	1.89	3.00
275	-2.12	5.03	1.89	3.00
276	-2.13	5.00	1.89	3.00
277	-2.13	4.96	1.89	3.00
278	-2.13	4.93	1.90	3.00
279	-2.14	4.89	1.90	3.00
280	-2.14	4.87	1.91	3.00
281	-2.15	4.84	1.91	3.00
282	-2.15	4.81	1.90	3.00
283	-2.16	4.79	1.89	3.00
284	-2.16	4.76	1.88	3.00
285	-2.16	4.74	1.87	2.00
286	-2.16	4.72	1.86	2.00
287	-2.16	4.69	1.85	1.00
288	-2.16	4.66	1.84	1.00
289	-2.15	4.64	1.84	2.00
290	-2.15	4.62	1.83	2.00
291	-2.15	4.61	1.83	2.00
292	-2.15	4.58	1.83	2.00
293	-2.16	4.56	1.83	3.00
294	-2.16	4.53	1.83	3.00
295	-2.17	4.50	1.83	3.00
296	-2.18	4.48	1.83	3.00
297	-2.19	4.46	1.82	2.00
298	-2.20	4.43	1.81	2.00
299	-2.21	4.40	1.79	2.00
300	-2.22	4.40	1.77	2.00
301	-2.24	4.40	1.75	2.00
302	-2.25	4.37	1.76	2.00
303	-2.26	4.35	1.76	2.00
304	-2.26	4.32	1.75	2.00
305	-2.27	4.29	1.74	2.00
306	-2.27	4.27	1.74	2.00
307	-2.27	4.24	1.74	3.00
308	-2.25	4.21	1.76	3.00
309	-2.24	4.17	1.78	3.00
310	-2.23	4.13	1.79	3.00
311	-2.23	4.08	1.80	2.00
312	-2.26	4.06	1.79	2.00
313	-2.28	4.05	1.79	2.00
314	-2.31	4.02	1.78	2.00
315	-2.34	3.99	1.78	3.00
316	-2.37	3.97	1.79	3.00
317	-2.39	3.94	1.80	3.00
318	-2.41	3.92	1.80	3.00
319	-2.43	3.90	1.79	3.00
320	-2.44	3.87	1.80	3.00
321	-2.44	3.84	1.80	3.00
322	-2.45	3.81	1.80	3.00
323	-2.47	3.77	1.81	3.00
324	-2.47	3.74	1.79	3.00
325	-2.48	3.71	1.78	3.00
326	-2.50	3.69	1.77	3.00
327	-2.51	3.67	1.76	3.00
Target 5 (frames from 241 to 283)
Bounding Boxes (frame, x, y, width, height)
241	366	177	44	88
242	365	177	44	88
243	364	177	44	88
244	363	176	44	89
245	362	176	44	89
246	361	176	44	89
247	360	176	45	90
248	358	176	45	90
249	357	176	45	91
250	355	176	46	92
251	353	176	46	92
252	350	176	46	93
253	348	176	47	94
254	346	177	48	96
255	343	177	48	97
256	341	178	49	98
257	339	178	49	99
258	336	179	50	101
259	334	180	51	102
260	331	180	51	103
261	329	181	52	105
262	326	181	53	106
263	324	181	54	108
264	322	181	54	109
265	320	181	55	111
266	318	181	56	112
267	317	180	56	113
268	315	180	57	114
269	314	180	58	116
270	312	179	58	117
271	311	179	59	118
272	310	178	60	120
273	308	178	60	121
274	307	178	61	123
275	306	178	62	124
276	305	177	62	125
277	304	177	63	127
278	303	176	64	128
279	302	176	64	129
280	300	175	65	131
281	299	175	66	132
282	298	174	67	134
283	297	174	67	135
3D Trajetory (frame, x, z, height, pose)
241	0.11	9.95	1.75	1.00
242	0.14	9.99	1.76	1.00
243	0.17	10.04	1.77	2.00
244	0.18	10.05	1.77	2.00
245	0.18	10.06	1.77	3.00
246	0.12	9.94	1.77	3.00
247	0.05	9.81	1.76	1.00
248	0.01	9.78	1.76	1.00
249	-0.03	9.75	1.76	1.00
250	-0.07	9.67	1.77	1.00
251	-0.11	9.60	1.77	1.00
252	-0.14	9.51	1.78	1.00
253	-0.17	9.42	1.79	2.00
254	-0.20	9.37	1.80	2.00
255	-0.23	9.33	1.80	2.00
256	-0.28	9.25	1.80	2.00
257	-0.33	9.17	1.80	2.00
258	-0.36	9.06	1.81	2.00
259	-0.39	8.95	1.83	2.00
260	-0.42	8.84	1.84	2.00
261	-0.45	8.74	1.85	2.00
262	-0.47	8.67	1.85	2.00
263	-0.49	8.61	1.85	2.00
264	-0.52	8.55	1.86	2.00
265	-0.54	8.49	1.88	2.00
266	-0.57	8.44	1.89	2.00
267	-0.59	8.39	1.91	2.00
268	-0.60	8.34	1.91	2.00
269	-0.62	8.29	1.92	2.00
270	-0.63	8.22	1.92	2.00
271	-0.64	8.16	1.93	2.00
272	-0.66	8.09	1.93	2.00
273	-0.68	8.02	1.93	2.00
274	-0.70	7.94	1.95	2.00
275	-0.71	7.86	1.97	2.00
276	-0.72	7.78	1.97	2.00
277	-0.73	7.71	1.97	2.00
278	-0.73	7.63	1.96	2.00
279	-0.74	7.55	1.96	2.00
280	-0.74	7.47	1.95	2.00
281	-0.74	7.39	1.94	2.00
282	-0.76	7.29	1.95	2.00
283	-0.77	7.19	1.95	3.00
Target 6 (frames from 317 to 483)
Bounding Boxes (frame, x, y, width, height)
317	339	189	42	85
318	339	188	42	85
319	339	188	42	85
320	339	187	42	85
321	339	187	42	85
322	339	187	42	85
323	339	187	42	85
324	338	187	42	85
325	338	187	42	85
326	337	187	42	85
327	336	187	42	85
328	335	188	42	85
329	334	188	42	85
330	333	189	42	85
331	331	189	42	85
332	330	189	42	85
333	329	190	42	85
334	328	190	42	85
335	327	190	42	84
336	327	190	42	84
337	327	191	42	84
338	327	191	42	85
339	327	191	42	85
340	327	191	42	85
341	328	191	42	85
342	328	191	42	85
343	328	191	42	85
344	329	192	42	85
345	329	192	42	85
346	329	192	42	85
347	329	192	42	85
348	329	192	43	86
349	329	191	43	86
350	328	191	43	86
351	328	191	43	87
352	327	191	43	87
353	327	191	43	87
354	326	191	43	87
355	326	191	43	87
356	325	191	43	87
357	325	191	43	87
358	325	191	43	87
359	324	191	43	87
360	324	191	43	87
361	323	190	43	86
362	323	190	43	86
363	323	190	43	87
364	322	189	43	87
365	322	189	43	87
366	321	188	44	88
367	321	187	44	89
368	320	187	44	89
369	319	186	45	90
370	318	186	45	91
371	316	186	45	91
372	315	185	46	92
373	314	185	46	92
374	313	185	46	92
375	311	186	46	92
376	310	186	46	92
377	309	186	46	92
378	308	186	46	92
379	307	187	46	92
380	305	187	46	92
381	304	187	46	92
382	304	187	46	93
383	303	188	46	93
384	302	188	47	94
385	301	188	47	94
386	300	188	47	95
387	300	189	48	96
388	299	189	48	96
389	298	189	48	97
390	298	189	48	97
391	297	189	48	97
392	297	190	49	98
393	297	190	49	98
394	296	190	49	98
395	296	190	49	98
396	295	190	49	98
397	295	190	49	98
398	294	190	49	99
399	294	190	49	99
400	293	190	49	99
401	292	190	49	99
402	292	190	49	99
403	291	190	49	99
404	291	190	49	99
405	291	190	49	99
406	291	189	49	99
407	291	189	49	99
408	290	189	49	99
409	290	189	49	99
410	290	189	49	99
411	289	189	49	99
412	289	189	49	99
413	288	189	50	100
414	287	189	50	100
415	287	189	50	100
416	286	189	50	100
417	285	189	50	101
418	284	189	50	101
419	283	189	50	101
420	282	189	50	101
421	281	190	50	101
422	280	190	50	101
423	279	190	51	102
424	278	190	51	102
425	278	190	51	102
426	277	191	51	102
427	277	191	51	102
428	276	191	51	103
429	275	190	51	103
430	275	190	52	104
431	274	190	52	104
432	273	189	52	105
433	272	189	52	105
434	271	189	52	105
435	270	190	52	105
436	268	190	52	105
437	267	190	52	105
438	265	191	52	104
439	263	192	52	104
440	262	192	51	103
441	260	193	51	102
442	258	193	51	102
443	256	194	51	102
444	255	194	50	101
445	253	194	51	102
446	252	194	51	102
447	251	194	51	102
448	249	193	51	103
449	248	193	52	104
450	246	192	52	105
451	245	192	53	106
452	244	191	53	106
453	243	191	53	107
454	242	191	53	107
455	241	191	54	108
456	240	191	54	108
457	239	191	54	108
458	238	191	54	109
459	237	191	54	109
460	236	191	54	109
461	235	191	55	110
462	234	191	55	110
463	233	191	55	111
464	231	191	55	111
465	230	191	56	112
466	229	190	56	113
467	228	190	57	114
468	227	190	57	114
469	226	190	57	115
470	225	189	57	115
471	224	189	58	116
472	223	189	58	116
473	222	189	58	116
474	221	189	58	117
475	220	190	58	117
476	219	190	58	117
477	218	190	58	117
478	217	191	58	117
479	216	191	58	116
480	215	192	58	116
481	214	192	58	116
482	212	193	57	115
483	211	194	57	114
3D Trajetory (frame, x, z, height, pose)
317	-0.63	9.94	1.65	4.00
318	-0.63	9.92	1.68	4.00
319	-0.64	9.90	1.72	4.00
320	-0.64	9.91	1.71	4.00
321	-0.64	9.92	1.71	4.00
322	-0.63	9.94	1.70	4.00
323	-0.63	9.95	1.70	4.00
324	-0.63	9.96	1.69	4.00
325	-0.63	9.96	1.68	4.00
326	-0.63	9.96	1.69	4.00
327	-0.63	9.96	1.70	4.00
328	-0.65	9.95	1.69	4.00
329	-0.68	9.94	1.68	4.00
330	-0.69	9.94	1.68	4.00
331	-0.70	9.93	1.67	4.00
332	-0.70	9.93	1.68	4.00
333	-0.70	9.93	1.68	4.00
334	-0.70	9.93	1.68	4.00
335	-0.70	9.93	1.68	4.00
336	-0.71	9.93	1.68	4.00
337	-0.72	9.93	1.68	4.00
338	-0.72	9.92	1.68	4.00
339	-0.73	9.91	1.68	4.00
340	-0.73	9.92	1.68	4.00
341	-0.73	9.92	1.68	4.00
342	-0.73	9.92	1.67	4.00
343	-0.73	9.93	1.67	4.00
344	-0.73	9.92	1.68	4.00
345	-0.73	9.91	1.69	4.00
346	-0.74	9.91	1.69	4.00
347	-0.74	9.92	1.69	4.00
348	-0.75	9.90	1.70	4.00
349	-0.76	9.87	1.70	4.00
350	-0.76	9.86	1.71	4.00
351	-0.76	9.84	1.71	4.00
352	-0.77	9.83	1.71	4.00
353	-0.79	9.83	1.72	4.00
354	-0.80	9.83	1.72	4.00
355	-0.81	9.82	1.73	4.00
356	-0.82	9.82	1.72	4.00
357	-0.83	9.82	1.72	4.00
358	-0.84	9.82	1.71	4.00
359	-0.86	9.82	1.71	4.00
360	-0.86	9.81	1.70	4.00
361	-0.87	9.80	1.70	4.00
362	-0.88	9.79	1.69	4.00
363	-0.88	9.78	1.68	2.00
364	-0.89	9.76	1.68	2.00
365	-0.90	9.73	1.69	4.00
366	-0.92	9.72	1.70	4.00
367	-0.93	9.70	1.72	4.00
368	-0.94	9.68	1.74	4.00
369	-0.94	9.66	1.75	4.00
370	-0.95	9.65	1.76	4.00
371	-0.96	9.64	1.78	4.00
372	-0.97	9.63	1.77	4.00
373	-0.98	9.62	1.77	4.00
374	-0.99	9.61	1.78	4.00
375	-1.00	9.60	1.78	4.00
376	-1.01	9.59	1.77	4.00
377	-1.02	9.58	1.76	4.00
378	-1.03	9.55	1.75	4.00
379	-1.03	9.51	1.74	4.00
380	-1.04	9.49	1.74	4.00
381	-1.05	9.46	1.74	4.00
382	-1.05	9.42	1.74	4.00
383	-1.06	9.38	1.75	4.00
384	-1.08	9.34	1.75	4.00
385	-1.09	9.31	1.75	4.00
386	-1.10	9.27	1.76	4.00
387	-1.10	9.22	1.77	4.00
388	-1.11	9.20	1.77	4.00
389	-1.12	9.18	1.77	4.00
390	-1.12	9.16	1.77	4.00
391	-1.13	9.14	1.77	4.00
392	-1.14	9.11	1.77	4.00
393	-1.15	9.09	1.78	4.00
394	-1.15	9.06	1.77	4.00
395	-1.15	9.03	1.77	4.00
396	-1.15	9.00	1.76	4.00
397	-1.14	8.98	1.76	4.00
398	-1.15	8.95	1.76	4.00
399	-1.15	8.93	1.76	4.00
400	-1.15	8.91	1.76	4.00
401	-1.16	8.89	1.75	4.00
402	-1.16	8.86	1.75	4.00
403	-1.17	8.82	1.75	2.00
404	-1.18	8.80	1.74	2.00
405	-1.19	8.78	1.74	2.00
406	-1.19	8.75	1.73	2.00
407	-1.19	8.72	1.73	2.00
408	-1.21	8.71	1.72	2.00
409	-1.22	8.71	1.71	2.00
410	-1.23	8.68	1.72	2.00
411	-1.23	8.65	1.73	2.00
412	-1.24	8.64	1.72	2.00
413	-1.25	8.63	1.72	4.00
414	-1.26	8.61	1.72	4.00
415	-1.27	8.59	1.72	4.00
416	-1.28	8.59	1.71	4.00
417	-1.30	8.58	1.71	4.00
418	-1.30	8.55	1.72	4.00
419	-1.31	8.52	1.73	4.00
420	-1.32	8.51	1.73	4.00
421	-1.33	8.50	1.72	2.00
422	-1.33	8.49	1.72	2.00
423	-1.34	8.48	1.72	2.00
424	-1.35	8.46	1.72	2.00
425	-1.35	8.45	1.72	2.00
426	-1.36	8.43	1.72	2.00
427	-1.36	8.41	1.71	2.00
428	-1.37	8.37	1.71	2.00
429	-1.39	8.34	1.72	2.00
430	-1.40	8.31	1.72	2.00
431	-1.41	8.29	1.72	2.00
432	-1.44	8.27	1.72	2.00
433	-1.46	8.24	1.72	2.00
434	-1.48	8.22	1.74	2.00
435	-1.50	8.19	1.75	4.00
436	-1.52	8.17	1.74	4.00
437	-1.53	8.15	1.74	4.00
438	-1.56	8.13	1.70	4.00
439	-1.58	8.11	1.66	2.00
440	-1.60	8.08	1.66	2.00
441	-1.63	8.06	1.65	2.00
442	-1.66	8.05	1.64	2.00
443	-1.68	8.03	1.62	2.00
444	-1.70	8.01	1.62	2.00
445	-1.72	7.99	1.62	4.00
446	-1.74	7.98	1.63	4.00
447	-1.77	7.96	1.63	4.00
448	-1.79	7.94	1.65	4.00
449	-1.81	7.92	1.66	4.00
450	-1.82	7.91	1.67	4.00
451	-1.84	7.90	1.67	4.00
452	-1.86	7.87	1.68	4.00
453	-1.89	7.84	1.69	4.00
454	-1.90	7.81	1.70	4.00
455	-1.91	7.78	1.71	2.00
456	-1.92	7.76	1.70	2.00
457	-1.93	7.75	1.69	2.00
458	-1.94	7.73	1.68	2.00
459	-1.95	7.71	1.67	2.00
460	-1.97	7.69	1.68	2.00
461	-1.98	7.66	1.68	4.00
462	-2.00	7.63	1.69	4.00
463	-2.01	7.60	1.69	4.00
464	-2.02	7.58	1.70	4.00
465	-2.03	7.56	1.71	4.00
466	-2.04	7.54	1.72	4.00
467	-2.05	7.51	1.72	4.00
468	-2.06	7.49	1.73	4.00
469	-2.07	7.47	1.73	4.00
470	-2.08	7.44	1.73	4.00
471	-2.09	7.42	1.73	4.00
472	-2.10	7.41	1.74	4.00
473	-2.11	7.39	1.74	4.00
474	-2.12	7.37	1.73	4.00
475	-2.13	7.35	1.73	4.00
476	-2.14	7.33	1.72	4.00
477	-2.15	7.30	1.72	4.00
478	-2.17	7.27	1.72	4.00
479	-2.19	7.24	1.71	4.00
480	-2.20	7.23	1.71	4.00
481	-2.21	7.21	1.71	4.00
482	-2.23	7.20	1.67	4.00
483	-2.25	7.19	1.64	2.00
Target 7 (frames from 373 to 469)
Bounding Boxes (frame, x, y, width, height)
373	282	190	43	87
374	280	190	43	87
375	279	189	44	88
376	278	189	44	89
377	276	189	44	89
378	275	188	45	90
379	274	188	45	91
380	273	188	45	91
381	272	188	46	92
382	271	188	46	92
383	270	188	46	93
384	270	188	46	93
385	269	189	47	94
386	269	189	47	94
387	269	190	47	95
388	268	190	47	95
389	268	190	48	96
390	267	190	48	96
391	267	190	48	96
392	266	190	48	97
393	266	190	48	97
394	265	190	49	98
395	265	190	49	98
396	264	190	49	98
397	263	190	49	98
398	262	190	49	98
399	262	190	49	98
400	261	190	49	98
401	260	190	49	98
402	259	190	49	98
403	258	190	49	99
404	258	189	49	99
405	258	189	49	99
406	257	189	49	99
407	257	188	50	100
408	256	188	50	100
409	256	188	50	100
410	256	188	50	101
411	255	187	50	101
412	255	187	50	101
413	254	187	50	101
414	253	187	50	101
415	252	187	50	101
416	251	187	51	102
417	250	187	51	102
418	249	187	51	102
419	247	187	51	103
420	246	188	51	103
421	244	188	52	104
422	243	188	52	104
423	242	188	52	105
424	241	188	52	105
425	240	187	53	106
426	238	187	53	106
427	238	187	53	107
428	237	187	53	107
429	236	186	54	108
430	236	186	54	108
431	235	186	54	109
432	234	186	54	109
433	233	185	54	109
434	232	185	55	110
435	231	185	55	110
436	230	185	55	111
437	228	185	55	111
438	227	185	55	111
439	225	185	55	111
440	224	185	55	111
441	222	185	55	111
442	221	185	55	110
443	220	186	55	110
444	220	186	55	110
445	219	187	55	110
446	218	187	55	110
447	218	187	55	110
448	217	187	55	110
449	216	187	55	110
450	215	187	55	111
451	214	187	56	112
452	213	186	56	112
453	212	186	56	113
454	211	185	57	114
455	210	185	57	115
456	209	185	57	115
457	208	185	58	116
458	206	185	58	116
459	205	186	58	116
460	204	186	57	115
461	203	187	58	116
462	202	187	58	116
463	200	187	58	116
464	199	188	58	116
465	198	188	58	116
466	197	189	58	116
467	196	190	58	116
468	195	190	57	115
469	194	191	57	115
3D Trajetory (frame, x, z, height, pose)
373	-1.66	9.73	1.70	2.00
374	-1.64	9.67	1.69	2.00
375	-1.63	9.62	1.69	4.00
376	-1.63	9.56	1.70	4.00
377	-1.64	9.51	1.70	4.00
378	-1.64	9.49	1.73	4.00
379	-1.65	9.47	1.75	3.00
380	-1.66	9.45	1.74	3.00
381	-1.67	9.43	1.72	2.00
382	-1.67	9.39	1.73	2.00
383	-1.68	9.35	1.74	3.00
384	-1.67	9.31	1.74	3.00
385	-1.66	9.27	1.73	3.00
386	-1.66	9.24	1.74	3.00
387	-1.67	9.21	1.75	2.00
388	-1.68	9.18	1.75	2.00
389	-1.69	9.16	1.76	4.00
390	-1.69	9.14	1.76	4.00
391	-1.69	9.12	1.76	3.00
392	-1.69	9.09	1.76	3.00
393	-1.69	9.07	1.77	2.00
394	-1.70	9.05	1.77	2.00
395	-1.71	9.03	1.77	1.00
396	-1.71	9.01	1.77	1.00
397	-1.72	8.99	1.77	3.00
398	-1.72	8.96	1.77	3.00
399	-1.72	8.94	1.77	3.00
400	-1.74	8.93	1.76	3.00
401	-1.76	8.92	1.75	3.00
402	-1.77	8.89	1.74	3.00
403	-1.77	8.86	1.74	3.00
404	-1.77	8.84	1.74	3.00
405	-1.78	8.81	1.74	3.00
406	-1.78	8.79	1.74	3.00
407	-1.79	8.76	1.75	3.00
408	-1.80	8.73	1.76	3.00
409	-1.81	8.71	1.77	3.00
410	-1.82	8.69	1.76	3.00
411	-1.83	8.67	1.75	3.00
412	-1.83	8.65	1.75	3.00
413	-1.84	8.63	1.74	3.00
414	-1.85	8.61	1.74	3.00
415	-1.86	8.60	1.74	2.00
416	-1.87	8.58	1.74	2.00
417	-1.88	8.56	1.74	2.00
418	-1.88	8.53	1.75	2.00
419	-1.89	8.50	1.75	2.00
420	-1.90	8.47	1.75	2.00
421	-1.92	8.45	1.76	4.00
422	-1.93	8.42	1.76	4.00
423	-1.94	8.40	1.76	1.00
424	-1.96	8.38	1.76	1.00
425	-1.97	8.36	1.77	2.00
426	-1.98	8.34	1.77	2.00
427	-1.98	8.31	1.78	2.00
428	-1.99	8.29	1.78	2.00
429	-2.00	8.27	1.79	2.00
430	-2.02	8.25	1.79	2.00
431	-2.03	8.23	1.79	2.00
432	-2.05	8.21	1.79	2.00
433	-2.07	8.19	1.80	2.00
434	-2.08	8.16	1.80	2.00
435	-2.10	8.14	1.81	2.00
436	-2.12	8.11	1.80	2.00
437	-2.14	8.09	1.80	2.00
438	-2.15	8.07	1.80	2.00
439	-2.16	8.04	1.80	2.00
440	-2.18	8.03	1.79	2.00
441	-2.19	8.01	1.79	2.00
442	-2.20	7.99	1.78	2.00
443	-2.22	7.98	1.77	2.00
444	-2.23	7.96	1.76	2.00
445	-2.24	7.94	1.75	2.00
446	-2.25	7.93	1.74	2.00
447	-2.25	7.91	1.73	2.00
448	-2.26	7.89	1.73	2.00
449	-2.27	7.87	1.73	2.00
450	-2.28	7.84	1.74	2.00
451	-2.30	7.81	1.75	2.00
452	-2.31	7.77	1.77	2.00
453	-2.32	7.74	1.78	2.00
454	-2.33	7.72	1.78	2.00
455	-2.34	7.69	1.78	1.00
456	-2.35	7.66	1.78	1.00
457	-2.36	7.63	1.78	1.00
458	-2.37	7.61	1.78	1.00
459	-2.39	7.58	1.77	4.00
460	-2.40	7.56	1.77	4.00
461	-2.41	7.53	1.77	4.00
462	-2.43	7.50	1.75	4.00
463	-2.46	7.48	1.73	2.00
464	-2.47	7.45	1.73	2.00
465	-2.48	7.42	1.72	2.00
466	-2.48	7.40	1.72	2.00
467	-2.49	7.38	1.71	2.00
468	-2.50	7.36	1.73	2.00
469	-2.50	7.34	1.74	2.00
Target 8 (frames from 447 to 509)
Bounding Boxes (frame, x, y, width, height)
447	42	186	138	276
448	45	185	138	277
449	48	184	139	278
450	50	183	139	278
451	53	183	139	279
452	55	183	139	279
453	58	182	139	279
454	60	182	139	279
455	62	182	139	278
456	64	182	139	278
457	66	183	138	277
458	68	184	137	275
459	69	184	137	274
460	70	185	136	273
461	72	185	136	272
462	73	186	135	271
463	75	187	134	269
464	77	188	134	268
465	80	189	133	266
466	82	190	132	264
467	86	191	130	261
468	89	192	129	258
469	93	193	127	254
470	97	194	125	251
471	101	194	123	247
472	105	195	121	243
473	109	195	120	240
474	113	196	118	237
475	116	196	117	234
476	120	196	115	231
477	122	196	114	228
478	126	196	113	226
479	129	196	111	223
480	133	196	110	220
481	136	195	109	218
482	140	195	108	216
483	143	195	107	215
484	147	194	106	213
485	151	193	106	212
486	155	193	105	210
487	159	192	104	209
488	162	191	103	207
489	165	191	103	206
490	168	191	102	205
491	171	191	102	205
492	173	190	102	205
493	175	190	102	204
494	177	190	102	204
495	178	190	101	203
496	179	190	101	202
497	181	190	100	200
498	182	189	99	199
499	183	189	99	198
500	185	189	98	197
501	186	189	98	196
502	188	188	97	195
503	189	188	97	194
504	189	188	97	194
505	190	187	96	193
506	191	187	96	192
507	192	186	96	192
508	192	186	95	191
509	193	186	95	190
3D Trajetory (frame, x, z, height, pose)
447	-1.81	3.24	1.81	3.00
448	-1.80	3.24	1.82	3.00
449	-1.78	3.24	1.82	1.00
450	-1.77	3.22	1.83	1.00
451	-1.75	3.21	1.85	2.00
452	-1.73	3.21	1.85	2.00
453	-1.70	3.21	1.86	2.00
454	-1.70	3.23	1.85	2.00
455	-1.69	3.25	1.84	2.00
456	-1.69	3.26	1.83	2.00
457	-1.69	3.28	1.82	2.00
458	-1.69	3.28	1.82	2.00
459	-1.69	3.28	1.82	2.00
460	-1.69	3.28	1.82	2.00
461	-1.69	3.28	1.82	3.00
462	-1.68	3.28	1.83	3.00
463	-1.67	3.28	1.84	3.00
464	-1.67	3.31	1.82	3.00
465	-1.67	3.34	1.79	1.00
466	-1.67	3.35	1.80	1.00
467	-1.67	3.36	1.81	1.00
468	-1.65	3.40	1.78	1.00
469	-1.64	3.45	1.76	1.00
470	-1.63	3.47	1.76	1.00
471	-1.63	3.50	1.77	2.00
472	-1.64	3.55	1.77	2.00
473	-1.64	3.59	1.76	2.00
474	-1.64	3.64	1.76	2.00
475	-1.64	3.69	1.75	3.00
476	-1.64	3.73	1.74	3.00
477	-1.64	3.78	1.74	3.00
478	-1.63	3.81	1.74	3.00
479	-1.63	3.84	1.74	3.00
480	-1.62	3.86	1.74	3.00
481	-1.62	3.89	1.73	3.00
482	-1.61	3.93	1.73	3.00
483	-1.60	3.96	1.74	3.00
484	-1.59	4.01	1.74	3.00
485	-1.58	4.05	1.73	3.00
486	-1.56	4.09	1.73	3.00
487	-1.54	4.13	1.74	2.00
488	-1.53	4.16	1.75	2.00
489	-1.52	4.20	1.76	1.00
490	-1.51	4.23	1.77	1.00
491	-1.50	4.26	1.77	4.00
492	-1.50	4.28	1.77	4.00
493	-1.50	4.29	1.77	4.00
494	-1.50	4.31	1.77	4.00
495	-1.50	4.33	1.77	1.00
496	-1.49	4.35	1.78	1.00
497	-1.47	4.37	1.79	4.00
498	-1.47	4.39	1.80	4.00
499	-1.46	4.41	1.81	2.00
500	-1.49	4.50	1.79	2.00
501	-1.53	4.58	1.78	2.00
502	-1.52	4.61	1.79	2.00
503	-1.51	4.63	1.80	2.00
504	-1.50	4.63	1.81	2.00
505	-1.49	4.64	1.81	2.00
506	-1.48	4.67	1.81	2.00
507	-1.47	4.69	1.81	2.00
508	-1.51	4.70	1.82	2.00
509	-1.55	4.71	1.84	2.00
Target 9 (frames from 505 to 595)
Bounding Boxes (frame, x, y, width, height)
505	194	196	51	103
506	191	196	54	108
507	189	195	55	111
508	187	195	57	115
509	184	195	59	118
510	182	195	60	121
511	180	195	62	124
512	178	195	63	126
513	177	195	64	128
514	175	195	64	129
515	173	195	65	130
516	172	196	65	130
517	171	196	65	130
518	169	196	65	131
519	168	196	65	131
520	166	196	65	131
521	165	196	66	132
522	164	196	66	132
523	162	196	66	133
524	161	196	66	133
525	160	195	67	134
526	159	195	67	135
527	158	194	68	136
528	157	194	68	137
529	156	193	69	138
530	155	192	69	139
531	154	192	70	140
532	153	191	71	142
533	151	190	71	143
534	149	190	72	145
535	147	190	73	146
536	145	189	74	148
537	143	189	74	149
538	140	189	75	151
539	137	189	76	152
540	135	189	77	154
541	132	189	77	155
542	130	189	78	156
543	127	189	78	157
544	125	189	79	158
545	123	189	79	159
546	120	189	80	160
547	118	189	80	161
548	116	189	81	162
549	114	189	81	162
550	112	189	81	163
551	110	190	82	164
552	108	190	82	164
553	106	190	82	165
554	104	190	82	165
555	102	190	83	166
556	101	190	83	166
557	100	190	83	167
558	98	190	84	168
559	97	190	84	168
560	96	190	84	169
561	95	190	85	170
562	94	189	85	171
563	93	189	86	172
564	92	189	86	173
565	90	189	86	173
566	89	189	87	174
567	87	189	87	174
568	85	189	87	175
569	82	189	88	176
570	80	189	88	176
571	77	189	88	177
572	74	189	89	178
573	71	189	89	179
574	68	189	90	180
575	64	188	91	182
576	61	188	91	183
577	57	188	92	185
578	54	187	93	186
579	50	187	94	188
580	47	186	95	190
581	44	186	95	191
582	41	186	96	192
583	38	186	97	194
584	35	186	97	195
585	33	186	98	196
586	30	186	98	197
587	28	186	98	197
588	25	186	99	198
589	23	187	99	198
590	20	187	99	198
591	17	188	99	198
592	15	189	99	198
593	13	189	99	198
594	10	190	98	197
595	8	191	98	196
3D Trajetory (frame, x, z, height, pose)
505	-2.87	7.95	1.61	4.00
506	-2.79	7.62	1.64	4.00
507	-2.70	7.28	1.66	4.00
508	-2.63	7.06	1.67	4.00
509	-2.56	6.85	1.68	4.00
510	-2.52	6.69	1.68	4.00
511	-2.48	6.54	1.69	4.00
512	-2.49	6.52	1.69	4.00
513	-2.50	6.49	1.69	4.00
514	-2.50	6.46	1.70	4.00
515	-2.51	6.43	1.71	4.00
516	-2.52	6.41	1.70	4.00
517	-2.53	6.38	1.70	4.00
518	-2.55	6.40	1.70	4.00
519	-2.58	6.43	1.70	4.00
520	-2.60	6.38	1.70	4.00
521	-2.61	6.34	1.70	2.00
522	-2.61	6.31	1.70	2.00
523	-2.61	6.27	1.70	2.00
524	-2.62	6.25	1.70	2.00
525	-2.63	6.23	1.70	2.00
526	-2.62	6.20	1.72	2.00
527	-2.62	6.16	1.73	2.00
528	-2.62	6.14	1.73	2.00
529	-2.62	6.12	1.73	4.00
530	-2.64	6.13	1.73	4.00
531	-2.65	6.13	1.73	4.00
532	-2.65	6.07	1.75	4.00
533	-2.64	6.00	1.76	4.00
534	-2.64	5.95	1.77	4.00
535	-2.64	5.89	1.78	4.00
536	-2.64	5.85	1.78	4.00
537	-2.65	5.80	1.79	4.00
538	-2.66	5.76	1.79	4.00
539	-2.67	5.72	1.79	4.00
540	-2.67	5.68	1.79	4.00
541	-2.68	5.64	1.79	4.00
542	-2.69	5.61	1.80	4.00
543	-2.70	5.58	1.80	4.00
544	-2.71	5.55	1.80	4.00
545	-2.72	5.53	1.80	4.00
546	-2.72	5.49	1.80	4.00
547	-2.73	5.44	1.81	4.00
548	-2.74	5.40	1.81	4.00
549	-2.75	5.37	1.81	2.00
550	-2.75	5.35	1.81	2.00
551	-2.76	5.33	1.81	2.00
552	-2.77	5.31	1.81	2.00
553	-2.78	5.29	1.80	2.00
554	-2.80	5.28	1.79	2.00
555	-2.82	5.27	1.78	2.00
556	-2.83	5.25	1.79	2.00
557	-2.83	5.22	1.80	2.00
558	-2.83	5.19	1.81	2.00
559	-2.83	5.16	1.82	2.00
560	-2.83	5.15	1.81	2.00
561	-2.82	5.13	1.81	4.00
562	-2.83	5.11	1.81	4.00
563	-2.83	5.08	1.81	4.00
564	-2.84	5.05	1.81	4.00
565	-2.84	5.02	1.81	4.00
566	-2.85	5.00	1.81	4.00
567	-2.86	4.97	1.81	4.00
568	-2.87	4.95	1.81	4.00
569	-2.88	4.93	1.81	4.00
570	-2.89	4.91	1.80	4.00
571	-2.91	4.89	1.80	4.00
572	-2.91	4.86	1.80	4.00
573	-2.92	4.83	1.80	4.00
574	-2.93	4.80	1.80	4.00
575	-2.95	4.78	1.81	4.00
576	-2.95	4.75	1.81	4.00
577	-2.96	4.72	1.81	4.00
578	-2.97	4.68	1.82	4.00
579	-2.98	4.65	1.82	4.00
580	-2.99	4.62	1.83	4.00
581	-3.00	4.58	1.84	4.00
582	-3.01	4.56	1.84	4.00
583	-3.02	4.54	1.84	2.00
584	-3.03	4.52	1.84	2.00
585	-3.04	4.50	1.83	2.00
586	-3.04	4.47	1.84	2.00
587	-3.04	4.45	1.84	2.00
588	-3.06	4.42	1.83	2.00
589	-3.07	4.39	1.81	2.00
590	-3.07	4.35	1.81	2.00
591	-3.07	4.31	1.81	2.00
592	-3.11	4.32	1.81	2.00
593	-3.14	4.33	1.80	4.00
594	-3.16	4.33	1.79	4.00
595	-3.17	4.33	1.79	4.00
Target 10 (frames from 497 to 569)
Bounding Boxes (frame, x, y, width, height)
497	156	198	61	123
498	157	197	61	123
499	157	197	61	123
500	158	197	61	123
501	158	196	62	124
502	157	196	62	124
503	157	196	62	124
504	156	196	62	124
505	156	196	62	125
506	154	195	62	125
507	153	196	63	126
508	152	196	63	126
509	150	196	63	127
510	148	196	63	127
511	146	197	64	128
512	144	197	64	128
513	142	197	64	129
514	140	197	65	130
515	138	197	65	131
516	136	197	66	133
517	134	198	67	134
518	132	198	67	135
519	130	198	68	137
520	128	198	69	138
521	126	198	70	140
522	124	198	70	141
523	121	197	71	143
524	119	197	72	145
525	116	196	73	146
526	113	196	74	148
527	111	195	74	149
528	108	195	75	150
529	107	194	75	150
530	105	194	75	151
531	103	193	76	152
532	101	193	76	152
533	100	193	76	153
534	98	193	76	153
535	96	193	77	154
536	95	193	77	154
537	93	194	77	155
538	91	194	77	155
539	88	194	78	156
540	86	194	78	156
541	83	194	78	157
542	81	195	79	158
543	79	195	79	159
544	76	195	79	159
545	74	195	80	160
546	71	195	80	161
547	69	195	81	162
548	67	195	81	163
549	64	194	82	165
550	62	194	83	166
551	59	194	83	167
552	57	194	84	168
553	55	194	84	169
554	52	193	85	171
555	49	193	86	172
556	47	193	86	173
557	45	193	87	174
558	42	193	87	175
559	40	193	88	176
560	38	193	88	176
561	35	193	88	177
562	32	193	89	178
563	30	194	89	178
564	27	194	89	179
565	24	194	89	179
566	22	194	89	179
567	19	195	90	180
568	16	195	90	180
569	13	196	90	180
3D Trajetory (frame, x, z, height, pose)
497	-2.80	6.54	1.64	4.00
498	-2.80	6.55	1.64	4.00
499	-2.80	6.55	1.65	4.00
500	-2.81	6.55	1.66	4.00
501	-2.81	6.55	1.67	4.00
502	-2.82	6.55	1.67	4.00
503	-2.82	6.56	1.67	4.00
504	-2.82	6.55	1.68	4.00
505	-2.83	6.54	1.68	4.00
506	-2.83	6.53	1.67	4.00
507	-2.84	6.52	1.67	3.00
508	-2.84	6.51	1.67	3.00
509	-2.84	6.51	1.67	1.00
510	-2.86	6.47	1.67	1.00
511	-2.88	6.44	1.67	1.00
512	-2.88	6.35	1.67	1.00
513	-2.89	6.27	1.68	4.00
514	-2.89	6.23	1.68	4.00
515	-2.89	6.20	1.68	4.00
516	-2.91	6.20	1.68	4.00
517	-2.92	6.19	1.68	1.00
518	-2.91	6.15	1.69	1.00
519	-2.91	6.11	1.70	1.00
520	-2.88	5.99	1.70	1.00
521	-2.86	5.88	1.69	1.00
522	-2.86	5.82	1.70	1.00
523	-2.85	5.77	1.70	3.00
524	-2.87	5.72	1.70	3.00
525	-2.88	5.68	1.70	3.00
526	-2.90	5.65	1.71	3.00
527	-2.93	5.62	1.73	2.00
528	-2.94	5.61	1.73	2.00
529	-2.96	5.59	1.74	2.00
530	-2.98	5.58	1.74	2.00
531	-2.99	5.57	1.74	2.00
532	-3.00	5.54	1.74	2.00
533	-3.01	5.52	1.73	2.00
534	-3.01	5.49	1.73	2.00
535	-3.01	5.45	1.73	2.00
536	-3.02	5.44	1.74	2.00
537	-3.04	5.42	1.74	2.00
538	-3.05	5.40	1.74	2.00
539	-3.06	5.37	1.74	2.00
540	-3.07	5.35	1.74	2.00
541	-3.07	5.33	1.74	2.00
542	-3.09	5.31	1.73	2.00
543	-3.11	5.29	1.73	4.00
544	-3.12	5.27	1.74	4.00
545	-3.13	5.25	1.74	4.00
546	-3.14	5.21	1.75	4.00
547	-3.15	5.18	1.75	4.00
548	-3.15	5.15	1.75	4.00
549	-3.15	5.11	1.76	2.00
550	-3.16	5.08	1.76	2.00
551	-3.17	5.06	1.76	2.00
552	-3.18	5.03	1.76	2.00
553	-3.19	5.00	1.76	1.00
554	-3.19	4.97	1.77	1.00
555	-3.19	4.95	1.77	3.00
556	-3.21	4.93	1.77	3.00
557	-3.22	4.90	1.78	3.00
558	-3.22	4.87	1.78	3.00
559	-3.23	4.84	1.79	3.00
560	-3.24	4.81	1.78	3.00
561	-3.25	4.78	1.78	2.00
562	-3.26	4.76	1.78	2.00
563	-3.27	4.73	1.78	2.00
564	-3.30	4.71	1.76	2.00
565	-3.33	4.70	1.75	3.00
566	-3.34	4.67	1.75	3.00
567	-3.35	4.65	1.75	3.00
568	-3.36	4.62	1.76	3.00
569	-3.37	4.59	1.77	3.00
Target 11 (frames from 515 to 547)
Bounding Boxes (frame, x, y, width, height)
515	230	195	84	169
516	231	196	84	169
517	231	196	84	168
518	232	196	83	167
519	233	196	83	167
520	234	196	83	166
521	235	196	83	166
522	236	196	82	165
523	237	196	82	165
524	239	196	82	165
525	241	195	82	164
526	243	195	82	164
527	245	194	82	164
528	248	193	82	164
529	250	193	82	164
530	253	193	81	163
531	255	192	81	163
532	258	192	81	163
533	260	192	81	162
534	262	192	81	162
535	264	192	81	162
536	267	193	80	161
537	269	193	80	160
538	271	193	80	160
539	273	193	79	159
540	275	194	79	159
541	276	194	79	159
542	278	194	79	158
543	280	194	79	158
544	281	194	79	158
545	282	194	79	158
546	284	194	79	158
547	285	194	79	158
3D Trajetory (frame, x, z, height, pose)
515	-1.28	5.12	1.74	2.00
516	-1.29	5.12	1.74	2.00
517	-1.29	5.13	1.74	2.00
518	-1.30	5.14	1.73	2.00
519	-1.31	5.15	1.73	2.00
520	-1.30	5.18	1.73	2.00
521	-1.28	5.20	1.74	2.00
522	-1.28	5.21	1.75	2.00
523	-1.27	5.22	1.75	2.00
524	-1.26	5.24	1.74	2.00
525	-1.25	5.26	1.74	2.00
526	-1.23	5.29	1.74	2.00
527	-1.22	5.32	1.74	2.00
528	-1.21	5.33	1.74	2.00
529	-1.19	5.34	1.75	2.00
530	-1.17	5.35	1.76	2.00
531	-1.14	5.36	1.77	2.00
532	-1.12	5.37	1.77	2.00
533	-1.09	5.38	1.77	2.00
534	-1.08	5.40	1.76	2.00
535	-1.07	5.41	1.75	2.00
536	-1.05	5.43	1.75	2.00
537	-1.03	5.44	1.74	2.00
538	-1.01	5.45	1.74	2.00
539	-1.00	5.46	1.74	2.00
540	-0.98	5.48	1.74	2.00
541	-0.96	5.49	1.74	1.00
542	-0.94	5.51	1.74	1.00
543	-0.93	5.52	1.75	1.00
544	-0.91	5.53	1.75	1.00
545	-0.89	5.54	1.75	1.00
546	-0.88	5.55	1.76	1.00
547	-0.87	5.56	1.76	1.00
Target 12 (frames from 565 to 729)
Bounding Boxes (frame, x, y, width, height)
565	318	194	66	133
566	317	193	67	134
567	317	192	67	135
568	317	191	68	137
569	317	191	68	137
570	317	190	69	138
571	317	189	69	139
572	317	189	69	139
573	318	189	70	140
574	318	188	70	140
575	318	188	70	140
576	319	188	70	140
577	319	188	69	139
578	320	188	69	139
579	321	188	69	138
580	322	188	69	138
581	324	188	68	137
582	325	188	68	136
583	327	189	68	136
584	329	189	67	135
585	330	189	67	134
586	332	189	67	134
587	333	190	66	133
588	335	190	66	133
589	336	190	66	132
590	337	190	66	132
591	338	191	65	131
592	339	191	65	131
593	340	191	65	130
594	341	192	65	130
595	341	192	65	130
596	341	192	64	129
597	342	192	64	129
598	342	192	64	129
599	343	192	64	129
600	343	192	64	129
601	344	192	64	129
602	345	191	64	129
603	346	191	64	129
604	347	190	64	129
605	348	189	65	130
606	349	189	65	130
607	350	188	65	131
608	351	188	65	131
609	352	188	65	131
610	353	188	65	131
611	354	189	65	130
612	355	190	64	129
613	356	191	64	129
614	357	192	64	128
615	358	193	63	127
616	359	194	63	126
617	361	195	62	124
618	362	196	61	123
619	363	197	61	122
620	364	198	60	121
621	366	199	60	121
622	367	199	60	120
623	368	199	59	119
624	370	199	59	119
625	371	199	59	119
626	372	199	59	118
627	374	199	59	118
628	375	199	59	118
629	376	199	58	117
630	377	199	58	117
631	378	198	58	117
632	378	198	58	117
633	379	197	58	117
634	379	197	58	117
635	379	197	58	117
636	379	196	59	118
637	379	196	59	118
638	380	196	59	118
639	380	195	59	119
640	380	195	59	119
641	380	195	59	119
642	381	195	59	119
643	382	195	59	119
644	382	196	59	118
645	383	196	59	118
646	384	196	58	117
647	384	196	58	116
648	385	197	57	115
649	386	197	57	115
650	386	197	57	114
651	387	198	56	113
652	388	198	56	112
653	388	198	55	111
654	389	198	55	110
655	390	198	54	109
656	390	198	54	109
657	391	198	54	108
658	392	198	54	108
659	393	198	53	107
660	393	198	53	107
661	394	198	53	107
662	395	199	53	106
663	396	199	53	106
664	397	199	53	106
665	398	199	53	106
666	399	199	53	107
667	399	199	53	107
668	400	199	53	107
669	401	199	53	107
670	402	199	53	107
671	403	199	53	106
672	404	199	53	106
673	405	200	53	106
674	406	200	52	105
675	407	200	52	104
676	408	201	52	104
677	409	201	51	103
678	410	201	51	102
679	412	202	50	101
680	413	202	50	101
681	414	202	50	100
682	414	202	49	99
683	415	202	49	99
684	416	202	49	98
685	416	202	49	98
686	417	202	49	98
687	418	202	48	97
688	418	202	48	97
689	419	202	48	97
690	420	202	48	97
691	421	202	48	97
692	422	202	48	96
693	424	202	48	96
694	425	202	48	96
695	426	203	47	95
696	427	203	47	95
697	428	202	47	95
698	429	202	47	95
699	430	202	47	95
700	431	202	47	95
701	432	203	47	94
702	432	203	47	94
703	432	203	46	93
704	432	203	46	93
705	432	203	46	92
706	431	203	46	92
707	431	203	45	91
708	430	203	45	90
709	429	203	45	90
710	429	203	45	90
711	428	202	45	90
712	428	201	45	90
713	427	201	45	90
714	428	200	45	91
715	428	199	45	91
716	429	199	45	91
717	429	198	46	92
718	430	198	46	92
719	431	198	46	92
720	432	198	46	93
721	432	197	46	93
722	433	197	46	93
723	433	197	46	93
724	434	197	46	93
725	434	197	46	93
726	434	197	46	93
727	435	197	46	93
728	435	197	46	93
729	435	197	46	93
3D Trajetory (frame, x, z, height, pose)
565	-0.76	6.54	1.74	4.00
566	-0.75	6.51	1.74	4.00
567	-0.74	6.49	1.75	4.00
568	-0.74	6.49	1.76	4.00
569	-0.74	6.49	1.77	4.00
570	-0.72	6.44	1.77	4.00
571	-0.70	6.40	1.77	4.00
572	-0.70	6.39	1.78	4.00
573	-0.70	6.38	1.78	4.00
574	-0.69	6.40	1.78	4.00
575	-0.68	6.43	1.78	2.00
576	-0.68	6.41	1.79	2.00
577	-0.68	6.39	1.79	2.00
578	-0.67	6.47	1.79	2.00
579	-0.66	6.54	1.80	2.00
580	-0.64	6.57	1.80	2.00
581	-0.62	6.60	1.79	2.00
582	-0.61	6.62	1.79	2.00
583	-0.59	6.64	1.78	2.00
584	-0.58	6.65	1.78	2.00
585	-0.57	6.67	1.78	2.00
586	-0.55	6.68	1.77	2.00
587	-0.53	6.69	1.76	2.00
588	-0.52	6.70	1.77	2.00
589	-0.52	6.71	1.77	2.00
590	-0.51	6.72	1.76	2.00
591	-0.50	6.74	1.75	2.00
592	-0.48	6.74	1.75	2.00
593	-0.47	6.75	1.74	2.00
594	-0.46	6.76	1.74	2.00
595	-0.45	6.77	1.75	2.00
596	-0.44	6.78	1.74	2.00
597	-0.43	6.79	1.73	2.00
598	-0.43	6.81	1.73	2.00
599	-0.43	6.82	1.73	2.00
600	-0.42	6.84	1.74	2.00
601	-0.41	6.85	1.75	2.00
602	-0.39	6.85	1.76	2.00
603	-0.38	6.85	1.76	2.00
604	-0.37	6.86	1.77	2.00
605	-0.36	6.86	1.77	2.00
606	-0.35	6.86	1.77	2.00
607	-0.34	6.86	1.76	2.00
608	-0.34	6.85	1.76	2.00
609	-0.33	6.85	1.76	4.00
610	-0.32	6.84	1.77	4.00
611	-0.31	6.84	1.77	4.00
612	-0.31	6.84	1.77	4.00
613	-0.30	6.85	1.78	4.00
614	-0.28	6.86	1.75	4.00
615	-0.26	6.86	1.72	3.00
616	-0.24	6.87	1.70	3.00
617	-0.22	6.88	1.67	3.00
618	-0.21	6.90	1.66	3.00
619	-0.20	6.91	1.65	3.00
620	-0.19	6.92	1.65	3.00
621	-0.18	6.93	1.65	1.00
622	-0.17	6.94	1.65	1.00
623	-0.16	6.95	1.64	1.00
624	-0.15	6.96	1.65	1.00
625	-0.14	6.97	1.65	1.00
626	-0.11	6.99	1.64	1.00
627	-0.08	7.02	1.63	1.00
628	-0.08	7.04	1.63	1.00
629	-0.07	7.06	1.62	1.00
630	-0.05	7.08	1.62	1.00
631	-0.04	7.10	1.63	1.00
632	-0.04	7.11	1.63	1.00
633	-0.04	7.12	1.64	2.00
634	-0.03	7.13	1.64	2.00
635	-0.03	7.14	1.65	2.00
636	-0.02	7.14	1.65	2.00
637	-0.01	7.14	1.65	1.00
638	-0.00	7.12	1.66	1.00
639	0.00	7.09	1.67	1.00
640	0.02	7.13	1.67	1.00
641	0.03	7.16	1.67	2.00
642	0.04	7.15	1.68	2.00
643	0.05	7.15	1.69	2.00
644	0.06	7.19	1.69	2.00
645	0.07	7.24	1.68	2.00
646	0.07	7.27	1.67	2.00
647	0.08	7.31	1.66	2.00
648	0.09	7.33	1.66	2.00
649	0.10	7.35	1.66	2.00
650	0.10	7.38	1.65	2.00
651	0.11	7.42	1.64	2.00
652	0.12	7.44	1.64	2.00
653	0.12	7.47	1.63	2.00
654	0.13	7.49	1.63	2.00
655	0.15	7.51	1.63	2.00
656	0.15	7.55	1.62	2.00
657	0.16	7.58	1.61	2.00
658	0.17	7.62	1.60	2.00
659	0.18	7.66	1.60	2.00
660	0.19	7.68	1.60	2.00
661	0.19	7.70	1.61	2.00
662	0.20	7.72	1.62	2.00
663	0.21	7.74	1.63	4.00
664	0.21	7.74	1.63	4.00
665	0.21	7.74	1.64	4.00
666	0.23	7.76	1.63	4.00
667	0.24	7.78	1.62	4.00
668	0.25	7.80	1.62	4.00
669	0.25	7.81	1.62	2.00
670	0.26	7.82	1.63	2.00
671	0.27	7.84	1.64	4.00
672	0.28	7.85	1.65	4.00
673	0.28	7.86	1.66	1.00
674	0.31	7.90	1.64	1.00
675	0.33	7.95	1.61	2.00
676	0.34	7.96	1.62	2.00
677	0.35	7.98	1.62	4.00
678	0.37	8.04	1.61	4.00
679	0.39	8.09	1.60	4.00
680	0.41	8.13	1.59	4.00
681	0.42	8.18	1.58	4.00
682	0.43	8.18	1.58	4.00
683	0.44	8.19	1.59	4.00
684	0.45	8.21	1.59	4.00
685	0.47	8.22	1.59	4.00
686	0.47	8.26	1.59	4.00
687	0.48	8.30	1.59	4.00
688	0.50	8.34	1.59	4.00
689	0.52	8.37	1.58	4.00
690	0.53	8.40	1.58	4.00
691	0.55	8.43	1.57	4.00
692	0.55	8.44	1.58	4.00
693	0.56	8.44	1.59	4.00
694	0.57	8.45	1.59	4.00
695	0.59	8.46	1.59	4.00
696	0.61	8.49	1.59	4.00
697	0.63	8.52	1.58	4.00
698	0.64	8.55	1.57	4.00
699	0.65	8.58	1.57	1.00
700	0.67	8.60	1.58	1.00
701	0.69	8.63	1.58	1.00
702	0.70	8.65	1.58	1.00
703	0.72	8.66	1.59	1.00
704	0.73	8.69	1.59	1.00
705	0.75	8.72	1.59	1.00
706	0.72	8.71	1.56	1.00
707	0.70	8.69	1.52	1.00
708	0.71	8.72	1.53	1.00
709	0.72	8.75	1.54	4.00
710	0.72	8.77	1.53	4.00
711	0.71	8.78	1.52	4.00
712	0.71	8.81	1.53	4.00
713	0.71	8.83	1.53	4.00
714	0.72	8.84	1.56	4.00
715	0.72	8.86	1.59	4.00
716	0.73	8.85	1.60	4.00
717	0.74	8.85	1.62	2.00
718	0.75	8.87	1.61	2.00
719	0.76	8.88	1.61	2.00
720	0.79	8.88	1.60	2.00
721	0.82	8.89	1.59	2.00
722	0.82	8.90	1.60	2.00
723	0.82	8.92	1.60	2.00
724	0.83	8.92	1.62	2.00
725	0.83	8.92	1.63	2.00
726	0.84	8.94	1.63	2.00
727	0.84	8.95	1.62	2.00
728	0.84	8.97	1.64	2.00
729	0.84	8.98	1.66	2.00
Target 13 (frames from 615 to 639)
Bounding Boxes (frame, x, y, width, height)
615	338	191	43	86
616	338	191	43	86
617	338	191	43	87
618	338	191	44	88
619	338	191	44	88
620	338	191	44	89
621	338	191	44	89
622	338	191	44	89
623	338	191	45	90
624	337	191	45	90
625	337	191	45	90
626	337	191	45	90
627	337	191	45	90
628	337	191	45	90
629	337	191	45	90
630	337	191	45	90
631	337	191	45	90
632	336	191	45	90
633	336	191	45	90
634	335	192	45	90
635	335	192	45	90
636	334	192	44	89
637	334	193	44	89
638	333	193	44	88
639	332	193	44	88
3D Trajetory (frame, x, z, height, pose)
615	-0.97	9.82	1.68	2.00
616	-0.95	9.78	1.69	2.00
617	-0.94	9.74	1.70	2.00
618	-0.93	9.69	1.70	2.00
619	-0.93	9.65	1.69	2.00
620	-0.93	9.59	1.69	2.00
621	-0.93	9.52	1.68	2.00
622	-0.91	9.49	1.69	2.00
623	-0.90	9.47	1.70	2.00
624	-0.92	9.45	1.70	2.00
625	-0.93	9.43	1.69	4.00
626	-0.94	9.41	1.68	4.00
627	-0.94	9.39	1.68	4.00
628	-0.94	9.36	1.68	4.00
629	-0.94	9.33	1.68	4.00
630	-0.94	9.31	1.68	4.00
631	-0.94	9.28	1.68	4.00
632	-0.94	9.27	1.67	4.00
633	-0.94	9.27	1.66	4.00
634	-0.94	9.25	1.65	4.00
635	-0.94	9.23	1.65	3.00
636	-0.96	9.24	1.64	3.00
637	-0.99	9.25	1.63	4.00
638	-1.00	9.24	1.63	4.00
639	-1.02	9.23	1.63	4.00
Target 14 (frames from 667 to 861)
Bounding Boxes (frame, x, y, width, height)
667	321	200	42	85
668	320	200	43	86
669	319	199	43	87
670	318	199	44	88
671	318	199	44	88
672	317	199	44	89
673	316	199	44	89
674	316	199	45	90
675	315	198	45	90
676	314	198	45	90
677	314	199	45	90
678	314	199	45	90
679	314	199	45	90
680	313	199	45	90
681	313	199	45	90
682	312	199	45	90
683	312	199	45	90
684	311	199	45	90
685	310	199	45	90
686	309	198	45	90
687	308	198	45	91
688	307	198	45	91
689	306	198	45	91
690	306	198	46	92
691	305	198	46	92
692	305	198	46	92
693	305	198	46	92
694	304	198	46	93
695	304	198	46	93
696	304	198	46	93
697	303	198	47	94
698	303	198	47	94
699	302	198	47	94
700	301	198	47	94
701	300	198	47	95
702	299	198	47	95
703	298	197	47	95
704	296	197	48	96
705	295	197	48	96
706	293	196	48	96
707	292	196	48	97
708	291	196	48	97
709	289	196	48	97
710	288	195	48	97
711	287	195	48	97
712	286	195	48	97
713	286	195	48	97
714	285	194	48	97
715	285	194	48	97
716	284	194	48	97
717	284	194	49	98
718	283	194	49	98
719	283	193	49	99
720	282	193	49	99
721	281	193	50	100
722	280	192	50	101
723	279	192	50	101
724	278	192	51	102
725	277	191	51	102
726	276	191	51	103
727	275	191	51	103
728	274	191	51	103
729	273	191	52	104
730	272	191	52	104
731	271	191	52	104
732	270	191	51	103
733	269	191	51	103
734	267	191	51	103
735	266	191	51	103
736	265	191	51	103
737	264	191	51	103
738	262	192	51	103
739	261	192	52	104
740	260	192	52	104
741	259	192	52	104
742	258	191	52	105
743	257	191	52	105
744	256	191	52	105
745	256	191	53	106
746	255	190	53	106
747	254	190	53	107
748	253	190	54	108
749	252	189	54	108
750	251	189	54	109
751	250	189	54	109
752	250	189	54	109
753	249	189	54	109
754	248	189	55	110
755	247	189	55	110
756	246	189	55	110
757	245	189	55	111
758	244	189	55	111
759	243	189	56	112
760	242	189	56	112
761	241	189	56	113
762	239	189	56	113
763	238	189	57	114
764	236	188	57	115
765	235	188	58	116
766	233	188	58	117
767	232	188	59	118
768	231	188	59	119
769	229	188	59	119
770	228	188	60	120
771	227	189	60	120
772	226	189	60	120
773	225	190	60	120
774	224	190	60	120
775	223	191	60	120
776	222	191	60	120
777	221	192	59	119
778	220	192	59	119
779	219	193	59	119
780	218	193	59	119
781	217	193	60	120
782	217	193	60	120
783	216	193	60	120
784	214	193	60	121
785	213	193	60	121
786	211	193	61	122
787	210	193	61	123
788	208	192	62	124
789	206	192	62	125
790	204	192	63	126
791	201	192	63	127
792	199	192	64	128
793	197	192	64	129
794	195	192	65	130
795	192	192	65	130
796	190	191	65	131
797	188	191	66	132
798	186	191	66	133
799	185	191	66	133
800	183	191	67	134
801	181	191	67	134
802	180	191	67	134
803	179	192	66	133
804	179	192	66	133
805	178	193	66	132
806	178	193	65	131
807	178	193	65	131
808	178	194	65	130
809	178	193	65	130
810	177	193	65	130
811	177	193	65	130
812	176	193	65	131
813	174	192	66	132
814	173	191	67	134
815	170	190	68	136
816	168	190	69	138
817	165	189	70	140
818	163	188	71	142
819	160	187	71	143
820	157	187	72	145
821	155	186	73	147
822	153	186	74	149
823	150	186	75	150
824	148	185	76	152
825	145	185	76	153
826	142	185	77	155
827	139	185	78	156
828	136	185	79	158
829	133	185	79	159
830	130	185	79	159
831	127	185	80	160
832	124	185	80	161
833	121	185	80	161
834	118	186	80	161
835	115	187	80	161
836	112	188	80	160
837	109	190	79	159
838	106	191	79	158
839	103	193	78	157
840	100	194	78	156
841	97	195	77	155
842	94	196	77	155
843	91	196	77	155
844	87	196	77	155
845	84	195	78	156
846	80	195	78	156
847	76	194	78	157
848	73	192	79	159
849	69	191	80	160
850	65	190	81	162
851	61	190	81	163
852	57	190	82	165
853	53	190	83	166
854	49	189	83	167
855	44	189	84	168
856	40	189	84	169
857	35	190	85	170
858	31	190	85	171
859	26	190	85	171
860	21	191	86	172
861	16	191	86	173
3D Trajetory (frame, x, z, height, pose)
667	-1.21	9.08	1.54	4.00
668	-1.24	9.08	1.56	4.00
669	-1.27	9.09	1.57	4.00
670	-1.28	9.03	1.59	4.00
671	-1.29	8.98	1.61	4.00
672	-1.30	8.97	1.61	4.00
673	-1.30	8.97	1.61	4.00
674	-1.30	8.96	1.62	4.00
675	-1.31	8.95	1.62	4.00
676	-1.32	8.95	1.62	4.00
677	-1.34	8.95	1.62	2.00
678	-1.35	8.94	1.61	2.00
679	-1.35	8.93	1.61	2.00
680	-1.35	8.92	1.60	2.00
681	-1.35	8.92	1.60	2.00
682	-1.36	8.91	1.61	2.00
683	-1.37	8.91	1.61	2.00
684	-1.38	8.91	1.61	2.00
685	-1.40	8.90	1.61	2.00
686	-1.41	8.89	1.61	2.00
687	-1.42	8.88	1.61	2.00
688	-1.44	8.87	1.61	2.00
689	-1.45	8.87	1.61	4.00
690	-1.46	8.85	1.62	4.00
691	-1.46	8.84	1.63	4.00
692	-1.48	8.82	1.64	4.00
693	-1.49	8.80	1.64	2.00
694	-1.50	8.79	1.64	2.00
695	-1.50	8.78	1.64	2.00
696	-1.51	8.76	1.63	2.00
697	-1.52	8.75	1.63	2.00
698	-1.53	8.73	1.63	2.00
699	-1.53	8.72	1.64	2.00
700	-1.54	8.71	1.65	2.00
701	-1.55	8.70	1.65	2.00
702	-1.55	8.68	1.66	2.00
703	-1.56	8.65	1.66	2.00
704	-1.57	8.64	1.66	2.00
705	-1.59	8.63	1.66	2.00
706	-1.60	8.61	1.66	2.00
707	-1.61	8.60	1.67	2.00
708	-1.63	8.59	1.67	2.00
709	-1.64	8.58	1.67	2.00
710	-1.65	8.57	1.67	2.00
711	-1.66	8.57	1.66	2.00
712	-1.67	8.56	1.66	2.00
713	-1.67	8.56	1.65	2.00
714	-1.68	8.55	1.65	2.00
715	-1.68	8.54	1.65	2.00
716	-1.69	8.53	1.66	2.00
717	-1.69	8.52	1.67	2.00
718	-1.71	8.50	1.68	2.00
719	-1.72	8.49	1.69	2.00
720	-1.74	8.48	1.68	2.00
721	-1.75	8.47	1.68	2.00
722	-1.76	8.46	1.70	2.00
723	-1.77	8.44	1.73	2.00
724	-1.77	8.42	1.73	2.00
725	-1.78	8.41	1.74	4.00
726	-1.80	8.39	1.74	4.00
727	-1.83	8.38	1.74	4.00
728	-1.83	8.37	1.74	4.00
729	-1.84	8.35	1.74	4.00
730	-1.86	8.33	1.73	4.00
731	-1.88	8.31	1.73	4.00
732	-1.89	8.28	1.73	4.00
733	-1.91	8.26	1.73	4.00
734	-1.93	8.27	1.73	4.00
735	-1.96	8.29	1.72	2.00
736	-1.98	8.27	1.72	2.00
737	-2.01	8.26	1.72	2.00
738	-2.02	8.25	1.72	2.00
739	-2.04	8.23	1.72	2.00
740	-2.05	8.22	1.72	2.00
741	-2.07	8.21	1.72	2.00
742	-2.08	8.20	1.73	2.00
743	-2.09	8.19	1.73	2.00
744	-2.10	8.16	1.74	2.00
745	-2.11	8.14	1.75	2.00
746	-2.11	8.11	1.75	2.00
747	-2.12	8.08	1.74	2.00
748	-2.13	8.06	1.75	2.00
749	-2.13	8.05	1.76	2.00
750	-2.15	8.00	1.75	2.00
751	-2.16	7.94	1.74	4.00
752	-2.18	7.91	1.75	4.00
753	-2.20	7.87	1.75	4.00
754	-2.21	7.84	1.76	4.00
755	-2.23	7.81	1.76	4.00
756	-2.24	7.81	1.75	4.00
757	-2.26	7.81	1.74	4.00
758	-2.26	7.78	1.73	4.00
759	-2.27	7.74	1.73	4.00
760	-2.28	7.71	1.74	4.00
761	-2.28	7.67	1.76	4.00
762	-2.29	7.62	1.76	4.00
763	-2.30	7.57	1.77	2.00
764	-2.30	7.52	1.77	2.00
765	-2.31	7.48	1.78	4.00
766	-2.31	7.45	1.78	4.00
767	-2.32	7.42	1.78	4.00
768	-2.33	7.38	1.78	4.00
769	-2.34	7.34	1.78	4.00
770	-2.34	7.29	1.78	4.00
771	-2.34	7.24	1.79	4.00
772	-2.35	7.24	1.78	4.00
773	-2.36	7.23	1.77	4.00
774	-2.38	7.22	1.76	4.00
775	-2.39	7.21	1.76	4.00
776	-2.39	7.18	1.76	4.00
777	-2.39	7.15	1.76	4.00
778	-2.41	7.16	1.74	4.00
779	-2.43	7.17	1.73	4.00
780	-2.44	7.15	1.72	4.00
781	-2.45	7.12	1.72	4.00
782	-2.45	7.09	1.72	4.00
783	-2.45	7.07	1.72	4.00
784	-2.44	7.02	1.73	4.00
785	-2.44	6.98	1.75	2.00
786	-2.44	6.96	1.75	2.00
787	-2.45	6.93	1.75	2.00
788	-2.46	6.91	1.75	2.00
789	-2.47	6.88	1.75	3.00
790	-2.50	6.82	1.75	3.00
791	-2.53	6.76	1.76	4.00
792	-2.54	6.73	1.76	4.00
793	-2.54	6.71	1.77	4.00
794	-2.56	6.67	1.77	4.00
795	-2.57	6.64	1.78	4.00
796	-2.58	6.62	1.78	4.00
797	-2.58	6.59	1.78	4.00
798	-2.59	6.56	1.78	4.00
799	-2.61	6.53	1.78	4.00
800	-2.62	6.52	1.78	4.00
801	-2.64	6.50	1.77	4.00
802	-2.65	6.48	1.78	4.00
803	-2.67	6.46	1.78	3.00
804	-2.68	6.44	1.79	3.00
805	-2.70	6.42	1.79	2.00
806	-2.72	6.49	1.76	2.00
807	-2.75	6.55	1.73	2.00
808	-2.75	6.55	1.73	2.00
809	-2.75	6.55	1.73	4.00
810	-2.75	6.55	1.73	4.00
811	-2.76	6.55	1.73	4.00
812	-2.77	6.52	1.74	4.00
813	-2.78	6.49	1.75	4.00
814	-2.79	6.44	1.78	4.00
815	-2.80	6.39	1.80	4.00
816	-2.81	6.35	1.81	4.00
817	-2.82	6.30	1.83	2.00
818	-2.83	6.26	1.84	2.00
819	-2.83	6.22	1.85	2.00
820	-2.84	6.17	1.86	2.00
821	-2.85	6.11	1.87	2.00
822	-2.85	6.08	1.87	2.00
823	-2.86	6.05	1.87	4.00
824	-2.86	6.01	1.88	4.00
825	-2.87	5.97	1.88	3.00
826	-2.88	5.90	1.89	3.00
827	-2.88	5.83	1.89	3.00
828	-2.88	5.79	1.90	3.00
829	-2.89	5.75	1.91	3.00
830	-2.92	5.71	1.91	3.00
831	-2.95	5.68	1.90	2.00
832	-2.98	5.66	1.90	2.00
833	-3.01	5.64	1.90	2.00
834	-3.04	5.63	1.88	2.00
835	-3.07	5.62	1.87	2.00
836	-3.09	5.59	1.87	2.00
837	-3.11	5.56	1.86	3.00
838	-3.13	5.53	1.85	3.00
839	-3.14	5.51	1.84	3.00
840	-3.18	5.50	1.80	3.00
841	-3.22	5.49	1.77	3.00
842	-3.29	5.53	1.77	3.00
843	-3.35	5.56	1.78	2.00
844	-3.38	5.55	1.78	2.00
845	-3.41	5.54	1.79	2.00
846	-3.43	5.51	1.81	2.00
847	-3.45	5.48	1.82	2.00
848	-3.46	5.45	1.83	2.00
849	-3.47	5.41	1.85	2.00
850	-3.49	5.38	1.85	2.00
851	-3.52	5.34	1.85	3.00
852	-3.54	5.31	1.84	3.00
853	-3.56	5.28	1.84	3.00
854	-3.58	5.24	1.84	3.00
855	-3.61	5.21	1.84	3.00
856	-3.63	5.17	1.84	3.00
857	-3.66	5.13	1.84	3.00
858	-3.69	5.09	1.84	3.00
859	-3.71	5.05	1.85	3.00
860	-3.74	5.02	1.84	3.00
861	-3.77	5.00	1.84	3.00
Target 15 (frames from 721 to 799)
Bounding Boxes (frame, x, y, width, height)
721	311	193	48	96
722	310	194	48	96
723	310	194	48	96
724	309	194	48	96
725	308	195	48	96
726	308	195	48	97
727	307	195	48	97
728	306	195	48	97
729	306	195	49	98
730	305	195	49	98
731	305	195	49	99
732	304	194	49	99
733	304	194	50	100
734	304	193	50	100
735	303	193	50	101
736	303	193	50	101
737	302	192	51	102
738	301	192	51	103
739	301	192	52	104
740	300	192	52	104
741	299	192	52	105
742	299	192	52	105
743	298	191	53	106
744	298	191	53	106
745	297	192	53	106
746	296	192	53	106
747	295	192	53	106
748	294	192	53	107
749	294	192	53	107
750	293	191	53	107
751	292	191	53	107
752	291	191	54	108
753	290	191	54	108
754	289	191	54	109
755	289	191	54	109
756	288	191	54	109
757	287	191	54	109
758	286	191	54	109
759	285	191	54	109
760	284	192	55	110
761	283	192	55	110
762	281	192	55	110
763	280	192	55	110
764	279	193	55	110
765	278	193	55	111
766	277	193	55	111
767	276	193	56	112
768	275	193	56	113
769	273	192	56	113
770	272	192	57	114
771	271	192	57	115
772	270	192	58	116
773	268	192	58	116
774	267	192	58	117
775	266	192	58	117
776	264	193	59	118
777	263	193	59	118
778	262	193	59	119
779	260	193	60	120
780	259	193	60	120
781	257	192	60	121
782	256	192	61	122
783	254	192	61	123
784	252	192	62	124
785	251	191	62	124
786	249	191	62	125
787	247	191	62	125
788	245	192	63	126
789	244	192	63	126
790	242	193	63	126
791	241	193	63	126
792	240	194	63	126
793	239	194	63	126
794	238	195	63	126
795	237	195	63	126
796	236	196	63	126
797	235	197	62	125
798	234	198	62	125
799	233	199	62	124
3D Trajetory (frame, x, z, height, pose)
721	-1.30	8.83	1.68	4.00
722	-1.31	8.79	1.68	4.00
723	-1.32	8.74	1.67	2.00
724	-1.33	8.70	1.67	2.00
725	-1.33	8.66	1.67	2.00
726	-1.33	8.60	1.67	2.00
727	-1.33	8.54	1.67	2.00
728	-1.33	8.51	1.67	2.00
729	-1.34	8.49	1.67	2.00
730	-1.34	8.47	1.67	2.00
731	-1.34	8.44	1.67	2.00
732	-1.35	8.43	1.67	2.00
733	-1.36	8.41	1.67	2.00
734	-1.36	8.39	1.67	2.00
735	-1.37	8.37	1.68	4.00
736	-1.37	8.36	1.69	4.00
737	-1.37	8.35	1.70	4.00
738	-1.37	8.33	1.72	4.00
739	-1.37	8.31	1.73	2.00
740	-1.38	8.27	1.74	2.00
741	-1.38	8.23	1.74	2.00
742	-1.39	8.19	1.74	2.00
743	-1.40	8.15	1.73	3.00
744	-1.41	8.14	1.73	3.00
745	-1.42	8.12	1.72	3.00
746	-1.43	8.10	1.72	3.00
747	-1.45	8.07	1.72	3.00
748	-1.46	8.05	1.72	3.00
749	-1.48	8.04	1.71	3.00
750	-1.49	8.01	1.72	3.00
751	-1.50	7.99	1.72	2.00
752	-1.52	7.96	1.72	2.00
753	-1.54	7.92	1.72	4.00
754	-1.55	7.90	1.73	4.00
755	-1.57	7.87	1.73	4.00
756	-1.59	7.85	1.73	4.00
757	-1.60	7.83	1.72	4.00
758	-1.62	7.81	1.72	4.00
759	-1.63	7.79	1.72	4.00
760	-1.64	7.76	1.71	4.00
761	-1.65	7.74	1.71	2.00
762	-1.66	7.71	1.70	2.00
763	-1.67	7.69	1.70	2.00
764	-1.68	7.66	1.70	2.00
765	-1.69	7.64	1.70	4.00
766	-1.70	7.60	1.70	4.00
767	-1.71	7.57	1.71	4.00
768	-1.72	7.55	1.72	4.00
769	-1.72	7.52	1.72	4.00
770	-1.74	7.48	1.72	4.00
771	-1.75	7.45	1.72	4.00
772	-1.77	7.41	1.73	4.00
773	-1.79	7.38	1.73	4.00
774	-1.79	7.35	1.74	4.00
775	-1.80	7.31	1.74	4.00
776	-1.80	7.28	1.74	4.00
777	-1.80	7.25	1.74	4.00
778	-1.81	7.22	1.73	4.00
779	-1.81	7.19	1.72	4.00
780	-1.83	7.16	1.73	4.00
781	-1.84	7.12	1.74	4.00
782	-1.86	7.08	1.74	4.00
783	-1.88	7.05	1.74	4.00
784	-1.89	7.02	1.75	4.00
785	-1.90	6.99	1.76	4.00
786	-1.90	6.96	1.77	4.00
787	-1.91	6.93	1.77	4.00
788	-1.92	6.91	1.77	4.00
789	-1.94	6.88	1.76	2.00
790	-1.95	6.85	1.75	2.00
791	-1.96	6.82	1.74	2.00
792	-1.98	6.80	1.73	2.00
793	-1.99	6.78	1.72	2.00
794	-1.99	6.75	1.72	2.00
795	-2.00	6.72	1.72	2.00
796	-2.00	6.71	1.70	2.00
797	-2.00	6.70	1.69	1.00
798	-2.01	6.68	1.69	1.00
799	-2.02	6.66	1.69	1.00
Target 16 (frames from 739 to 903)
Bounding Boxes (frame, x, y, width, height)
739	7	193	125	250
740	7	192	126	252
741	8	191	126	253
742	9	191	127	254
743	10	191	127	255
744	12	190	127	255
745	13	190	127	255
746	16	190	127	255
747	18	190	127	255
748	21	190	127	254
749	25	190	126	252
750	29	190	124	249
751	34	191	123	247
752	38	191	122	244
753	43	191	121	242
754	47	192	119	239
755	52	192	118	237
756	57	192	117	235
757	62	192	117	234
758	66	192	116	232
759	69	192	116	232
760	73	191	115	231
761	76	190	115	231
762	79	189	115	231
763	82	189	115	230
764	85	188	115	230
765	89	188	114	229
766	92	188	114	228
767	96	188	113	226
768	100	189	112	224
769	104	190	110	221
770	108	191	109	219
771	112	192	108	216
772	116	193	106	213
773	120	194	105	210
774	125	195	103	207
775	129	196	102	204
776	133	197	100	201
777	137	197	99	199
778	141	198	98	196
779	144	198	97	194
780	147	198	96	192
781	150	199	95	190
782	153	199	94	188
783	156	199	93	186
784	159	199	92	184
785	161	200	91	182
786	163	200	90	181
787	165	200	90	180
788	167	200	89	178
789	169	200	88	177
790	171	200	88	177
791	173	199	88	176
792	174	199	87	175
793	176	198	87	175
794	177	198	87	174
795	179	198	87	174
796	180	197	86	173
797	182	196	86	173
798	183	196	86	173
799	185	195	86	173
800	187	195	86	172
801	188	194	86	172
802	190	194	86	172
803	192	193	86	172
804	195	192	86	172
805	197	191	86	173
806	199	190	86	173
807	202	189	86	173
808	204	189	86	173
809	207	188	86	173
810	209	188	86	173
811	212	187	86	173
812	215	187	86	173
813	218	187	86	173
814	221	186	86	173
815	223	186	86	172
816	226	186	86	172
817	229	186	86	172
818	231	186	86	172
819	234	186	85	171
820	236	186	85	171
821	238	186	85	171
822	241	186	85	170
823	242	186	85	170
824	244	186	85	170
825	246	187	85	170
826	247	187	84	169
827	248	187	84	169
828	250	187	84	169
829	251	187	84	169
830	252	186	84	168
831	254	186	84	168
832	255	186	83	167
833	257	187	83	167
834	258	187	82	165
835	260	188	82	164
836	262	190	81	163
837	263	191	80	161
838	265	192	80	160
839	267	193	79	158
840	268	194	78	157
841	270	195	78	156
842	271	195	77	155
843	272	195	77	155
844	273	195	77	154
845	273	195	77	154
846	274	194	77	154
847	275	193	77	154
848	276	192	77	154
849	277	192	76	153
850	278	191	76	153
851	279	192	76	152
852	280	192	75	151
853	281	193	75	150
854	282	193	74	148
855	284	194	73	147
856	285	195	73	146
857	286	195	72	145
858	288	196	72	144
859	289	196	71	143
860	290	197	71	142
861	291	197	70	141
862	292	197	70	140
863	293	197	69	139
864	294	198	69	139
865	295	198	69	138
866	296	198	68	137
867	297	198	68	136
868	298	198	67	135
869	300	198	67	135
870	301	198	67	134
871	302	198	66	133
872	304	198	66	133
873	305	198	66	132
874	306	199	65	131
875	307	199	65	131
876	308	199	65	130
877	309	200	64	129
878	310	201	64	128
879	311	202	63	126
880	312	202	62	125
881	312	203	62	124
882	313	203	61	123
883	314	204	61	122
884	314	204	60	121
885	315	204	60	120
886	316	205	59	119
887	316	205	59	118
888	317	205	59	118
889	317	204	59	118
890	318	204	59	118
891	318	203	59	118
892	319	202	59	119
893	320	201	60	120
894	320	200	60	120
895	321	199	60	121
896	322	198	60	121
897	323	198	61	122
898	324	197	61	122
899	325	196	61	123
900	327	195	61	123
901	328	195	62	124
902	329	194	62	125
903	331	193	62	125
3D Trajetory (frame, x, z, height, pose)
739	-2.47	3.47	1.81	1.00
740	-2.45	3.45	1.82	1.00
741	-2.42	3.43	1.82	1.00
742	-2.41	3.41	1.82	1.00
743	-2.40	3.39	1.83	4.00
744	-2.37	3.39	1.83	4.00
745	-2.35	3.40	1.83	4.00
746	-2.35	3.41	1.83	4.00
747	-2.35	3.42	1.84	4.00
748	-2.36	3.44	1.84	4.00
749	-2.36	3.45	1.85	1.00
750	-2.35	3.49	1.83	1.00
751	-2.34	3.53	1.82	4.00
752	-2.33	3.56	1.81	4.00
753	-2.32	3.59	1.80	3.00
754	-2.30	3.61	1.80	3.00
755	-2.29	3.63	1.80	2.00
756	-2.27	3.65	1.79	2.00
757	-2.26	3.66	1.79	2.00
758	-2.25	3.68	1.80	2.00
759	-2.24	3.71	1.80	2.00
760	-2.22	3.73	1.81	2.00
761	-2.21	3.74	1.81	2.00
762	-2.19	3.77	1.81	2.00
763	-2.17	3.80	1.81	2.00
764	-2.16	3.82	1.82	2.00
765	-2.14	3.83	1.83	1.00
766	-2.13	3.85	1.83	1.00
767	-2.11	3.87	1.83	1.00
768	-2.10	3.89	1.83	1.00
769	-2.09	3.91	1.82	1.00
770	-2.09	3.96	1.81	1.00
771	-2.09	4.02	1.79	1.00
772	-2.07	4.06	1.78	1.00
773	-2.05	4.10	1.77	1.00
774	-2.04	4.14	1.76	1.00
775	-2.03	4.18	1.75	1.00
776	-2.03	4.23	1.76	1.00
777	-2.02	4.28	1.76	2.00
778	-2.01	4.33	1.76	2.00
779	-2.00	4.37	1.75	2.00
780	-2.00	4.41	1.75	2.00
781	-1.99	4.45	1.75	2.00
782	-1.99	4.49	1.74	2.00
783	-1.98	4.53	1.73	2.00
784	-1.98	4.57	1.73	2.00
785	-1.97	4.61	1.72	2.00
786	-1.97	4.64	1.72	2.00
787	-1.96	4.68	1.72	2.00
788	-1.96	4.71	1.72	2.00
789	-1.95	4.74	1.71	2.00
790	-1.95	4.77	1.72	2.00
791	-1.94	4.80	1.73	2.00
792	-1.94	4.82	1.73	2.00
793	-1.93	4.85	1.74	2.00
794	-1.93	4.88	1.74	2.00
795	-1.92	4.91	1.75	2.00
796	-1.92	4.93	1.75	2.00
797	-1.91	4.96	1.76	4.00
798	-1.91	4.99	1.76	4.00
799	-1.90	5.02	1.76	4.00
800	-1.89	5.05	1.76	4.00
801	-1.88	5.07	1.77	4.00
802	-1.87	5.09	1.78	4.00
803	-1.85	5.11	1.80	4.00
804	-1.84	5.12	1.81	4.00
805	-1.82	5.13	1.82	4.00
806	-1.81	5.15	1.82	4.00
807	-1.80	5.18	1.82	1.00
808	-1.77	5.20	1.83	1.00
809	-1.75	5.22	1.83	2.00
810	-1.73	5.22	1.84	2.00
811	-1.71	5.23	1.85	2.00
812	-1.69	5.25	1.85	2.00
813	-1.68	5.28	1.84	2.00
814	-1.66	5.29	1.85	2.00
815	-1.64	5.31	1.85	2.00
816	-1.60	5.33	1.86	2.00
817	-1.57	5.35	1.87	2.00
818	-1.55	5.36	1.87	2.00
819	-1.53	5.37	1.87	2.00
820	-1.51	5.39	1.87	2.00
821	-1.49	5.41	1.87	2.00
822	-1.47	5.43	1.86	2.00
823	-1.45	5.45	1.86	2.00
824	-1.44	5.46	1.86	2.00
825	-1.43	5.47	1.87	2.00
826	-1.42	5.49	1.88	2.00
827	-1.41	5.51	1.88	2.00
828	-1.40	5.53	1.89	2.00
829	-1.39	5.55	1.90	2.00
830	-1.39	5.56	1.89	2.00
831	-1.38	5.57	1.88	2.00
832	-1.37	5.59	1.88	2.00
833	-1.36	5.60	1.87	1.00
834	-1.35	5.62	1.88	1.00
835	-1.33	5.63	1.88	1.00
836	-1.31	5.65	1.87	1.00
837	-1.29	5.68	1.85	1.00
838	-1.29	5.69	1.83	1.00
839	-1.28	5.71	1.81	2.00
840	-1.27	5.73	1.79	2.00
841	-1.26	5.75	1.78	2.00
842	-1.26	5.77	1.78	2.00
843	-1.25	5.80	1.79	2.00
844	-1.25	5.82	1.80	2.00
845	-1.24	5.84	1.81	2.00
846	-1.23	5.86	1.82	2.00
847	-1.22	5.88	1.82	2.00
848	-1.21	5.89	1.83	2.00
849	-1.21	5.91	1.84	2.00
850	-1.20	5.93	1.84	2.00
851	-1.19	5.96	1.83	2.00
852	-1.19	5.99	1.81	2.00
853	-1.19	6.02	1.79	2.00
854	-1.18	6.04	1.78	2.00
855	-1.17	6.06	1.77	2.00
856	-1.16	6.08	1.77	2.00
857	-1.14	6.10	1.76	2.00
858	-1.14	6.11	1.76	2.00
859	-1.13	6.13	1.76	2.00
860	-1.12	6.15	1.75	2.00
861	-1.11	6.17	1.74	1.00
862	-1.11	6.19	1.74	1.00
863	-1.11	6.22	1.73	1.00
864	-1.11	6.24	1.73	1.00
865	-1.11	6.27	1.74	2.00
866	-1.10	6.29	1.72	2.00
867	-1.10	6.31	1.71	2.00
868	-1.09	6.34	1.71	2.00
869	-1.08	6.37	1.71	2.00
870	-1.07	6.39	1.71	2.00
871	-1.06	6.42	1.71	2.00
872	-1.04	6.45	1.71	2.00
873	-1.02	6.48	1.71	1.00
874	-1.02	6.51	1.71	1.00
875	-1.01	6.53	1.71	1.00
876	-1.01	6.57	1.71	1.00
877	-1.00	6.60	1.70	1.00
878	-1.01	6.65	1.70	1.00
879	-1.01	6.70	1.70	1.00
880	-1.00	6.76	1.69	1.00
881	-0.99	6.82	1.67	2.00
882	-0.99	6.86	1.67	2.00
883	-0.99	6.90	1.66	2.00
884	-0.99	6.92	1.66	2.00
885	-0.98	6.94	1.66	2.00
886	-0.98	6.96	1.66	2.00
887	-0.98	6.99	1.66	2.00
888	-0.98	7.02	1.66	2.00
889	-0.97	7.04	1.66	2.00
890	-0.97	7.06	1.66	2.00
891	-0.96	7.09	1.66	2.00
892	-0.95	7.11	1.68	2.00
893	-0.94	7.13	1.69	2.00
894	-0.94	7.15	1.71	2.00
895	-0.94	7.16	1.72	2.00
896	-0.94	7.17	1.74	2.00
897	-0.94	7.18	1.76	1.00
898	-0.93	7.19	1.78	1.00
899	-0.92	7.20	1.79	1.00
900	-0.90	7.21	1.80	1.00
901	-0.88	7.23	1.81	2.00
902	-0.85	7.25	1.78	2.00
903	-0.82	7.27	1.74	2.00
Target 17 (frames from 751 to 823)
Bounding Boxes (frame, x, y, width, height)
751	420	192	39	79
752	420	192	39	79
753	420	191	40	80
754	421	191	40	80
755	421	191	40	81
756	421	191	40	81
757	421	190	41	82
758	421	190	41	82
759	421	190	41	82
760	421	190	41	83
761	421	189	41	83
762	421	189	42	84
763	420	189	42	84
764	420	189	42	84
765	420	189	42	85
766	420	188	42	85
767	419	188	43	86
768	418	188	43	86
769	417	188	43	87
770	417	187	43	87
771	415	187	44	88
772	414	187	44	89
773	413	187	44	89
774	411	187	44	89
775	409	187	44	89
776	407	187	44	89
777	406	187	44	89
778	404	188	44	89
779	402	188	44	89
780	401	188	44	89
781	399	188	44	89
782	398	188	44	88
783	397	189	44	88
784	395	189	44	88
785	394	189	44	88
786	392	189	44	88
787	391	189	44	88
788	389	189	44	89
789	388	189	44	89
790	386	189	44	89
791	385	189	45	90
792	383	189	45	90
793	381	189	45	90
794	379	189	45	91
795	377	188	45	91
796	376	188	46	92
797	374	188	46	92
798	372	187	46	93
799	371	187	46	93
800	369	187	47	94
801	367	187	47	94
802	366	186	47	95
803	364	186	47	95
804	363	185	48	96
805	362	185	48	97
806	360	185	48	97
807	359	184	48	97
808	358	184	48	97
809	356	184	49	98
810	355	184	49	98
811	353	184	49	98
812	352	184	49	98
813	350	185	49	98
814	348	185	49	98
815	346	185	49	98
816	345	185	49	98
817	343	185	49	98
818	341	186	49	98
819	339	186	49	98
820	336	187	49	98
821	334	187	49	98
822	332	187	49	98
823	329	188	49	98
3D Trajetory (frame, x, z, height, pose)
751	0.54	10.61	1.66	2.00
752	0.53	10.63	1.66	2.00
753	0.52	10.66	1.66	2.00
754	0.51	10.62	1.65	2.00
755	0.50	10.59	1.65	2.00
756	0.50	10.51	1.66	2.00
757	0.50	10.44	1.67	2.00
758	0.49	10.47	1.68	2.00
759	0.49	10.50	1.69	4.00
760	0.49	10.46	1.71	4.00
761	0.49	10.42	1.72	4.00
762	0.49	10.42	1.73	4.00
763	0.49	10.42	1.73	1.00
764	0.49	10.44	1.72	1.00
765	0.48	10.47	1.71	1.00
766	0.47	10.45	1.72	1.00
767	0.46	10.44	1.73	1.00
768	0.46	10.41	1.75	1.00
769	0.46	10.38	1.76	1.00
770	0.44	10.35	1.78	1.00
771	0.42	10.31	1.80	1.00
772	0.37	10.27	1.79	1.00
773	0.33	10.22	1.79	1.00
774	0.30	10.21	1.79	1.00
775	0.27	10.19	1.79	1.00
776	0.24	10.17	1.79	1.00
777	0.21	10.15	1.79	4.00
778	0.17	10.16	1.78	4.00
779	0.13	10.17	1.76	4.00
780	0.10	10.16	1.75	4.00
781	0.08	10.15	1.75	4.00
782	0.05	10.14	1.76	4.00
783	0.03	10.13	1.76	2.00
784	0.01	10.11	1.76	2.00
785	-0.01	10.09	1.76	2.00
786	-0.04	10.07	1.75	2.00
787	-0.06	10.05	1.75	2.00
788	-0.10	10.02	1.74	2.00
789	-0.13	9.99	1.74	2.00
790	-0.15	9.98	1.74	2.00
791	-0.18	9.97	1.75	2.00
792	-0.21	9.94	1.76	2.00
793	-0.23	9.90	1.77	2.00
794	-0.26	9.88	1.78	2.00
795	-0.29	9.86	1.78	2.00
796	-0.32	9.83	1.79	2.00
797	-0.36	9.81	1.79	2.00
798	-0.38	9.78	1.80	2.00
799	-0.41	9.76	1.80	2.00
800	-0.43	9.74	1.80	2.00
801	-0.46	9.72	1.81	2.00
802	-0.48	9.71	1.81	2.00
803	-0.50	9.69	1.82	2.00
804	-0.54	9.67	1.83	2.00
805	-0.57	9.64	1.85	2.00
806	-0.59	9.62	1.85	2.00
807	-0.61	9.59	1.86	2.00
808	-0.65	9.57	1.85	2.00
809	-0.69	9.56	1.84	2.00
810	-0.72	9.54	1.86	2.00
811	-0.75	9.53	1.88	4.00
812	-0.78	9.53	1.84	4.00
813	-0.82	9.53	1.81	3.00
814	-0.86	9.51	1.82	3.00
815	-0.90	9.49	1.83	3.00
816	-0.93	9.47	1.84	3.00
817	-0.97	9.45	1.84	2.00
818	-1.00	9.42	1.85	2.00
819	-1.03	9.39	1.85	2.00
820	-1.05	9.37	1.86	2.00
821	-1.08	9.35	1.86	1.00
822	-1.14	9.32	1.82	1.00
823	-1.19	9.30	1.78	2.00
Target 18 (frames from 819 to 891)
Bounding Boxes (frame, x, y, width, height)
819	203	194	67	134
820	204	194	66	133
821	204	194	65	131
822	204	195	65	130
823	204	195	65	130
824	204	195	64	129
825	203	195	64	129
826	202	195	64	129
827	201	195	64	129
828	200	195	65	130
829	198	195	65	130
830	196	195	65	131
831	194	195	66	132
832	191	195	67	134
833	189	195	68	136
834	186	195	69	138
835	183	195	70	141
836	181	195	71	143
837	178	195	72	145
838	175	195	73	147
839	173	195	74	149
840	171	195	75	151
841	169	196	76	153
842	167	196	77	155
843	164	195	78	156
844	161	195	79	158
845	159	195	79	159
846	156	194	80	160
847	153	193	80	161
848	150	193	81	162
849	146	192	82	164
850	143	192	82	164
851	140	192	82	165
852	137	192	83	166
853	134	192	83	167
854	131	192	83	167
855	129	192	83	167
856	127	192	84	168
857	125	192	84	168
858	123	192	84	168
859	120	192	84	169
860	118	192	84	169
861	116	192	84	169
862	114	192	84	169
863	111	192	84	169
864	109	191	85	170
865	106	191	85	171
866	103	190	86	172
867	101	190	87	174
868	98	189	87	175
869	94	189	89	178
870	91	188	90	180
871	87	188	91	183
872	83	187	92	185
873	79	187	94	188
874	75	187	95	191
875	71	187	96	193
876	66	188	98	196
877	62	188	99	198
878	58	189	99	199
879	54	191	100	200
880	50	192	100	200
881	46	194	100	200
882	43	195	100	200
883	39	196	100	200
884	36	198	100	200
885	32	199	100	200
886	29	200	100	200
887	25	201	99	199
888	22	203	99	199
889	19	204	99	198
890	16	205	98	197
891	13	207	98	196
3D Trajetory (frame, x, z, height, pose)
819	-2.42	6.58	1.73	2.00
820	-2.40	6.53	1.75	2.00
821	-2.38	6.48	1.77	2.00
822	-2.38	6.47	1.77	2.00
823	-2.38	6.46	1.76	2.00
824	-2.38	6.44	1.76	2.00
825	-2.37	6.42	1.76	2.00
826	-2.49	6.64	1.75	2.00
827	-2.60	6.86	1.74	2.00
828	-2.58	6.79	1.75	2.00
829	-2.57	6.72	1.75	2.00
830	-2.55	6.64	1.76	2.00
831	-2.53	6.57	1.77	2.00
832	-2.52	6.42	1.78	2.00
833	-2.52	6.28	1.78	2.00
834	-2.51	6.19	1.78	2.00
835	-2.50	6.10	1.78	2.00
836	-2.50	6.02	1.78	2.00
837	-2.50	5.95	1.78	2.00
838	-2.48	5.86	1.78	2.00
839	-2.46	5.77	1.77	4.00
840	-2.46	5.73	1.78	4.00
841	-2.46	5.69	1.79	4.00
842	-2.46	5.66	1.80	4.00
843	-2.46	5.63	1.81	3.00
844	-2.47	5.57	1.81	3.00
845	-2.48	5.51	1.81	2.00
846	-2.48	5.46	1.81	2.00
847	-2.48	5.40	1.82	2.00
848	-2.52	5.40	1.82	2.00
849	-2.55	5.40	1.82	2.00
850	-2.58	5.39	1.82	2.00
851	-2.61	5.38	1.82	2.00
852	-2.62	5.34	1.82	2.00
853	-2.63	5.31	1.83	2.00
854	-2.63	5.24	1.82	2.00
855	-2.63	5.18	1.82	2.00
856	-2.66	5.20	1.82	2.00
857	-2.69	5.22	1.82	2.00
858	-2.70	5.21	1.82	2.00
859	-2.72	5.19	1.81	2.00
860	-2.75	5.21	1.82	2.00
861	-2.78	5.23	1.82	2.00
862	-2.79	5.19	1.82	2.00
863	-2.79	5.14	1.82	2.00
864	-2.83	5.14	1.82	2.00
865	-2.86	5.13	1.82	2.00
866	-2.87	5.11	1.83	2.00
867	-2.89	5.09	1.84	3.00
868	-2.89	5.04	1.84	3.00
869	-2.90	5.00	1.84	3.00
870	-2.89	4.93	1.85	3.00
871	-2.88	4.86	1.87	3.00
872	-2.87	4.81	1.87	3.00
873	-2.87	4.75	1.87	3.00
874	-2.87	4.69	1.87	3.00
875	-2.88	4.62	1.88	3.00
876	-2.88	4.56	1.88	3.00
877	-2.88	4.50	1.89	3.00
878	-2.89	4.47	1.87	3.00
879	-2.90	4.43	1.86	2.00
880	-2.92	4.40	1.85	2.00
881	-2.93	4.37	1.85	2.00
882	-2.95	4.35	1.85	2.00
883	-2.96	4.32	1.84	3.00
884	-2.99	4.32	1.82	3.00
885	-3.01	4.31	1.79	3.00
886	-3.04	4.29	1.77	3.00
887	-3.06	4.28	1.76	3.00
888	-3.07	4.24	1.76	3.00
889	-3.08	4.21	1.76	2.00
890	-3.08	4.17	1.76	2.00
891	-3.09	4.13	1.76	2.00
Target 19 (frames from 847 to 905)
Bounding Boxes (frame, x, y, width, height)
847	257	187	68	137
848	256	187	68	136
849	255	187	67	134
850	254	186	66	133
851	253	186	66	132
852	251	186	65	131
853	249	185	65	131
854	247	185	65	131
855	245	185	65	131
856	243	185	66	132
857	240	184	66	133
858	237	184	67	135
859	234	183	68	137
860	231	183	70	140
861	228	182	71	142
862	225	182	72	144
863	222	181	73	146
864	220	181	74	148
865	218	181	74	149
866	215	181	75	150
867	213	180	76	152
868	211	180	76	153
869	209	180	77	154
870	207	181	77	154
871	205	181	77	155
872	203	181	78	156
873	201	181	79	158
874	198	181	79	159
875	196	181	80	160
876	193	181	80	161
877	190	182	81	163
878	187	182	82	164
879	184	182	83	166
880	181	182	84	168
881	178	182	85	170
882	174	182	86	172
883	171	182	87	174
884	167	182	88	176
885	164	181	89	178
886	160	181	89	179
887	156	181	90	181
888	153	181	91	182
889	149	181	92	184
890	146	181	92	185
891	142	181	93	187
892	138	181	94	188
893	134	181	95	190
894	130	180	96	192
895	125	180	97	195
896	120	179	99	198
897	113	178	101	203
898	106	177	104	208
899	98	176	107	214
900	89	174	110	221
901	80	172	114	228
902	70	170	117	235
903	60	168	122	244
904	49	166	126	253
905	37	163	131	263
3D Trajetory (frame, x, z, height, pose)
847	-1.76	6.90	1.88	2.00
848	-1.73	6.76	1.88	2.00
849	-1.71	6.62	1.88	2.00
850	-1.78	6.89	1.88	2.00
851	-1.85	7.15	1.88	2.00
852	-1.91	7.24	1.87	2.00
853	-1.97	7.33	1.85	2.00
854	-1.99	7.26	1.87	2.00
855	-2.00	7.20	1.88	2.00
856	-2.02	7.11	1.89	2.00
857	-2.03	7.02	1.91	2.00
858	-2.04	6.93	1.92	2.00
859	-2.05	6.84	1.92	2.00
860	-2.06	6.74	1.92	2.00
861	-2.07	6.64	1.92	2.00
862	-2.07	6.55	1.93	2.00
863	-2.07	6.46	1.94	2.00
864	-2.08	6.43	1.93	2.00
865	-2.10	6.40	1.92	2.00
866	-2.10	6.33	1.93	2.00
867	-2.10	6.26	1.93	2.00
868	-2.12	6.21	1.93	2.00
869	-2.13	6.17	1.94	2.00
870	-2.14	6.13	1.93	2.00
871	-2.15	6.09	1.93	2.00
872	-2.16	6.05	1.93	2.00
873	-2.17	6.01	1.94	2.00
874	-2.18	5.98	1.93	2.00
875	-2.19	5.95	1.93	2.00
876	-2.20	5.90	1.94	2.00
877	-2.22	5.85	1.94	2.00
878	-2.22	5.79	1.94	2.00
879	-2.23	5.74	1.94	2.00
880	-2.24	5.67	1.95	2.00
881	-2.24	5.61	1.96	2.00
882	-2.26	5.55	1.96	2.00
883	-2.27	5.50	1.96	2.00
884	-2.29	5.46	1.96	2.00
885	-2.30	5.42	1.97	2.00
886	-2.31	5.36	1.97	2.00
887	-2.31	5.29	1.98	2.00
888	-2.33	5.25	1.98	2.00
889	-2.35	5.20	1.98	2.00
890	-2.37	5.16	1.98	2.00
891	-2.38	5.12	1.97	2.00
892	-2.41	5.07	1.97	2.00
893	-2.44	5.03	1.97	2.00
894	-2.45	4.97	1.97	2.00
895	-2.47	4.91	1.98	3.00
896	-2.48	4.84	1.99	3.00
897	-2.50	4.76	1.99	3.00
898	-2.51	4.66	2.01	3.00
899	-2.51	4.57	2.02	3.00
900	-2.52	4.44	2.03	3.00
901	-2.52	4.31	2.05	3.00
902	-2.52	4.16	2.06	3.00
903	-2.52	4.02	2.07	2.00
904	-2.50	3.89	2.07	2.00
905	-2.48	3.76	2.08	2.00
