Total frames 635
Number of Targets 11
Target 1 (frames from 1 to 57)
Bounding Boxes (frame, x, y, width, height)
1	252	55	206	413
2	256	57	205	410
3	259	59	204	408
4	262	61	203	406
5	266	62	202	404
6	270	63	201	403
7	274	64	201	402
8	278	64	200	401
9	283	64	200	400
10	287	64	199	399
11	293	63	199	399
12	298	62	199	398
13	303	60	199	399
14	308	58	200	400
15	313	56	200	401
16	318	54	201	402
17	322	53	201	403
18	327	51	202	404
19	332	50	201	403
20	337	50	201	403
21	342	51	200	401
22	348	51	199	399
23	354	52	199	398
24	360	53	198	396
25	367	54	197	394
26	375	55	196	392
27	382	56	195	390
28	390	58	194	388
29	398	58	194	388
30	405	59	194	389
31	413	58	195	390
32	420	58	196	392
33	427	57	197	394
34	434	56	197	395
35	441	55	198	397
36	449	55	199	398
37	456	55	199	398
38	463	56	199	398
39	471	58	198	396
40	479	60	197	394
41	486	62	196	392
42	493	65	195	390
43	500	67	193	387
44	507	69	192	384
45	514	72	190	380
46	520	75	188	376
47	526	77	186	373
48	531	80	184	368
49	536	82	182	364
50	541	85	179	359
51	545	87	177	354
52	549	90	174	349
53	553	93	171	343
54	556	95	169	338
55	559	98	166	332
56	562	101	162	325
57	565	104	159	319
3D Trajetory (frame, x, z, height, pose)
1	-0.04	2.07	1.70	1.00
2	-0.04	2.05	1.69	1.00
3	-0.05	2.04	1.67	3.00
4	-0.04	2.04	1.66	3.00
5	-0.04	2.05	1.66	3.00
6	-0.04	2.06	1.66	3.00
7	-0.04	2.07	1.67	1.00
8	-0.03	2.08	1.66	1.00
9	-0.01	2.10	1.66	1.00
10	0.01	2.09	1.66	1.00
11	0.02	2.07	1.67	1.00
12	0.06	2.09	1.67	1.00
13	0.09	2.10	1.68	1.00
14	0.11	2.11	1.67	1.00
15	0.12	2.12	1.67	1.00
16	0.13	2.11	1.67	1.00
17	0.15	2.10	1.67	1.00
18	0.16	2.10	1.68	1.00
19	0.18	2.10	1.69	1.00
20	0.19	2.10	1.70	1.00
21	0.20	2.10	1.70	1.00
22	0.23	2.12	1.70	1.00
23	0.25	2.14	1.69	1.00
24	0.29	2.16	1.69	1.00
25	0.33	2.18	1.70	1.00
26	0.36	2.18	1.68	1.00
27	0.39	2.19	1.66	1.00
28	0.42	2.19	1.66	1.00
29	0.45	2.19	1.65	1.00
30	0.48	2.18	1.67	1.00
31	0.50	2.17	1.69	1.00
32	0.54	2.18	1.69	1.00
33	0.57	2.18	1.69	1.00
34	0.60	2.17	1.68	1.00
35	0.64	2.17	1.67	1.00
36	0.66	2.16	1.69	1.00
37	0.68	2.15	1.70	1.00
38	0.72	2.16	1.69	1.00
39	0.75	2.18	1.68	1.00
40	0.79	2.18	1.68	1.00
41	0.82	2.18	1.67	1.00
42	0.84	2.18	1.66	1.00
43	0.86	2.18	1.64	1.00
44	0.89	2.19	1.63	1.00
45	0.91	2.20	1.62	1.00
46	0.94	2.21	1.61	1.00
47	0.96	2.22	1.60	1.00
48	0.99	2.23	1.60	1.00
49	1.01	2.24	1.60	1.00
50	1.04	2.27	1.59	1.00
51	1.06	2.30	1.59	1.00
52	1.08	2.33	1.56	1.00
53	1.10	2.36	1.54	1.00
54	1.11	2.38	1.53	1.00
55	1.13	2.39	1.53	1.00
56	1.15	2.41	1.52	1.00
57	1.17	2.42	1.51	1.00
Target 2 (frames from 1 to 345)
Bounding Boxes (frame, x, y, width, height)
1	21	67	146	293
2	23	69	145	290
3	25	71	143	287
4	27	73	142	285
5	29	74	141	282
6	31	76	139	279
7	32	78	138	276
8	33	79	137	274
9	35	81	135	271
10	35	82	134	268
11	36	84	132	265
12	36	85	131	263
13	35	86	130	260
14	35	87	128	257
15	35	87	127	255
16	36	88	126	253
17	37	89	125	250
18	38	90	123	247
19	40	91	122	245
20	41	92	121	243
21	41	93	121	242
22	41	93	121	242
23	42	93	120	241
24	42	94	120	241
25	42	94	120	241
26	42	95	120	240
27	41	96	120	240
28	41	97	119	239
29	41	98	119	239
30	41	99	119	238
31	41	100	118	237
32	40	101	118	236
33	40	102	117	235
34	41	103	117	234
35	41	104	116	232
36	41	105	115	231
37	41	106	115	231
38	41	107	115	230
39	42	107	115	230
40	42	107	115	230
41	42	107	115	231
42	42	106	115	231
43	43	105	116	233
44	43	104	117	234
45	43	102	118	237
46	42	99	120	240
47	42	97	121	243
48	42	95	123	247
49	42	92	125	251
50	41	89	127	255
51	41	87	129	258
52	40	84	131	262
53	39	82	132	265
54	38	81	134	268
55	37	80	135	270
56	36	79	136	272
57	35	79	137	274
58	33	79	137	274
59	32	79	137	274
60	30	79	137	275
61	29	79	137	275
62	28	79	137	275
63	27	79	137	275
64	27	79	137	275
65	26	78	138	276
66	26	77	138	277
67	25	77	139	278
68	25	76	139	279
69	26	75	140	281
70	26	74	141	282
71	26	73	142	284
72	26	71	143	286
73	26	70	144	288
74	26	69	145	290
75	26	68	145	291
76	26	68	146	293
77	25	67	147	294
78	24	67	147	295
79	24	67	148	296
80	24	67	148	296
81	24	66	148	297
82	24	66	149	298
83	23	66	149	298
84	23	66	149	298
85	23	65	149	299
86	23	65	149	299
87	23	64	150	300
88	23	63	150	301
89	24	62	151	302
90	24	62	151	303
91	24	61	152	304
92	25	61	152	304
93	25	61	152	304
94	26	62	152	304
95	26	62	152	304
96	27	63	152	304
97	27	63	152	304
98	28	63	152	304
99	28	64	152	304
100	28	64	152	305
101	27	63	152	305
102	27	63	153	306
103	26	62	154	308
104	25	61	155	310
105	24	59	155	311
106	23	58	156	313
107	22	57	157	314
108	21	56	158	316
109	20	55	158	317
110	20	55	159	318
111	19	54	159	319
112	19	54	159	319
113	19	53	160	320
114	19	53	160	321
115	19	53	161	322
116	19	53	161	323
117	19	52	162	324
118	18	52	162	325
119	18	52	163	326
120	17	52	163	326
121	16	53	163	326
122	16	53	163	326
123	15	54	163	326
124	15	55	162	325
125	15	56	162	324
126	15	57	161	323
127	15	58	160	321
128	16	59	160	321
129	16	60	160	320
130	16	60	159	319
131	16	61	159	319
132	16	61	159	318
133	16	60	159	319
134	15	60	159	319
135	15	59	160	320
136	14	58	160	321
137	14	57	161	323
138	13	56	162	324
139	13	56	162	325
140	13	55	163	326
141	13	55	163	326
142	13	54	163	327
143	14	54	163	327
144	14	54	163	327
145	15	54	163	327
146	15	54	163	327
147	16	54	163	326
148	16	54	163	326
149	17	54	163	326
150	17	53	163	326
151	18	53	163	326
152	18	52	163	327
153	19	52	163	327
154	19	51	164	328
155	20	51	164	328
156	20	51	164	329
157	21	50	165	330
158	21	50	165	331
159	21	49	165	331
160	21	49	166	332
161	21	49	166	333
162	20	49	166	333
163	20	49	167	334
164	19	49	167	334
165	18	49	167	334
166	18	49	167	334
167	17	49	166	333
168	17	50	165	331
169	17	52	164	329
170	18	54	163	326
171	19	56	161	322
172	20	58	159	318
173	22	61	156	313
174	25	64	154	308
175	27	67	151	303
176	29	70	149	298
177	31	72	147	294
178	32	75	145	290
179	34	77	143	287
180	35	79	142	285
181	36	80	141	283
182	36	82	140	281
183	37	83	140	280
184	38	84	139	279
185	38	84	139	279
186	38	85	139	278
187	39	85	139	278
188	39	85	138	277
189	40	86	138	277
190	40	86	138	276
191	41	86	137	275
192	41	87	137	274
193	41	87	137	274
194	41	87	136	273
195	41	87	136	272
196	41	87	136	272
197	41	88	135	271
198	41	88	135	271
199	41	88	135	271
200	40	88	135	271
201	40	88	135	271
202	39	88	135	271
203	39	88	135	270
204	38	89	134	269
205	37	91	133	266
206	37	93	131	262
207	37	95	129	259
208	37	96	128	256
209	36	97	127	254
210	36	98	126	253
211	35	98	126	252
212	35	98	125	251
213	35	97	125	251
214	35	96	126	252
215	35	95	126	253
216	36	94	127	255
217	37	93	128	256
218	38	93	129	258
219	39	93	129	258
220	41	93	128	257
221	43	94	128	256
222	45	96	127	254
223	46	98	125	251
224	48	100	124	248
225	50	101	123	246
226	51	102	122	244
227	52	103	121	243
228	53	104	121	242
229	54	105	120	241
230	54	105	120	240
231	54	105	120	241
232	54	105	120	241
233	54	105	121	242
234	53	105	121	243
235	53	105	122	245
236	52	104	123	247
237	51	104	124	249
238	50	103	125	251
239	49	102	126	253
240	48	101	127	255
241	48	101	128	257
242	47	100	129	258
243	47	100	129	259
244	46	100	129	259
245	46	100	129	259
246	47	100	129	259
247	47	100	129	258
248	47	101	128	257
249	48	102	127	255
250	49	103	127	254
251	49	104	126	253
252	50	104	126	252
253	50	105	125	251
254	50	106	125	251
255	51	106	125	250
256	51	107	124	249
257	51	108	124	249
258	51	108	124	248
259	51	108	124	248
260	51	109	123	247
261	51	109	123	247
262	51	109	123	247
263	52	109	123	247
264	52	109	123	247
265	52	109	123	246
266	53	109	123	246
267	53	109	123	246
268	53	108	123	246
269	53	108	123	246
270	52	107	123	247
271	52	107	123	247
272	52	106	124	248
273	51	106	124	249
274	50	106	124	249
275	50	106	125	250
276	50	106	125	250
277	49	106	125	250
278	49	106	125	251
279	48	106	125	251
280	48	105	126	252
281	48	105	126	253
282	48	105	127	254
283	48	105	127	255
284	48	105	127	255
285	49	104	128	256
286	49	103	128	257
287	49	102	129	258
288	49	102	129	259
289	49	101	129	259
290	50	101	129	259
291	50	102	129	258
292	50	102	128	257
293	51	103	128	256
294	51	103	127	255
295	51	104	127	254
296	51	105	126	253
297	51	106	126	252
298	51	106	125	251
299	52	107	125	250
300	52	108	124	249
301	53	109	124	248
302	54	110	123	246
303	55	111	122	245
304	56	112	121	243
305	57	113	121	242
306	57	114	120	241
307	58	114	120	240
308	58	114	119	239
309	58	114	119	239
310	58	114	119	239
311	58	113	120	240
312	58	112	120	241
313	57	111	121	243
314	57	110	122	245
315	56	108	123	247
316	56	107	124	248
317	55	106	125	250
318	54	104	125	251
319	54	104	126	252
320	54	103	126	253
321	54	103	126	253
322	54	102	126	253
323	54	102	126	253
324	54	101	126	253
325	54	101	126	253
326	54	101	126	253
327	55	101	126	252
328	55	101	126	252
329	56	101	126	252
330	56	101	126	252
331	56	101	126	252
332	56	101	126	252
333	57	101	126	252
334	57	102	126	252
335	57	102	126	252
336	57	103	126	252
337	57	104	126	252
338	57	104	126	252
339	57	105	125	251
340	56	105	125	251
341	56	106	125	251
342	56	106	125	251
343	56	107	125	250
344	55	107	125	250
345	55	108	125	250
3D Trajetory (frame, x, z, height, pose)
1	-1.61	2.86	1.70	4.00
2	-1.62	2.88	1.70	4.00
3	-1.62	2.91	1.70	4.00
4	-1.63	2.91	1.70	4.00
5	-1.63	2.92	1.69	4.00
6	-1.64	2.93	1.66	4.00
7	-1.65	2.94	1.63	1.00
8	-1.67	2.95	1.63	1.00
9	-1.69	2.95	1.63	4.00
10	-1.71	2.95	1.64	4.00
11	-1.72	2.95	1.65	4.00
12	-1.74	2.96	1.63	4.00
13	-1.75	2.97	1.61	4.00
14	-1.77	2.99	1.59	4.00
15	-1.79	3.01	1.58	4.00
16	-1.79	3.03	1.57	4.00
17	-1.80	3.04	1.56	4.00
18	-1.81	3.05	1.55	4.00
19	-1.82	3.05	1.54	4.00
20	-1.83	3.06	1.54	4.00
21	-1.84	3.06	1.55	4.00
22	-1.84	3.07	1.54	4.00
23	-1.84	3.07	1.54	4.00
24	-1.84	3.08	1.54	4.00
25	-1.84	3.08	1.54	4.00
26	-1.84	3.08	1.54	4.00
27	-1.84	3.08	1.54	4.00
28	-1.84	3.08	1.53	4.00
29	-1.85	3.09	1.53	4.00
30	-1.85	3.08	1.52	4.00
31	-1.86	3.08	1.52	4.00
32	-1.86	3.08	1.51	4.00
33	-1.86	3.08	1.50	4.00
34	-1.86	3.08	1.49	4.00
35	-1.86	3.08	1.49	4.00
36	-1.87	3.08	1.49	4.00
37	-1.87	3.08	1.48	4.00
38	-1.87	3.08	1.47	4.00
39	-1.87	3.08	1.47	4.00
40	-1.87	3.08	1.47	4.00
41	-1.86	3.08	1.47	4.00
42	-1.86	3.07	1.48	4.00
43	-1.86	3.06	1.48	3.00
44	-1.85	3.05	1.49	3.00
45	-1.84	3.04	1.50	3.00
46	-1.84	3.04	1.52	3.00
47	-1.84	3.04	1.54	3.00
48	-1.84	3.04	1.56	3.00
49	-1.83	3.04	1.58	3.00
50	-1.82	3.02	1.60	3.00
51	-1.81	3.00	1.63	1.00
52	-1.80	2.98	1.64	1.00
53	-1.78	2.96	1.64	1.00
54	-1.77	2.94	1.65	1.00
55	-1.76	2.93	1.66	1.00
56	-1.76	2.92	1.67	1.00
57	-1.76	2.92	1.67	1.00
58	-1.76	2.91	1.67	1.00
59	-1.77	2.91	1.67	1.00
60	-1.77	2.91	1.66	1.00
61	-1.78	2.91	1.65	1.00
62	-1.78	2.91	1.66	1.00
63	-1.79	2.91	1.67	1.00
64	-1.79	2.91	1.66	1.00
65	-1.79	2.92	1.66	4.00
66	-1.79	2.91	1.68	4.00
67	-1.79	2.91	1.69	4.00
68	-1.78	2.91	1.69	4.00
69	-1.77	2.90	1.69	4.00
70	-1.77	2.89	1.70	4.00
71	-1.76	2.88	1.71	4.00
72	-1.76	2.88	1.72	4.00
73	-1.76	2.87	1.73	3.00
74	-1.75	2.87	1.72	3.00
75	-1.74	2.87	1.72	1.00
76	-1.73	2.86	1.73	1.00
77	-1.72	2.85	1.74	1.00
78	-1.72	2.84	1.75	1.00
79	-1.71	2.83	1.76	1.00
80	-1.71	2.83	1.75	1.00
81	-1.71	2.83	1.74	1.00
82	-1.71	2.83	1.74	1.00
83	-1.71	2.83	1.74	1.00
84	-1.72	2.83	1.75	1.00
85	-1.72	2.83	1.76	1.00
86	-1.72	2.83	1.75	1.00
87	-1.71	2.83	1.75	1.00
88	-1.71	2.81	1.76	1.00
89	-1.71	2.80	1.76	4.00
90	-1.71	2.79	1.77	4.00
91	-1.71	2.79	1.77	4.00
92	-1.70	2.78	1.78	4.00
93	-1.70	2.76	1.78	4.00
94	-1.70	2.77	1.77	4.00
95	-1.69	2.77	1.76	4.00
96	-1.69	2.77	1.75	4.00
97	-1.69	2.77	1.74	4.00
98	-1.69	2.77	1.75	4.00
99	-1.69	2.76	1.75	4.00
100	-1.69	2.76	1.75	4.00
101	-1.69	2.76	1.75	4.00
102	-1.69	2.75	1.76	4.00
103	-1.69	2.74	1.77	4.00
104	-1.68	2.74	1.78	4.00
105	-1.68	2.73	1.79	4.00
106	-1.68	2.73	1.79	4.00
107	-1.68	2.72	1.80	4.00
108	-1.68	2.72	1.80	4.00
109	-1.68	2.71	1.80	4.00
110	-1.68	2.70	1.79	4.00
111	-1.67	2.70	1.79	4.00
112	-1.67	2.69	1.79	4.00
113	-1.67	2.68	1.80	4.00
114	-1.67	2.68	1.80	4.00
115	-1.66	2.68	1.80	4.00
116	-1.65	2.67	1.80	4.00
117	-1.64	2.66	1.80	4.00
118	-1.63	2.65	1.81	4.00
119	-1.63	2.64	1.81	4.00
120	-1.63	2.65	1.80	4.00
121	-1.64	2.65	1.80	4.00
122	-1.64	2.64	1.80	4.00
123	-1.64	2.64	1.80	3.00
124	-1.64	2.64	1.79	3.00
125	-1.63	2.63	1.78	3.00
126	-1.63	2.63	1.78	3.00
127	-1.63	2.63	1.77	3.00
128	-1.64	2.63	1.76	3.00
129	-1.64	2.63	1.75	3.00
130	-1.64	2.63	1.74	3.00
131	-1.64	2.63	1.74	3.00
132	-1.64	2.62	1.74	3.00
133	-1.64	2.62	1.75	3.00
134	-1.64	2.61	1.75	3.00
135	-1.64	2.60	1.75	3.00
136	-1.64	2.60	1.75	3.00
137	-1.64	2.60	1.75	3.00
138	-1.64	2.60	1.76	3.00
139	-1.64	2.60	1.76	3.00
140	-1.63	2.59	1.77	3.00
141	-1.62	2.59	1.78	3.00
142	-1.62	2.59	1.78	3.00
143	-1.62	2.59	1.78	3.00
144	-1.62	2.59	1.77	3.00
145	-1.62	2.59	1.77	3.00
146	-1.61	2.60	1.78	3.00
147	-1.61	2.60	1.78	3.00
148	-1.61	2.60	1.78	3.00
149	-1.61	2.60	1.78	3.00
150	-1.61	2.61	1.77	3.00
151	-1.61	2.62	1.77	3.00
152	-1.61	2.62	1.78	3.00
153	-1.60	2.62	1.79	3.00
154	-1.60	2.62	1.79	3.00
155	-1.59	2.61	1.80	3.00
156	-1.59	2.61	1.80	3.00
157	-1.58	2.60	1.80	3.00
158	-1.58	2.59	1.80	3.00
159	-1.58	2.59	1.79	3.00
160	-1.58	2.59	1.79	3.00
161	-1.57	2.59	1.79	4.00
162	-1.57	2.58	1.79	4.00
163	-1.56	2.58	1.79	4.00
164	-1.57	2.58	1.80	4.00
165	-1.57	2.59	1.80	4.00
166	-1.58	2.58	1.80	4.00
167	-1.59	2.58	1.80	4.00
168	-1.59	2.58	1.80	4.00
169	-1.60	2.59	1.80	4.00
170	-1.60	2.60	1.78	4.00
171	-1.60	2.62	1.77	1.00
172	-1.61	2.64	1.75	1.00
173	-1.62	2.66	1.73	4.00
174	-1.63	2.68	1.71	4.00
175	-1.63	2.70	1.69	4.00
176	-1.64	2.71	1.68	4.00
177	-1.64	2.72	1.67	1.00
178	-1.64	2.74	1.65	1.00
179	-1.65	2.75	1.64	1.00
180	-1.65	2.76	1.63	1.00
181	-1.65	2.76	1.63	1.00
182	-1.65	2.77	1.62	1.00
183	-1.65	2.77	1.62	1.00
184	-1.65	2.77	1.62	1.00
185	-1.65	2.78	1.62	1.00
186	-1.66	2.78	1.61	1.00
187	-1.66	2.79	1.61	1.00
188	-1.67	2.79	1.61	1.00
189	-1.67	2.79	1.61	1.00
190	-1.67	2.80	1.61	1.00
191	-1.68	2.80	1.62	4.00
192	-1.67	2.80	1.62	4.00
193	-1.67	2.80	1.62	3.00
194	-1.67	2.81	1.60	3.00
195	-1.68	2.81	1.59	1.00
196	-1.68	2.81	1.59	1.00
197	-1.68	2.81	1.59	1.00
198	-1.68	2.81	1.59	1.00
199	-1.69	2.82	1.59	1.00
200	-1.69	2.82	1.59	1.00
201	-1.70	2.82	1.60	1.00
202	-1.70	2.82	1.60	1.00
203	-1.71	2.83	1.60	4.00
204	-1.71	2.83	1.60	4.00
205	-1.71	2.83	1.59	4.00
206	-1.72	2.83	1.59	4.00
207	-1.73	2.84	1.58	1.00
208	-1.76	2.88	1.56	1.00
209	-1.79	2.91	1.54	2.00
210	-1.82	2.95	1.52	2.00
211	-1.86	2.98	1.50	3.00
212	-1.86	2.98	1.51	3.00
213	-1.85	2.98	1.52	3.00
214	-1.83	2.95	1.55	3.00
215	-1.80	2.93	1.58	3.00
216	-1.79	2.91	1.60	3.00
217	-1.78	2.89	1.62	3.00
218	-1.77	2.91	1.59	3.00
219	-1.76	2.93	1.56	3.00
220	-1.76	2.93	1.56	3.00
221	-1.76	2.93	1.56	3.00
222	-1.76	2.95	1.55	3.00
223	-1.76	2.97	1.54	4.00
224	-1.76	2.98	1.53	4.00
225	-1.76	2.99	1.52	4.00
226	-1.76	3.00	1.52	4.00
227	-1.76	3.00	1.51	4.00
228	-1.76	3.00	1.52	4.00
229	-1.75	3.01	1.52	4.00
230	-1.75	3.01	1.51	4.00
231	-1.75	3.01	1.51	2.00
232	-1.74	3.00	1.50	2.00
233	-1.73	2.99	1.50	4.00
234	-1.73	2.98	1.50	4.00
235	-1.72	2.96	1.50	4.00
236	-1.71	2.95	1.51	4.00
237	-1.71	2.93	1.51	4.00
238	-1.69	2.91	1.51	4.00
239	-1.68	2.88	1.51	4.00
240	-1.67	2.86	1.52	4.00
241	-1.66	2.84	1.53	4.00
242	-1.67	2.84	1.54	4.00
243	-1.67	2.83	1.55	4.00
244	-1.68	2.84	1.54	4.00
245	-1.68	2.86	1.54	4.00
246	-1.68	2.86	1.53	4.00
247	-1.68	2.86	1.53	4.00
248	-1.68	2.85	1.52	4.00
249	-1.68	2.85	1.52	4.00
250	-1.68	2.85	1.51	4.00
251	-1.68	2.85	1.51	4.00
252	-1.68	2.85	1.50	4.00
253	-1.68	2.85	1.49	4.00
254	-1.68	2.85	1.49	4.00
255	-1.68	2.86	1.48	4.00
256	-1.68	2.85	1.48	4.00
257	-1.68	2.85	1.48	4.00
258	-1.68	2.85	1.48	4.00
259	-1.68	2.85	1.48	4.00
260	-1.68	2.85	1.47	4.00
261	-1.67	2.84	1.47	4.00
262	-1.67	2.85	1.46	4.00
263	-1.67	2.85	1.46	4.00
264	-1.67	2.85	1.46	4.00
265	-1.68	2.85	1.46	4.00
266	-1.67	2.86	1.46	4.00
267	-1.67	2.86	1.47	4.00
268	-1.67	2.85	1.47	4.00
269	-1.67	2.85	1.46	4.00
270	-1.67	2.85	1.47	4.00
271	-1.68	2.86	1.47	4.00
272	-1.68	2.85	1.47	4.00
273	-1.68	2.85	1.47	4.00
274	-1.68	2.84	1.48	4.00
275	-1.68	2.83	1.49	4.00
276	-1.68	2.83	1.49	4.00
277	-1.67	2.83	1.49	4.00
278	-1.67	2.83	1.49	4.00
279	-1.67	2.83	1.49	4.00
280	-1.67	2.83	1.48	4.00
281	-1.67	2.84	1.47	4.00
282	-1.67	2.83	1.48	4.00
283	-1.67	2.83	1.49	4.00
284	-1.66	2.82	1.50	4.00
285	-1.65	2.81	1.51	4.00
286	-1.64	2.80	1.51	4.00
287	-1.63	2.80	1.51	4.00
288	-1.63	2.80	1.52	4.00
289	-1.63	2.81	1.52	4.00
290	-1.63	2.81	1.51	4.00
291	-1.63	2.81	1.51	4.00
292	-1.63	2.81	1.51	4.00
293	-1.63	2.81	1.50	4.00
294	-1.63	2.81	1.49	4.00
295	-1.63	2.81	1.47	4.00
296	-1.63	2.81	1.47	4.00
297	-1.63	2.81	1.47	4.00
298	-1.62	2.81	1.46	4.00
299	-1.62	2.81	1.46	4.00
300	-1.62	2.82	1.46	4.00
301	-1.62	2.82	1.47	4.00
302	-1.63	2.83	1.46	4.00
303	-1.63	2.83	1.44	4.00
304	-1.64	2.84	1.44	4.00
305	-1.64	2.85	1.43	4.00
306	-1.64	2.85	1.42	4.00
307	-1.64	2.85	1.42	4.00
308	-1.65	2.85	1.41	4.00
309	-1.66	2.86	1.41	4.00
310	-1.65	2.86	1.42	4.00
311	-1.65	2.86	1.43	4.00
312	-1.65	2.86	1.44	4.00
313	-1.65	2.86	1.45	4.00
314	-1.65	2.84	1.45	4.00
315	-1.64	2.83	1.46	4.00
316	-1.64	2.83	1.47	4.00
317	-1.64	2.83	1.47	4.00
318	-1.64	2.83	1.48	4.00
319	-1.64	2.83	1.49	4.00
320	-1.63	2.82	1.49	4.00
321	-1.62	2.81	1.49	4.00
322	-1.63	2.83	1.49	4.00
323	-1.64	2.84	1.49	4.00
324	-1.64	2.84	1.49	4.00
325	-1.64	2.84	1.50	4.00
326	-1.64	2.84	1.49	4.00
327	-1.63	2.85	1.49	4.00
328	-1.64	2.85	1.49	4.00
329	-1.64	2.86	1.49	4.00
330	-1.64	2.85	1.50	4.00
331	-1.63	2.84	1.51	4.00
332	-1.64	2.85	1.50	4.00
333	-1.65	2.86	1.48	4.00
334	-1.64	2.85	1.49	4.00
335	-1.62	2.83	1.50	4.00
336	-1.62	2.84	1.49	4.00
337	-1.62	2.84	1.49	4.00
338	-1.63	2.84	1.49	4.00
339	-1.63	2.84	1.48	4.00
340	-1.62	2.84	1.48	4.00
341	-1.62	2.84	1.48	4.00
342	-1.63	2.84	1.47	4.00
343	-1.63	2.84	1.47	4.00
344	-1.62	2.84	1.47	4.00
345	-1.62	2.83	1.48	4.00
Target 3 (frames from 3 to 149)
Bounding Boxes (frame, x, y, width, height)
3	205	90	114	228
4	205	90	115	230
5	205	91	115	231
6	206	91	116	232
7	206	91	117	234
8	206	90	117	235
9	206	90	118	236
10	205	89	119	238
11	205	88	119	239
12	205	87	120	240
13	203	85	121	242
14	202	82	121	243
15	201	80	122	244
16	201	77	123	246
17	201	75	123	247
18	201	74	124	248
19	201	73	124	248
20	200	73	124	249
21	200	73	124	249
22	200	73	124	249
23	200	74	124	248
24	200	75	123	247
25	200	76	123	247
26	200	77	123	246
27	200	78	123	246
28	199	78	122	245
29	199	78	122	245
30	199	78	123	246
31	199	77	123	246
32	200	76	123	247
33	200	75	124	248
34	200	74	125	250
35	200	73	125	251
36	200	72	126	252
37	200	70	126	253
38	200	69	127	255
39	199	68	128	256
40	199	66	129	258
41	199	65	130	260
42	199	64	130	261
43	199	63	131	263
44	199	62	132	264
45	199	61	133	266
46	200	60	133	267
47	201	59	134	269
48	201	59	135	270
49	202	59	135	271
50	203	59	135	271
51	203	60	135	271
52	204	61	135	271
53	204	63	134	269
54	203	65	134	268
55	202	67	133	266
56	201	70	132	264
57	200	72	131	262
58	199	74	130	260
59	199	76	129	259
60	198	77	128	257
61	198	79	128	256
62	198	80	127	255
63	198	80	127	255
64	198	80	127	254
65	199	80	127	254
66	200	80	127	254
67	201	80	127	254
68	202	80	126	253
69	203	81	126	252
70	204	82	125	251
71	205	82	125	250
72	205	83	124	249
73	205	83	124	249
74	204	84	124	248
75	204	84	124	248
76	203	84	124	248
77	202	84	124	248
78	201	84	124	249
79	200	84	124	249
80	200	84	125	250
81	199	83	125	250
82	199	83	125	251
83	199	83	125	251
84	199	82	126	252
85	200	82	126	252
86	201	82	126	252
87	202	82	126	252
88	202	82	126	252
89	203	81	126	253
90	204	81	126	253
91	204	80	126	253
92	205	80	127	254
93	205	79	127	254
94	205	79	127	255
95	206	79	127	255
96	206	78	128	256
97	206	78	128	256
98	206	78	128	257
99	205	78	128	257
100	205	78	129	258
101	205	78	129	259
102	204	78	129	259
103	204	78	130	260
104	204	77	130	261
105	203	77	131	262
106	203	76	131	262
107	203	75	131	263
108	202	75	132	264
109	202	74	132	265
110	202	73	132	265
111	202	73	133	266
112	202	73	133	266
113	202	73	133	266
114	203	73	133	266
115	203	73	133	266
116	202	73	133	266
117	202	73	133	266
118	202	73	133	266
119	202	73	133	267
120	202	73	133	267
121	202	73	133	267
122	202	73	133	267
123	202	73	134	268
124	202	73	134	268
125	202	72	134	269
126	203	72	134	269
127	203	71	134	269
128	203	71	134	269
129	204	72	134	268
130	204	72	133	267
131	204	73	133	266
132	204	74	132	265
133	204	75	131	263
134	203	76	131	262
135	202	77	130	260
136	201	78	129	259
137	200	79	128	257
138	199	80	128	256
139	198	81	127	255
140	197	82	127	254
141	196	83	126	253
142	195	84	126	253
143	194	84	126	253
144	193	85	126	252
145	192	85	126	252
146	192	86	126	252
147	191	86	126	252
148	190	86	126	253
149	190	86	126	253
3D Trajetory (frame, x, z, height, pose)
3	-0.84	3.55	1.63	2.00
4	-0.80	3.47	1.61	2.00
5	-0.76	3.40	1.59	4.00
6	-0.75	3.36	1.58	4.00
7	-0.74	3.32	1.58	4.00
8	-0.75	3.31	1.58	4.00
9	-0.77	3.30	1.58	4.00
10	-0.79	3.30	1.59	4.00
11	-0.81	3.31	1.60	4.00
12	-0.81	3.31	1.61	4.00
13	-0.82	3.32	1.61	4.00
14	-0.83	3.33	1.63	4.00
15	-0.84	3.33	1.64	4.00
16	-0.85	3.34	1.66	4.00
17	-0.86	3.34	1.68	4.00
18	-0.86	3.34	1.68	4.00
19	-0.86	3.33	1.68	4.00
20	-0.85	3.32	1.69	4.00
21	-0.85	3.32	1.69	4.00
22	-0.86	3.31	1.69	4.00
23	-0.87	3.31	1.68	4.00
24	-0.88	3.32	1.67	4.00
25	-0.89	3.33	1.66	4.00
26	-0.88	3.33	1.65	4.00
27	-0.88	3.33	1.65	4.00
28	-0.88	3.33	1.65	4.00
29	-0.87	3.33	1.65	4.00
30	-0.87	3.33	1.66	4.00
31	-0.87	3.33	1.67	4.00
32	-0.87	3.34	1.68	4.00
33	-0.88	3.34	1.69	4.00
34	-0.88	3.35	1.70	4.00
35	-0.88	3.35	1.71	4.00
36	-0.87	3.34	1.72	4.00
37	-0.86	3.34	1.73	4.00
38	-0.86	3.33	1.73	4.00
39	-0.86	3.33	1.73	4.00
40	-0.87	3.33	1.74	4.00
41	-0.87	3.32	1.74	4.00
42	-0.87	3.32	1.76	4.00
43	-0.87	3.31	1.77	4.00
44	-0.87	3.31	1.78	4.00
45	-0.86	3.30	1.79	4.00
46	-0.86	3.30	1.80	4.00
47	-0.85	3.30	1.81	4.00
48	-0.84	3.29	1.80	4.00
49	-0.82	3.28	1.80	1.00
50	-0.82	3.27	1.80	1.00
51	-0.81	3.27	1.81	1.00
52	-0.81	3.25	1.80	1.00
53	-0.81	3.24	1.80	1.00
54	-0.82	3.24	1.78	1.00
55	-0.82	3.23	1.76	1.00
56	-0.83	3.23	1.74	1.00
57	-0.84	3.23	1.73	1.00
58	-0.85	3.23	1.71	1.00
59	-0.86	3.24	1.69	4.00
60	-0.87	3.24	1.68	4.00
61	-0.87	3.24	1.68	4.00
62	-0.86	3.24	1.68	4.00
63	-0.85	3.24	1.68	4.00
64	-0.84	3.24	1.68	4.00
65	-0.83	3.24	1.68	1.00
66	-0.83	3.24	1.69	1.00
67	-0.83	3.24	1.70	1.00
68	-0.83	3.25	1.68	1.00
69	-0.83	3.27	1.67	1.00
70	-0.83	3.27	1.67	1.00
71	-0.83	3.27	1.68	1.00
72	-0.83	3.27	1.67	1.00
73	-0.82	3.28	1.66	4.00
74	-0.84	3.29	1.65	4.00
75	-0.85	3.30	1.65	4.00
76	-0.85	3.29	1.65	4.00
77	-0.86	3.29	1.66	4.00
78	-0.86	3.29	1.67	4.00
79	-0.86	3.28	1.67	4.00
80	-0.86	3.28	1.68	4.00
81	-0.85	3.28	1.69	4.00
82	-0.86	3.28	1.68	4.00
83	-0.86	3.28	1.67	4.00
84	-0.85	3.28	1.67	4.00
85	-0.85	3.27	1.68	4.00
86	-0.85	3.27	1.68	4.00
87	-0.84	3.27	1.67	4.00
88	-0.84	3.27	1.68	4.00
89	-0.84	3.27	1.68	4.00
90	-0.84	3.27	1.68	4.00
91	-0.84	3.27	1.69	4.00
92	-0.84	3.26	1.69	4.00
93	-0.84	3.26	1.69	4.00
94	-0.84	3.25	1.69	4.00
95	-0.84	3.25	1.69	4.00
96	-0.84	3.25	1.69	4.00
97	-0.84	3.25	1.69	4.00
98	-0.84	3.24	1.70	4.00
99	-0.84	3.23	1.70	4.00
100	-0.84	3.23	1.70	4.00
101	-0.85	3.22	1.70	4.00
102	-0.84	3.22	1.70	4.00
103	-0.84	3.21	1.70	4.00
104	-0.84	3.21	1.70	4.00
105	-0.84	3.20	1.71	1.00
106	-0.84	3.20	1.71	1.00
107	-0.84	3.20	1.72	1.00
108	-0.83	3.19	1.72	1.00
109	-0.83	3.19	1.71	1.00
110	-0.83	3.19	1.72	1.00
111	-0.83	3.18	1.73	1.00
112	-0.83	3.18	1.73	1.00
113	-0.83	3.18	1.73	1.00
114	-0.83	3.18	1.73	1.00
115	-0.83	3.18	1.73	1.00
116	-0.82	3.18	1.72	1.00
117	-0.82	3.18	1.72	1.00
118	-0.82	3.18	1.72	1.00
119	-0.82	3.18	1.72	1.00
120	-0.82	3.17	1.72	1.00
121	-0.82	3.17	1.72	1.00
122	-0.81	3.17	1.73	1.00
123	-0.81	3.17	1.73	1.00
124	-0.80	3.16	1.73	1.00
125	-0.80	3.16	1.74	1.00
126	-0.80	3.16	1.73	1.00
127	-0.80	3.16	1.73	1.00
128	-0.80	3.16	1.73	1.00
129	-0.80	3.16	1.73	1.00
130	-0.80	3.16	1.72	1.00
131	-0.80	3.15	1.72	4.00
132	-0.80	3.16	1.71	4.00
133	-0.80	3.16	1.71	4.00
134	-0.82	3.17	1.69	4.00
135	-0.84	3.18	1.67	4.00
136	-0.85	3.18	1.67	4.00
137	-0.85	3.18	1.67	4.00
138	-0.87	3.18	1.66	4.00
139	-0.88	3.19	1.65	4.00
140	-0.88	3.18	1.65	4.00
141	-0.89	3.17	1.66	4.00
142	-0.89	3.17	1.65	4.00
143	-0.90	3.16	1.64	4.00
144	-0.90	3.16	1.63	4.00
145	-0.90	3.16	1.62	4.00
146	-0.90	3.15	1.62	4.00
147	-0.90	3.14	1.63	4.00
148	-0.91	3.15	1.63	4.00
149	-0.91	3.16	1.62	2.00
Target 4 (frames from 15 to 37)
Bounding Boxes (frame, x, y, width, height)
15	377	54	195	390
16	380	55	194	389
17	384	55	194	389
18	387	56	194	389
19	391	56	195	390
20	395	57	195	390
21	400	57	195	390
22	404	58	195	390
23	409	58	195	391
24	415	59	195	391
25	420	59	196	392
26	426	59	197	394
27	432	59	197	395
28	438	60	198	397
29	445	60	198	397
30	453	61	198	397
31	460	61	198	397
32	468	62	198	397
33	476	62	198	397
34	485	63	198	397
35	494	64	198	396
36	503	64	197	395
37	513	65	197	394
3D Trajetory (frame, x, z, height, pose)
15	0.38	2.17	1.69	1.00
16	0.39	2.17	1.68	1.00
17	0.39	2.17	1.68	1.00
18	0.40	2.19	1.67	1.00
19	0.42	2.21	1.66	1.00
20	0.44	2.19	1.67	1.00
21	0.45	2.18	1.68	1.00
22	0.47	2.17	1.67	1.00
23	0.49	2.15	1.67	1.00
24	0.51	2.14	1.66	1.00
25	0.54	2.12	1.66	1.00
26	0.57	2.14	1.65	1.00
27	0.60	2.15	1.65	1.00
28	0.62	2.14	1.65	1.00
29	0.63	2.13	1.66	1.00
30	0.66	2.14	1.66	1.00
31	0.69	2.14	1.66	1.00
32	0.72	2.13	1.66	1.00
33	0.76	2.12	1.66	1.00
34	0.81	2.13	1.66	1.00
35	0.85	2.13	1.65	1.00
36	0.88	2.14	1.64	1.00
37	0.91	2.15	1.63	1.00
Target 5 (frames from 17 to 635)
Bounding Boxes (frame, x, y, width, height)
17	296	67	124	248
18	296	66	125	251
19	295	64	127	254
20	295	63	128	257
21	294	62	129	259
22	294	61	130	261
23	293	60	132	264
24	293	59	132	265
25	293	59	133	267
26	292	58	134	268
27	292	58	134	268
28	292	58	134	269
29	292	58	134	269
30	291	58	135	270
31	291	58	135	271
32	291	59	135	271
33	291	59	135	271
34	291	59	135	271
35	291	59	135	271
36	290	59	136	272
37	290	59	136	272
38	290	59	136	273
39	290	58	136	273
40	289	58	137	274
41	289	58	137	274
42	290	58	137	275
43	290	57	138	276
44	290	57	138	276
45	290	58	138	277
46	291	58	138	277
47	291	58	138	277
48	291	58	139	278
49	292	59	139	278
50	292	59	139	279
51	292	59	140	280
52	292	59	140	281
53	292	59	141	282
54	291	58	141	283
55	290	58	142	284
56	289	57	143	286
57	289	57	143	287
58	288	57	144	288
59	288	56	144	289
60	287	56	144	289
61	287	57	144	289
62	288	57	144	289
63	288	58	144	288
64	289	58	143	287
65	289	59	143	286
66	290	60	142	284
67	291	61	141	283
68	292	62	140	281
69	293	63	140	280
70	294	64	139	278
71	295	65	138	277
72	295	67	137	275
73	296	68	137	274
74	296	69	136	272
75	296	70	135	270
76	297	71	134	269
77	297	73	133	267
78	297	74	132	265
79	297	75	132	264
80	297	76	131	262
81	298	76	130	261
82	298	77	130	260
83	298	77	129	259
84	299	77	129	259
85	299	77	129	258
86	299	77	129	258
87	300	77	129	258
88	300	76	129	258
89	300	75	129	259
90	301	75	129	259
91	301	74	129	259
92	301	74	129	259
93	302	74	129	258
94	302	74	129	258
95	303	74	129	258
96	303	75	129	258
97	304	75	129	258
98	304	75	129	258
99	304	75	129	258
100	304	75	129	258
101	304	75	129	259
102	304	75	129	259
103	304	75	129	259
104	304	75	130	260
105	304	74	130	260
106	304	74	130	260
107	304	74	130	260
108	305	74	130	260
109	305	74	130	260
110	305	74	130	260
111	306	74	130	260
112	306	74	130	260
113	307	74	129	259
114	307	75	129	259
115	308	75	129	259
116	308	76	129	259
117	308	76	129	258
118	308	76	129	259
119	307	76	129	259
120	306	76	130	260
121	305	76	130	260
122	305	76	130	261
123	304	76	131	262
124	304	76	131	262
125	304	76	131	262
126	304	76	131	262
127	304	76	130	261
128	304	76	130	261
129	305	76	130	260
130	306	76	130	260
131	307	77	129	259
132	307	77	129	258
133	308	77	128	257
134	309	78	128	256
135	310	78	128	256
136	311	79	127	255
137	311	79	127	255
138	312	80	127	254
139	312	80	127	254
140	312	80	127	254
141	312	80	127	254
142	311	80	126	253
143	310	81	126	252
144	310	81	125	251
145	309	82	125	251
146	308	82	125	250
147	307	83	124	249
148	306	83	124	248
149	305	84	123	247
150	305	84	123	247
151	305	84	123	247
152	305	85	123	246
153	306	85	123	246
154	307	85	123	246
155	308	85	123	246
156	310	85	123	247
157	311	84	124	248
158	312	83	124	249
159	313	82	125	250
160	314	81	125	251
161	315	81	125	251
162	315	81	125	251
163	316	81	125	251
164	316	80	125	251
165	316	80	125	251
166	315	80	125	251
167	315	80	125	251
168	314	81	125	250
169	313	81	125	250
170	312	81	125	250
171	311	81	125	250
172	309	81	125	250
173	307	81	125	251
174	306	80	125	251
175	303	79	126	253
176	301	78	127	254
177	299	78	127	254
178	298	79	127	254
179	297	79	126	253
180	297	80	126	252
181	298	81	125	251
182	300	82	125	250
183	302	83	125	250
184	304	83	125	250
185	306	83	125	250
186	308	83	125	250
187	309	82	125	251
188	310	81	126	252
189	311	80	127	254
190	312	79	127	255
191	313	78	128	256
192	313	77	128	256
193	312	77	128	257
194	312	76	128	257
195	312	77	128	256
196	312	78	127	255
197	313	79	126	253
198	313	80	125	251
199	314	81	125	250
200	315	82	124	248
201	315	83	123	247
202	315	84	123	246
203	316	84	122	245
204	316	84	122	245
205	316	84	122	245
206	316	84	122	245
207	316	84	122	245
208	316	84	122	245
209	316	83	122	244
210	316	83	122	244
211	316	83	122	244
212	316	83	122	244
213	316	82	122	244
214	316	82	122	245
215	316	81	122	245
216	316	81	122	245
217	315	81	123	246
218	315	80	123	246
219	315	80	123	247
220	314	80	123	247
221	314	79	123	247
222	314	79	124	248
223	313	79	124	248
224	313	79	124	249
225	312	79	124	249
226	312	79	125	250
227	311	79	125	250
228	310	79	125	250
229	309	79	125	251
230	308	78	125	251
231	307	78	126	252
232	306	78	126	253
233	305	78	126	253
234	305	78	127	254
235	305	78	127	255
236	305	78	127	255
237	305	78	128	256
238	305	78	128	256
239	306	78	128	256
240	307	78	128	256
241	308	78	128	256
242	308	79	128	256
243	309	79	127	255
244	310	80	127	254
245	311	80	127	254
246	312	80	126	253
247	313	80	126	253
248	313	80	126	253
249	314	79	127	254
250	315	79	127	254
251	315	79	127	254
252	316	78	127	255
253	317	77	128	256
254	317	77	128	256
255	318	76	128	257
256	318	76	128	257
257	318	76	128	257
258	318	76	128	257
259	318	76	128	257
260	318	77	128	256
261	318	77	127	255
262	318	77	127	255
263	318	77	127	255
264	317	77	127	255
265	317	76	128	256
266	316	76	128	257
267	316	75	128	257
268	315	74	129	258
269	314	73	130	260
270	313	72	130	261
271	313	71	131	262
272	312	70	131	263
273	311	69	132	264
274	310	69	132	265
275	309	68	132	265
276	307	68	133	266
277	306	68	133	266
278	305	68	133	267
279	304	68	134	268
280	302	67	134	269
281	301	67	134	269
282	300	67	135	270
283	299	67	135	270
284	298	67	135	271
285	297	67	135	271
286	296	67	135	271
287	296	67	135	270
288	295	68	135	270
289	295	68	134	269
290	295	68	134	269
291	295	68	134	268
292	295	69	133	267
293	294	69	133	267
294	294	69	133	267
295	294	68	133	267
296	294	68	133	267
297	294	68	133	267
298	294	68	134	268
299	295	68	134	268
300	296	68	134	268
301	298	68	134	268
302	299	69	134	268
303	301	69	134	268
304	303	70	133	267
305	306	70	133	267
306	308	70	133	266
307	310	71	132	265
308	312	71	132	264
309	314	71	132	264
310	315	72	132	264
311	316	72	132	264
312	317	72	132	264
313	318	72	132	264
314	319	72	132	264
315	319	72	132	264
316	319	72	131	263
317	319	73	131	263
318	319	73	131	262
319	319	74	131	262
320	319	74	130	261
321	318	74	130	261
322	318	74	130	260
323	318	74	130	260
324	317	74	130	261
325	317	73	130	261
326	317	72	131	263
327	317	71	132	264
328	317	70	133	266
329	317	69	134	269
330	317	67	135	271
331	317	67	136	273
332	317	66	137	274
333	317	67	137	274
334	317	67	137	274
335	318	68	137	274
336	318	70	136	273
337	318	71	136	272
338	319	73	135	271
339	319	75	134	269
340	320	76	133	267
341	320	77	133	266
342	321	78	132	264
343	322	79	131	263
344	322	79	131	263
345	322	79	131	262
346	323	79	131	262
347	323	79	131	262
348	324	79	131	262
349	324	79	130	261
350	325	79	130	261
351	325	79	130	261
352	325	78	130	261
353	326	78	130	260
354	326	78	130	260
355	326	78	130	260
356	326	77	130	260
357	326	77	130	260
358	326	76	130	260
359	325	75	130	260
360	325	75	130	260
361	325	74	130	260
362	324	73	129	259
363	324	73	129	259
364	324	73	129	258
365	324	73	129	258
366	324	73	128	257
367	324	73	128	257
368	324	74	128	256
369	324	74	128	256
370	325	74	127	255
371	325	74	127	255
372	326	74	127	254
373	326	74	126	253
374	327	75	126	252
375	327	74	126	252
376	328	74	126	252
377	328	74	125	251
378	328	74	125	251
379	328	73	125	251
380	328	73	126	252
381	328	72	126	252
382	328	72	126	252
383	327	71	126	253
384	327	70	126	253
385	326	70	127	254
386	326	69	127	255
387	325	69	127	255
388	325	69	128	256
389	324	69	128	256
390	324	69	127	255
391	324	69	127	255
392	324	69	127	255
393	324	69	127	255
394	324	69	127	255
395	324	69	127	255
396	325	70	127	255
397	325	70	127	255
398	326	70	128	256
399	326	70	128	256
400	327	70	128	256
401	327	69	128	257
402	328	69	129	258
403	328	69	129	258
404	328	69	129	259
405	327	69	130	260
406	327	68	130	260
407	327	69	130	260
408	327	69	130	260
409	327	69	130	260
410	327	70	130	260
411	327	70	129	259
412	327	71	129	259
413	327	72	129	258
414	327	72	129	258
415	327	73	129	258
416	328	74	129	258
417	328	74	129	258
418	328	75	129	258
419	329	75	129	258
420	329	75	129	258
421	329	75	129	259
422	329	75	129	259
423	329	76	129	258
424	329	76	129	258
425	329	76	128	257
426	328	77	128	256
427	328	77	128	256
428	328	77	128	256
429	328	77	127	255
430	328	77	127	255
431	327	77	128	256
432	326	77	128	257
433	326	76	129	258
434	325	76	129	259
435	325	76	130	260
436	324	75	130	261
437	324	75	131	262
438	324	75	131	263
439	323	74	132	264
440	323	74	132	265
441	323	75	133	266
442	323	75	133	266
443	323	75	133	266
444	323	76	133	266
445	323	77	133	266
446	323	77	133	266
447	323	78	133	266
448	323	78	132	265
449	323	78	132	265
450	323	79	132	264
451	323	79	132	264
452	324	79	131	263
453	324	79	131	262
454	325	79	131	262
455	325	79	131	262
456	325	79	131	262
457	325	78	131	262
458	325	78	131	263
459	325	77	132	264
460	325	77	132	264
461	325	76	132	265
462	325	76	132	265
463	325	75	133	266
464	324	75	133	266
465	324	75	133	266
466	324	75	132	265
467	324	75	132	265
468	324	75	132	264
469	324	75	132	264
470	324	75	131	263
471	325	75	131	263
472	325	75	131	262
473	325	75	131	262
474	325	75	131	262
475	325	75	131	262
476	325	74	131	262
477	325	74	131	262
478	325	74	131	262
479	326	74	130	261
480	326	73	130	261
481	326	73	130	260
482	326	73	130	260
483	326	73	130	260
484	326	72	129	259
485	326	72	129	259
486	326	71	129	259
487	326	71	129	259
488	326	71	129	259
489	325	70	130	260
490	325	70	130	260
491	324	69	130	261
492	324	69	130	261
493	323	69	131	262
494	323	69	131	262
495	322	69	131	262
496	322	69	131	263
497	322	68	131	263
498	322	68	132	264
499	322	68	132	264
500	322	68	132	264
501	322	68	132	265
502	323	68	132	265
503	323	68	132	265
504	323	68	132	265
505	323	69	132	265
506	323	69	132	265
507	323	69	132	265
508	323	69	132	265
509	323	69	132	265
510	323	69	132	265
511	323	69	132	265
512	323	69	133	266
513	323	69	133	266
514	323	68	133	267
515	323	68	133	267
516	323	68	134	268
517	324	68	134	269
518	324	67	134	269
519	324	67	135	270
520	324	67	135	270
521	324	67	135	271
522	325	67	136	272
523	325	67	136	272
524	325	68	136	272
525	326	68	136	272
526	326	68	136	273
527	326	69	136	273
528	327	69	136	273
529	327	69	136	273
530	327	70	136	273
531	327	70	137	274
532	326	70	137	274
533	326	70	137	274
534	326	70	137	275
535	325	70	137	275
536	325	70	138	276
537	325	70	138	276
538	325	70	138	277
539	325	70	139	278
540	325	70	139	278
541	325	70	139	278
542	325	70	139	278
543	325	70	139	279
544	325	71	139	279
545	325	71	139	279
546	325	71	139	278
547	325	71	139	278
548	325	72	139	278
549	325	72	139	278
550	324	72	138	277
551	324	72	138	277
552	324	73	138	276
553	324	73	138	276
554	324	74	137	275
555	324	74	137	275
556	324	74	137	274
557	324	74	137	274
558	324	75	137	274
559	324	75	136	273
560	324	75	136	273
561	324	76	136	272
562	323	76	135	271
563	323	77	135	270
564	323	78	134	269
565	322	79	134	268
566	322	80	133	267
567	322	80	132	265
568	322	81	132	264
569	322	82	131	263
570	322	83	131	262
571	322	84	130	261
572	322	84	130	260
573	322	84	130	260
574	323	84	130	260
575	323	84	130	260
576	324	84	130	260
577	324	83	130	261
578	324	83	130	261
579	324	82	131	262
580	324	82	131	263
581	324	81	132	264
582	324	80	132	265
583	324	80	133	266
584	323	79	133	266
585	323	79	133	267
586	323	79	133	267
587	322	78	134	268
588	322	78	134	268
589	322	78	134	268
590	322	78	134	268
591	322	77	134	269
592	322	77	134	269
593	322	77	134	269
594	322	76	134	269
595	323	76	134	269
596	324	76	134	269
597	325	76	134	269
598	325	75	134	269
599	326	75	134	269
600	327	75	135	270
601	327	75	135	270
602	328	75	135	271
603	328	74	135	271
604	329	74	135	271
605	329	74	136	272
606	329	74	136	272
607	329	74	136	273
608	329	73	136	273
609	329	73	136	273
610	329	73	136	273
611	329	73	136	273
612	329	73	136	273
613	329	73	136	273
614	329	73	136	273
615	329	73	136	273
616	329	72	136	273
617	329	72	136	273
618	329	72	136	273
619	329	72	136	273
620	330	72	136	273
621	331	73	136	272
622	332	73	135	271
623	333	74	135	270
624	335	75	134	268
625	336	77	133	267
626	337	78	132	265
627	337	78	132	264
628	337	79	132	264
629	337	79	131	263
630	337	79	131	263
631	337	79	131	262
632	336	79	131	262
633	336	78	131	262
634	335	78	131	262
635	334	77	131	263
3D Trajetory (frame, x, z, height, pose)
17	-0.22	3.54	1.71	4.00
18	-0.22	3.45	1.73	4.00
19	-0.21	3.37	1.75	4.00
20	-0.21	3.35	1.76	4.00
21	-0.20	3.33	1.76	4.00
22	-0.21	3.35	1.77	4.00
23	-0.22	3.37	1.77	4.00
24	-0.21	3.35	1.77	4.00
25	-0.21	3.32	1.77	4.00
26	-0.21	3.32	1.78	4.00
27	-0.21	3.32	1.79	4.00
28	-0.21	3.31	1.79	4.00
29	-0.21	3.31	1.80	4.00
30	-0.21	3.30	1.79	4.00
31	-0.21	3.30	1.79	4.00
32	-0.21	3.29	1.79	4.00
33	-0.21	3.29	1.79	4.00
34	-0.21	3.28	1.79	4.00
35	-0.22	3.28	1.79	4.00
36	-0.22	3.28	1.79	4.00
37	-0.22	3.27	1.78	4.00
38	-0.22	3.27	1.79	4.00
39	-0.22	3.26	1.79	4.00
40	-0.22	3.26	1.79	4.00
41	-0.22	3.26	1.79	4.00
42	-0.22	3.25	1.80	4.00
43	-0.22	3.24	1.81	4.00
44	-0.22	3.23	1.80	4.00
45	-0.23	3.23	1.80	4.00
46	-0.22	3.22	1.80	4.00
47	-0.21	3.22	1.80	4.00
48	-0.22	3.22	1.80	4.00
49	-0.22	3.21	1.79	4.00
50	-0.21	3.21	1.79	4.00
51	-0.21	3.20	1.79	4.00
52	-0.21	3.19	1.80	4.00
53	-0.21	3.19	1.80	4.00
54	-0.21	3.17	1.80	4.00
55	-0.21	3.16	1.81	4.00
56	-0.21	3.15	1.81	4.00
57	-0.21	3.14	1.81	4.00
58	-0.21	3.13	1.82	4.00
59	-0.21	3.12	1.82	4.00
60	-0.21	3.12	1.82	4.00
61	-0.21	3.12	1.81	4.00
62	-0.20	3.12	1.81	4.00
63	-0.19	3.11	1.81	4.00
64	-0.19	3.12	1.81	4.00
65	-0.19	3.13	1.80	4.00
66	-0.18	3.14	1.80	4.00
67	-0.18	3.15	1.79	4.00
68	-0.18	3.16	1.78	4.00
69	-0.18	3.17	1.77	4.00
70	-0.18	3.17	1.77	4.00
71	-0.18	3.17	1.76	4.00
72	-0.18	3.18	1.76	4.00
73	-0.17	3.19	1.76	4.00
74	-0.18	3.20	1.75	4.00
75	-0.18	3.20	1.74	4.00
76	-0.18	3.21	1.74	4.00
77	-0.18	3.22	1.73	4.00
78	-0.19	3.23	1.73	4.00
79	-0.19	3.25	1.72	4.00
80	-0.18	3.26	1.72	4.00
81	-0.18	3.28	1.71	4.00
82	-0.18	3.28	1.71	4.00
83	-0.18	3.29	1.70	4.00
84	-0.17	3.29	1.71	4.00
85	-0.17	3.29	1.71	4.00
86	-0.18	3.30	1.72	4.00
87	-0.18	3.30	1.72	4.00
88	-0.19	3.31	1.72	4.00
89	-0.19	3.31	1.72	4.00
90	-0.19	3.31	1.72	4.00
91	-0.19	3.31	1.72	4.00
92	-0.19	3.32	1.72	4.00
93	-0.19	3.32	1.73	4.00
94	-0.19	3.32	1.72	4.00
95	-0.20	3.32	1.72	4.00
96	-0.19	3.32	1.72	4.00
97	-0.19	3.32	1.72	4.00
98	-0.19	3.32	1.72	4.00
99	-0.19	3.32	1.71	4.00
100	-0.19	3.32	1.72	4.00
101	-0.19	3.32	1.73	4.00
102	-0.19	3.32	1.73	4.00
103	-0.19	3.31	1.72	4.00
104	-0.19	3.31	1.73	4.00
105	-0.19	3.32	1.73	4.00
106	-0.19	3.31	1.73	4.00
107	-0.19	3.30	1.72	4.00
108	-0.19	3.30	1.73	4.00
109	-0.19	3.29	1.74	4.00
110	-0.18	3.30	1.73	4.00
111	-0.17	3.30	1.72	4.00
112	-0.16	3.31	1.72	4.00
113	-0.15	3.31	1.71	4.00
114	-0.16	3.31	1.71	4.00
115	-0.16	3.31	1.72	4.00
116	-0.16	3.30	1.71	4.00
117	-0.17	3.30	1.71	4.00
118	-0.16	3.30	1.71	4.00
119	-0.16	3.29	1.71	4.00
120	-0.16	3.28	1.71	4.00
121	-0.16	3.28	1.71	4.00
122	-0.16	3.27	1.71	4.00
123	-0.16	3.26	1.71	4.00
124	-0.16	3.26	1.71	4.00
125	-0.16	3.26	1.71	4.00
126	-0.16	3.25	1.72	4.00
127	-0.17	3.24	1.72	4.00
128	-0.16	3.25	1.71	4.00
129	-0.16	3.26	1.71	4.00
130	-0.16	3.27	1.70	4.00
131	-0.17	3.28	1.68	4.00
132	-0.16	3.27	1.68	4.00
133	-0.15	3.27	1.68	4.00
134	-0.15	3.27	1.68	4.00
135	-0.15	3.26	1.68	4.00
136	-0.14	3.27	1.68	4.00
137	-0.14	3.27	1.68	4.00
138	-0.14	3.27	1.67	4.00
139	-0.14	3.27	1.67	4.00
140	-0.14	3.27	1.66	4.00
141	-0.14	3.28	1.66	4.00
142	-0.14	3.28	1.66	4.00
143	-0.14	3.29	1.66	4.00
144	-0.15	3.30	1.66	4.00
145	-0.16	3.30	1.66	4.00
146	-0.16	3.30	1.67	4.00
147	-0.17	3.29	1.67	4.00
148	-0.18	3.30	1.65	4.00
149	-0.19	3.30	1.64	4.00
150	-0.19	3.31	1.63	4.00
151	-0.20	3.31	1.62	4.00
152	-0.19	3.31	1.63	4.00
153	-0.18	3.31	1.63	4.00
154	-0.17	3.31	1.64	4.00
155	-0.16	3.31	1.64	4.00
156	-0.16	3.30	1.65	4.00
157	-0.15	3.30	1.65	4.00
158	-0.14	3.30	1.64	4.00
159	-0.13	3.30	1.64	4.00
160	-0.12	3.30	1.65	4.00
161	-0.12	3.30	1.66	4.00
162	-0.12	3.30	1.67	4.00
163	-0.12	3.31	1.68	4.00
164	-0.12	3.30	1.68	4.00
165	-0.11	3.30	1.68	4.00
166	-0.12	3.31	1.67	4.00
167	-0.12	3.31	1.66	4.00
168	-0.12	3.32	1.66	4.00
169	-0.12	3.33	1.65	4.00
170	-0.13	3.32	1.65	4.00
171	-0.13	3.31	1.65	4.00
172	-0.14	3.30	1.66	4.00
173	-0.16	3.28	1.66	4.00
174	-0.17	3.27	1.65	4.00
175	-0.17	3.26	1.65	4.00
176	-0.19	3.26	1.66	4.00
177	-0.21	3.26	1.67	4.00
178	-0.22	3.25	1.67	4.00
179	-0.22	3.24	1.66	4.00
180	-0.23	3.25	1.66	4.00
181	-0.23	3.25	1.65	4.00
182	-0.23	3.25	1.65	4.00
183	-0.24	3.25	1.66	4.00
184	-0.19	3.28	1.63	4.00
185	-0.14	3.30	1.60	4.00
186	-0.14	3.29	1.62	4.00
187	-0.13	3.29	1.64	4.00
188	-0.13	3.29	1.66	4.00
189	-0.12	3.28	1.67	4.00
190	-0.13	3.27	1.69	4.00
191	-0.14	3.26	1.70	4.00
192	-0.14	3.26	1.70	4.00
193	-0.14	3.26	1.70	4.00
194	-0.14	3.27	1.69	4.00
195	-0.14	3.27	1.68	4.00
196	-0.14	3.28	1.67	4.00
197	-0.14	3.29	1.66	4.00
198	-0.13	3.31	1.66	4.00
199	-0.13	3.32	1.65	4.00
200	-0.13	3.32	1.64	4.00
201	-0.14	3.31	1.64	4.00
202	-0.13	3.32	1.64	4.00
203	-0.13	3.33	1.64	4.00
204	-0.13	3.33	1.64	4.00
205	-0.13	3.34	1.64	4.00
206	-0.13	3.34	1.64	4.00
207	-0.13	3.35	1.64	4.00
208	-0.13	3.36	1.64	4.00
209	-0.12	3.36	1.65	4.00
210	-0.12	3.37	1.65	4.00
211	-0.12	3.37	1.65	4.00
212	-0.12	3.37	1.66	4.00
213	-0.13	3.37	1.66	4.00
214	-0.12	3.38	1.65	4.00
215	-0.12	3.38	1.65	4.00
216	-0.12	3.39	1.66	4.00
217	-0.13	3.39	1.67	4.00
218	-0.13	3.39	1.67	4.00
219	-0.13	3.39	1.67	4.00
220	-0.13	3.38	1.68	4.00
221	-0.12	3.38	1.68	4.00
222	-0.13	3.37	1.68	4.00
223	-0.14	3.37	1.69	4.00
224	-0.13	3.37	1.69	4.00
225	-0.13	3.38	1.69	4.00
226	-0.14	3.37	1.69	4.00
227	-0.14	3.37	1.68	4.00
228	-0.15	3.36	1.68	4.00
229	-0.16	3.35	1.68	4.00
230	-0.16	3.34	1.69	4.00
231	-0.16	3.33	1.69	4.00
232	-0.16	3.32	1.69	4.00
233	-0.17	3.31	1.69	4.00
234	-0.17	3.31	1.68	4.00
235	-0.17	3.30	1.68	4.00
236	-0.17	3.29	1.69	4.00
237	-0.18	3.28	1.69	4.00
238	-0.17	3.28	1.69	4.00
239	-0.16	3.28	1.68	4.00
240	-0.15	3.27	1.68	4.00
241	-0.15	3.27	1.68	4.00
242	-0.14	3.27	1.68	4.00
243	-0.14	3.27	1.68	4.00
244	-0.14	3.27	1.67	4.00
245	-0.13	3.28	1.67	4.00
246	-0.13	3.28	1.67	4.00
247	-0.13	3.29	1.67	4.00
248	-0.13	3.29	1.66	4.00
249	-0.13	3.30	1.65	4.00
250	-0.12	3.29	1.66	4.00
251	-0.11	3.29	1.67	4.00
252	-0.10	3.28	1.68	4.00
253	-0.09	3.27	1.69	4.00
254	-0.09	3.27	1.69	4.00
255	-0.09	3.27	1.69	4.00
256	-0.09	3.27	1.69	4.00
257	-0.09	3.28	1.69	4.00
258	-0.09	3.28	1.68	4.00
259	-0.09	3.28	1.68	4.00
260	-0.09	3.28	1.68	4.00
261	-0.10	3.27	1.68	4.00
262	-0.10	3.27	1.67	4.00
263	-0.10	3.27	1.67	4.00
264	-0.10	3.28	1.67	4.00
265	-0.11	3.28	1.67	4.00
266	-0.10	3.27	1.68	4.00
267	-0.10	3.27	1.68	4.00
268	-0.11	3.26	1.69	4.00
269	-0.11	3.26	1.70	4.00
270	-0.12	3.25	1.70	4.00
271	-0.12	3.25	1.71	4.00
272	-0.13	3.24	1.71	4.00
273	-0.14	3.24	1.72	4.00
274	-0.14	3.24	1.72	4.00
275	-0.14	3.24	1.72	4.00
276	-0.14	3.23	1.72	4.00
277	-0.15	3.23	1.73	4.00
278	-0.16	3.22	1.72	4.00
279	-0.17	3.22	1.72	4.00
280	-0.17	3.22	1.72	4.00
281	-0.18	3.22	1.73	4.00
282	-0.18	3.21	1.74	4.00
283	-0.19	3.21	1.74	4.00
284	-0.19	3.20	1.75	4.00
285	-0.20	3.19	1.75	4.00
286	-0.20	3.19	1.74	4.00
287	-0.20	3.19	1.74	4.00
288	-0.21	3.20	1.73	4.00
289	-0.21	3.21	1.73	4.00
290	-0.21	3.21	1.72	4.00
291	-0.21	3.21	1.71	4.00
292	-0.21	3.21	1.71	4.00
293	-0.22	3.22	1.71	4.00
294	-0.22	3.22	1.72	4.00
295	-0.21	3.21	1.72	4.00
296	-0.21	3.20	1.72	4.00
297	-0.21	3.19	1.71	4.00
298	-0.20	3.19	1.71	4.00
299	-0.20	3.18	1.71	4.00
300	-0.20	3.17	1.71	4.00
301	-0.19	3.17	1.71	4.00
302	-0.18	3.17	1.71	4.00
303	-0.17	3.17	1.70	4.00
304	-0.16	3.18	1.70	4.00
305	-0.15	3.19	1.71	4.00
306	-0.13	3.19	1.70	4.00
307	-0.12	3.20	1.70	4.00
308	-0.12	3.21	1.70	4.00
309	-0.11	3.22	1.70	4.00
310	-0.10	3.22	1.69	4.00
311	-0.10	3.22	1.69	4.00
312	-0.09	3.22	1.69	4.00
313	-0.09	3.21	1.69	4.00
314	-0.08	3.21	1.69	4.00
315	-0.08	3.20	1.70	4.00
316	-0.07	3.20	1.70	4.00
317	-0.07	3.20	1.70	4.00
318	-0.07	3.20	1.69	4.00
319	-0.07	3.20	1.69	4.00
320	-0.07	3.21	1.68	4.00
321	-0.08	3.21	1.68	4.00
322	-0.08	3.22	1.67	4.00
323	-0.09	3.23	1.66	1.00
324	-0.09	3.22	1.67	1.00
325	-0.09	3.21	1.67	1.00
326	-0.08	3.20	1.68	1.00
327	-0.08	3.18	1.68	1.00
328	-0.08	3.18	1.69	1.00
329	-0.08	3.17	1.70	1.00
330	-0.07	3.15	1.71	1.00
331	-0.07	3.14	1.71	1.00
332	-0.07	3.12	1.72	1.00
333	-0.07	3.11	1.72	1.00
334	-0.07	3.10	1.72	1.00
335	-0.07	3.10	1.71	4.00
336	-0.06	3.10	1.70	4.00
337	-0.06	3.11	1.69	4.00
338	-0.06	3.12	1.68	4.00
339	-0.06	3.12	1.66	4.00
340	-0.05	3.12	1.66	4.00
341	-0.05	3.12	1.65	4.00
342	-0.05	3.13	1.65	4.00
343	-0.05	3.13	1.65	4.00
344	-0.05	3.14	1.64	4.00
345	-0.05	3.14	1.64	4.00
346	-0.04	3.14	1.64	4.00
347	-0.03	3.14	1.64	4.00
348	-0.03	3.14	1.64	4.00
349	-0.03	3.14	1.64	4.00
350	-0.03	3.14	1.64	4.00
351	-0.03	3.14	1.65	4.00
352	-0.03	3.16	1.64	4.00
353	-0.02	3.17	1.64	4.00
354	-0.02	3.18	1.65	4.00
355	-0.02	3.18	1.65	4.00
356	-0.01	3.18	1.65	4.00
357	0.00	3.18	1.65	4.00
358	0.00	3.18	1.65	4.00
359	0.01	3.18	1.65	4.00
360	0.01	3.18	1.65	4.00
361	0.01	3.19	1.66	4.00
362	0.01	3.19	1.65	4.00
363	0.01	3.19	1.65	4.00
364	0.00	3.19	1.65	4.00
365	-0.00	3.19	1.65	4.00
366	-0.00	3.19	1.64	4.00
367	-0.00	3.19	1.63	4.00
368	-0.00	3.20	1.63	4.00
369	-0.01	3.21	1.63	4.00
370	0.00	3.20	1.63	4.00
371	0.01	3.20	1.63	4.00
372	0.01	3.20	1.63	4.00
373	0.01	3.20	1.63	4.00
374	0.01	3.21	1.63	4.00
375	0.02	3.21	1.62	4.00
376	0.02	3.22	1.62	4.00
377	0.02	3.22	1.62	4.00
378	0.02	3.23	1.61	4.00
379	0.02	3.24	1.61	4.00
380	0.02	3.24	1.62	4.00
381	0.02	3.24	1.63	4.00
382	0.02	3.23	1.63	4.00
383	0.02	3.23	1.64	4.00
384	0.02	3.22	1.64	4.00
385	0.02	3.22	1.64	4.00
386	0.02	3.22	1.64	4.00
387	0.02	3.22	1.64	4.00
388	0.01	3.22	1.64	4.00
389	0.01	3.22	1.64	4.00
390	0.01	3.23	1.65	4.00
391	0.01	3.23	1.65	4.00
392	0.00	3.23	1.65	4.00
393	0.00	3.23	1.65	4.00
394	0.00	3.24	1.65	4.00
395	0.01	3.24	1.65	4.00
396	0.01	3.24	1.65	4.00
397	0.01	3.24	1.65	4.00
398	0.02	3.24	1.65	4.00
399	0.02	3.23	1.65	4.00
400	0.02	3.23	1.65	4.00
401	0.02	3.23	1.65	4.00
402	0.03	3.22	1.65	4.00
403	0.03	3.21	1.66	4.00
404	0.04	3.21	1.66	4.00
405	0.04	3.21	1.65	4.00
406	0.04	3.20	1.66	4.00
407	0.04	3.19	1.67	4.00
408	0.04	3.19	1.66	4.00
409	0.04	3.19	1.66	4.00
410	0.04	3.19	1.66	4.00
411	0.04	3.19	1.66	4.00
412	0.04	3.19	1.64	4.00
413	0.04	3.18	1.63	4.00
414	0.04	3.18	1.63	4.00
415	0.04	3.18	1.62	4.00
416	0.04	3.18	1.63	4.00
417	0.04	3.18	1.63	4.00
418	0.05	3.17	1.63	4.00
419	0.05	3.17	1.63	4.00
420	0.05	3.16	1.63	4.00
421	0.05	3.15	1.64	4.00
422	0.05	3.16	1.64	4.00
423	0.05	3.16	1.64	4.00
424	0.05	3.16	1.63	4.00
425	0.05	3.17	1.62	4.00
426	0.05	3.17	1.62	4.00
427	0.05	3.18	1.62	4.00
428	0.04	3.18	1.62	4.00
429	0.04	3.19	1.61	4.00
430	0.04	3.19	1.62	4.00
431	0.04	3.19	1.62	4.00
432	0.04	3.18	1.63	4.00
433	0.04	3.17	1.64	4.00
434	0.03	3.16	1.64	4.00
435	0.03	3.15	1.65	4.00
436	0.03	3.15	1.65	4.00
437	0.03	3.15	1.65	4.00
438	0.03	3.15	1.66	4.00
439	0.03	3.14	1.66	4.00
440	0.03	3.13	1.66	4.00
441	0.03	3.12	1.65	4.00
442	0.03	3.11	1.65	4.00
443	0.03	3.10	1.65	4.00
444	0.03	3.10	1.65	4.00
445	0.03	3.10	1.66	4.00
446	0.03	3.10	1.66	4.00
447	0.03	3.09	1.66	4.00
448	0.02	3.10	1.65	4.00
449	0.02	3.11	1.64	4.00
450	0.02	3.11	1.64	4.00
451	0.02	3.11	1.64	4.00
452	0.02	3.12	1.64	4.00
453	0.02	3.12	1.64	4.00
454	0.03	3.13	1.64	4.00
455	0.03	3.14	1.64	4.00
456	0.03	3.14	1.64	4.00
457	0.03	3.13	1.64	4.00
458	0.03	3.13	1.64	4.00
459	0.03	3.12	1.65	4.00
460	0.03	3.11	1.65	4.00
461	0.03	3.11	1.65	4.00
462	0.03	3.10	1.65	4.00
463	0.03	3.10	1.65	4.00
464	0.02	3.10	1.65	4.00
465	0.02	3.10	1.66	4.00
466	0.02	3.11	1.66	4.00
467	0.02	3.11	1.66	4.00
468	0.02	3.11	1.65	4.00
469	0.02	3.12	1.63	4.00
470	0.02	3.12	1.63	4.00
471	0.02	3.12	1.63	4.00
472	0.02	3.12	1.63	4.00
473	0.03	3.12	1.64	4.00
474	0.03	3.12	1.64	4.00
475	0.03	3.12	1.64	4.00
476	0.03	3.12	1.64	4.00
477	0.03	3.12	1.64	4.00
478	0.03	3.12	1.64	4.00
479	0.03	3.13	1.65	4.00
480	0.03	3.14	1.64	4.00
481	0.03	3.15	1.64	4.00
482	0.03	3.16	1.64	4.00
483	0.03	3.16	1.64	4.00
484	0.03	3.17	1.64	4.00
485	0.03	3.17	1.64	4.00
486	0.03	3.17	1.64	4.00
487	0.03	3.18	1.65	4.00
488	0.03	3.18	1.65	4.00
489	0.03	3.17	1.65	4.00
490	0.03	3.17	1.65	4.00
491	0.03	3.17	1.66	4.00
492	0.03	3.17	1.66	4.00
493	0.02	3.17	1.66	4.00
494	0.02	3.17	1.66	4.00
495	0.02	3.17	1.66	4.00
496	0.02	3.16	1.67	4.00
497	0.02	3.16	1.67	4.00
498	0.02	3.16	1.67	4.00
499	0.02	3.15	1.67	4.00
500	0.03	3.15	1.67	4.00
501	0.03	3.15	1.66	4.00
502	0.02	3.15	1.67	4.00
503	0.02	3.14	1.67	4.00
504	0.03	3.14	1.67	4.00
505	0.03	3.14	1.67	4.00
506	0.03	3.15	1.67	4.00
507	0.03	3.15	1.66	4.00
508	0.03	3.14	1.66	4.00
509	0.03	3.14	1.66	4.00
510	0.03	3.14	1.67	4.00
511	0.03	3.14	1.67	4.00
512	0.03	3.14	1.67	4.00
513	0.03	3.14	1.66	4.00
514	0.04	3.13	1.67	4.00
515	0.04	3.13	1.68	4.00
516	0.04	3.13	1.68	4.00
517	0.04	3.13	1.68	4.00
518	0.04	3.12	1.68	4.00
519	0.04	3.11	1.68	4.00
520	0.05	3.11	1.68	4.00
521	0.05	3.11	1.69	4.00
522	0.05	3.11	1.69	4.00
523	0.05	3.11	1.69	4.00
524	0.06	3.10	1.69	4.00
525	0.06	3.09	1.69	4.00
526	0.06	3.09	1.69	4.00
527	0.06	3.08	1.69	4.00
528	0.06	3.08	1.69	4.00
529	0.06	3.08	1.68	4.00
530	0.06	3.08	1.68	4.00
531	0.06	3.09	1.68	4.00
532	0.06	3.08	1.68	4.00
533	0.06	3.08	1.69	4.00
534	0.06	3.07	1.69	4.00
535	0.06	3.06	1.69	4.00
536	0.06	3.06	1.69	4.00
537	0.06	3.06	1.69	4.00
538	0.06	3.04	1.69	4.00
539	0.06	3.03	1.69	4.00
540	0.06	3.03	1.68	4.00
541	0.06	3.02	1.68	4.00
542	0.06	3.02	1.68	4.00
543	0.06	3.01	1.67	4.00
544	0.06	3.01	1.68	4.00
545	0.06	3.00	1.68	4.00
546	0.06	3.01	1.67	4.00
547	0.06	3.01	1.67	4.00
548	0.06	3.01	1.67	4.00
549	0.06	3.01	1.67	4.00
550	0.06	3.01	1.67	4.00
551	0.06	3.02	1.67	4.00
552	0.06	3.02	1.67	4.00
553	0.06	3.02	1.66	4.00
554	0.06	3.02	1.66	4.00
555	0.07	3.03	1.67	4.00
556	0.07	3.03	1.66	4.00
557	0.07	3.03	1.66	4.00
558	0.07	3.03	1.66	4.00
559	0.07	3.04	1.66	4.00
560	0.07	3.04	1.66	4.00
561	0.07	3.04	1.66	4.00
562	0.07	3.04	1.65	4.00
563	0.07	3.05	1.65	4.00
564	0.06	3.05	1.65	4.00
565	0.06	3.05	1.64	4.00
566	0.06	3.05	1.63	4.00
567	0.05	3.06	1.62	4.00
568	0.05	3.06	1.62	4.00
569	0.05	3.07	1.61	4.00
570	0.06	3.08	1.61	4.00
571	0.06	3.08	1.61	4.00
572	0.06	3.08	1.60	4.00
573	0.06	3.08	1.60	4.00
574	0.06	3.09	1.60	4.00
575	0.06	3.09	1.60	4.00
576	0.06	3.09	1.61	4.00
577	0.06	3.09	1.61	4.00
578	0.06	3.09	1.62	4.00
579	0.06	3.10	1.63	4.00
580	0.06	3.10	1.64	4.00
581	0.06	3.10	1.64	4.00
582	0.06	3.10	1.64	4.00
583	0.06	3.10	1.64	4.00
584	0.06	3.10	1.65	4.00
585	0.06	3.10	1.65	4.00
586	0.06	3.09	1.66	4.00
587	0.06	3.09	1.66	4.00
588	0.06	3.10	1.67	4.00
589	0.05	3.11	1.67	4.00
590	0.05	3.11	1.67	4.00
591	0.05	3.11	1.67	4.00
592	0.05	3.11	1.67	4.00
593	0.06	3.11	1.67	4.00
594	0.06	3.11	1.67	4.00
595	0.06	3.11	1.67	4.00
596	0.06	3.12	1.68	4.00
597	0.06	3.12	1.68	4.00
598	0.06	3.12	1.68	4.00
599	0.06	3.11	1.68	4.00
600	0.06	3.11	1.68	4.00
601	0.07	3.11	1.67	4.00
602	0.07	3.11	1.67	4.00
603	0.07	3.10	1.67	4.00
604	0.07	3.10	1.68	4.00
605	0.07	3.10	1.69	4.00
606	0.07	3.10	1.69	4.00
607	0.06	3.09	1.69	4.00
608	0.07	3.08	1.69	4.00
609	0.08	3.07	1.69	4.00
610	0.10	3.08	1.68	4.00
611	0.11	3.08	1.67	4.00
612	0.11	3.07	1.67	4.00
613	0.11	3.07	1.68	4.00
614	0.10	3.07	1.67	4.00
615	0.10	3.06	1.67	4.00
616	0.10	3.07	1.67	4.00
617	0.11	3.07	1.67	4.00
618	0.11	3.07	1.67	4.00
619	0.11	3.06	1.68	4.00
620	0.11	3.06	1.68	4.00
621	0.11	3.07	1.68	4.00
622	0.11	3.07	1.67	4.00
623	0.12	3.06	1.66	4.00
624	0.12	3.07	1.65	4.00
625	0.12	3.08	1.65	4.00
626	0.13	3.09	1.64	4.00
627	0.14	3.10	1.63	4.00
628	0.13	3.11	1.62	4.00
629	0.13	3.11	1.61	4.00
630	0.13	3.11	1.61	4.00
631	0.13	3.11	1.61	4.00
632	0.13	3.11	1.62	4.00
633	0.13	3.10	1.63	4.00
634	0.13	3.10	1.64	4.00
635	0.12	3.09	1.65	4.00
Target 6 (frames from 149 to 183)
Bounding Boxes (frame, x, y, width, height)
149	205	47	154	309
150	203	49	152	305
151	201	51	150	300
152	199	54	148	296
153	198	56	146	292
154	197	58	144	288
155	196	60	142	285
156	195	62	140	281
157	195	65	139	278
158	195	67	137	274
159	196	70	135	270
160	198	73	133	266
161	199	75	132	264
162	199	78	130	261
163	200	80	129	258
164	200	82	128	256
165	200	83	127	254
166	200	85	126	252
167	201	86	125	251
168	200	86	125	250
169	200	86	124	249
170	200	86	124	249
171	200	86	124	249
172	200	86	124	249
173	201	85	124	249
174	201	85	124	248
175	202	85	124	248
176	202	86	123	247
177	202	86	123	246
178	203	87	122	245
179	203	87	122	244
180	203	88	121	243
181	204	89	121	242
182	204	90	120	241
183	204	91	120	240
3D Trajetory (frame, x, z, height, pose)
149	-0.63	2.96	1.81	2.00
150	-0.67	2.96	1.83	2.00
151	-0.72	2.95	1.86	1.00
152	-0.76	3.00	1.84	1.00
153	-0.80	3.04	1.82	4.00
154	-0.81	3.05	1.80	4.00
155	-0.82	3.06	1.79	4.00
156	-0.83	3.08	1.77	4.00
157	-0.83	3.10	1.75	4.00
158	-0.83	3.11	1.73	4.00
159	-0.84	3.13	1.72	4.00
160	-0.84	3.14	1.71	4.00
161	-0.84	3.16	1.70	4.00
162	-0.84	3.16	1.68	4.00
163	-0.84	3.16	1.67	4.00
164	-0.84	3.16	1.66	4.00
165	-0.84	3.17	1.65	4.00
166	-0.85	3.17	1.64	4.00
167	-0.86	3.18	1.63	4.00
168	-0.86	3.18	1.62	4.00
169	-0.86	3.19	1.61	2.00
170	-0.86	3.19	1.61	2.00
171	-0.85	3.19	1.61	4.00
172	-0.85	3.20	1.62	4.00
173	-0.85	3.21	1.63	4.00
174	-0.85	3.21	1.64	4.00
175	-0.85	3.22	1.64	4.00
176	-0.85	3.21	1.63	4.00
177	-0.85	3.21	1.62	4.00
178	-0.84	3.21	1.61	4.00
179	-0.84	3.20	1.60	4.00
180	-0.84	3.22	1.59	4.00
181	-0.85	3.23	1.59	4.00
182	-0.86	3.23	1.58	4.00
183	-0.86	3.24	1.57	2.00
Target 7 (frames from 151 to 217)
Bounding Boxes (frame, x, y, width, height)
151	557	115	170	340
152	552	117	170	340
153	546	118	170	340
154	540	120	170	340
155	534	121	170	340
156	527	122	170	340
157	520	123	170	340
158	513	124	170	340
159	505	125	170	340
160	497	126	170	340
161	488	125	170	341
162	479	126	170	341
163	469	126	170	341
164	459	125	170	341
165	449	125	170	341
166	440	125	170	341
167	430	125	170	340
168	420	125	169	339
169	410	125	169	338
170	401	125	169	338
171	391	124	168	337
172	381	123	168	336
173	372	123	168	336
174	362	121	168	336
175	352	120	168	336
176	342	118	168	337
177	331	116	169	339
178	320	114	170	341
179	310	112	172	344
180	300	109	173	347
181	289	105	175	351
182	279	102	177	354
183	270	100	179	358
184	260	97	181	362
185	252	94	182	365
186	243	91	184	369
187	235	88	186	372
188	228	86	188	376
189	221	83	189	379
190	215	80	191	382
191	209	78	192	384
192	202	76	193	386
193	195	74	193	387
194	188	72	194	389
195	181	71	195	390
196	173	69	195	391
197	166	68	196	392
198	159	67	196	392
199	152	66	195	391
200	144	67	195	390
201	136	66	195	390
202	128	65	195	391
203	120	65	196	392
204	113	64	196	392
205	105	64	195	391
206	97	65	195	390
207	89	65	194	389
208	81	65	194	388
209	73	66	193	386
210	65	66	192	384
211	56	67	191	382
212	48	67	189	379
213	40	68	188	376
214	32	69	186	373
215	23	70	184	369
216	15	71	182	365
217	6	72	180	361
3D Trajetory (frame, x, z, height, pose)
151	1.03	2.19	1.47	1.00
152	1.02	2.19	1.45	1.00
153	1.00	2.19	1.43	1.00
154	0.97	2.17	1.42	1.00
155	0.94	2.15	1.41	1.00
156	0.91	2.14	1.41	1.00
157	0.87	2.13	1.40	1.00
158	0.83	2.13	1.40	1.00
159	0.80	2.12	1.40	2.00
160	0.76	2.12	1.40	2.00
161	0.72	2.11	1.41	3.00
162	0.69	2.11	1.41	3.00
163	0.65	2.11	1.41	3.00
164	0.61	2.10	1.41	3.00
165	0.57	2.10	1.40	1.00
166	0.53	2.10	1.40	1.00
167	0.49	2.10	1.40	1.00
168	0.45	2.10	1.40	1.00
169	0.41	2.11	1.40	1.00
170	0.37	2.11	1.41	1.00
171	0.33	2.11	1.42	1.00
172	0.30	2.12	1.42	1.00
173	0.26	2.13	1.41	1.00
174	0.22	2.13	1.42	1.00
175	0.18	2.13	1.42	1.00
176	0.13	2.13	1.43	1.00
177	0.09	2.13	1.44	3.00
178	0.05	2.13	1.44	3.00
179	0.01	2.13	1.44	3.00
180	-0.03	2.12	1.46	3.00
181	-0.07	2.11	1.48	3.00
182	-0.12	2.09	1.49	3.00
183	-0.16	2.08	1.51	3.00
184	-0.19	2.08	1.52	3.00
185	-0.22	2.08	1.53	3.00
186	-0.24	2.08	1.55	3.00
187	-0.27	2.08	1.57	3.00
188	-0.31	2.07	1.57	3.00
189	-0.35	2.07	1.57	2.00
190	-0.37	2.07	1.58	2.00
191	-0.39	2.06	1.60	3.00
192	-0.41	2.06	1.61	3.00
193	-0.43	2.05	1.62	1.00
194	-0.45	2.05	1.63	1.00
195	-0.48	2.06	1.64	1.00
196	-0.51	2.05	1.65	1.00
197	-0.54	2.05	1.65	1.00
198	-0.59	2.06	1.64	1.00
199	-0.64	2.07	1.63	2.00
200	-0.66	2.07	1.64	2.00
201	-0.69	2.06	1.65	2.00
202	-0.72	2.06	1.65	2.00
203	-0.75	2.06	1.66	1.00
204	-0.79	2.07	1.65	1.00
205	-0.82	2.08	1.65	1.00
206	-0.86	2.07	1.65	1.00
207	-0.89	2.07	1.66	1.00
208	-0.91	2.05	1.67	1.00
209	-0.93	2.04	1.69	1.00
210	-1.00	2.06	1.66	1.00
211	-1.07	2.09	1.63	1.00
212	-1.12	2.12	1.62	1.00
213	-1.18	2.14	1.62	1.00
214	-1.21	2.14	1.64	1.00
215	-1.24	2.13	1.66	1.00
216	-1.29	2.15	1.65	1.00
217	-1.33	2.17	1.65	2.00
Target 8 (frames from 201 to 467)
Bounding Boxes (frame, x, y, width, height)
201	208	100	118	237
202	209	101	117	234
203	210	102	116	232
204	210	102	115	230
205	211	102	114	229
206	211	102	114	228
207	212	102	113	227
208	212	102	113	226
209	212	102	113	226
210	212	102	113	226
211	212	100	113	227
212	212	99	114	229
213	211	98	115	230
214	211	97	115	231
215	210	96	116	233
216	210	95	117	234
217	210	94	117	235
218	209	94	118	236
219	209	94	118	237
220	209	94	118	237
221	209	94	118	237
222	208	94	118	237
223	208	94	118	237
224	208	94	118	237
225	208	94	118	237
226	207	94	118	237
227	207	94	118	237
228	207	95	118	237
229	207	95	118	237
230	207	95	118	237
231	206	95	118	237
232	206	95	118	237
233	206	95	118	237
234	206	94	119	238
235	206	94	119	238
236	205	94	119	239
237	205	94	120	240
238	205	94	120	241
239	205	93	121	242
240	205	93	121	243
241	205	93	122	244
242	206	92	122	244
243	206	92	122	245
244	206	92	123	246
245	207	92	122	245
246	207	93	122	245
247	208	93	122	245
248	208	94	122	244
249	209	94	122	244
250	209	95	121	243
251	209	95	121	242
252	209	95	121	242
253	210	95	121	242
254	210	96	120	241
255	210	96	120	241
256	211	96	120	240
257	211	96	120	240
258	211	96	120	240
259	211	96	120	240
260	211	96	119	239
261	211	96	119	239
262	212	96	119	239
263	212	96	119	239
264	213	96	119	238
265	213	96	119	238
266	213	96	118	237
267	214	96	118	236
268	215	96	118	236
269	215	96	117	235
270	215	96	117	235
271	216	96	117	234
272	216	96	117	234
273	217	96	117	234
274	217	96	117	234
275	216	96	117	235
276	216	96	117	235
277	216	95	118	236
278	215	95	118	236
279	215	95	118	237
280	214	95	119	238
281	214	95	119	238
282	214	95	119	239
283	213	95	120	240
284	213	95	120	240
285	213	95	120	240
286	213	95	120	241
287	213	94	120	241
288	213	94	121	242
289	213	93	121	242
290	212	92	121	243
291	212	91	122	244
292	211	90	122	245
293	210	88	123	247
294	209	87	124	248
295	208	86	124	249
296	207	84	125	250
297	206	83	126	252
298	205	83	126	253
299	205	82	126	253
300	204	82	127	254
301	204	82	127	254
302	205	82	127	254
303	205	83	126	253
304	206	84	126	252
305	207	85	125	251
306	208	87	125	250
307	209	88	124	249
308	210	89	123	247
309	211	90	123	246
310	211	91	122	245
311	212	92	122	244
312	212	93	121	243
313	212	94	121	242
314	212	94	120	241
315	212	95	120	240
316	212	95	120	240
317	211	95	120	240
318	211	95	120	240
319	211	95	120	240
320	210	95	120	241
321	210	94	120	241
322	209	93	121	242
323	208	92	121	243
324	208	91	122	244
325	208	90	122	245
326	207	89	123	246
327	207	89	123	246
328	208	89	123	247
329	208	88	123	247
330	208	88	123	246
331	208	88	123	246
332	207	89	122	245
333	207	90	122	244
334	207	91	121	243
335	207	91	121	243
336	207	92	121	242
337	206	92	121	243
338	205	92	121	243
339	205	91	122	244
340	204	90	123	246
341	203	89	124	249
342	203	87	126	252
343	203	85	127	255
344	202	83	129	259
345	202	81	131	262
346	202	79	132	265
347	203	78	134	268
348	203	76	135	270
349	203	75	136	272
350	203	75	136	273
351	203	75	136	273
352	203	74	136	273
353	203	74	136	272
354	203	75	135	271
355	202	75	134	269
356	201	76	133	267
357	201	77	132	265
358	200	77	131	263
359	199	77	131	262
360	199	78	130	260
361	199	77	129	259
362	199	77	129	258
363	199	76	129	258
364	200	76	129	258
365	201	75	129	258
366	202	74	129	258
367	202	74	129	258
368	203	73	129	258
369	203	72	129	258
370	203	72	128	257
371	203	72	128	256
372	203	71	128	256
373	203	72	127	255
374	202	72	127	254
375	202	72	126	253
376	201	72	126	252
377	200	71	126	252
378	200	71	126	252
379	199	71	126	252
380	199	70	126	253
381	199	69	127	254
382	199	68	127	255
383	199	67	127	255
384	199	66	128	256
385	200	66	128	257
386	200	65	129	258
387	200	65	129	258
388	200	64	129	259
389	200	64	130	260
390	200	64	130	261
391	200	64	130	261
392	201	63	131	262
393	201	63	131	263
394	202	63	132	264
395	203	63	132	264
396	203	62	132	265
397	204	62	133	266
398	205	62	133	266
399	206	62	133	267
400	207	62	133	267
401	209	61	134	268
402	210	61	134	269
403	211	61	135	270
404	211	61	135	271
405	211	60	136	272
406	212	59	136	273
407	211	59	137	274
408	211	58	137	275
409	211	58	138	276
410	210	58	138	277
411	210	58	138	277
412	209	58	138	276
413	208	58	138	276
414	207	59	138	276
415	206	60	137	275
416	205	60	137	274
417	204	62	136	273
418	203	63	136	272
419	202	64	135	270
420	201	66	134	269
421	200	67	134	268
422	199	68	133	266
423	199	69	132	265
424	199	70	131	263
425	198	71	131	262
426	198	72	130	260
427	198	73	129	259
428	198	74	129	258
429	198	74	128	257
430	198	74	128	256
431	198	73	128	256
432	198	73	128	257
433	198	72	128	257
434	197	72	128	257
435	197	71	129	258
436	197	71	129	259
437	197	70	129	259
438	197	70	130	260
439	197	69	130	261
440	197	69	130	261
441	197	69	130	261
442	197	69	131	262
443	198	70	130	261
444	199	70	130	261
445	200	71	130	261
446	201	71	130	261
447	202	71	130	261
448	203	71	130	261
449	204	71	130	261
450	205	71	130	261
451	207	71	130	261
452	208	70	130	261
453	209	69	131	262
454	210	69	131	262
455	211	68	131	263
456	211	67	132	264
457	211	66	133	266
458	212	64	133	267
459	212	64	134	268
460	212	63	134	269
461	212	63	134	269
462	212	63	135	270
463	211	62	135	270
464	211	62	135	271
465	210	62	135	271
466	209	62	136	272
467	208	63	136	272
3D Trajetory (frame, x, z, height, pose)
201	-0.82	3.13	1.54	4.00
202	-0.83	3.17	1.53	4.00
203	-0.85	3.22	1.52	4.00
204	-0.85	3.25	1.51	4.00
205	-0.85	3.27	1.50	4.00
206	-0.85	3.28	1.50	4.00
207	-0.85	3.29	1.51	2.00
208	-0.85	3.30	1.51	2.00
209	-0.86	3.32	1.52	4.00
210	-0.85	3.31	1.53	4.00
211	-0.85	3.31	1.54	4.00
212	-0.85	3.30	1.54	4.00
213	-0.84	3.29	1.54	4.00
214	-0.85	3.29	1.55	4.00
215	-0.85	3.29	1.57	2.00
216	-0.85	3.29	1.57	2.00
217	-0.85	3.28	1.57	4.00
218	-0.84	3.28	1.58	4.00
219	-0.84	3.28	1.58	4.00
220	-0.84	3.27	1.58	4.00
221	-0.84	3.27	1.59	4.00
222	-0.84	3.27	1.58	4.00
223	-0.84	3.26	1.58	4.00
224	-0.85	3.26	1.58	4.00
225	-0.85	3.26	1.57	4.00
226	-0.85	3.27	1.57	4.00
227	-0.85	3.27	1.57	4.00
228	-0.85	3.27	1.58	4.00
229	-0.86	3.27	1.59	4.00
230	-0.86	3.27	1.58	4.00
231	-0.85	3.26	1.58	4.00
232	-0.85	3.26	1.58	4.00
233	-0.84	3.26	1.58	4.00
234	-0.85	3.26	1.57	4.00
235	-0.85	3.26	1.56	2.00
236	-0.85	3.25	1.57	2.00
237	-0.85	3.23	1.57	2.00
238	-0.84	3.22	1.58	2.00
239	-0.84	3.21	1.59	2.00
240	-0.84	3.20	1.59	2.00
241	-0.83	3.19	1.59	2.00
242	-0.83	3.19	1.59	2.00
243	-0.82	3.19	1.59	2.00
244	-0.82	3.18	1.59	2.00
245	-0.82	3.17	1.59	2.00
246	-0.82	3.17	1.58	2.00
247	-0.81	3.16	1.57	2.00
248	-0.81	3.17	1.57	2.00
249	-0.81	3.17	1.57	2.00
250	-0.81	3.17	1.57	2.00
251	-0.81	3.17	1.56	2.00
252	-0.81	3.17	1.56	2.00
253	-0.81	3.17	1.55	2.00
254	-0.81	3.17	1.55	2.00
255	-0.82	3.17	1.56	2.00
256	-0.81	3.18	1.56	2.00
257	-0.81	3.18	1.56	2.00
258	-0.81	3.18	1.56	2.00
259	-0.81	3.18	1.56	2.00
260	-0.81	3.19	1.55	2.00
261	-0.81	3.19	1.55	2.00
262	-0.81	3.19	1.55	2.00
263	-0.81	3.19	1.55	2.00
264	-0.81	3.19	1.55	2.00
265	-0.81	3.20	1.55	2.00
266	-0.80	3.20	1.55	2.00
267	-0.80	3.21	1.55	2.00
268	-0.80	3.21	1.55	2.00
269	-0.80	3.22	1.54	2.00
270	-0.80	3.22	1.54	2.00
271	-0.80	3.23	1.54	2.00
272	-0.80	3.23	1.53	2.00
273	-0.80	3.23	1.53	4.00
274	-0.80	3.24	1.53	4.00
275	-0.80	3.24	1.53	4.00
276	-0.80	3.24	1.55	4.00
277	-0.80	3.23	1.56	4.00
278	-0.80	3.22	1.56	4.00
279	-0.80	3.22	1.55	4.00
280	-0.80	3.22	1.56	4.00
281	-0.80	3.22	1.56	4.00
282	-0.80	3.21	1.56	4.00
283	-0.79	3.20	1.55	4.00
284	-0.79	3.20	1.56	4.00
285	-0.79	3.20	1.56	4.00
286	-0.79	3.19	1.57	4.00
287	-0.79	3.19	1.57	4.00
288	-0.79	3.19	1.57	4.00
289	-0.78	3.19	1.57	4.00
290	-0.78	3.19	1.57	4.00
291	-0.78	3.19	1.57	4.00
292	-0.79	3.18	1.58	4.00
293	-0.79	3.18	1.59	4.00
294	-0.79	3.18	1.59	4.00
295	-0.79	3.18	1.60	4.00
296	-0.80	3.17	1.61	4.00
297	-0.80	3.16	1.62	4.00
298	-0.80	3.16	1.63	4.00
299	-0.81	3.15	1.64	4.00
300	-0.81	3.15	1.63	4.00
301	-0.81	3.15	1.63	4.00
302	-0.81	3.15	1.62	4.00
303	-0.80	3.14	1.61	4.00
304	-0.80	3.14	1.61	4.00
305	-0.79	3.13	1.61	4.00
306	-0.79	3.14	1.60	4.00
307	-0.79	3.14	1.59	2.00
308	-0.80	3.14	1.58	2.00
309	-0.80	3.15	1.57	4.00
310	-0.80	3.15	1.57	4.00
311	-0.80	3.16	1.56	4.00
312	-0.80	3.16	1.56	4.00
313	-0.79	3.16	1.56	4.00
314	-0.80	3.16	1.55	4.00
315	-0.80	3.17	1.54	4.00
316	-0.80	3.16	1.54	4.00
317	-0.80	3.16	1.54	2.00
318	-0.80	3.16	1.54	2.00
319	-0.81	3.16	1.54	4.00
320	-0.81	3.16	1.55	4.00
321	-0.81	3.15	1.55	4.00
322	-0.80	3.15	1.55	4.00
323	-0.80	3.14	1.55	4.00
324	-0.80	3.14	1.56	4.00
325	-0.80	3.14	1.57	4.00
326	-0.80	3.14	1.57	4.00
327	-0.81	3.14	1.57	4.00
328	-0.81	3.14	1.57	4.00
329	-0.82	3.15	1.58	4.00
330	-0.81	3.15	1.58	4.00
331	-0.81	3.14	1.58	4.00
332	-0.81	3.14	1.58	4.00
333	-0.81	3.14	1.58	4.00
334	-0.82	3.16	1.57	4.00
335	-0.83	3.17	1.56	4.00
336	-0.84	3.18	1.56	4.00
337	-0.85	3.19	1.56	2.00
338	-0.84	3.18	1.56	2.00
339	-0.84	3.17	1.56	1.00
340	-0.83	3.15	1.57	1.00
341	-0.82	3.13	1.57	1.00
342	-0.82	3.13	1.60	1.00
343	-0.81	3.12	1.62	1.00
344	-0.80	3.09	1.62	1.00
345	-0.79	3.07	1.63	1.00
346	-0.78	3.04	1.64	1.00
347	-0.77	3.02	1.65	1.00
348	-0.75	3.00	1.66	1.00
349	-0.74	2.99	1.67	1.00
350	-0.74	2.99	1.66	1.00
351	-0.74	3.00	1.66	1.00
352	-0.74	3.00	1.66	1.00
353	-0.75	3.00	1.66	1.00
354	-0.75	3.02	1.66	1.00
355	-0.75	3.03	1.65	1.00
356	-0.76	3.05	1.65	1.00
357	-0.78	3.07	1.65	4.00
358	-0.78	3.08	1.65	4.00
359	-0.77	3.08	1.65	4.00
360	-0.78	3.09	1.63	4.00
361	-0.79	3.10	1.61	4.00
362	-0.79	3.11	1.62	4.00
363	-0.78	3.12	1.62	4.00
364	-0.78	3.12	1.62	4.00
365	-0.78	3.13	1.62	4.00
366	-0.77	3.13	1.63	4.00
367	-0.77	3.13	1.64	4.00
368	-0.76	3.14	1.65	4.00
369	-0.75	3.14	1.65	4.00
370	-0.76	3.15	1.65	4.00
371	-0.76	3.15	1.65	4.00
372	-0.77	3.17	1.65	4.00
373	-0.79	3.18	1.64	4.00
374	-0.79	3.20	1.63	4.00
375	-0.80	3.21	1.63	4.00
376	-0.81	3.21	1.63	4.00
377	-0.81	3.22	1.64	4.00
378	-0.81	3.21	1.64	4.00
379	-0.82	3.21	1.65	4.00
380	-0.82	3.21	1.65	4.00
381	-0.81	3.21	1.65	4.00
382	-0.81	3.20	1.65	4.00
383	-0.81	3.20	1.66	4.00
384	-0.80	3.20	1.66	4.00
385	-0.80	3.20	1.67	4.00
386	-0.79	3.20	1.67	4.00
387	-0.78	3.19	1.67	4.00
388	-0.78	3.19	1.67	4.00
389	-0.77	3.20	1.67	4.00
390	-0.77	3.19	1.68	4.00
391	-0.78	3.18	1.68	4.00
392	-0.77	3.17	1.68	4.00
393	-0.77	3.16	1.68	4.00
394	-0.76	3.16	1.69	4.00
395	-0.76	3.16	1.69	4.00
396	-0.75	3.16	1.69	4.00
397	-0.74	3.16	1.70	1.00
398	-0.73	3.15	1.70	1.00
399	-0.72	3.14	1.70	1.00
400	-0.71	3.14	1.70	1.00
401	-0.71	3.14	1.70	1.00
402	-0.70	3.14	1.70	1.00
403	-0.70	3.14	1.71	1.00
404	-0.69	3.13	1.71	1.00
405	-0.68	3.12	1.71	1.00
406	-0.67	3.11	1.71	1.00
407	-0.66	3.09	1.71	1.00
408	-0.65	3.09	1.72	1.00
409	-0.65	3.10	1.72	1.00
410	-0.65	3.09	1.73	1.00
411	-0.65	3.07	1.73	1.00
412	-0.66	3.07	1.73	1.00
413	-0.67	3.07	1.72	1.00
414	-0.68	3.08	1.72	1.00
415	-0.70	3.08	1.71	1.00
416	-0.70	3.09	1.70	1.00
417	-0.71	3.09	1.70	1.00
418	-0.72	3.11	1.69	1.00
419	-0.74	3.12	1.69	1.00
420	-0.73	3.11	1.70	1.00
421	-0.73	3.11	1.70	4.00
422	-0.74	3.11	1.68	4.00
423	-0.75	3.12	1.67	4.00
424	-0.76	3.12	1.66	4.00
425	-0.77	3.13	1.65	4.00
426	-0.77	3.14	1.65	4.00
427	-0.78	3.14	1.64	4.00
428	-0.78	3.16	1.64	4.00
429	-0.79	3.17	1.64	4.00
430	-0.79	3.19	1.65	4.00
431	-0.79	3.20	1.65	1.00
432	-0.79	3.20	1.66	1.00
433	-0.79	3.21	1.66	1.00
434	-0.80	3.21	1.67	1.00
435	-0.80	3.21	1.68	1.00
436	-0.80	3.21	1.69	1.00
437	-0.80	3.21	1.69	1.00
438	-0.80	3.21	1.69	1.00
439	-0.80	3.22	1.69	1.00
440	-0.80	3.22	1.70	1.00
441	-0.80	3.22	1.70	1.00
442	-0.79	3.21	1.70	1.00
443	-0.79	3.21	1.71	1.00
444	-0.79	3.21	1.71	1.00
445	-0.79	3.21	1.71	1.00
446	-0.78	3.21	1.71	1.00
447	-0.78	3.22	1.70	1.00
448	-0.77	3.22	1.70	1.00
449	-0.76	3.23	1.69	1.00
450	-0.75	3.23	1.70	1.00
451	-0.74	3.23	1.70	1.00
452	-0.73	3.23	1.71	1.00
453	-0.72	3.23	1.72	1.00
454	-0.72	3.23	1.72	1.00
455	-0.72	3.23	1.72	1.00
456	-0.71	3.23	1.73	1.00
457	-0.71	3.22	1.73	1.00
458	-0.70	3.21	1.73	1.00
459	-0.70	3.20	1.74	1.00
460	-0.69	3.20	1.74	1.00
461	-0.69	3.19	1.75	1.00
462	-0.69	3.18	1.75	1.00
463	-0.69	3.17	1.75	1.00
464	-0.68	3.17	1.75	1.00
465	-0.68	3.17	1.76	1.00
466	-0.71	3.15	1.73	1.00
467	-0.73	3.14	1.71	1.00
Target 9 (frames from 295 to 363)
Bounding Boxes (frame, x, y, width, height)
295	545	87	158	317
296	542	87	161	323
297	538	87	164	328
298	534	87	166	332
299	530	87	168	336
300	525	87	169	339
301	520	87	170	341
302	515	87	172	344
303	509	87	172	345
304	503	87	173	346
305	497	88	173	347
306	490	88	173	347
307	483	88	172	345
308	476	89	172	344
309	469	90	171	342
310	462	90	170	340
311	455	91	169	338
312	448	92	168	336
313	440	92	167	335
314	431	92	167	334
315	422	92	166	333
316	413	92	166	333
317	404	92	166	333
318	395	92	166	333
319	385	91	166	333
320	376	91	166	333
321	366	90	166	333
322	356	90	166	333
323	347	89	166	333
324	338	88	167	334
325	330	87	167	334
326	323	86	167	334
327	316	85	167	334
328	310	84	167	335
329	304	82	168	337
330	298	81	169	339
331	291	79	170	341
332	284	78	171	342
333	277	78	171	343
334	269	78	171	343
335	261	78	171	342
336	253	79	170	341
337	245	80	169	339
338	237	82	168	337
339	228	84	167	334
340	219	85	165	331
341	211	86	164	328
342	204	87	162	325
343	196	88	161	322
344	190	88	160	320
345	184	87	160	320
346	178	86	160	321
347	172	85	160	321
348	167	83	161	322
349	162	82	161	323
350	158	80	162	325
351	153	78	164	328
352	148	76	165	331
353	142	73	167	335
354	135	70	169	339
355	128	68	170	340
356	120	67	171	342
357	111	65	171	343
358	101	64	172	344
359	91	63	172	344
360	80	62	172	345
361	69	61	172	345
362	57	60	172	345
363	45	59	172	344
3D Trajetory (frame, x, z, height, pose)
295	1.14	2.53	1.57	3.00
296	1.10	2.51	1.56	3.00
297	1.07	2.49	1.56	3.00
298	1.05	2.44	1.56	3.00
299	1.02	2.39	1.56	3.00
300	1.00	2.37	1.56	3.00
301	0.97	2.35	1.56	3.00
302	0.93	2.33	1.55	3.00
303	0.89	2.31	1.55	3.00
304	0.87	2.30	1.55	3.00
305	0.84	2.29	1.55	3.00
306	0.81	2.29	1.55	3.00
307	0.77	2.29	1.54	3.00
308	0.74	2.31	1.54	3.00
309	0.70	2.33	1.54	3.00
310	0.67	2.32	1.54	3.00
311	0.63	2.32	1.54	3.00
312	0.60	2.33	1.53	3.00
313	0.57	2.33	1.53	3.00
314	0.54	2.34	1.53	3.00
315	0.51	2.35	1.53	3.00
316	0.47	2.35	1.53	3.00
317	0.44	2.35	1.53	3.00
318	0.39	2.33	1.53	3.00
319	0.34	2.32	1.54	3.00
320	0.28	2.32	1.54	3.00
321	0.22	2.31	1.55	3.00
322	0.19	2.32	1.54	3.00
323	0.16	2.33	1.54	3.00
324	0.12	2.34	1.54	3.00
325	0.09	2.34	1.55	3.00
326	0.05	2.34	1.55	3.00
327	0.02	2.34	1.56	3.00
328	-0.02	2.34	1.57	3.00
329	-0.05	2.35	1.57	3.00
330	-0.07	2.35	1.58	3.00
331	-0.09	2.35	1.59	3.00
332	-0.12	2.34	1.60	3.00
333	-0.15	2.34	1.61	3.00
334	-0.18	2.33	1.62	3.00
335	-0.20	2.31	1.63	1.00
336	-0.27	2.33	1.62	1.00
337	-0.33	2.34	1.60	3.00
338	-0.37	2.35	1.59	3.00
339	-0.40	2.36	1.58	3.00
340	-0.45	2.36	1.57	3.00
341	-0.49	2.37	1.57	3.00
342	-0.53	2.38	1.56	3.00
343	-0.57	2.40	1.56	3.00
344	-0.61	2.41	1.56	3.00
345	-0.64	2.42	1.56	3.00
346	-0.67	2.41	1.57	3.00
347	-0.70	2.41	1.58	3.00
348	-0.73	2.42	1.59	3.00
349	-0.75	2.43	1.60	3.00
350	-0.77	2.42	1.61	3.00
351	-0.78	2.41	1.61	2.00
352	-0.80	2.39	1.62	2.00
353	-0.82	2.38	1.62	2.00
354	-0.84	2.38	1.63	2.00
355	-0.86	2.38	1.63	4.00
356	-0.88	2.37	1.66	4.00
357	-0.91	2.37	1.68	4.00
358	-0.95	2.34	1.69	4.00
359	-1.00	2.32	1.70	3.00
360	-1.07	2.35	1.69	3.00
361	-1.15	2.37	1.68	3.00
362	-1.21	2.38	1.66	3.00
363	-1.27	2.40	1.64	3.00
Target 10 (frames from 367 to 635)
Bounding Boxes (frame, x, y, width, height)
367	201	96	114	229
368	202	96	114	229
369	203	97	114	229
370	204	97	114	229
371	205	98	114	229
372	206	98	114	229
373	206	98	114	229
374	207	98	114	229
375	207	98	114	229
376	208	97	114	229
377	208	97	115	230
378	208	96	115	230
379	208	95	115	230
380	208	94	115	231
381	208	94	115	231
382	208	93	115	231
383	209	93	115	231
384	209	92	115	231
385	210	93	115	230
386	211	93	114	229
387	213	94	113	227
388	214	95	112	225
389	215	96	112	224
390	216	96	111	222
391	217	97	110	221
392	218	98	110	220
393	218	98	110	220
394	219	99	109	219
395	220	99	109	219
396	220	99	109	219
397	220	99	110	220
398	220	98	110	221
399	220	98	111	222
400	220	97	111	223
401	220	96	112	225
402	220	96	113	227
403	219	95	114	228
404	219	95	114	229
405	219	94	115	230
406	218	93	115	231
407	217	93	116	232
408	216	92	116	233
409	215	92	117	234
410	214	92	117	234
411	214	92	117	234
412	213	93	116	233
413	213	93	115	231
414	214	94	115	230
415	214	95	114	229
416	214	97	114	228
417	215	99	113	226
418	215	100	112	224
419	215	102	111	222
420	215	103	110	221
421	215	105	109	219
422	215	106	109	218
423	214	106	108	217
424	214	107	108	217
425	213	107	108	216
426	213	107	108	217
427	212	107	108	217
428	211	106	109	218
429	211	106	109	218
430	210	105	109	219
431	209	105	110	220
432	209	104	110	221
433	208	104	111	222
434	208	104	111	223
435	208	104	111	223
436	208	105	111	223
437	208	105	111	223
438	208	105	111	223
439	209	105	111	223
440	209	106	111	223
441	210	106	111	223
442	210	106	111	223
443	211	107	111	223
444	211	107	111	223
445	211	107	112	224
446	212	107	112	224
447	213	107	112	225
448	213	106	113	226
449	214	105	113	227
450	214	104	114	229
451	215	103	115	230
452	215	101	115	231
453	216	100	116	233
454	216	98	117	234
455	216	97	118	236
456	216	95	119	238
457	216	94	120	240
458	215	92	120	241
459	214	91	121	243
460	213	90	122	245
461	212	90	123	246
462	211	89	123	247
463	211	89	124	248
464	210	88	124	248
465	210	88	124	249
466	209	88	124	249
467	209	88	124	249
468	209	88	124	249
469	209	89	124	248
470	209	89	123	247
471	209	90	123	246
472	210	91	122	245
473	210	92	121	243
474	210	93	121	242
475	210	94	120	241
476	210	94	120	240
477	210	95	119	239
478	210	95	119	238
479	209	95	118	237
480	209	95	118	237
481	209	95	118	237
482	208	94	118	237
483	207	93	119	238
484	206	93	119	238
485	206	92	119	239
486	206	92	119	239
487	205	91	119	239
488	205	91	120	240
489	205	90	120	240
490	204	90	120	241
491	203	89	120	241
492	202	88	121	242
493	202	87	121	243
494	201	85	122	244
495	201	84	122	245
496	201	83	123	246
497	200	82	123	247
498	200	80	124	249
499	200	79	125	251
500	199	78	126	253
501	199	76	127	254
502	199	76	128	256
503	199	75	128	257
504	199	74	129	258
505	199	74	129	259
506	199	74	129	259
507	199	73	129	259
508	199	73	130	260
509	199	73	129	259
510	199	73	129	259
511	200	74	129	259
512	200	74	129	258
513	200	74	129	258
514	200	74	129	258
515	200	74	129	258
516	200	74	129	259
517	200	74	129	259
518	200	73	130	260
519	200	73	130	260
520	200	73	130	261
521	200	72	131	262
522	200	72	131	263
523	200	72	132	264
524	201	72	132	265
525	201	72	133	266
526	202	72	133	266
527	202	73	133	267
528	203	73	133	267
529	203	73	134	268
530	203	73	134	269
531	204	73	134	269
532	204	73	135	270
533	204	73	135	270
534	205	73	135	271
535	205	72	135	271
536	205	72	136	272
537	205	71	136	273
538	205	70	137	275
539	206	69	138	276
540	206	68	138	277
541	206	67	139	279
542	206	66	140	280
543	207	65	140	281
544	207	64	141	282
545	207	64	142	284
546	206	63	142	285
547	206	63	143	286
548	206	62	143	287
549	206	62	143	287
550	206	62	144	288
551	205	63	144	288
552	205	63	143	287
553	205	64	143	286
554	205	65	142	285
555	205	66	142	284
556	206	67	141	283
557	206	68	140	281
558	206	69	140	280
559	206	70	139	278
560	205	71	138	277
561	205	71	138	276
562	204	72	137	275
563	204	72	137	274
564	203	72	137	274
565	202	72	137	274
566	200	72	137	274
567	199	72	137	274
568	198	71	137	274
569	198	71	137	274
570	197	72	137	274
571	196	72	136	273
572	196	72	136	273
573	195	72	136	273
574	195	73	136	273
575	196	73	136	273
576	196	73	137	274
577	196	73	137	274
578	197	73	137	275
579	197	73	137	275
580	198	73	138	276
581	198	74	138	276
582	198	74	138	277
583	198	74	138	277
584	198	74	138	277
585	198	74	138	277
586	198	74	138	277
587	197	74	138	277
588	197	73	139	278
589	196	73	139	278
590	196	73	139	278
591	196	72	139	279
592	196	72	140	280
593	197	71	140	280
594	198	70	140	281
595	199	69	141	282
596	201	69	141	282
597	202	68	141	283
598	204	68	141	283
599	205	67	141	283
600	207	67	142	284
601	208	67	142	284
602	209	66	142	285
603	209	65	143	286
604	209	65	143	287
605	208	64	144	288
606	208	63	144	289
607	207	62	145	290
608	206	62	145	290
609	205	61	145	290
610	205	61	145	291
611	204	61	145	290
612	204	61	145	290
613	204	61	144	288
614	203	62	143	287
615	203	63	142	285
616	204	63	142	284
617	204	64	141	282
618	205	65	140	281
619	205	65	140	280
620	205	65	139	279
621	206	65	139	279
622	206	64	139	279
623	206	64	139	278
624	206	64	139	278
625	206	64	139	279
626	206	63	139	279
627	206	63	139	279
628	206	63	139	279
629	206	63	140	280
630	206	63	140	280
631	206	64	140	280
632	205	64	140	280
633	205	64	140	280
634	205	64	140	280
635	204	64	140	281
3D Trajetory (frame, x, z, height, pose)
367	-0.86	3.23	1.51	2.00
368	-0.85	3.23	1.50	2.00
369	-0.84	3.22	1.49	2.00
370	-0.82	3.19	1.48	2.00
371	-0.80	3.16	1.47	2.00
372	-0.79	3.15	1.47	2.00
373	-0.78	3.14	1.47	2.00
374	-0.78	3.16	1.47	2.00
375	-0.78	3.17	1.46	2.00
376	-0.79	3.17	1.47	2.00
377	-0.79	3.17	1.47	2.00
378	-0.79	3.18	1.48	2.00
379	-0.79	3.18	1.48	2.00
380	-0.79	3.18	1.49	2.00
381	-0.78	3.18	1.50	2.00
382	-0.78	3.18	1.50	2.00
383	-0.78	3.18	1.50	2.00
384	-0.77	3.19	1.50	2.00
385	-0.77	3.20	1.50	4.00
386	-0.77	3.21	1.49	4.00
387	-0.77	3.22	1.49	4.00
388	-0.77	3.24	1.48	4.00
389	-0.76	3.25	1.47	4.00
390	-0.76	3.27	1.47	4.00
391	-0.75	3.28	1.46	4.00
392	-0.75	3.30	1.46	4.00
393	-0.75	3.32	1.45	4.00
394	-0.74	3.31	1.46	4.00
395	-0.74	3.31	1.46	4.00
396	-0.75	3.29	1.47	4.00
397	-0.75	3.27	1.47	4.00
398	-0.75	3.27	1.47	4.00
399	-0.75	3.27	1.46	4.00
400	-0.74	3.27	1.47	4.00
401	-0.72	3.27	1.48	4.00
402	-0.72	3.26	1.48	4.00
403	-0.72	3.25	1.49	4.00
404	-0.72	3.23	1.50	4.00
405	-0.72	3.22	1.51	4.00
406	-0.72	3.21	1.51	4.00
407	-0.72	3.21	1.51	4.00
408	-0.72	3.21	1.51	4.00
409	-0.72	3.20	1.51	4.00
410	-0.73	3.20	1.51	4.00
411	-0.74	3.20	1.50	4.00
412	-0.74	3.21	1.51	4.00
413	-0.74	3.21	1.51	4.00
414	-0.74	3.22	1.50	4.00
415	-0.75	3.22	1.50	4.00
416	-0.74	3.23	1.49	4.00
417	-0.74	3.24	1.48	4.00
418	-0.74	3.25	1.46	4.00
419	-0.74	3.27	1.44	4.00
420	-0.75	3.26	1.45	4.00
421	-0.75	3.26	1.46	4.00
422	-0.76	3.26	1.44	4.00
423	-0.77	3.27	1.42	4.00
424	-0.78	3.28	1.42	4.00
425	-0.78	3.28	1.43	4.00
426	-0.78	3.27	1.43	4.00
427	-0.79	3.27	1.44	4.00
428	-0.79	3.27	1.44	4.00
429	-0.78	3.27	1.44	4.00
430	-0.79	3.26	1.45	4.00
431	-0.79	3.26	1.45	4.00
432	-0.79	3.25	1.46	4.00
433	-0.79	3.24	1.46	4.00
434	-0.79	3.24	1.46	4.00
435	-0.80	3.24	1.47	4.00
436	-0.79	3.23	1.46	4.00
437	-0.78	3.23	1.46	4.00
438	-0.79	3.23	1.46	4.00
439	-0.79	3.24	1.47	4.00
440	-0.79	3.25	1.46	4.00
441	-0.79	3.25	1.46	4.00
442	-0.78	3.25	1.46	4.00
443	-0.77	3.25	1.46	4.00
444	-0.77	3.24	1.47	4.00
445	-0.77	3.23	1.47	4.00
446	-0.76	3.22	1.47	4.00
447	-0.76	3.22	1.47	1.00
448	-0.76	3.21	1.48	1.00
449	-0.75	3.21	1.48	1.00
450	-0.75	3.22	1.48	1.00
451	-0.75	3.22	1.49	1.00
452	-0.73	3.22	1.51	1.00
453	-0.72	3.21	1.52	1.00
454	-0.71	3.21	1.53	1.00
455	-0.71	3.21	1.54	1.00
456	-0.71	3.20	1.54	1.00
457	-0.72	3.20	1.55	1.00
458	-0.72	3.18	1.56	1.00
459	-0.71	3.17	1.57	1.00
460	-0.71	3.16	1.57	1.00
461	-0.72	3.15	1.56	1.00
462	-0.72	3.14	1.57	1.00
463	-0.72	3.13	1.57	1.00
464	-0.73	3.12	1.57	1.00
465	-0.73	3.11	1.57	1.00
466	-0.73	3.11	1.57	1.00
467	-0.73	3.10	1.57	1.00
468	-0.73	3.10	1.57	1.00
469	-0.73	3.10	1.56	1.00
470	-0.73	3.10	1.55	1.00
471	-0.72	3.09	1.54	1.00
472	-0.72	3.09	1.54	1.00
473	-0.72	3.10	1.54	1.00
474	-0.73	3.10	1.53	1.00
475	-0.73	3.10	1.52	1.00
476	-0.73	3.11	1.51	1.00
477	-0.74	3.12	1.50	2.00
478	-0.74	3.13	1.50	2.00
479	-0.75	3.13	1.50	2.00
480	-0.75	3.13	1.51	2.00
481	-0.76	3.14	1.51	2.00
482	-0.76	3.14	1.52	2.00
483	-0.76	3.14	1.52	4.00
484	-0.76	3.14	1.52	4.00
485	-0.76	3.13	1.51	4.00
486	-0.76	3.13	1.52	4.00
487	-0.77	3.13	1.52	4.00
488	-0.77	3.12	1.52	4.00
489	-0.77	3.11	1.53	4.00
490	-0.77	3.12	1.53	4.00
491	-0.76	3.13	1.52	2.00
492	-0.76	3.13	1.53	2.00
493	-0.76	3.13	1.54	2.00
494	-0.77	3.15	1.56	2.00
495	-0.78	3.17	1.57	1.00
496	-0.78	3.16	1.58	1.00
497	-0.78	3.16	1.59	1.00
498	-0.78	3.15	1.60	1.00
499	-0.78	3.14	1.60	4.00
500	-0.77	3.14	1.60	4.00
501	-0.76	3.14	1.61	4.00
502	-0.76	3.13	1.62	4.00
503	-0.76	3.12	1.63	4.00
504	-0.77	3.12	1.64	4.00
505	-0.77	3.11	1.65	4.00
506	-0.77	3.11	1.64	4.00
507	-0.77	3.11	1.64	4.00
508	-0.77	3.11	1.64	4.00
509	-0.77	3.12	1.63	4.00
510	-0.76	3.12	1.64	4.00
511	-0.76	3.13	1.64	4.00
512	-0.75	3.13	1.64	4.00
513	-0.75	3.13	1.64	4.00
514	-0.75	3.14	1.64	4.00
515	-0.75	3.14	1.64	4.00
516	-0.75	3.14	1.64	4.00
517	-0.76	3.14	1.64	4.00
518	-0.76	3.14	1.65	4.00
519	-0.76	3.13	1.65	4.00
520	-0.75	3.12	1.66	4.00
521	-0.75	3.11	1.66	4.00
522	-0.74	3.11	1.66	4.00
523	-0.74	3.10	1.66	4.00
524	-0.74	3.10	1.66	4.00
525	-0.73	3.09	1.66	4.00
526	-0.73	3.08	1.67	4.00
527	-0.72	3.07	1.67	4.00
528	-0.72	3.07	1.67	4.00
529	-0.71	3.07	1.66	4.00
530	-0.71	3.06	1.66	4.00
531	-0.70	3.06	1.67	4.00
532	-0.70	3.06	1.66	4.00
533	-0.70	3.05	1.66	4.00
534	-0.70	3.05	1.67	4.00
535	-0.69	3.05	1.69	4.00
536	-0.69	3.05	1.68	4.00
537	-0.69	3.05	1.68	4.00
538	-0.68	3.04	1.69	4.00
539	-0.67	3.04	1.69	4.00
540	-0.66	3.03	1.70	4.00
541	-0.66	3.02	1.71	4.00
542	-0.65	3.01	1.71	4.00
543	-0.65	3.01	1.71	4.00
544	-0.65	3.00	1.72	4.00
545	-0.65	3.00	1.73	4.00
546	-0.64	2.99	1.73	4.00
547	-0.64	2.99	1.73	4.00
548	-0.64	2.98	1.72	4.00
549	-0.64	2.97	1.72	4.00
550	-0.64	2.97	1.72	4.00
551	-0.64	2.97	1.73	4.00
552	-0.64	2.97	1.73	4.00
553	-0.63	2.96	1.72	4.00
554	-0.63	2.97	1.72	4.00
555	-0.63	2.97	1.72	4.00
556	-0.63	2.99	1.71	4.00
557	-0.64	3.00	1.70	4.00
558	-0.64	3.01	1.69	4.00
559	-0.64	3.02	1.68	4.00
560	-0.65	3.02	1.68	4.00
561	-0.65	3.02	1.68	4.00
562	-0.65	3.02	1.68	4.00
563	-0.65	3.03	1.68	4.00
564	-0.66	3.03	1.68	4.00
565	-0.67	3.03	1.67	4.00
566	-0.68	3.03	1.68	4.00
567	-0.68	3.03	1.68	4.00
568	-0.68	3.03	1.68	4.00
569	-0.69	3.04	1.68	4.00
570	-0.69	3.04	1.68	4.00
571	-0.69	3.05	1.68	4.00
572	-0.70	3.04	1.68	4.00
573	-0.70	3.04	1.68	4.00
574	-0.70	3.04	1.68	4.00
575	-0.70	3.04	1.67	4.00
576	-0.70	3.03	1.67	4.00
577	-0.71	3.02	1.66	4.00
578	-0.70	3.01	1.67	4.00
579	-0.70	3.00	1.68	4.00
580	-0.69	3.00	1.68	4.00
581	-0.69	3.00	1.68	4.00
582	-0.68	3.00	1.68	4.00
583	-0.68	2.99	1.69	4.00
584	-0.68	2.99	1.68	4.00
585	-0.68	3.00	1.68	4.00
586	-0.69	3.00	1.68	4.00
587	-0.69	3.00	1.68	4.00
588	-0.69	3.01	1.69	4.00
589	-0.70	3.02	1.69	4.00
590	-0.70	3.02	1.69	4.00
591	-0.71	3.02	1.70	4.00
592	-0.70	3.01	1.70	4.00
593	-0.69	3.00	1.71	4.00
594	-0.68	3.00	1.71	4.00
595	-0.66	2.99	1.72	4.00
596	-0.66	3.00	1.72	4.00
597	-0.66	3.01	1.71	4.00
598	-0.65	3.00	1.71	4.00
599	-0.64	3.00	1.72	1.00
600	-0.64	3.00	1.72	1.00
601	-0.64	3.00	1.72	1.00
602	-0.64	3.00	1.72	1.00
603	-0.64	3.00	1.73	1.00
604	-0.64	2.99	1.73	1.00
605	-0.63	2.98	1.73	1.00
606	-0.63	2.98	1.74	1.00
607	-0.62	2.98	1.75	1.00
608	-0.63	2.97	1.76	1.00
609	-0.63	2.97	1.76	1.00
610	-0.64	2.97	1.75	1.00
611	-0.64	2.98	1.75	1.00
612	-0.64	2.99	1.74	1.00
613	-0.63	2.99	1.74	1.00
614	-0.63	3.00	1.73	1.00
615	-0.63	3.01	1.73	4.00
616	-0.62	3.01	1.73	4.00
617	-0.62	3.00	1.73	4.00
618	-0.64	3.03	1.72	4.00
619	-0.65	3.05	1.71	4.00
620	-0.65	3.06	1.71	4.00
621	-0.65	3.07	1.71	4.00
622	-0.65	3.07	1.72	4.00
623	-0.65	3.06	1.73	4.00
624	-0.66	3.06	1.73	4.00
625	-0.66	3.05	1.73	4.00
626	-0.66	3.05	1.73	4.00
627	-0.65	3.05	1.73	4.00
628	-0.65	3.04	1.73	4.00
629	-0.65	3.04	1.72	4.00
630	-0.65	3.04	1.72	4.00
631	-0.64	3.03	1.72	4.00
632	-0.64	3.03	1.72	4.00
633	-0.63	3.03	1.72	4.00
634	-0.64	3.03	1.71	4.00
635	-0.64	3.03	1.69	4.00
Target 11 (frames from 379 to 635)
Bounding Boxes (frame, x, y, width, height)
379	50	107	114	228
380	50	105	115	231
381	51	104	116	233
382	51	103	117	235
383	52	102	118	237
384	52	101	119	239
385	53	101	120	241
386	53	100	121	243
387	53	100	122	244
388	53	99	123	246
389	53	99	124	248
390	53	99	124	249
391	53	99	125	250
392	53	99	125	251
393	53	100	125	251
394	53	100	125	251
395	53	101	126	252
396	53	101	126	252
397	54	102	126	252
398	54	102	126	252
399	54	102	126	252
400	53	102	126	253
401	53	102	126	253
402	53	101	127	254
403	53	101	127	255
404	52	100	127	255
405	52	100	128	256
406	52	100	128	256
407	51	100	128	256
408	51	100	127	255
409	51	101	127	255
410	51	101	127	254
411	52	102	126	253
412	52	102	126	252
413	52	102	125	251
414	52	102	125	251
415	52	102	125	251
416	52	102	126	252
417	52	102	126	252
418	52	102	126	253
419	52	101	127	254
420	51	101	127	255
421	51	101	127	255
422	51	101	127	255
423	51	101	128	256
424	51	101	128	256
425	51	101	128	256
426	51	101	128	256
427	52	101	127	255
428	52	101	127	255
429	52	101	127	255
430	53	101	127	254
431	53	102	127	254
432	53	102	127	254
433	53	102	126	253
434	54	103	126	253
435	54	104	126	253
436	54	104	126	252
437	54	105	126	252
438	54	106	125	251
439	54	108	125	250
440	54	109	124	249
441	54	110	124	249
442	54	111	124	248
443	54	112	124	248
444	54	113	123	247
445	55	114	123	247
446	55	114	123	246
447	55	115	123	246
448	55	116	123	246
449	55	116	122	245
450	55	116	122	245
451	55	116	122	245
452	55	117	122	245
453	55	116	122	245
454	55	116	122	244
455	55	116	122	244
456	55	116	122	245
457	55	116	122	245
458	55	116	122	245
459	55	116	122	244
460	55	116	122	244
461	55	116	122	244
462	55	116	121	243
463	55	117	121	242
464	55	117	120	241
465	55	117	120	241
466	54	116	120	240
467	54	116	120	240
468	54	116	120	240
469	54	115	119	239
470	54	115	119	239
471	54	115	119	239
472	54	114	119	239
473	54	114	119	239
474	53	113	120	240
475	53	113	120	240
476	53	112	120	240
477	54	112	120	240
478	54	111	120	241
479	54	111	120	241
480	54	110	120	241
481	54	109	121	242
482	54	108	121	242
483	53	107	121	243
484	53	106	122	244
485	53	105	122	245
486	54	104	123	246
487	54	103	123	247
488	54	102	124	248
489	54	101	124	249
490	54	100	125	250
491	54	99	125	251
492	54	99	126	252
493	54	98	126	253
494	54	97	127	254
495	55	97	127	255
496	55	96	128	256
497	55	96	128	257
498	55	95	129	258
499	56	95	130	260
500	56	94	130	261
501	56	93	131	262
502	56	93	132	264
503	56	92	132	265
504	56	92	133	266
505	56	92	133	266
506	57	93	133	266
507	57	93	133	266
508	58	94	132	265
509	59	95	132	264
510	60	96	131	263
511	61	98	131	262
512	63	99	130	260
513	64	100	129	258
514	65	101	128	257
515	67	102	127	255
516	68	104	126	253
517	69	105	126	252
518	70	105	125	251
519	71	106	125	250
520	72	107	124	249
521	73	108	124	248
522	74	109	123	247
523	75	110	123	247
524	76	110	123	246
525	77	111	123	246
526	78	111	123	246
527	79	111	123	246
528	80	112	123	246
529	81	111	123	247
530	82	111	124	248
531	82	111	124	248
532	83	110	124	249
533	83	110	125	250
534	83	109	125	251
535	83	108	126	252
536	83	108	126	252
537	84	107	126	253
538	84	107	126	253
539	84	106	127	254
540	84	106	127	254
541	84	107	127	254
542	84	107	126	253
543	83	108	126	252
544	83	109	125	251
545	83	111	125	250
546	83	112	124	248
547	83	113	123	247
548	82	115	122	245
549	82	116	122	244
550	82	117	121	243
551	81	118	120	241
552	80	118	120	240
553	80	119	120	240
554	79	119	119	239
555	79	118	119	239
556	78	118	120	240
557	78	118	120	240
558	77	117	120	240
559	77	116	120	241
560	77	116	120	241
561	76	116	120	241
562	76	116	120	241
563	76	115	120	241
564	75	115	120	241
565	75	115	120	240
566	74	115	120	240
567	74	115	120	240
568	74	115	119	239
569	74	115	119	239
570	74	115	119	239
571	73	115	119	239
572	73	115	119	239
573	73	115	120	240
574	73	115	120	240
575	73	115	120	240
576	72	115	120	241
577	72	114	120	241
578	71	114	121	242
579	71	113	121	243
580	70	113	121	243
581	69	112	122	244
582	67	112	122	245
583	66	112	122	245
584	65	111	122	245
585	64	111	123	246
586	64	111	123	246
587	62	111	123	246
588	61	111	123	246
589	59	111	123	247
590	58	110	123	247
591	57	110	124	248
592	56	110	124	248
593	55	110	124	248
594	54	110	123	247
595	54	110	123	247
596	54	111	123	246
597	54	111	122	245
598	54	111	122	244
599	54	112	121	243
600	55	113	121	242
601	56	114	120	240
602	56	115	119	238
603	57	116	118	236
604	57	117	117	235
605	56	118	117	234
606	56	119	116	233
607	55	120	116	232
608	54	120	115	231
609	53	121	115	230
610	52	121	115	230
611	52	121	115	230
612	51	120	115	230
613	51	120	115	230
614	50	119	115	230
615	50	119	115	231
616	49	118	115	231
617	49	118	116	232
618	50	117	116	232
619	50	117	116	232
620	51	117	116	232
621	51	117	116	233
622	52	117	116	233
623	52	117	116	232
624	53	117	116	232
625	53	117	116	232
626	54	117	116	232
627	54	117	116	232
628	55	117	116	232
629	55	117	116	232
630	55	118	116	232
631	55	118	115	231
632	55	118	115	231
633	54	118	115	231
634	54	118	115	231
635	54	118	115	231
3D Trajetory (frame, x, z, height, pose)
379	-1.72	2.97	1.41	4.00
380	-1.71	2.96	1.42	4.00
381	-1.70	2.96	1.42	4.00
382	-1.68	2.95	1.42	4.00
383	-1.66	2.93	1.42	4.00
384	-1.65	2.92	1.43	4.00
385	-1.63	2.90	1.44	4.00
386	-1.62	2.89	1.44	4.00
387	-1.60	2.87	1.44	4.00
388	-1.59	2.85	1.44	4.00
389	-1.58	2.83	1.44	4.00
390	-1.57	2.82	1.44	4.00
391	-1.56	2.81	1.45	4.00
392	-1.55	2.81	1.46	4.00
393	-1.55	2.80	1.46	4.00
394	-1.55	2.79	1.45	4.00
395	-1.55	2.79	1.44	4.00
396	-1.55	2.78	1.44	4.00
397	-1.55	2.78	1.44	4.00
398	-1.54	2.78	1.44	4.00
399	-1.54	2.78	1.44	4.00
400	-1.54	2.78	1.43	4.00
401	-1.54	2.78	1.43	4.00
402	-1.54	2.77	1.44	4.00
403	-1.54	2.77	1.46	4.00
404	-1.54	2.76	1.46	4.00
405	-1.53	2.76	1.47	4.00
406	-1.53	2.77	1.46	4.00
407	-1.54	2.77	1.46	4.00
408	-1.54	2.77	1.45	4.00
409	-1.54	2.77	1.45	4.00
410	-1.54	2.78	1.45	4.00
411	-1.55	2.79	1.44	4.00
412	-1.55	2.80	1.44	4.00
413	-1.55	2.80	1.44	4.00
414	-1.55	2.80	1.44	4.00
415	-1.55	2.80	1.44	4.00
416	-1.55	2.80	1.45	4.00
417	-1.55	2.80	1.45	4.00
418	-1.55	2.80	1.45	4.00
419	-1.55	2.80	1.46	4.00
420	-1.55	2.80	1.47	4.00
421	-1.54	2.80	1.48	4.00
422	-1.55	2.79	1.47	4.00
423	-1.55	2.79	1.47	4.00
424	-1.55	2.79	1.47	4.00
425	-1.55	2.79	1.47	4.00
426	-1.55	2.80	1.46	4.00
427	-1.55	2.80	1.46	4.00
428	-1.55	2.80	1.46	4.00
429	-1.54	2.80	1.46	4.00
430	-1.54	2.81	1.47	4.00
431	-1.54	2.82	1.48	4.00
432	-1.54	2.82	1.48	4.00
433	-1.54	2.82	1.47	4.00
434	-1.54	2.81	1.47	4.00
435	-1.55	2.81	1.46	4.00
436	-1.55	2.81	1.45	4.00
437	-1.54	2.81	1.45	4.00
438	-1.55	2.81	1.45	4.00
439	-1.55	2.82	1.44	4.00
440	-1.55	2.81	1.44	4.00
441	-1.55	2.81	1.44	4.00
442	-1.55	2.80	1.43	4.00
443	-1.55	2.80	1.43	4.00
444	-1.55	2.80	1.43	4.00
445	-1.55	2.80	1.42	4.00
446	-1.55	2.80	1.42	4.00
447	-1.55	2.80	1.42	4.00
448	-1.55	2.80	1.42	4.00
449	-1.54	2.80	1.42	4.00
450	-1.55	2.80	1.42	4.00
451	-1.55	2.80	1.41	4.00
452	-1.55	2.80	1.41	4.00
453	-1.55	2.80	1.41	4.00
454	-1.55	2.80	1.41	4.00
455	-1.56	2.80	1.41	4.00
456	-1.55	2.80	1.41	4.00
457	-1.55	2.80	1.41	4.00
458	-1.55	2.80	1.41	4.00
459	-1.56	2.79	1.41	4.00
460	-1.55	2.80	1.41	4.00
461	-1.55	2.80	1.41	4.00
462	-1.56	2.80	1.41	4.00
463	-1.56	2.79	1.41	4.00
464	-1.56	2.80	1.40	4.00
465	-1.57	2.81	1.39	4.00
466	-1.58	2.81	1.39	4.00
467	-1.59	2.82	1.38	4.00
468	-1.59	2.82	1.39	4.00
469	-1.59	2.82	1.39	4.00
470	-1.59	2.83	1.40	4.00
471	-1.59	2.83	1.40	4.00
472	-1.59	2.83	1.40	4.00
473	-1.59	2.83	1.40	4.00
474	-1.59	2.83	1.40	4.00
475	-1.59	2.83	1.40	4.00
476	-1.59	2.83	1.40	4.00
477	-1.59	2.83	1.39	4.00
478	-1.59	2.83	1.41	4.00
479	-1.59	2.83	1.42	4.00
480	-1.59	2.84	1.42	4.00
481	-1.59	2.84	1.42	4.00
482	-1.59	2.84	1.42	4.00
483	-1.59	2.84	1.42	2.00
484	-1.59	2.84	1.42	2.00
485	-1.59	2.84	1.43	2.00
486	-1.58	2.84	1.44	2.00
487	-1.58	2.84	1.44	2.00
488	-1.57	2.84	1.45	2.00
489	-1.57	2.84	1.46	1.00
490	-1.56	2.83	1.46	1.00
491	-1.55	2.83	1.46	1.00
492	-1.55	2.83	1.47	1.00
493	-1.55	2.83	1.48	1.00
494	-1.54	2.82	1.47	1.00
495	-1.54	2.82	1.47	1.00
496	-1.53	2.81	1.48	1.00
497	-1.52	2.81	1.48	4.00
498	-1.51	2.80	1.49	4.00
499	-1.50	2.79	1.49	4.00
500	-1.50	2.79	1.50	4.00
501	-1.50	2.78	1.51	1.00
502	-1.50	2.78	1.51	1.00
503	-1.50	2.77	1.51	1.00
504	-1.49	2.77	1.51	1.00
505	-1.48	2.76	1.51	4.00
506	-1.48	2.75	1.51	4.00
507	-1.47	2.75	1.51	4.00
508	-1.47	2.74	1.50	4.00
509	-1.47	2.74	1.50	4.00
510	-1.46	2.74	1.49	4.00
511	-1.45	2.75	1.47	4.00
512	-1.45	2.76	1.47	4.00
513	-1.44	2.77	1.46	1.00
514	-1.44	2.78	1.46	1.00
515	-1.44	2.79	1.46	4.00
516	-1.44	2.79	1.45	4.00
517	-1.44	2.79	1.45	2.00
518	-1.44	2.80	1.44	2.00
519	-1.44	2.80	1.44	2.00
520	-1.44	2.81	1.44	2.00
521	-1.43	2.81	1.43	2.00
522	-1.43	2.82	1.43	2.00
523	-1.43	2.82	1.42	2.00
524	-1.42	2.82	1.42	2.00
525	-1.42	2.81	1.42	2.00
526	-1.41	2.81	1.42	2.00
527	-1.40	2.81	1.42	2.00
528	-1.40	2.81	1.42	2.00
529	-1.39	2.81	1.43	1.00
530	-1.39	2.81	1.43	1.00
531	-1.38	2.81	1.43	1.00
532	-1.38	2.81	1.43	1.00
533	-1.38	2.81	1.44	1.00
534	-1.38	2.81	1.45	1.00
535	-1.37	2.81	1.45	1.00
536	-1.37	2.81	1.45	1.00
537	-1.36	2.81	1.46	1.00
538	-1.36	2.81	1.46	1.00
539	-1.36	2.81	1.46	1.00
540	-1.36	2.81	1.46	1.00
541	-1.36	2.81	1.46	1.00
542	-1.36	2.81	1.46	1.00
543	-1.36	2.81	1.46	1.00
544	-1.36	2.80	1.45	1.00
545	-1.37	2.80	1.44	1.00
546	-1.37	2.80	1.43	1.00
547	-1.38	2.80	1.42	4.00
548	-1.38	2.81	1.41	4.00
549	-1.38	2.82	1.40	2.00
550	-1.39	2.82	1.40	2.00
551	-1.40	2.83	1.39	2.00
552	-1.40	2.84	1.39	2.00
553	-1.41	2.84	1.40	2.00
554	-1.41	2.85	1.40	2.00
555	-1.42	2.85	1.40	2.00
556	-1.42	2.86	1.40	2.00
557	-1.42	2.86	1.40	2.00
558	-1.42	2.86	1.40	2.00
559	-1.42	2.86	1.41	2.00
560	-1.42	2.87	1.41	2.00
561	-1.42	2.87	1.41	4.00
562	-1.42	2.87	1.42	4.00
563	-1.42	2.87	1.42	4.00
564	-1.43	2.88	1.42	4.00
565	-1.43	2.89	1.42	4.00
566	-1.44	2.89	1.42	4.00
567	-1.45	2.90	1.41	4.00
568	-1.45	2.89	1.41	4.00
569	-1.44	2.89	1.41	4.00
570	-1.45	2.89	1.41	4.00
571	-1.45	2.89	1.42	4.00
572	-1.44	2.90	1.42	4.00
573	-1.44	2.90	1.42	4.00
574	-1.44	2.90	1.42	4.00
575	-1.45	2.90	1.42	4.00
576	-1.45	2.89	1.42	4.00
577	-1.46	2.89	1.42	4.00
578	-1.47	2.88	1.43	4.00
579	-1.48	2.88	1.44	4.00
580	-1.48	2.89	1.44	4.00
581	-1.48	2.89	1.44	4.00
582	-1.48	2.88	1.44	4.00
583	-1.49	2.88	1.45	4.00
584	-1.50	2.89	1.46	4.00
585	-1.50	2.89	1.47	4.00
586	-1.51	2.90	1.46	4.00
587	-1.53	2.90	1.46	4.00
588	-1.53	2.90	1.46	4.00
589	-1.54	2.90	1.46	4.00
590	-1.53	2.90	1.46	4.00
591	-1.53	2.90	1.46	4.00
592	-1.54	2.89	1.46	4.00
593	-1.55	2.89	1.47	4.00
594	-1.56	2.88	1.47	4.00
595	-1.57	2.87	1.48	4.00
596	-1.57	2.88	1.47	4.00
597	-1.58	2.89	1.46	4.00
598	-1.59	2.89	1.45	4.00
599	-1.59	2.90	1.44	4.00
600	-1.60	2.91	1.44	4.00
601	-1.60	2.91	1.43	4.00
602	-1.61	2.92	1.43	4.00
603	-1.62	2.93	1.43	4.00
604	-1.63	2.93	1.43	4.00
605	-1.64	2.93	1.43	4.00
606	-1.63	2.93	1.41	4.00
607	-1.63	2.93	1.39	4.00
608	-1.64	2.94	1.39	4.00
609	-1.65	2.94	1.39	4.00
610	-1.65	2.94	1.39	4.00
611	-1.65	2.94	1.39	4.00
612	-1.64	2.95	1.38	4.00
613	-1.64	2.95	1.38	4.00
614	-1.64	2.95	1.39	4.00
615	-1.64	2.94	1.39	4.00
616	-1.63	2.95	1.40	4.00
617	-1.63	2.95	1.40	4.00
618	-1.63	2.94	1.40	4.00
619	-1.63	2.94	1.41	4.00
620	-1.63	2.94	1.40	4.00
621	-1.63	2.94	1.40	4.00
622	-1.63	2.93	1.40	4.00
623	-1.63	2.93	1.39	4.00
624	-1.63	2.93	1.39	4.00
625	-1.62	2.93	1.39	4.00
626	-1.62	2.93	1.39	4.00
627	-1.61	2.93	1.39	4.00
628	-1.61	2.92	1.39	4.00
629	-1.61	2.92	1.40	4.00
630	-1.61	2.92	1.39	4.00
631	-1.61	2.92	1.39	4.00
632	-1.61	2.93	1.39	4.00
633	-1.60	2.93	1.38	4.00
634	-1.60	2.93	1.38	4.00
635	-1.60	2.92	1.39	4.00
