Total frames 689
Number of Targets 17
Target 1 (frames from 1 to 187)
Bounding Boxes (frame, x, y, width, height)
1	149	139	64	128
2	149	139	64	128
3	149	138	64	129
4	149	138	64	129
5	149	138	64	129
6	149	138	64	129
7	149	137	65	130
8	149	137	65	130
9	149	137	65	130
10	149	137	65	130
11	149	136	65	130
12	149	136	65	130
13	149	136	65	131
14	149	136	65	131
15	149	136	65	131
16	148	135	65	131
17	148	135	66	132
18	148	135	66	132
19	148	134	66	132
20	147	134	66	132
21	147	134	66	132
22	147	134	66	132
23	147	134	66	132
24	147	134	65	131
25	147	134	65	131
26	147	134	65	131
27	147	134	65	131
28	148	134	65	131
29	148	134	65	131
30	148	134	65	131
31	148	134	65	131
32	148	134	65	131
33	149	134	65	131
34	149	133	65	131
35	149	133	65	131
36	149	133	65	131
37	149	133	65	131
38	150	132	65	131
39	150	132	65	131
40	150	133	65	131
41	150	133	65	131
42	150	133	65	131
43	150	133	65	131
44	150	133	65	131
45	150	133	65	131
46	150	133	65	131
47	149	133	65	131
48	149	133	65	131
49	150	133	65	131
50	150	133	65	131
51	150	133	65	131
52	150	133	65	131
53	150	133	65	131
54	150	133	65	130
55	150	133	65	130
56	150	133	65	130
57	150	133	64	129
58	150	134	64	129
59	150	134	64	129
60	150	134	64	128
61	150	134	64	128
62	150	134	64	128
63	150	135	63	127
64	150	135	63	127
65	150	135	63	127
66	150	135	63	126
67	150	135	63	126
68	150	135	63	126
69	150	135	63	126
70	150	135	63	126
71	150	135	62	125
72	150	135	62	125
73	150	135	62	125
74	149	136	62	125
75	149	136	62	124
76	149	136	62	124
77	149	136	62	124
78	149	136	62	124
79	149	136	62	124
80	149	136	62	124
81	148	136	62	124
82	148	136	62	124
83	148	136	62	124
84	148	136	62	124
85	148	136	62	125
86	148	136	62	125
87	148	135	62	125
88	148	135	62	125
89	149	135	62	125
90	149	135	62	125
91	150	135	62	124
92	150	135	62	124
93	151	135	62	124
94	152	135	62	124
95	152	135	62	124
96	152	135	62	124
97	153	135	62	124
98	153	135	62	125
99	153	135	62	125
100	153	135	62	125
101	153	135	62	125
102	152	135	62	125
103	152	135	62	125
104	151	136	62	125
105	151	136	62	125
106	150	136	62	125
107	150	136	62	125
108	149	137	62	124
109	149	137	62	124
110	149	137	62	124
111	148	137	61	123
112	148	138	61	123
113	148	138	61	122
114	148	138	61	122
115	148	138	61	122
116	149	138	61	122
117	149	137	61	122
118	149	137	61	122
119	149	137	61	122
120	150	136	61	122
121	150	136	61	122
122	150	136	61	122
123	150	135	61	122
124	151	135	61	122
125	151	134	61	122
126	152	134	61	122
127	152	134	61	122
128	153	134	61	122
129	153	134	61	122
130	154	134	61	122
131	155	134	61	122
132	155	134	61	123
133	156	134	61	123
134	157	134	61	123
135	158	133	61	123
136	159	133	62	124
137	159	133	62	124
138	160	132	62	124
139	161	132	62	125
140	161	131	62	125
141	162	131	62	125
142	163	130	62	125
143	163	130	63	126
144	164	130	63	126
145	164	129	63	126
146	164	129	63	127
147	164	128	63	127
148	165	128	63	127
149	165	128	63	127
150	165	128	63	127
151	165	128	63	127
152	165	128	63	127
153	165	128	63	127
154	166	129	63	127
155	166	129	63	127
156	166	129	63	126
157	166	130	63	126
158	166	130	62	125
159	166	131	62	125
160	166	131	62	125
161	166	132	61	123
162	166	133	61	122
163	166	134	60	120
164	166	136	58	117
165	166	138	57	115
166	166	140	56	112
167	166	142	54	109
168	166	144	53	106
169	166	145	51	103
170	165	146	50	101
171	165	147	50	100
172	164	147	50	100
173	163	146	50	100
174	162	145	50	101
175	161	144	51	103
176	160	142	52	105
177	159	140	53	107
178	158	138	55	110
179	157	137	55	111
180	155	135	56	113
181	154	134	57	114
182	153	133	58	116
183	152	132	58	117
184	151	131	59	118
185	149	130	60	120
186	148	129	60	121
187	147	128	61	122
3D Trajetory (frame, x, z, height, pose)
1	-2.57	7.02	1.79	4.00
2	-2.54	6.94	1.79	4.00
3	-2.50	6.87	1.79	2.00
4	-2.51	6.89	1.80	2.00
5	-2.53	6.90	1.81	2.00
6	-2.53	6.91	1.81	2.00
7	-2.54	6.92	1.80	2.00
8	-2.55	6.92	1.80	2.00
9	-2.56	6.93	1.80	2.00
10	-2.56	6.92	1.80	2.00
11	-2.56	6.91	1.81	4.00
12	-2.56	6.89	1.81	4.00
13	-2.56	6.86	1.82	4.00
14	-2.55	6.85	1.82	4.00
15	-2.55	6.84	1.82	4.00
16	-2.56	6.84	1.82	4.00
17	-2.57	6.84	1.82	4.00
18	-2.58	6.84	1.82	4.00
19	-2.58	6.85	1.82	2.00
20	-2.58	6.85	1.82	2.00
21	-2.58	6.86	1.82	2.00
22	-2.58	6.86	1.82	2.00
23	-2.59	6.86	1.83	4.00
24	-2.58	6.86	1.83	4.00
25	-2.58	6.87	1.82	4.00
26	-2.58	6.87	1.82	4.00
27	-2.57	6.87	1.82	4.00
28	-2.58	6.87	1.82	4.00
29	-2.58	6.87	1.81	4.00
30	-2.58	6.87	1.81	4.00
31	-2.59	6.87	1.81	4.00
32	-2.59	6.87	1.82	4.00
33	-2.59	6.87	1.83	4.00
34	-2.60	6.88	1.83	4.00
35	-2.60	6.88	1.83	4.00
36	-2.60	6.89	1.83	4.00
37	-2.60	6.89	1.82	4.00
38	-2.61	6.89	1.82	4.00
39	-2.61	6.89	1.82	4.00
40	-2.61	6.88	1.82	4.00
41	-2.61	6.88	1.83	4.00
42	-2.61	6.87	1.83	4.00
43	-2.61	6.87	1.83	4.00
44	-2.61	6.86	1.83	4.00
45	-2.62	6.86	1.82	4.00
46	-2.62	6.86	1.83	4.00
47	-2.62	6.86	1.83	2.00
48	-2.62	6.86	1.83	2.00
49	-2.62	6.86	1.83	2.00
50	-2.61	6.86	1.82	2.00
51	-2.61	6.86	1.82	2.00
52	-2.61	6.86	1.82	2.00
53	-2.61	6.86	1.81	2.00
54	-2.61	6.86	1.81	2.00
55	-2.62	6.86	1.81	2.00
56	-2.62	6.86	1.81	2.00
57	-2.63	6.87	1.81	2.00
58	-2.63	6.88	1.80	2.00
59	-2.63	6.88	1.80	2.00
60	-2.63	6.89	1.79	2.00
61	-2.63	6.89	1.79	2.00
62	-2.64	6.91	1.78	2.00
63	-2.64	6.92	1.78	2.00
64	-2.64	6.92	1.78	2.00
65	-2.63	6.93	1.78	2.00
66	-2.64	6.93	1.78	2.00
67	-2.64	6.94	1.78	2.00
68	-2.65	6.95	1.78	2.00
69	-2.65	6.96	1.77	2.00
70	-2.66	6.96	1.77	2.00
71	-2.66	6.97	1.77	2.00
72	-2.66	6.98	1.77	2.00
73	-2.66	6.98	1.77	2.00
74	-2.66	6.99	1.77	2.00
75	-2.66	7.00	1.76	2.00
76	-2.66	7.00	1.76	2.00
77	-2.65	7.00	1.77	2.00
78	-2.65	7.01	1.76	2.00
79	-2.66	7.01	1.75	2.00
80	-2.65	7.02	1.76	2.00
81	-2.65	7.02	1.76	2.00
82	-2.65	7.03	1.76	2.00
83	-2.65	7.03	1.76	2.00
84	-2.65	7.04	1.77	2.00
85	-2.65	7.05	1.77	2.00
86	-2.65	7.06	1.78	2.00
87	-2.65	7.07	1.79	2.00
88	-2.65	7.08	1.79	2.00
89	-2.65	7.10	1.79	2.00
90	-2.65	7.11	1.79	2.00
91	-2.65	7.12	1.79	2.00
92	-2.66	7.13	1.79	2.00
93	-2.66	7.14	1.78	2.00
94	-2.65	7.11	1.78	2.00
95	-2.64	7.09	1.78	2.00
96	-2.64	7.09	1.78	2.00
97	-2.64	7.09	1.79	2.00
98	-2.64	7.09	1.79	2.00
99	-2.65	7.09	1.79	2.00
100	-2.65	7.07	1.79	2.00
101	-2.65	7.06	1.79	2.00
102	-2.65	7.05	1.79	2.00
103	-2.65	7.05	1.78	2.00
104	-2.65	7.04	1.78	2.00
105	-2.66	7.03	1.78	2.00
106	-2.66	7.04	1.78	2.00
107	-2.67	7.05	1.78	2.00
108	-2.67	7.05	1.77	2.00
109	-2.68	7.05	1.77	2.00
110	-2.69	7.05	1.76	2.00
111	-2.69	7.06	1.76	2.00
112	-2.69	7.07	1.75	2.00
113	-2.69	7.08	1.75	2.00
114	-2.70	7.09	1.75	2.00
115	-2.70	7.10	1.75	2.00
116	-2.70	7.10	1.75	2.00
117	-2.70	7.10	1.75	2.00
118	-2.70	7.10	1.74	2.00
119	-2.70	7.11	1.74	2.00
120	-2.69	7.11	1.75	2.00
121	-2.69	7.12	1.76	2.00
122	-2.69	7.12	1.76	2.00
123	-2.68	7.13	1.76	2.00
124	-2.68	7.13	1.76	2.00
125	-2.67	7.13	1.76	2.00
126	-2.66	7.14	1.76	2.00
127	-2.66	7.15	1.75	2.00
128	-2.65	7.14	1.76	2.00
129	-2.65	7.13	1.76	2.00
130	-2.63	7.14	1.77	2.00
131	-2.62	7.15	1.77	2.00
132	-2.61	7.15	1.77	2.00
133	-2.60	7.16	1.77	2.00
134	-2.59	7.16	1.78	2.00
135	-2.58	7.17	1.79	2.00
136	-2.57	7.17	1.80	2.00
137	-2.56	7.18	1.80	2.00
138	-2.55	7.19	1.81	2.00
139	-2.55	7.20	1.81	2.00
140	-2.54	7.21	1.82	2.00
141	-2.53	7.21	1.82	2.00
142	-2.53	7.21	1.84	2.00
143	-2.53	7.20	1.85	2.00
144	-2.53	7.21	1.84	2.00
145	-2.53	7.22	1.84	2.00
146	-2.52	7.21	1.85	2.00
147	-2.52	7.21	1.85	2.00
148	-2.52	7.21	1.86	2.00
149	-2.52	7.20	1.86	2.00
150	-2.52	7.21	1.86	2.00
151	-2.51	7.21	1.86	2.00
152	-2.51	7.21	1.86	2.00
153	-2.51	7.22	1.86	4.00
154	-2.51	7.22	1.86	4.00
155	-2.52	7.23	1.86	4.00
156	-2.52	7.23	1.85	4.00
157	-2.51	7.24	1.84	4.00
158	-2.52	7.25	1.83	4.00
159	-2.52	7.25	1.82	2.00
160	-2.53	7.26	1.81	2.00
161	-2.53	7.27	1.81	1.00
162	-2.54	7.28	1.80	1.00
163	-2.55	7.28	1.79	1.00
164	-2.55	7.31	1.78	1.00
165	-2.56	7.33	1.77	1.00
166	-2.61	7.42	1.72	1.00
167	-2.66	7.51	1.68	1.00
168	-2.72	7.63	1.61	1.00
169	-2.78	7.74	1.54	1.00
170	-2.80	7.79	1.55	1.00
171	-2.81	7.84	1.55	1.00
172	-2.83	7.87	1.56	1.00
173	-2.84	7.91	1.57	1.00
174	-2.86	7.89	1.60	1.00
175	-2.88	7.88	1.64	1.00
176	-2.87	7.83	1.69	1.00
177	-2.87	7.78	1.74	1.00
178	-2.88	7.76	1.76	1.00
179	-2.89	7.75	1.78	1.00
180	-2.90	7.73	1.79	1.00
181	-2.91	7.72	1.80	1.00
182	-2.92	7.71	1.82	1.00
183	-2.93	7.71	1.84	1.00
184	-2.94	7.70	1.85	1.00
185	-2.95	7.70	1.87	1.00
186	-2.97	7.70	1.88	1.00
187	-2.99	7.70	1.89	1.00
Target 2 (frames from 1 to 185)
Bounding Boxes (frame, x, y, width, height)
1	340	143	40	80
2	340	143	41	82
3	339	142	42	84
4	339	142	43	86
5	338	141	43	87
6	337	140	44	89
7	337	140	45	90
8	336	139	45	91
9	336	139	46	92
10	335	138	46	93
11	334	138	47	94
12	334	138	47	94
13	333	137	47	95
14	332	137	48	96
15	332	136	48	96
16	331	136	48	96
17	331	136	48	96
18	331	135	48	96
19	330	135	48	96
20	330	135	48	96
21	329	134	48	96
22	329	134	48	96
23	328	134	48	96
24	328	134	48	96
25	327	134	48	96
26	327	134	48	96
27	327	134	48	96
28	326	134	48	96
29	326	134	48	96
30	326	134	48	96
31	326	134	48	96
32	326	134	48	96
33	327	134	48	96
34	327	134	48	96
35	327	134	48	96
36	328	133	48	97
37	328	133	48	97
38	329	133	48	97
39	329	133	48	97
40	330	133	49	98
41	330	133	49	98
42	331	133	49	99
43	331	133	49	99
44	331	132	50	100
45	331	132	50	100
46	331	132	50	101
47	331	132	50	101
48	331	132	51	102
49	332	131	51	103
50	332	131	51	103
51	332	131	52	104
52	332	131	52	104
53	332	130	52	105
54	332	130	52	105
55	332	130	53	106
56	332	129	53	107
57	331	129	53	107
58	331	129	53	107
59	331	129	54	108
60	331	129	54	108
61	331	129	54	108
62	331	129	54	108
63	331	129	54	108
64	331	130	54	108
65	331	130	54	108
66	331	130	54	108
67	331	130	54	108
68	331	130	54	108
69	331	130	54	108
70	331	130	54	108
71	331	130	54	108
72	331	130	54	109
73	331	130	54	109
74	331	130	54	109
75	330	130	55	110
76	330	130	55	110
77	329	130	55	111
78	328	129	56	112
79	327	129	56	112
80	327	129	56	113
81	326	129	57	114
82	325	129	57	114
83	324	129	57	115
84	324	129	58	116
85	323	129	58	117
86	323	129	58	117
87	323	128	59	118
88	323	128	59	119
89	323	128	59	119
90	323	128	59	119
91	324	128	60	120
92	324	129	60	120
93	325	129	60	120
94	326	129	60	120
95	327	129	60	120
96	328	129	60	120
97	328	129	60	120
98	329	129	60	120
99	330	130	60	121
100	330	130	60	121
101	330	130	60	121
102	331	130	61	122
103	331	130	61	122
104	331	130	61	123
105	331	130	62	124
106	331	129	62	124
107	331	129	62	125
108	331	129	62	125
109	331	129	63	126
110	331	129	63	127
111	331	128	63	127
112	331	128	64	128
113	331	127	64	129
114	331	127	65	130
115	331	126	65	131
116	331	126	65	131
117	331	125	66	132
118	331	125	66	133
119	331	124	67	134
120	331	123	67	135
121	331	123	68	136
122	331	122	68	136
123	331	122	68	137
124	331	122	68	137
125	332	122	69	138
126	333	122	69	138
127	334	122	69	138
128	335	122	69	138
129	336	123	69	138
130	337	123	69	138
131	338	124	69	138
132	339	125	69	138
133	341	125	69	138
134	342	126	69	138
135	342	126	69	139
136	343	126	70	140
137	344	126	70	141
138	344	125	71	142
139	345	125	71	143
140	346	124	72	144
141	347	124	72	145
142	348	123	73	147
143	350	122	74	148
144	351	121	74	149
145	352	121	75	151
146	354	120	76	152
147	355	120	76	153
148	357	120	76	153
149	358	120	77	154
150	359	120	77	155
151	361	120	78	156
152	363	120	78	157
153	364	120	79	158
154	366	119	79	159
155	368	119	79	159
156	370	119	80	160
157	372	119	80	161
158	374	119	81	162
159	376	119	81	163
160	378	119	82	164
161	380	119	83	166
162	382	118	83	167
163	384	118	84	168
164	386	118	84	169
165	388	117	84	169
166	390	117	85	170
167	392	117	85	171
168	394	118	85	171
169	395	118	85	171
170	397	118	86	172
171	399	118	86	172
172	401	118	86	173
173	402	119	86	173
174	404	119	87	174
175	406	119	87	174
176	409	119	87	175
177	411	120	88	176
178	413	120	88	176
179	415	120	88	176
180	417	121	88	177
181	420	121	88	177
182	422	122	88	177
183	424	122	89	178
184	427	123	89	178
185	429	123	89	178
3D Trajetory (frame, x, z, height, pose)
1	-0.11	11.55	1.85	2.00
2	-0.08	11.38	1.89	2.00
3	-0.06	11.20	1.92	2.00
4	-0.07	11.10	1.92	2.00
5	-0.08	11.00	1.92	2.00
6	-0.08	10.79	1.91	2.00
7	-0.09	10.58	1.90	2.00
8	-0.12	10.44	1.90	2.00
9	-0.14	10.30	1.91	2.00
10	-0.16	10.19	1.91	2.00
11	-0.19	10.08	1.92	2.00
12	-0.20	10.10	1.93	2.00
13	-0.20	10.11	1.94	2.00
14	-0.21	10.13	1.94	2.00
15	-0.23	10.15	1.95	2.00
16	-0.24	10.15	1.95	2.00
17	-0.26	10.16	1.96	2.00
18	-0.27	10.16	1.96	2.00
19	-0.27	10.16	1.97	2.00
20	-0.28	10.15	1.97	2.00
21	-0.28	10.15	1.98	2.00
22	-0.29	10.17	1.97	2.00
23	-0.30	10.18	1.96	2.00
24	-0.31	10.18	1.96	2.00
25	-0.33	10.18	1.97	1.00
26	-0.33	10.19	1.97	1.00
27	-0.34	10.20	1.97	1.00
28	-0.35	10.20	1.97	1.00
29	-0.35	10.21	1.97	1.00
30	-0.35	10.21	1.97	1.00
31	-0.35	10.22	1.97	1.00
32	-0.36	10.20	1.97	1.00
33	-0.37	10.18	1.97	1.00
34	-0.36	10.16	1.97	1.00
35	-0.36	10.13	1.97	1.00
36	-0.35	10.11	1.97	1.00
37	-0.35	10.10	1.96	1.00
38	-0.34	10.06	1.96	1.00
39	-0.33	10.03	1.96	1.00
40	-0.33	10.00	1.97	1.00
41	-0.32	9.97	1.97	2.00
42	-0.31	9.94	1.98	2.00
43	-0.31	9.91	1.98	2.00
44	-0.30	9.88	1.99	2.00
45	-0.29	9.86	1.99	2.00
46	-0.28	9.82	1.99	2.00
47	-0.27	9.79	2.00	2.00
48	-0.27	9.75	2.00	2.00
49	-0.26	9.71	2.00	2.00
50	-0.26	9.66	2.00	2.00
51	-0.26	9.62	2.01	2.00
52	-0.26	9.55	2.01	2.00
53	-0.26	9.49	2.01	2.00
54	-0.25	9.42	2.00	2.00
55	-0.24	9.35	1.99	2.00
56	-0.24	9.30	1.99	2.00
57	-0.23	9.25	1.99	2.00
58	-0.23	9.21	1.99	2.00
59	-0.23	9.17	1.99	2.00
60	-0.23	9.14	1.99	2.00
61	-0.24	9.11	1.98	1.00
62	-0.24	9.08	1.98	1.00
63	-0.24	9.06	1.97	2.00
64	-0.24	9.07	1.97	2.00
65	-0.24	9.08	1.96	2.00
66	-0.23	9.07	1.96	2.00
67	-0.22	9.05	1.96	2.00
68	-0.22	9.03	1.96	2.00
69	-0.21	9.01	1.96	2.00
70	-0.21	8.98	1.95	2.00
71	-0.20	8.95	1.94	2.00
72	-0.20	8.89	1.94	2.00
73	-0.20	8.83	1.95	2.00
74	-0.20	8.77	1.94	2.00
75	-0.20	8.72	1.94	2.00
76	-0.20	8.70	1.93	2.00
77	-0.20	8.68	1.93	2.00
78	-0.20	8.63	1.93	2.00
79	-0.20	8.57	1.94	2.00
80	-0.21	8.52	1.94	2.00
81	-0.23	8.47	1.94	2.00
82	-0.22	8.43	1.94	2.00
83	-0.22	8.39	1.95	2.00
84	-0.22	8.33	1.94	2.00
85	-0.22	8.28	1.94	2.00
86	-0.21	8.23	1.94	2.00
87	-0.21	8.18	1.94	2.00
88	-0.21	8.13	1.94	2.00
89	-0.21	8.09	1.94	1.00
90	-0.20	8.07	1.94	1.00
91	-0.20	8.04	1.93	1.00
92	-0.19	8.00	1.93	1.00
93	-0.19	7.96	1.94	1.00
94	-0.19	7.96	1.93	1.00
95	-0.18	7.97	1.92	2.00
96	-0.17	7.95	1.91	2.00
97	-0.17	7.92	1.90	2.00
98	-0.16	7.90	1.90	2.00
99	-0.15	7.87	1.90	2.00
100	-0.14	7.83	1.90	2.00
101	-0.14	7.80	1.90	2.00
102	-0.13	7.77	1.91	2.00
103	-0.13	7.74	1.91	2.00
104	-0.12	7.71	1.91	2.00
105	-0.11	7.67	1.91	2.00
106	-0.11	7.64	1.91	2.00
107	-0.10	7.60	1.90	2.00
108	-0.09	7.56	1.91	2.00
109	-0.09	7.53	1.91	2.00
110	-0.09	7.49	1.91	2.00
111	-0.09	7.46	1.90	2.00
112	-0.08	7.42	1.91	2.00
113	-0.07	7.39	1.91	2.00
114	-0.07	7.35	1.92	2.00
115	-0.06	7.31	1.92	2.00
116	-0.06	7.28	1.93	2.00
117	-0.06	7.25	1.94	2.00
118	-0.05	7.21	1.93	2.00
119	-0.04	7.18	1.93	2.00
120	-0.04	7.15	1.93	2.00
121	-0.05	7.11	1.94	2.00
122	-0.04	7.08	1.93	2.00
123	-0.03	7.04	1.93	1.00
124	-0.04	7.00	1.93	1.00
125	-0.04	6.97	1.93	1.00
126	-0.02	6.93	1.93	1.00
127	-0.01	6.89	1.93	1.00
128	0.02	6.85	1.91	1.00
129	0.05	6.82	1.90	2.00
130	0.07	6.81	1.89	2.00
131	0.09	6.81	1.88	2.00
132	0.10	6.77	1.87	2.00
133	0.11	6.74	1.87	2.00
134	0.12	6.71	1.86	2.00
135	0.14	6.67	1.86	2.00
136	0.14	6.64	1.85	2.00
137	0.14	6.60	1.85	2.00
138	0.15	6.55	1.86	2.00
139	0.16	6.50	1.87	2.00
140	0.18	6.46	1.88	2.00
141	0.20	6.42	1.88	2.00
142	0.22	6.37	1.89	2.00
143	0.23	6.33	1.90	2.00
144	0.25	6.30	1.89	2.00
145	0.26	6.27	1.89	1.00
146	0.28	6.23	1.89	1.00
147	0.30	6.20	1.89	1.00
148	0.32	6.15	1.90	1.00
149	0.34	6.11	1.90	1.00
150	0.36	6.07	1.90	1.00
151	0.37	6.04	1.90	1.00
152	0.39	6.00	1.89	1.00
153	0.40	5.96	1.88	1.00
154	0.42	5.93	1.88	1.00
155	0.44	5.89	1.88	1.00
156	0.47	5.85	1.88	1.00
157	0.49	5.82	1.88	1.00
158	0.52	5.78	1.88	1.00
159	0.54	5.74	1.88	1.00
160	0.56	5.69	1.88	1.00
161	0.59	5.64	1.88	1.00
162	0.61	5.59	1.87	1.00
163	0.64	5.55	1.87	1.00
164	0.65	5.51	1.87	1.00
165	0.67	5.48	1.87	1.00
166	0.69	5.45	1.86	1.00
167	0.71	5.43	1.86	1.00
168	0.73	5.40	1.85	1.00
169	0.75	5.36	1.85	1.00
170	0.77	5.34	1.84	1.00
171	0.79	5.31	1.83	1.00
172	0.81	5.28	1.82	1.00
173	0.83	5.26	1.82	1.00
174	0.84	5.22	1.82	1.00
175	0.85	5.19	1.81	1.00
176	0.87	5.16	1.82	1.00
177	0.88	5.14	1.82	3.00
178	0.91	5.12	1.81	3.00
179	0.94	5.11	1.80	3.00
180	0.95	5.07	1.81	3.00
181	0.96	5.03	1.81	3.00
182	0.98	5.02	1.80	3.00
183	1.00	5.02	1.79	3.00
184	1.01	5.00	1.77	3.00
185	1.02	4.99	1.76	3.00
Target 3 (frames from 3 to 53)
Bounding Boxes (frame, x, y, width, height)
3	304	141	45	90
4	304	141	45	90
5	304	140	45	90
6	305	140	45	90
7	305	140	45	90
8	305	140	45	90
9	305	140	45	90
10	305	140	45	90
11	305	140	45	90
12	305	140	45	90
13	305	140	44	89
14	305	140	44	89
15	305	140	44	89
16	305	140	44	88
17	304	139	44	88
18	304	139	44	89
19	304	139	44	89
20	303	138	44	89
21	303	138	44	89
22	302	137	44	89
23	302	137	45	90
24	301	137	45	90
25	301	137	45	90
26	300	137	45	90
27	300	136	45	90
28	299	136	45	90
29	299	136	45	90
30	298	136	45	90
31	298	136	45	90
32	298	136	45	91
33	298	136	45	91
34	298	135	45	91
35	298	135	45	91
36	298	134	46	92
37	298	134	46	92
38	298	133	46	93
39	299	133	46	93
40	299	132	47	94
41	299	131	48	96
42	300	130	48	97
43	300	129	49	98
44	300	129	49	99
45	300	128	50	100
46	300	127	51	102
47	299	126	51	103
48	299	126	52	104
49	298	125	52	105
50	297	124	53	106
51	297	123	54	108
52	296	122	54	109
53	295	121	55	110
3D Trajetory (frame, x, z, height, pose)
3	-0.77	10.71	1.88	2.00
4	-0.78	10.61	1.90	2.00
5	-0.78	10.52	1.91	2.00
6	-0.78	10.44	1.92	2.00
7	-0.78	10.36	1.92	2.00
8	-0.79	10.42	1.92	2.00
9	-0.80	10.48	1.92	2.00
10	-0.81	10.53	1.91	2.00
11	-0.82	10.58	1.91	2.00
12	-0.83	10.60	1.90	2.00
13	-0.84	10.61	1.90	2.00
14	-0.85	10.65	1.90	2.00
15	-0.86	10.69	1.90	2.00
16	-0.87	10.70	1.90	2.00
17	-0.88	10.71	1.91	2.00
18	-0.89	10.71	1.91	2.00
19	-0.90	10.71	1.91	2.00
20	-0.90	10.71	1.92	2.00
21	-0.90	10.70	1.93	2.00
22	-0.91	10.71	1.93	2.00
23	-0.91	10.71	1.93	2.00
24	-0.92	10.70	1.94	2.00
25	-0.93	10.69	1.94	2.00
26	-0.95	10.70	1.94	2.00
27	-0.96	10.70	1.94	2.00
28	-0.97	10.69	1.94	2.00
29	-0.98	10.68	1.94	2.00
30	-0.99	10.68	1.94	2.00
31	-1.00	10.68	1.95	2.00
32	-1.02	10.68	1.95	2.00
33	-1.03	10.67	1.96	2.00
34	-1.03	10.67	1.96	2.00
35	-1.03	10.67	1.96	2.00
36	-1.04	10.65	1.97	2.00
37	-1.04	10.63	1.98	2.00
38	-1.04	10.62	1.98	2.00
39	-1.04	10.60	1.99	2.00
40	-1.02	10.58	2.01	2.00
41	-1.01	10.56	2.04	4.00
42	-1.00	10.54	2.05	4.00
43	-0.99	10.53	2.07	4.00
44	-0.98	10.49	2.09	4.00
45	-0.97	10.45	2.11	4.00
46	-0.93	10.36	2.14	4.00
47	-0.90	10.26	2.17	1.00
48	-0.91	10.22	2.17	1.00
49	-0.92	10.18	2.18	2.00
50	-0.95	10.14	2.18	2.00
51	-0.97	10.10	2.19	2.00
52	-0.99	10.06	2.19	2.00
53	-1.01	10.01	2.20	2.00
Target 4 (frames from 37 to 137)
Bounding Boxes (frame, x, y, width, height)
37	396	135	55	110
38	396	134	55	110
39	396	134	55	111
40	396	134	55	111
41	396	134	55	111
42	396	134	55	111
43	396	134	55	110
44	397	135	55	110
45	397	135	55	110
46	397	135	55	110
47	398	135	54	109
48	398	136	54	109
49	399	136	54	108
50	399	136	54	108
51	400	137	53	107
52	400	137	53	107
53	401	137	53	106
54	402	137	53	106
55	402	138	52	105
56	402	138	52	105
57	403	138	52	104
58	403	138	52	104
59	403	138	52	104
60	403	138	52	104
61	403	138	52	104
62	403	138	52	104
63	402	138	52	104
64	402	138	52	104
65	402	138	52	104
66	402	137	52	104
67	402	137	52	104
68	401	137	52	104
69	401	137	51	103
70	401	137	51	103
71	401	137	51	103
72	400	137	51	102
73	400	137	51	102
74	400	137	50	101
75	399	137	50	101
76	399	137	50	101
77	399	137	51	102
78	398	136	51	102
79	398	135	51	103
80	397	135	51	103
81	397	134	52	104
82	396	134	52	105
83	396	133	52	105
84	397	133	53	106
85	397	132	53	106
86	397	132	53	107
87	398	131	53	107
88	399	131	53	107
89	400	131	53	107
90	401	131	53	107
91	403	131	53	107
92	404	131	53	106
93	406	131	53	106
94	407	131	52	105
95	408	131	52	105
96	409	132	52	104
97	410	132	52	104
98	411	133	51	103
99	412	133	51	102
100	413	134	51	102
101	413	134	50	101
102	414	134	50	101
103	414	134	50	101
104	414	134	50	101
105	414	134	50	101
106	415	134	50	101
107	415	134	51	102
108	415	133	51	102
109	415	132	51	103
110	415	132	51	103
111	415	131	52	104
112	415	130	52	104
113	415	129	52	105
114	415	128	53	106
115	416	128	53	106
116	416	127	53	107
117	416	126	54	108
118	415	125	54	109
119	415	124	54	109
120	415	123	55	110
121	414	123	55	110
122	413	122	55	110
123	413	122	55	110
124	412	121	55	110
125	411	121	55	110
126	411	121	55	110
127	410	121	55	110
128	409	121	55	110
129	408	120	55	110
130	407	120	55	111
131	407	120	55	111
132	406	120	55	111
133	405	120	56	112
134	404	119	56	112
135	404	119	56	113
136	403	119	56	113
137	402	119	57	114
3D Trajetory (frame, x, z, height, pose)
37	0.90	8.49	1.86	3.00
38	0.89	8.41	1.86	3.00
39	0.89	8.33	1.85	3.00
40	0.89	8.34	1.86	3.00
41	0.89	8.34	1.87	3.00
42	0.89	8.38	1.87	3.00
43	0.89	8.42	1.87	3.00
44	0.90	8.48	1.88	3.00
45	0.90	8.53	1.88	3.00
46	0.91	8.56	1.88	3.00
47	0.91	8.58	1.88	3.00
48	0.92	8.59	1.87	3.00
49	0.93	8.59	1.87	3.00
50	0.95	8.56	1.86	3.00
51	0.96	8.53	1.84	2.00
52	0.96	8.54	1.84	2.00
53	0.97	8.54	1.83	2.00
54	0.97	8.55	1.82	2.00
55	0.98	8.56	1.81	2.00
56	0.98	8.59	1.80	2.00
57	0.99	8.62	1.80	1.00
58	0.99	8.63	1.80	1.00
59	1.00	8.65	1.80	2.00
60	1.01	8.67	1.80	2.00
61	1.01	8.69	1.81	3.00
62	1.00	8.68	1.81	3.00
63	1.00	8.68	1.81	1.00
64	0.99	8.67	1.81	1.00
65	0.99	8.67	1.82	1.00
66	1.00	8.68	1.82	1.00
67	1.00	8.68	1.82	1.00
68	0.99	8.68	1.81	1.00
69	0.99	8.68	1.81	1.00
70	0.99	8.73	1.81	1.00
71	0.99	8.77	1.81	3.00
72	0.99	8.84	1.81	3.00
73	0.99	8.92	1.82	3.00
74	0.99	8.93	1.81	3.00
75	0.99	8.95	1.81	1.00
76	0.99	8.95	1.82	1.00
77	1.00	8.96	1.82	1.00
78	1.00	8.96	1.83	1.00
79	1.00	8.96	1.83	1.00
80	1.01	8.97	1.85	1.00
81	1.01	8.98	1.87	1.00
82	1.01	8.98	1.89	1.00
83	1.02	8.98	1.91	1.00
84	1.02	8.98	1.93	1.00
85	1.01	8.99	1.95	1.00
86	1.04	9.00	1.94	1.00
87	1.07	9.02	1.93	1.00
88	1.10	9.04	1.93	1.00
89	1.13	9.07	1.93	2.00
90	1.14	9.09	1.94	2.00
91	1.16	9.11	1.95	2.00
92	1.17	9.14	1.96	2.00
93	1.19	9.17	1.96	2.00
94	1.21	9.20	1.95	2.00
95	1.23	9.23	1.95	2.00
96	1.24	9.25	1.94	2.00
97	1.25	9.28	1.93	2.00
98	1.26	9.30	1.93	2.00
99	1.27	9.33	1.92	2.00
100	1.27	9.36	1.91	2.00
101	1.28	9.40	1.90	2.00
102	1.30	9.42	1.90	2.00
103	1.32	9.45	1.90	2.00
104	1.33	9.46	1.91	2.00
105	1.34	9.47	1.92	2.00
106	1.35	9.49	1.94	2.00
107	1.35	9.51	1.95	2.00
108	1.36	9.52	1.96	2.00
109	1.37	9.53	1.97	2.00
110	1.38	9.55	1.98	2.00
111	1.39	9.56	1.99	2.00
112	1.40	9.56	1.99	2.00
113	1.41	9.56	2.00	2.00
114	1.42	9.56	2.02	2.00
115	1.42	9.57	2.04	2.00
116	1.43	9.56	2.05	2.00
117	1.43	9.56	2.07	2.00
118	1.43	9.54	2.09	2.00
119	1.42	9.53	2.10	3.00
120	1.42	9.54	2.11	3.00
121	1.41	9.54	2.12	3.00
122	1.39	9.55	2.11	3.00
123	1.38	9.55	2.11	3.00
124	1.37	9.57	2.11	3.00
125	1.36	9.58	2.11	3.00
126	1.35	9.60	2.12	3.00
127	1.34	9.61	2.12	3.00
128	1.32	9.62	2.13	3.00
129	1.31	9.64	2.14	2.00
130	1.30	9.65	2.14	2.00
131	1.29	9.65	2.15	2.00
132	1.28	9.65	2.15	2.00
133	1.26	9.64	2.16	2.00
134	1.24	9.63	2.17	2.00
135	1.22	9.62	2.19	2.00
136	1.23	9.62	2.19	2.00
137	1.24	9.62	2.19	2.00
Target 5 (frames from 63 to 189)
Bounding Boxes (frame, x, y, width, height)
63	285	136	46	93
64	284	135	47	95
65	283	134	48	96
66	283	133	49	98
67	282	133	50	100
68	281	132	50	101
69	280	131	51	103
70	279	131	52	104
71	278	130	52	105
72	277	130	53	106
73	276	130	53	107
74	276	130	53	107
75	275	130	54	108
76	274	130	54	108
77	273	130	54	109
78	272	130	54	109
79	270	131	54	109
80	269	131	54	109
81	268	131	54	109
82	266	132	54	109
83	265	132	54	109
84	263	132	54	109
85	262	132	54	109
86	260	132	54	109
87	258	132	55	110
88	257	131	55	111
89	256	131	56	112
90	255	130	56	113
91	254	130	57	114
92	254	129	57	115
93	253	129	58	116
94	253	128	58	117
95	252	128	59	118
96	252	128	59	118
97	252	128	59	119
98	252	128	59	119
99	251	129	60	120
100	251	129	60	120
101	250	129	60	120
102	250	130	60	120
103	249	130	60	121
104	248	131	60	121
105	247	131	60	121
106	246	131	61	122
107	245	132	61	122
108	243	132	61	122
109	242	132	61	122
110	241	132	61	123
111	239	133	61	123
112	238	133	61	123
113	237	133	61	123
114	236	133	61	123
115	235	134	61	123
116	233	134	61	123
117	232	134	61	123
118	231	135	61	123
119	230	136	61	122
120	229	136	60	121
121	228	137	60	120
122	226	138	59	119
123	225	139	59	118
124	224	140	59	118
125	222	141	58	117
126	221	141	58	116
127	220	142	58	116
128	218	143	57	115
129	217	143	57	115
130	215	143	57	115
131	213	143	58	116
132	212	143	58	117
133	211	143	59	118
134	209	142	60	120
135	208	141	60	121
136	207	140	61	123
137	206	139	62	124
138	205	139	62	125
139	205	138	63	127
140	204	137	64	128
141	203	136	64	129
142	202	136	65	130
143	202	135	66	132
144	201	134	66	133
145	199	134	67	134
146	198	133	67	135
147	197	133	67	135
148	196	133	68	136
149	194	133	68	137
150	193	132	69	138
151	191	132	69	139
152	190	132	70	140
153	188	131	70	141
154	187	131	71	142
155	185	131	71	143
156	184	130	72	144
157	182	130	72	144
158	181	130	72	145
159	180	130	72	145
160	179	130	73	146
161	178	130	73	147
162	176	130	74	148
163	175	130	74	148
164	173	129	74	149
165	171	129	75	150
166	169	129	75	150
167	167	128	75	151
168	165	128	76	152
169	163	128	76	152
170	161	127	76	153
171	158	127	77	154
172	156	127	77	155
173	154	126	78	156
174	152	126	78	157
175	150	126	79	158
176	148	126	79	159
177	147	125	80	160
178	145	125	81	162
179	143	124	81	163
180	142	124	82	165
181	140	123	83	166
182	138	123	83	167
183	136	123	84	169
184	134	123	85	170
185	133	122	85	171
186	131	122	86	173
187	129	122	87	174
188	127	122	87	175
189	125	122	88	177
3D Trajetory (frame, x, z, height, pose)
63	-1.25	10.10	1.87	2.00
64	-1.25	10.02	1.91	2.00
65	-1.25	9.94	1.95	2.00
66	-1.25	9.80	1.95	2.00
67	-1.24	9.66	1.95	2.00
68	-1.24	9.51	1.95	2.00
69	-1.23	9.36	1.96	2.00
70	-1.23	9.35	1.96	2.00
71	-1.23	9.34	1.95	2.00
72	-1.23	9.22	1.95	2.00
73	-1.22	9.11	1.94	2.00
74	-1.21	9.02	1.95	2.00
75	-1.20	8.93	1.95	2.00
76	-1.20	8.85	1.95	2.00
77	-1.20	8.77	1.95	2.00
78	-1.20	8.72	1.94	2.00
79	-1.20	8.67	1.92	2.00
80	-1.24	8.72	1.92	2.00
81	-1.27	8.77	1.91	2.00
82	-1.29	8.78	1.91	2.00
83	-1.31	8.79	1.91	2.00
84	-1.33	8.75	1.91	2.00
85	-1.34	8.71	1.91	2.00
86	-1.35	8.66	1.91	2.00
87	-1.37	8.61	1.91	2.00
88	-1.38	8.57	1.92	2.00
89	-1.40	8.54	1.92	2.00
90	-1.40	8.47	1.93	2.00
91	-1.41	8.41	1.94	2.00
92	-1.41	8.34	1.94	2.00
93	-1.41	8.28	1.94	2.00
94	-1.41	8.23	1.94	2.00
95	-1.42	8.19	1.94	2.00
96	-1.42	8.14	1.94	2.00
97	-1.42	8.09	1.95	2.00
98	-1.42	8.03	1.93	2.00
99	-1.41	7.98	1.92	2.00
100	-1.41	7.93	1.92	2.00
101	-1.42	7.88	1.92	2.00
102	-1.41	7.84	1.91	2.00
103	-1.40	7.81	1.90	2.00
104	-1.42	7.77	1.89	2.00
105	-1.43	7.72	1.88	2.00
106	-1.43	7.68	1.88	2.00
107	-1.44	7.64	1.88	2.00
108	-1.45	7.60	1.87	2.00
109	-1.45	7.55	1.87	2.00
110	-1.46	7.51	1.86	2.00
111	-1.47	7.46	1.85	2.00
112	-1.48	7.42	1.84	2.00
113	-1.49	7.39	1.84	2.00
114	-1.49	7.35	1.83	2.00
115	-1.50	7.32	1.81	2.00
116	-1.51	7.29	1.80	2.00
117	-1.52	7.25	1.79	2.00
118	-1.54	7.22	1.77	2.00
119	-1.56	7.20	1.76	3.00
120	-1.57	7.16	1.76	3.00
121	-1.58	7.12	1.76	3.00
122	-1.59	7.10	1.74	3.00
123	-1.60	7.07	1.73	2.00
124	-1.63	7.08	1.68	2.00
125	-1.66	7.08	1.64	1.00
126	-1.67	7.06	1.63	1.00
127	-1.68	7.04	1.62	2.00
128	-1.70	7.02	1.62	2.00
129	-1.72	6.99	1.63	3.00
130	-1.73	6.96	1.63	3.00
131	-1.75	6.94	1.63	3.00
132	-1.75	6.90	1.64	3.00
133	-1.76	6.87	1.64	3.00
134	-1.76	6.83	1.65	3.00
135	-1.77	6.80	1.66	3.00
136	-1.77	6.77	1.67	3.00
137	-1.77	6.73	1.67	2.00
138	-1.76	6.69	1.69	2.00
139	-1.76	6.65	1.70	2.00
140	-1.76	6.61	1.72	2.00
141	-1.75	6.58	1.74	2.00
142	-1.75	6.55	1.74	2.00
143	-1.75	6.51	1.74	2.00
144	-1.76	6.48	1.74	2.00
145	-1.77	6.45	1.74	2.00
146	-1.78	6.42	1.74	2.00
147	-1.79	6.39	1.74	2.00
148	-1.79	6.35	1.75	2.00
149	-1.79	6.32	1.76	2.00
150	-1.80	6.28	1.76	2.00
151	-1.81	6.25	1.76	2.00
152	-1.82	6.21	1.76	2.00
153	-1.82	6.18	1.76	2.00
154	-1.83	6.15	1.76	2.00
155	-1.84	6.12	1.76	2.00
156	-1.84	6.09	1.77	2.00
157	-1.85	6.06	1.77	2.00
158	-1.85	6.03	1.77	2.00
159	-1.86	5.99	1.77	2.00
160	-1.87	5.96	1.77	2.00
161	-1.87	5.93	1.77	2.00
162	-1.87	5.90	1.76	2.00
163	-1.87	5.88	1.76	2.00
164	-1.86	5.84	1.75	2.00
165	-1.85	5.81	1.75	2.00
166	-1.87	5.78	1.75	2.00
167	-1.89	5.75	1.76	2.00
168	-1.91	5.72	1.77	2.00
169	-1.93	5.69	1.77	2.00
170	-1.94	5.67	1.77	2.00
171	-1.96	5.65	1.77	2.00
172	-1.97	5.63	1.77	2.00
173	-1.98	5.60	1.76	2.00
174	-1.99	5.57	1.76	2.00
175	-1.99	5.54	1.76	2.00
176	-2.00	5.51	1.77	2.00
177	-2.00	5.48	1.78	2.00
178	-2.01	5.45	1.79	2.00
179	-2.02	5.42	1.79	2.00
180	-2.02	5.38	1.79	2.00
181	-2.02	5.34	1.80	2.00
182	-2.02	5.30	1.80	2.00
183	-2.03	5.25	1.81	1.00
184	-2.03	5.21	1.81	1.00
185	-2.03	5.17	1.80	2.00
186	-2.03	5.13	1.81	2.00
187	-2.03	5.08	1.81	2.00
188	-2.03	5.07	1.80	2.00
189	-2.04	5.05	1.79	2.00
Target 6 (frames from 145 to 177)
Bounding Boxes (frame, x, y, width, height)
145	309	135	38	76
146	309	135	38	77
147	308	135	39	78
148	308	135	39	78
149	308	135	39	79
150	308	134	39	79
151	308	134	40	80
152	308	134	40	80
153	308	134	40	81
154	307	134	40	81
155	307	134	41	82
156	307	134	41	82
157	307	134	41	82
158	307	134	41	83
159	306	134	41	83
160	306	134	41	83
161	306	134	42	84
162	305	134	42	84
163	305	133	42	84
164	304	133	42	85
165	303	132	42	85
166	302	131	43	86
167	301	131	43	87
168	300	130	43	87
169	300	130	44	88
170	299	129	44	88
171	298	129	44	89
172	298	128	45	90
173	297	128	45	90
174	296	128	45	91
175	296	127	46	92
176	295	127	46	92
177	295	126	46	93
3D Trajetory (frame, x, z, height, pose)
145	-1.09	13.11	2.02	2.00
146	-1.08	12.98	2.02	2.00
147	-1.07	12.85	2.03	2.00
148	-1.07	12.79	2.02	2.00
149	-1.07	12.73	2.01	2.00
150	-1.06	12.63	2.01	2.00
151	-1.06	12.53	2.01	2.00
152	-1.05	12.44	2.01	2.00
153	-1.03	12.34	2.01	2.00
154	-1.03	12.25	2.01	2.00
155	-1.03	12.16	2.01	2.00
156	-1.03	12.12	2.01	2.00
157	-1.03	12.07	2.02	2.00
158	-1.02	12.02	2.02	2.00
159	-1.02	11.98	2.02	2.00
160	-1.02	11.96	2.01	2.00
161	-1.03	11.95	2.01	2.00
162	-1.04	11.90	2.01	2.00
163	-1.06	11.85	2.01	2.00
164	-1.06	11.81	2.01	2.00
165	-1.06	11.76	2.02	2.00
166	-1.06	11.73	2.04	2.00
167	-1.06	11.70	2.05	2.00
168	-1.07	11.67	2.06	2.00
169	-1.09	11.63	2.07	2.00
170	-1.10	11.59	2.08	2.00
171	-1.11	11.56	2.10	2.00
172	-1.11	11.53	2.10	2.00
173	-1.12	11.50	2.10	2.00
174	-1.12	11.46	2.11	2.00
175	-1.12	11.42	2.12	2.00
176	-1.12	11.38	2.12	2.00
177	-1.12	11.33	2.12	2.00
Target 7 (frames from 177 to 215)
Bounding Boxes (frame, x, y, width, height)
177	396	119	71	142
178	397	119	71	142
179	398	119	71	142
180	399	119	71	143
181	400	119	71	143
182	401	120	71	143
183	402	120	71	143
184	402	120	71	143
185	403	120	71	143
186	403	121	71	143
187	404	121	71	143
188	404	122	71	142
189	404	122	70	141
190	404	122	70	141
191	404	123	70	141
192	405	123	70	141
193	405	122	70	141
194	405	122	70	141
195	405	121	71	142
196	405	121	71	143
197	405	120	71	143
198	406	119	72	144
199	406	118	73	146
200	407	117	73	147
201	408	116	74	148
202	409	115	74	149
203	411	115	75	150
204	413	114	75	151
205	415	114	75	151
206	416	114	76	152
207	418	113	76	152
208	420	113	76	153
209	421	113	76	153
210	423	112	77	154
211	424	112	77	154
212	426	112	77	154
213	427	112	77	155
214	429	113	77	155
215	431	113	77	155
3D Trajetory (frame, x, z, height, pose)
177	0.88	6.99	1.94	2.00
178	0.88	6.87	1.95	2.00
179	0.88	6.76	1.95	2.00
180	0.90	6.74	1.95	2.00
181	0.92	6.73	1.95	2.00
182	0.93	6.73	1.96	2.00
183	0.94	6.72	1.96	2.00
184	0.93	6.73	1.95	2.00
185	0.93	6.73	1.95	2.00
186	0.93	6.74	1.94	2.00
187	0.94	6.76	1.93	2.00
188	0.94	6.76	1.92	2.00
189	0.94	6.77	1.91	2.00
190	0.95	6.78	1.92	2.00
191	0.96	6.78	1.92	2.00
192	0.96	6.77	1.91	2.00
193	0.96	6.76	1.91	2.00
194	0.97	6.75	1.91	2.00
195	0.97	6.74	1.92	2.00
196	0.95	6.71	1.92	2.00
197	0.94	6.68	1.92	2.00
198	0.94	6.66	1.93	2.00
199	0.95	6.64	1.94	2.00
200	0.95	6.64	1.96	2.00
201	0.96	6.63	1.97	2.00
202	0.98	6.62	1.98	2.00
203	1.00	6.61	1.98	3.00
204	1.03	6.60	2.00	3.00
205	1.06	6.59	2.01	3.00
206	1.09	6.58	2.01	3.00
207	1.12	6.57	2.01	3.00
208	1.14	6.57	2.01	3.00
209	1.17	6.56	2.00	3.00
210	1.18	6.55	2.01	3.00
211	1.19	6.54	2.01	3.00
212	1.21	6.52	2.01	3.00
213	1.23	6.51	2.02	2.00
214	1.25	6.49	2.02	2.00
215	1.27	6.48	2.02	2.00
Target 8 (frames from 185 to 407)
Bounding Boxes (frame, x, y, width, height)
185	4	129	160	320
186	9	130	158	317
187	14	131	156	313
188	19	132	155	310
189	24	133	153	307
190	28	134	152	304
191	32	134	150	301
192	37	135	149	299
193	41	135	148	296
194	44	135	147	294
195	48	134	146	293
196	51	134	146	292
197	54	133	145	291
198	57	133	144	289
199	60	133	144	288
200	63	133	142	285
201	67	133	141	283
202	70	133	140	280
203	73	133	139	278
204	76	133	138	276
205	79	133	137	275
206	81	134	136	273
207	84	134	135	271
208	87	134	134	269
209	91	134	133	267
210	94	135	132	265
211	98	135	131	263
212	102	135	130	261
213	105	135	129	258
214	109	135	128	256
215	113	135	126	253
216	117	135	125	251
217	121	135	124	248
218	125	135	123	246
219	129	135	121	243
220	133	135	120	241
221	136	134	120	240
222	139	134	119	238
223	142	133	118	236
224	146	133	117	235
225	148	133	116	233
226	151	133	116	232
227	154	132	115	231
228	156	132	114	229
229	158	132	114	228
230	160	132	113	227
231	161	132	112	225
232	163	132	111	223
233	164	133	110	221
234	166	133	110	220
235	167	133	109	218
236	169	133	108	217
237	171	132	107	215
238	172	132	107	214
239	175	132	106	212
240	177	132	105	211
241	180	131	105	210
242	183	131	104	208
243	185	131	103	207
244	189	130	103	206
245	191	130	102	205
246	194	130	102	204
247	197	129	101	203
248	199	129	100	201
249	202	130	100	200
250	204	130	99	199
251	206	130	98	197
252	208	130	98	196
253	209	130	97	195
254	211	130	97	194
255	213	130	96	193
256	215	130	96	192
257	217	131	95	191
258	219	131	95	190
259	221	131	94	189
260	224	131	94	188
261	226	131	93	187
262	228	131	93	186
263	230	131	92	185
264	232	131	91	183
265	234	131	91	182
266	235	131	90	181
267	237	131	90	180
268	239	130	89	179
269	241	130	89	178
270	243	130	89	178
271	245	129	88	177
272	246	129	88	177
273	248	128	88	176
274	249	128	88	176
275	251	128	87	175
276	252	128	87	175
277	253	127	87	174
278	254	127	87	174
279	254	127	86	173
280	255	127	86	173
281	256	127	86	172
282	256	127	86	172
283	258	127	85	171
284	259	127	85	170
285	260	127	85	170
286	262	127	84	169
287	265	127	84	168
288	267	127	83	167
289	269	127	83	166
290	272	127	82	164
291	274	128	81	163
292	277	129	80	161
293	279	129	80	160
294	281	130	79	158
295	283	131	78	156
296	285	131	77	155
297	286	132	77	154
298	287	132	76	153
299	289	132	76	152
300	290	131	75	151
301	292	131	75	151
302	293	130	75	150
303	294	130	75	150
304	296	129	75	150
305	297	128	75	151
306	299	127	75	151
307	300	126	75	151
308	302	126	76	152
309	304	125	76	152
310	306	125	76	152
311	307	125	76	152
312	308	125	76	152
313	310	126	75	151
314	311	126	75	151
315	312	126	75	150
316	313	127	74	149
317	314	127	74	148
318	315	128	73	147
319	316	129	72	145
320	316	129	72	144
321	317	130	71	142
322	318	131	70	140
323	318	132	69	139
324	319	133	68	137
325	320	133	67	135
326	321	134	67	134
327	321	134	66	132
328	322	134	65	131
329	323	135	65	130
330	325	135	64	128
331	326	135	63	127
332	327	135	63	126
333	329	135	62	125
334	330	136	62	124
335	331	136	62	124
336	333	136	61	123
337	334	137	61	122
338	335	137	60	121
339	337	138	60	120
340	338	138	60	120
341	339	138	59	119
342	339	138	59	119
343	340	138	59	119
344	340	138	59	119
345	341	137	59	119
346	341	137	59	119
347	341	136	59	119
348	341	136	59	119
349	341	135	60	120
350	341	134	60	120
351	341	133	60	120
352	341	133	60	120
353	341	132	60	120
354	341	132	60	120
355	342	131	60	120
356	343	131	60	120
357	343	131	60	120
358	344	131	59	119
359	344	132	59	119
360	345	132	59	118
361	346	132	59	118
362	346	133	58	117
363	347	133	58	116
364	348	134	57	115
365	348	135	57	115
366	348	135	57	114
367	349	136	56	113
368	349	136	56	113
369	350	136	56	112
370	351	137	56	112
371	352	137	55	111
372	354	137	55	111
373	355	138	55	110
374	356	138	55	110
375	358	139	54	109
376	359	140	54	109
377	361	141	54	108
378	362	141	54	108
379	364	142	53	107
380	365	143	53	106
381	366	144	52	105
382	366	145	52	104
383	366	146	51	103
384	367	146	51	102
385	367	146	50	101
386	367	147	50	101
387	368	147	50	100
388	368	147	50	100
389	368	146	49	99
390	368	146	49	99
391	369	146	49	98
392	369	146	49	98
393	370	146	48	97
394	370	146	48	97
395	371	145	48	96
396	371	145	48	96
397	372	145	48	96
398	372	144	48	96
399	372	144	47	95
400	373	144	47	95
401	373	143	47	95
402	374	143	47	95
403	374	143	47	95
404	374	143	47	95
405	374	142	47	95
406	375	142	47	95
407	375	142	47	95
3D Trajetory (frame, x, z, height, pose)
185	-1.39	2.40	1.60	4.00
186	-1.38	2.42	1.57	4.00
187	-1.36	2.44	1.55	4.00
188	-1.37	2.48	1.54	4.00
189	-1.38	2.51	1.53	4.00
190	-1.36	2.53	1.53	4.00
191	-1.35	2.55	1.53	4.00
192	-1.33	2.55	1.54	4.00
193	-1.32	2.55	1.55	4.00
194	-1.31	2.56	1.55	4.00
195	-1.30	2.56	1.56	4.00
196	-1.29	2.59	1.55	4.00
197	-1.29	2.61	1.55	4.00
198	-1.29	2.64	1.54	4.00
199	-1.29	2.66	1.54	2.00
200	-1.28	2.68	1.55	2.00
201	-1.28	2.70	1.55	2.00
202	-1.28	2.72	1.55	2.00
203	-1.28	2.74	1.55	2.00
204	-1.27	2.76	1.55	2.00
205	-1.27	2.78	1.55	2.00
206	-1.26	2.80	1.55	2.00
207	-1.25	2.83	1.55	4.00
208	-1.25	2.85	1.56	4.00
209	-1.25	2.87	1.56	4.00
210	-1.24	2.89	1.56	4.00
211	-1.24	2.91	1.57	4.00
212	-1.23	2.95	1.56	4.00
213	-1.21	2.99	1.55	4.00
214	-1.20	3.02	1.56	4.00
215	-1.19	3.06	1.57	4.00
216	-1.18	3.09	1.57	4.00
217	-1.17	3.13	1.58	2.00
218	-1.17	3.16	1.58	2.00
219	-1.16	3.20	1.57	2.00
220	-1.15	3.23	1.57	2.00
221	-1.14	3.26	1.57	2.00
222	-1.13	3.29	1.58	2.00
223	-1.12	3.31	1.58	4.00
224	-1.11	3.34	1.59	4.00
225	-1.10	3.37	1.59	4.00
226	-1.09	3.40	1.60	4.00
227	-1.08	3.42	1.60	4.00
228	-1.08	3.45	1.60	4.00
229	-1.07	3.48	1.60	4.00
230	-1.06	3.52	1.61	4.00
231	-1.06	3.55	1.61	2.00
232	-1.06	3.58	1.61	2.00
233	-1.06	3.61	1.61	2.00
234	-1.06	3.65	1.62	2.00
235	-1.05	3.68	1.62	4.00
236	-1.05	3.71	1.62	4.00
237	-1.05	3.75	1.61	4.00
238	-1.04	3.77	1.62	4.00
239	-1.03	3.80	1.62	4.00
240	-1.02	3.83	1.63	4.00
241	-1.01	3.86	1.64	2.00
242	-0.99	3.89	1.64	2.00
243	-0.98	3.92	1.64	2.00
244	-0.98	3.96	1.64	2.00
245	-0.97	4.00	1.64	2.00
246	-0.96	4.02	1.64	2.00
247	-0.94	4.05	1.64	2.00
248	-0.93	4.08	1.65	2.00
249	-0.92	4.10	1.65	4.00
250	-0.91	4.13	1.66	4.00
251	-0.91	4.16	1.66	4.00
252	-0.90	4.19	1.66	4.00
253	-0.90	4.22	1.65	4.00
254	-0.90	4.25	1.66	4.00
255	-0.89	4.28	1.66	4.00
256	-0.88	4.30	1.65	4.00
257	-0.86	4.31	1.65	4.00
258	-0.85	4.33	1.66	4.00
259	-0.83	4.36	1.66	4.00
260	-0.82	4.39	1.66	4.00
261	-0.80	4.41	1.66	2.00
262	-0.80	4.47	1.68	2.00
263	-0.80	4.53	1.69	4.00
264	-0.80	4.57	1.68	4.00
265	-0.79	4.60	1.68	4.00
266	-0.78	4.63	1.68	4.00
267	-0.77	4.65	1.68	4.00
268	-0.76	4.69	1.69	4.00
269	-0.75	4.73	1.70	4.00
270	-0.74	4.77	1.71	4.00
271	-0.73	4.81	1.71	4.00
272	-0.72	4.84	1.72	4.00
273	-0.71	4.86	1.73	4.00
274	-0.70	4.89	1.73	4.00
275	-0.70	4.92	1.74	4.00
276	-0.69	4.93	1.74	4.00
277	-0.68	4.95	1.74	4.00
278	-0.68	4.96	1.74	4.00
279	-0.68	4.96	1.74	4.00
280	-0.67	4.99	1.73	4.00
281	-0.67	5.02	1.73	4.00
282	-0.66	5.04	1.73	4.00
283	-0.66	5.06	1.74	4.00
284	-0.66	5.08	1.74	4.00
285	-0.66	5.09	1.74	2.00
286	-0.64	5.13	1.75	2.00
287	-0.63	5.16	1.75	4.00
288	-0.59	5.22	1.75	4.00
289	-0.55	5.28	1.75	4.00
290	-0.54	5.30	1.74	4.00
291	-0.53	5.32	1.74	4.00
292	-0.51	5.35	1.74	4.00
293	-0.49	5.38	1.74	4.00
294	-0.49	5.44	1.73	4.00
295	-0.48	5.50	1.73	4.00
296	-0.46	5.53	1.72	4.00
297	-0.45	5.57	1.72	4.00
298	-0.44	5.60	1.71	4.00
299	-0.43	5.64	1.71	4.00
300	-0.43	5.68	1.72	4.00
301	-0.42	5.72	1.72	4.00
302	-0.40	5.76	1.74	4.00
303	-0.38	5.80	1.75	4.00
304	-0.35	5.83	1.76	4.00
305	-0.32	5.86	1.78	4.00
306	-0.30	5.88	1.79	4.00
307	-0.28	5.90	1.80	4.00
308	-0.27	5.92	1.80	4.00
309	-0.25	5.93	1.81	4.00
310	-0.23	5.95	1.81	4.00
311	-0.21	5.98	1.82	4.00
312	-0.19	5.98	1.82	4.00
313	-0.17	5.98	1.83	4.00
314	-0.16	6.01	1.82	4.00
315	-0.15	6.04	1.82	4.00
316	-0.14	6.08	1.82	4.00
317	-0.14	6.11	1.82	2.00
318	-0.14	6.16	1.82	2.00
319	-0.14	6.21	1.81	2.00
320	-0.13	6.25	1.80	2.00
321	-0.13	6.28	1.79	2.00
322	-0.13	6.33	1.79	2.00
323	-0.12	6.38	1.78	2.00
324	-0.12	6.43	1.77	2.00
325	-0.11	6.48	1.76	2.00
326	-0.10	6.54	1.75	2.00
327	-0.09	6.60	1.74	2.00
328	-0.08	6.64	1.74	2.00
329	-0.07	6.69	1.73	2.00
330	-0.05	6.73	1.74	2.00
331	-0.04	6.78	1.74	2.00
332	-0.03	6.84	1.74	2.00
333	-0.01	6.90	1.75	2.00
334	-0.01	6.96	1.75	2.00
335	0.00	7.02	1.74	2.00
336	0.02	7.06	1.74	2.00
337	0.03	7.11	1.74	2.00
338	0.04	7.16	1.74	2.00
339	0.06	7.21	1.74	2.00
340	0.07	7.25	1.74	2.00
341	0.09	7.29	1.74	4.00
342	0.11	7.31	1.74	4.00
343	0.13	7.34	1.75	4.00
344	0.14	7.39	1.76	4.00
345	0.15	7.45	1.77	4.00
346	0.14	7.49	1.79	4.00
347	0.13	7.54	1.81	4.00
348	0.14	7.57	1.82	4.00
349	0.15	7.59	1.83	4.00
350	0.15	7.62	1.84	4.00
351	0.16	7.66	1.85	4.00
352	0.16	7.69	1.85	4.00
353	0.17	7.72	1.86	4.00
354	0.15	7.72	1.86	4.00
355	0.14	7.73	1.86	4.00
356	0.15	7.73	1.87	4.00
357	0.17	7.73	1.88	4.00
358	0.18	7.78	1.87	4.00
359	0.18	7.83	1.87	4.00
360	0.19	7.88	1.87	4.00
361	0.20	7.92	1.87	4.00
362	0.20	7.95	1.86	4.00
363	0.21	7.98	1.86	4.00
364	0.21	8.02	1.86	4.00
365	0.22	8.05	1.85	4.00
366	0.23	8.09	1.85	4.00
367	0.23	8.12	1.85	4.00
368	0.24	8.16	1.85	4.00
369	0.24	8.20	1.84	4.00
370	0.25	8.23	1.84	4.00
371	0.26	8.26	1.83	4.00
372	0.27	8.30	1.84	4.00
373	0.27	8.35	1.85	4.00
374	0.30	8.37	1.85	4.00
375	0.32	8.39	1.85	4.00
376	0.33	8.41	1.85	4.00
377	0.35	8.43	1.84	4.00
378	0.36	8.44	1.84	4.00
379	0.37	8.45	1.83	4.00
380	0.39	8.50	1.81	4.00
381	0.41	8.55	1.80	4.00
382	0.42	8.59	1.79	4.00
383	0.43	8.63	1.78	4.00
384	0.44	8.66	1.77	4.00
385	0.45	8.70	1.76	2.00
386	0.47	8.73	1.76	2.00
387	0.48	8.77	1.76	4.00
388	0.48	8.82	1.76	4.00
389	0.49	8.86	1.77	4.00
390	0.50	8.90	1.77	4.00
391	0.52	8.94	1.77	2.00
392	0.53	8.98	1.77	2.00
393	0.54	9.02	1.76	2.00
394	0.54	9.08	1.76	2.00
395	0.54	9.13	1.77	2.00
396	0.55	9.16	1.77	2.00
397	0.56	9.20	1.77	2.00
398	0.58	9.24	1.77	2.00
399	0.59	9.27	1.77	2.00
400	0.60	9.31	1.78	2.00
401	0.61	9.34	1.79	2.00
402	0.61	9.38	1.81	2.00
403	0.62	9.42	1.82	2.00
404	0.63	9.46	1.82	2.00
405	0.63	9.50	1.81	2.00
406	0.63	9.54	1.82	2.00
407	0.63	9.58	1.82	2.00
Target 9 (frames from 187 to 213)
Bounding Boxes (frame, x, y, width, height)
187	173	135	58	117
188	174	134	58	117
189	174	134	59	118
190	174	133	59	119
191	175	133	59	119
192	176	132	59	119
193	176	132	60	120
194	177	131	60	120
195	178	131	60	120
196	178	131	60	120
197	180	131	59	119
198	181	131	59	119
199	182	131	59	119
200	183	131	59	118
201	184	132	59	118
202	185	132	59	118
203	186	133	58	117
204	186	133	58	117
205	187	133	58	116
206	187	134	58	116
207	188	134	57	115
208	188	135	57	115
209	188	135	57	114
210	188	136	57	114
211	188	136	56	113
212	188	137	56	113
213	188	138	56	112
3D Trajetory (frame, x, z, height, pose)
187	-2.55	7.65	1.76	2.00
188	-2.53	7.58	1.80	2.00
189	-2.51	7.50	1.83	2.00
190	-2.52	7.50	1.83	2.00
191	-2.53	7.50	1.82	2.00
192	-2.51	7.51	1.83	2.00
193	-2.50	7.53	1.83	2.00
194	-2.48	7.52	1.83	2.00
195	-2.46	7.52	1.83	2.00
196	-2.45	7.54	1.83	2.00
197	-2.45	7.56	1.83	2.00
198	-2.44	7.56	1.82	2.00
199	-2.43	7.56	1.82	2.00
200	-2.43	7.57	1.82	2.00
201	-2.42	7.57	1.82	2.00
202	-2.42	7.58	1.82	2.00
203	-2.41	7.59	1.82	4.00
204	-2.40	7.60	1.81	4.00
205	-2.40	7.61	1.80	4.00
206	-2.39	7.61	1.79	4.00
207	-2.39	7.62	1.77	2.00
208	-2.39	7.62	1.77	2.00
209	-2.40	7.62	1.76	1.00
210	-2.39	7.62	1.76	1.00
211	-2.39	7.62	1.76	2.00
212	-2.40	7.62	1.75	2.00
213	-2.41	7.63	1.75	2.00
Target 10 (frames from 197 to 255)
Bounding Boxes (frame, x, y, width, height)
197	296	134	42	84
198	296	134	42	85
199	296	134	42	85
200	297	134	43	86
201	297	133	43	86
202	297	133	43	87
203	297	133	43	87
204	297	133	44	88
205	297	133	44	88
206	297	132	44	88
207	297	132	44	89
208	297	132	44	89
209	297	132	44	89
210	296	132	44	89
211	296	132	45	90
212	295	132	45	90
213	294	131	45	90
214	293	131	45	91
215	293	131	45	91
216	292	130	46	92
217	291	130	46	92
218	291	130	46	93
219	291	130	46	93
220	290	129	46	93
221	290	129	47	94
222	290	129	47	94
223	290	129	47	94
224	290	129	47	95
225	290	129	47	95
226	290	129	47	95
227	289	129	48	96
228	289	129	48	96
229	288	129	48	96
230	287	129	48	96
231	286	129	48	97
232	285	129	48	97
233	284	129	48	97
234	283	129	49	98
235	282	129	49	98
236	281	128	49	99
237	280	128	50	100
238	280	127	50	100
239	279	126	50	101
240	279	126	50	101
241	278	125	51	102
242	278	125	51	102
243	278	125	51	102
244	278	125	51	102
245	278	125	51	103
246	278	125	51	103
247	277	125	51	103
248	277	125	51	103
249	276	125	51	103
250	275	125	51	103
251	274	125	51	103
252	273	126	51	103
253	272	126	52	104
254	271	126	52	104
255	270	127	52	104
3D Trajetory (frame, x, z, height, pose)
197	-1.22	11.42	1.92	2.00
198	-1.22	11.42	1.95	2.00
199	-1.23	11.42	1.98	2.00
200	-1.23	11.37	1.99	2.00
201	-1.23	11.33	1.99	2.00
202	-1.21	11.30	2.00	2.00
203	-1.20	11.26	2.01	2.00
204	-1.20	11.24	2.00	2.00
205	-1.20	11.21	1.99	2.00
206	-1.20	11.19	1.99	2.00
207	-1.20	11.16	2.00	2.00
208	-1.19	11.14	2.00	2.00
209	-1.19	11.12	2.00	2.00
210	-1.18	11.10	2.00	2.00
211	-1.18	11.08	2.00	2.00
212	-1.19	11.05	2.01	2.00
213	-1.19	11.03	2.02	2.00
214	-1.20	11.00	2.03	2.00
215	-1.21	10.97	2.04	2.00
216	-1.21	10.95	2.03	2.00
217	-1.21	10.93	2.03	2.00
218	-1.21	10.90	2.03	2.00
219	-1.22	10.88	2.04	2.00
220	-1.21	10.84	2.04	2.00
221	-1.20	10.81	2.05	2.00
222	-1.19	10.79	2.05	2.00
223	-1.18	10.77	2.05	2.00
224	-1.17	10.75	2.06	2.00
225	-1.17	10.73	2.06	2.00
226	-1.18	10.70	2.06	2.00
227	-1.18	10.67	2.07	2.00
228	-1.19	10.65	2.07	2.00
229	-1.19	10.62	2.06	2.00
230	-1.19	10.60	2.06	2.00
231	-1.19	10.57	2.06	2.00
232	-1.20	10.55	2.06	2.00
233	-1.20	10.53	2.06	2.00
234	-1.21	10.50	2.07	2.00
235	-1.21	10.46	2.07	2.00
236	-1.21	10.44	2.08	2.00
237	-1.22	10.41	2.09	2.00
238	-1.22	10.38	2.10	2.00
239	-1.22	10.35	2.10	2.00
240	-1.21	10.32	2.11	2.00
241	-1.21	10.29	2.11	2.00
242	-1.20	10.26	2.11	2.00
243	-1.19	10.22	2.12	4.00
244	-1.21	10.20	2.11	4.00
245	-1.22	10.17	2.11	4.00
246	-1.23	10.14	2.09	4.00
247	-1.24	10.11	2.08	2.00
248	-1.25	10.08	2.08	2.00
249	-1.25	10.04	2.08	2.00
250	-1.26	10.01	2.08	2.00
251	-1.27	9.97	2.07	2.00
252	-1.29	9.93	2.07	2.00
253	-1.31	9.89	2.07	2.00
254	-1.33	9.83	2.06	2.00
255	-1.35	9.78	2.05	2.00
Target 11 (frames from 247 to 297)
Bounding Boxes (frame, x, y, width, height)
247	196	134	56	112
248	197	134	56	112
249	197	135	55	111
250	197	135	55	110
251	197	136	55	110
252	197	136	54	109
253	197	137	54	108
254	197	137	54	108
255	198	138	53	107
256	198	138	53	106
257	198	139	53	106
258	198	139	52	105
259	198	140	52	104
260	198	140	52	104
261	198	140	51	103
262	198	141	51	103
263	199	141	51	103
264	199	141	51	102
265	199	141	51	102
266	199	141	51	102
267	199	141	51	102
268	200	141	51	102
269	200	141	51	102
270	200	141	51	102
271	201	140	51	103
272	201	140	51	103
273	201	140	51	103
274	201	139	51	103
275	202	139	51	103
276	202	139	51	103
277	202	139	52	104
278	203	138	52	104
279	203	138	52	104
280	203	137	52	104
281	203	137	52	104
282	204	137	52	104
283	204	137	52	104
284	204	137	52	104
285	205	136	52	104
286	205	136	52	104
287	205	136	52	104
288	206	136	52	104
289	206	136	52	104
290	206	136	52	104
291	207	135	52	105
292	207	135	52	105
293	208	135	52	105
294	208	135	52	105
295	208	135	52	105
296	209	135	52	105
297	209	135	52	105
3D Trajetory (frame, x, z, height, pose)
247	-2.26	8.03	1.81	1.00
248	-2.26	8.03	1.80	1.00
249	-2.26	8.04	1.80	1.00
250	-2.26	8.04	1.80	1.00
251	-2.26	8.05	1.80	1.00
252	-2.27	8.06	1.78	1.00
253	-2.28	8.07	1.76	1.00
254	-2.27	8.09	1.76	1.00
255	-2.27	8.10	1.75	1.00
256	-2.28	8.14	1.75	1.00
257	-2.29	8.18	1.74	1.00
258	-2.30	8.21	1.74	1.00
259	-2.31	8.25	1.74	1.00
260	-2.32	8.27	1.73	1.00
261	-2.33	8.29	1.71	1.00
262	-2.34	8.30	1.72	1.00
263	-2.34	8.31	1.72	1.00
264	-2.34	8.33	1.72	1.00
265	-2.34	8.34	1.72	1.00
266	-2.35	8.36	1.73	1.00
267	-2.35	8.37	1.74	2.00
268	-2.35	8.40	1.74	2.00
269	-2.34	8.42	1.74	2.00
270	-2.35	8.43	1.74	2.00
271	-2.35	8.45	1.75	2.00
272	-2.35	8.47	1.75	2.00
273	-2.35	8.49	1.75	2.00
274	-2.36	8.49	1.76	2.00
275	-2.36	8.48	1.77	2.00
276	-2.36	8.49	1.78	2.00
277	-2.35	8.50	1.78	2.00
278	-2.35	8.51	1.79	2.00
279	-2.35	8.52	1.79	2.00
280	-2.34	8.53	1.80	2.00
281	-2.33	8.53	1.80	1.00
282	-2.33	8.54	1.80	1.00
283	-2.32	8.56	1.80	1.00
284	-2.31	8.56	1.80	1.00
285	-2.31	8.57	1.80	1.00
286	-2.31	8.57	1.80	1.00
287	-2.31	8.57	1.80	1.00
288	-2.30	8.58	1.80	1.00
289	-2.29	8.59	1.81	1.00
290	-2.29	8.59	1.81	1.00
291	-2.28	8.60	1.81	1.00
292	-2.28	8.60	1.81	1.00
293	-2.27	8.61	1.82	1.00
294	-2.27	8.60	1.82	1.00
295	-2.26	8.59	1.83	1.00
296	-2.25	8.60	1.83	1.00
297	-2.25	8.61	1.83	1.00
Target 12 (frames from 281 to 449)
Bounding Boxes (frame, x, y, width, height)
281	249	132	59	118
282	249	132	59	118
283	248	132	58	117
284	248	132	58	117
285	248	132	58	117
286	248	132	58	117
287	247	132	58	117
288	247	132	58	117
289	246	132	58	117
290	246	132	58	117
291	245	132	58	117
292	245	132	58	117
293	244	132	58	117
294	243	132	58	117
295	242	132	58	117
296	242	132	58	117
297	241	131	58	117
298	239	131	58	117
299	238	131	58	117
300	237	131	59	118
301	235	131	59	118
302	233	131	59	118
303	231	130	59	118
304	230	130	59	119
305	228	130	59	119
306	226	130	60	120
307	225	129	60	120
308	224	129	60	121
309	222	129	60	121
310	221	129	61	122
311	221	128	61	123
312	220	128	61	123
313	219	128	62	124
314	219	128	62	125
315	218	127	62	125
316	217	127	63	126
317	217	127	63	127
318	216	126	64	128
319	215	126	64	129
320	213	125	65	130
321	212	124	65	131
322	211	124	66	132
323	209	123	66	133
324	208	123	67	134
325	206	122	68	136
326	205	122	68	137
327	204	121	68	137
328	202	121	69	138
329	201	121	69	139
330	199	121	70	140
331	198	121	70	140
332	197	121	70	140
333	196	121	70	140
334	194	121	70	141
335	193	122	70	141
336	192	122	71	142
337	191	122	71	142
338	189	123	71	143
339	188	123	72	144
340	187	123	72	144
341	186	124	72	145
342	185	124	73	146
343	183	124	73	147
344	182	124	74	148
345	181	124	74	149
346	179	124	74	149
347	178	124	75	150
348	177	124	75	151
349	175	124	75	151
350	174	124	76	152
351	173	124	76	153
352	171	124	76	153
353	170	123	77	154
354	169	123	77	155
355	168	123	78	156
356	167	122	78	157
357	166	122	79	159
358	165	121	80	160
359	164	121	81	162
360	163	121	81	163
361	162	121	82	165
362	161	121	83	167
363	159	121	84	168
364	158	122	85	170
365	157	122	85	171
366	155	122	86	172
367	154	123	87	174
368	153	123	87	175
369	153	124	88	176
370	152	124	88	177
371	152	124	89	178
372	151	125	89	179
373	151	125	90	180
374	151	125	90	181
375	151	126	91	182
376	150	126	91	183
377	150	127	92	184
378	149	127	92	185
379	147	127	93	186
380	146	127	94	188
381	144	128	94	189
382	142	128	95	191
383	139	128	96	192
384	136	128	97	194
385	134	128	97	195
386	131	127	98	197
387	129	127	99	198
388	126	127	100	200
389	124	127	100	200
390	122	126	100	201
391	120	127	100	201
392	119	127	100	201
393	117	127	100	201
394	116	127	101	202
395	115	127	101	202
396	114	127	101	202
397	113	127	101	203
398	112	127	101	203
399	111	126	102	204
400	110	126	102	205
401	109	126	103	207
402	108	126	104	208
403	106	125	105	210
404	105	125	106	212
405	103	125	107	214
406	102	125	107	215
407	100	125	108	217
408	98	125	109	219
409	96	125	110	221
410	94	125	111	222
411	92	125	112	224
412	89	125	113	227
413	87	125	114	229
414	84	124	115	231
415	81	124	117	234
416	78	123	118	236
417	76	123	119	239
418	73	122	121	242
419	70	121	122	244
420	68	121	123	246
421	66	120	123	247
422	64	120	124	249
423	62	120	124	249
424	61	119	125	250
425	60	120	125	250
426	59	120	125	250
427	57	120	125	250
428	56	120	125	250
429	54	121	125	251
430	53	121	125	251
431	51	121	126	253
432	48	120	127	255
433	45	119	128	257
434	42	119	130	260
435	38	118	132	264
436	34	116	134	268
437	30	115	136	272
438	26	115	137	275
439	22	114	139	278
440	18	114	140	281
441	14	114	141	283
442	11	115	142	285
443	8	116	143	286
444	5	117	143	287
445	3	118	144	288
446	0	119	144	289
447	-2	121	144	289
448	-5	123	144	288
449	-7	125	144	288
3D Trajetory (frame, x, z, height, pose)
281	-1.36	7.76	1.84	2.00
282	-1.36	7.75	1.84	2.00
283	-1.37	7.75	1.83	2.00
284	-1.37	7.77	1.84	2.00
285	-1.37	7.78	1.84	2.00
286	-1.37	7.79	1.85	2.00
287	-1.38	7.79	1.85	2.00
288	-1.39	7.80	1.84	2.00
289	-1.40	7.81	1.83	2.00
290	-1.41	7.80	1.82	2.00
291	-1.42	7.80	1.82	2.00
292	-1.44	7.80	1.83	2.00
293	-1.45	7.80	1.84	2.00
294	-1.46	7.81	1.85	2.00
295	-1.47	7.81	1.86	2.00
296	-1.49	7.82	1.85	2.00
297	-1.50	7.83	1.84	2.00
298	-1.52	7.84	1.84	2.00
299	-1.53	7.84	1.84	2.00
300	-1.55	7.83	1.85	2.00
301	-1.56	7.82	1.86	2.00
302	-1.58	7.80	1.86	2.00
303	-1.59	7.77	1.87	2.00
304	-1.62	7.73	1.85	2.00
305	-1.64	7.69	1.84	2.00
306	-1.66	7.68	1.85	2.00
307	-1.68	7.67	1.85	2.00
308	-1.68	7.66	1.86	2.00
309	-1.68	7.66	1.87	2.00
310	-1.69	7.64	1.88	2.00
311	-1.69	7.61	1.89	2.00
312	-1.69	7.59	1.89	2.00
313	-1.70	7.58	1.89	2.00
314	-1.70	7.56	1.89	2.00
315	-1.71	7.53	1.90	2.00
316	-1.72	7.50	1.91	2.00
317	-1.72	7.47	1.92	2.00
318	-1.73	7.46	1.92	2.00
319	-1.74	7.45	1.93	2.00
320	-1.74	7.43	1.93	2.00
321	-1.75	7.40	1.94	2.00
322	-1.75	7.35	1.95	2.00
323	-1.75	7.29	1.95	2.00
324	-1.75	7.24	1.96	2.00
325	-1.75	7.19	1.96	2.00
326	-1.75	7.12	1.96	2.00
327	-1.74	7.05	1.96	2.00
328	-1.74	7.00	1.96	2.00
329	-1.75	6.94	1.95	2.00
330	-1.76	6.94	1.95	2.00
331	-1.77	6.93	1.94	2.00
332	-1.78	6.90	1.94	2.00
333	-1.79	6.86	1.94	2.00
334	-1.80	6.83	1.93	2.00
335	-1.82	6.79	1.92	2.00
336	-1.82	6.74	1.92	2.00
337	-1.83	6.70	1.92	2.00
338	-1.83	6.64	1.90	2.00
339	-1.83	6.59	1.89	2.00
340	-1.83	6.55	1.90	2.00
341	-1.82	6.50	1.91	2.00
342	-1.83	6.46	1.91	2.00
343	-1.83	6.43	1.90	2.00
344	-1.83	6.39	1.90	2.00
345	-1.82	6.36	1.89	2.00
346	-1.82	6.32	1.89	2.00
347	-1.82	6.28	1.89	2.00
348	-1.82	6.24	1.89	2.00
349	-1.83	6.20	1.89	2.00
350	-1.83	6.16	1.88	2.00
351	-1.84	6.12	1.88	2.00
352	-1.84	6.09	1.88	2.00
353	-1.85	6.06	1.87	2.00
354	-1.85	6.02	1.87	2.00
355	-1.85	5.97	1.87	2.00
356	-1.85	5.92	1.87	2.00
357	-1.85	5.87	1.87	2.00
358	-1.85	5.83	1.87	2.00
359	-1.85	5.80	1.88	2.00
360	-1.83	5.73	1.88	2.00
361	-1.81	5.67	1.88	2.00
362	-1.80	5.60	1.88	2.00
363	-1.78	5.53	1.87	2.00
364	-1.77	5.46	1.87	2.00
365	-1.76	5.39	1.86	2.00
366	-1.76	5.34	1.85	2.00
367	-1.76	5.28	1.84	2.00
368	-1.75	5.22	1.84	2.00
369	-1.74	5.16	1.83	2.00
370	-1.73	5.13	1.82	2.00
371	-1.73	5.11	1.82	2.00
372	-1.72	5.08	1.82	2.00
373	-1.71	5.05	1.82	2.00
374	-1.70	5.01	1.82	2.00
375	-1.69	4.97	1.82	2.00
376	-1.69	4.92	1.82	2.00
377	-1.69	4.87	1.82	2.00
378	-1.69	4.85	1.81	2.00
379	-1.69	4.83	1.81	2.00
380	-1.69	4.78	1.80	2.00
381	-1.69	4.72	1.80	2.00
382	-1.68	4.68	1.80	2.00
383	-1.68	4.64	1.79	2.00
384	-1.68	4.59	1.79	2.00
385	-1.68	4.55	1.79	2.00
386	-1.68	4.51	1.79	2.00
387	-1.67	4.46	1.79	2.00
388	-1.68	4.44	1.79	2.00
389	-1.68	4.41	1.78	2.00
390	-1.69	4.38	1.78	2.00
391	-1.70	4.35	1.78	2.00
392	-1.72	4.36	1.78	2.00
393	-1.73	4.37	1.77	2.00
394	-1.74	4.37	1.76	2.00
395	-1.75	4.36	1.76	2.00
396	-1.75	4.34	1.75	2.00
397	-1.74	4.32	1.75	2.00
398	-1.74	4.30	1.75	2.00
399	-1.73	4.27	1.75	2.00
400	-1.73	4.24	1.76	2.00
401	-1.73	4.22	1.76	2.00
402	-1.73	4.19	1.76	2.00
403	-1.72	4.16	1.76	2.00
404	-1.72	4.12	1.76	2.00
405	-1.72	4.09	1.76	2.00
406	-1.71	4.06	1.76	2.00
407	-1.70	4.02	1.76	2.00
408	-1.70	3.98	1.76	2.00
409	-1.69	3.95	1.75	2.00
410	-1.69	3.91	1.75	2.00
411	-1.69	3.87	1.75	2.00
412	-1.68	3.84	1.75	2.00
413	-1.68	3.81	1.75	2.00
414	-1.68	3.77	1.75	2.00
415	-1.68	3.73	1.75	2.00
416	-1.68	3.69	1.75	2.00
417	-1.68	3.65	1.75	2.00
418	-1.68	3.61	1.76	2.00
419	-1.68	3.57	1.76	2.00
420	-1.68	3.56	1.77	2.00
421	-1.69	3.55	1.77	2.00
422	-1.69	3.54	1.77	2.00
423	-1.69	3.52	1.77	2.00
424	-1.69	3.49	1.77	2.00
425	-1.69	3.47	1.77	2.00
426	-1.70	3.49	1.75	2.00
427	-1.71	3.50	1.74	2.00
428	-1.72	3.49	1.74	2.00
429	-1.73	3.48	1.73	2.00
430	-1.72	3.46	1.74	2.00
431	-1.72	3.44	1.74	3.00
432	-1.72	3.42	1.75	3.00
433	-1.72	3.39	1.75	3.00
434	-1.72	3.36	1.75	3.00
435	-1.72	3.32	1.75	3.00
436	-1.72	3.29	1.76	3.00
437	-1.72	3.26	1.76	2.00
438	-1.73	3.22	1.78	2.00
439	-1.73	3.17	1.80	3.00
440	-1.73	3.14	1.79	3.00
441	-1.74	3.12	1.78	3.00
442	-1.74	3.09	1.78	3.00
443	-1.74	3.07	1.77	3.00
444	-1.74	3.04	1.76	3.00
445	-1.74	3.02	1.75	3.00
446	-1.75	3.01	1.74	3.00
447	-1.75	3.00	1.73	3.00
448	-1.76	2.98	1.72	3.00
449	-1.77	2.97	1.71	2.00
Target 13 (frames from 329 to 501)
Bounding Boxes (frame, x, y, width, height)
329	236	136	54	108
330	236	136	54	108
331	237	136	54	109
332	237	135	54	109
333	237	135	55	110
334	238	135	55	110
335	238	135	55	110
336	238	135	55	111
337	239	135	55	111
338	239	135	56	112
339	240	135	56	112
340	240	135	56	113
341	241	135	56	113
342	241	135	57	114
343	242	135	57	114
344	242	135	57	114
345	242	135	57	115
346	243	135	57	115
347	243	135	57	115
348	244	135	57	115
349	245	135	57	115
350	245	135	57	115
351	247	135	57	115
352	248	135	58	116
353	249	135	58	116
354	251	135	57	115
355	253	136	57	115
356	254	136	57	115
357	256	136	57	115
358	258	136	57	115
359	259	137	57	115
360	261	137	57	115
361	262	137	57	115
362	263	137	58	116
363	265	137	58	116
364	266	137	58	117
365	267	137	58	117
366	269	138	58	117
367	270	138	58	117
368	271	138	59	118
369	273	138	59	118
370	274	138	59	118
371	276	138	59	118
372	277	139	59	119
373	279	139	59	119
374	280	139	59	119
375	281	139	60	120
376	283	140	60	120
377	284	140	60	121
378	285	140	61	122
379	286	140	61	122
380	287	140	61	123
381	287	140	62	124
382	287	140	62	124
383	287	140	62	125
384	287	140	62	125
385	287	140	62	125
386	287	140	62	125
387	287	140	63	126
388	287	140	63	126
389	288	139	63	126
390	288	139	63	126
391	288	139	63	127
392	289	139	63	127
393	290	138	64	128
394	290	138	64	129
395	291	137	65	130
396	292	137	65	131
397	293	136	65	131
398	294	136	65	131
399	295	137	65	131
400	296	137	65	131
401	297	138	65	130
402	298	139	64	129
403	299	140	64	128
404	301	141	63	126
405	302	142	62	125
406	303	143	61	123
407	305	143	61	122
408	306	144	60	121
409	308	144	60	120
410	309	144	59	119
411	311	144	59	119
412	312	144	59	119
413	314	144	59	119
414	315	144	59	119
415	317	143	59	119
416	318	143	59	119
417	319	143	60	120
418	320	143	60	120
419	322	142	60	120
420	323	142	60	121
421	324	142	60	121
422	325	141	61	122
423	326	141	61	122
424	327	140	61	122
425	328	140	61	123
426	328	140	61	123
427	329	140	61	123
428	329	140	61	123
429	329	140	61	123
430	330	140	61	123
431	330	140	61	123
432	331	140	61	123
433	332	140	61	123
434	332	140	62	124
435	333	140	62	124
436	334	140	62	125
437	335	140	63	126
438	336	140	63	126
439	337	140	63	126
440	338	140	63	126
441	339	140	63	126
442	340	140	63	126
443	341	141	63	126
444	343	141	63	126
445	344	141	63	126
446	346	142	63	127
447	347	142	63	127
448	349	142	63	127
449	351	142	63	127
450	352	142	63	127
451	353	141	64	128
452	354	141	64	128
453	355	140	64	129
454	356	139	65	130
455	356	138	65	131
456	357	138	66	132
457	357	137	66	133
458	358	136	67	134
459	358	135	67	135
460	359	135	68	137
461	359	134	69	138
462	360	134	69	138
463	361	133	69	139
464	362	133	70	140
465	363	133	70	141
466	364	132	71	142
467	365	132	71	142
468	366	132	71	143
469	368	131	72	144
470	369	131	72	145
471	371	131	72	145
472	372	131	73	146
473	374	131	73	147
474	376	130	74	148
475	378	130	75	150
476	380	130	75	151
477	382	130	76	152
478	384	130	76	152
479	387	130	76	153
480	389	131	76	153
481	392	131	77	154
482	394	131	77	154
483	397	132	77	154
484	399	132	77	154
485	401	133	77	154
486	403	133	77	155
487	405	134	77	155
488	407	134	77	155
489	409	134	77	155
490	411	135	77	155
491	413	135	78	156
492	414	136	78	156
493	416	136	78	157
494	418	136	79	158
495	420	136	79	158
496	422	136	79	159
497	424	136	80	160
498	425	137	80	161
499	427	137	80	161
500	429	137	81	162
501	431	137	81	163
3D Trajetory (frame, x, z, height, pose)
329	-1.58	8.12	1.78	2.00
330	-1.58	8.15	1.79	2.00
331	-1.58	8.17	1.79	2.00
332	-1.59	8.16	1.79	2.00
333	-1.59	8.16	1.79	2.00
334	-1.59	8.17	1.80	2.00
335	-1.59	8.19	1.81	2.00
336	-1.58	8.17	1.81	2.00
337	-1.57	8.15	1.81	2.00
338	-1.55	8.13	1.82	2.00
339	-1.53	8.11	1.83	2.00
340	-1.50	8.02	1.84	2.00
341	-1.47	7.93	1.84	2.00
342	-1.47	7.99	1.84	2.00
343	-1.47	8.05	1.84	2.00
344	-1.46	8.04	1.84	2.00
345	-1.45	8.03	1.84	2.00
346	-1.44	8.00	1.84	2.00
347	-1.42	7.97	1.84	2.00
348	-1.41	7.95	1.83	2.00
349	-1.39	7.94	1.83	1.00
350	-1.38	7.90	1.84	1.00
351	-1.36	7.87	1.84	1.00
352	-1.32	7.84	1.83	1.00
353	-1.28	7.81	1.83	1.00
354	-1.26	7.80	1.81	1.00
355	-1.25	7.79	1.80	1.00
356	-1.22	7.77	1.79	1.00
357	-1.20	7.76	1.79	2.00
358	-1.18	7.74	1.78	2.00
359	-1.16	7.72	1.78	2.00
360	-1.13	7.70	1.78	2.00
361	-1.10	7.69	1.79	2.00
362	-1.08	7.66	1.78	2.00
363	-1.07	7.62	1.78	2.00
364	-1.04	7.61	1.78	2.00
365	-1.01	7.60	1.78	2.00
366	-0.98	7.59	1.79	2.00
367	-0.96	7.59	1.80	2.00
368	-0.95	7.57	1.80	2.00
369	-0.93	7.56	1.80	2.00
370	-0.91	7.55	1.80	2.00
371	-0.89	7.54	1.79	2.00
372	-0.87	7.51	1.79	2.00
373	-0.85	7.49	1.78	2.00
374	-0.84	7.46	1.78	2.00
375	-0.82	7.44	1.78	1.00
376	-0.81	7.41	1.79	1.00
377	-0.79	7.39	1.80	1.00
378	-0.78	7.36	1.81	1.00
379	-0.76	7.33	1.82	1.00
380	-0.75	7.31	1.82	1.00
381	-0.73	7.30	1.82	2.00
382	-0.72	7.27	1.82	2.00
383	-0.71	7.25	1.82	2.00
384	-0.70	7.22	1.81	2.00
385	-0.68	7.20	1.81	2.00
386	-0.68	7.17	1.81	2.00
387	-0.68	7.14	1.81	2.00
388	-0.66	7.13	1.81	2.00
389	-0.65	7.12	1.80	2.00
390	-0.64	7.09	1.80	2.00
391	-0.63	7.07	1.79	1.00
392	-0.62	7.02	1.79	1.00
393	-0.60	6.97	1.79	1.00
394	-0.58	6.95	1.79	1.00
395	-0.57	6.92	1.79	1.00
396	-0.55	6.89	1.79	1.00
397	-0.53	6.85	1.80	1.00
398	-0.51	6.81	1.80	1.00
399	-0.50	6.77	1.80	1.00
400	-0.48	6.71	1.81	1.00
401	-0.47	6.65	1.81	2.00
402	-0.46	6.75	1.77	2.00
403	-0.46	6.85	1.73	2.00
404	-0.45	6.88	1.71	2.00
405	-0.44	6.91	1.69	1.00
406	-0.44	6.93	1.69	1.00
407	-0.43	6.95	1.69	2.00
408	-0.41	7.02	1.70	2.00
409	-0.40	7.09	1.72	2.00
410	-0.37	7.12	1.72	2.00
411	-0.34	7.16	1.72	1.00
412	-0.32	7.17	1.73	1.00
413	-0.30	7.17	1.74	1.00
414	-0.27	7.22	1.74	1.00
415	-0.24	7.26	1.74	1.00
416	-0.23	7.25	1.73	1.00
417	-0.22	7.24	1.73	1.00
418	-0.20	7.24	1.74	1.00
419	-0.19	7.23	1.74	1.00
420	-0.17	7.23	1.76	1.00
421	-0.16	7.23	1.77	1.00
422	-0.14	7.23	1.78	1.00
423	-0.12	7.22	1.79	2.00
424	-0.10	7.21	1.79	2.00
425	-0.07	7.21	1.78	3.00
426	-0.05	7.20	1.78	3.00
427	-0.03	7.19	1.78	3.00
428	-0.05	7.18	1.76	3.00
429	-0.07	7.17	1.74	3.00
430	-0.06	7.15	1.75	3.00
431	-0.06	7.14	1.77	3.00
432	-0.04	7.13	1.77	3.00
433	-0.03	7.12	1.78	3.00
434	-0.01	7.11	1.77	3.00
435	0.02	7.10	1.77	3.00
436	0.04	7.09	1.77	3.00
437	0.06	7.08	1.78	4.00
438	0.08	7.07	1.77	4.00
439	0.10	7.06	1.77	2.00
440	0.10	7.04	1.79	2.00
441	0.11	7.02	1.80	1.00
442	0.12	7.00	1.80	1.00
443	0.13	6.98	1.81	1.00
444	0.14	7.00	1.78	1.00
445	0.16	7.02	1.76	4.00
446	0.20	7.01	1.76	4.00
447	0.23	7.00	1.77	2.00
448	0.25	7.00	1.77	2.00
449	0.28	6.99	1.77	2.00
450	0.30	6.97	1.78	2.00
451	0.32	6.96	1.79	2.00
452	0.34	6.95	1.80	2.00
453	0.36	6.93	1.81	2.00
454	0.36	6.92	1.81	2.00
455	0.37	6.90	1.82	2.00
456	0.38	6.89	1.83	2.00
457	0.39	6.88	1.83	2.00
458	0.41	6.86	1.83	2.00
459	0.42	6.83	1.84	2.00
460	0.43	6.79	1.85	2.00
461	0.44	6.75	1.85	2.00
462	0.44	6.70	1.87	2.00
463	0.45	6.65	1.88	4.00
464	0.46	6.62	1.88	4.00
465	0.47	6.58	1.88	1.00
466	0.49	6.56	1.86	1.00
467	0.51	6.53	1.85	1.00
468	0.52	6.50	1.84	1.00
469	0.53	6.46	1.84	1.00
470	0.55	6.42	1.85	1.00
471	0.57	6.38	1.86	1.00
472	0.59	6.34	1.86	1.00
473	0.61	6.30	1.87	3.00
474	0.63	6.25	1.86	3.00
475	0.66	6.19	1.86	3.00
476	0.68	6.15	1.86	3.00
477	0.70	6.10	1.86	3.00
478	0.72	6.05	1.84	3.00
479	0.74	5.99	1.82	1.00
480	0.76	5.95	1.82	1.00
481	0.79	5.91	1.82	1.00
482	0.81	5.87	1.81	1.00
483	0.84	5.83	1.81	1.00
484	0.86	5.82	1.79	1.00
485	0.88	5.81	1.77	1.00
486	0.90	5.78	1.78	1.00
487	0.92	5.75	1.78	1.00
488	0.94	5.71	1.78	1.00
489	0.95	5.68	1.78	1.00
490	0.96	5.65	1.76	1.00
491	0.97	5.63	1.74	1.00
492	0.99	5.59	1.74	1.00
493	1.02	5.55	1.74	1.00
494	1.04	5.52	1.74	1.00
495	1.06	5.49	1.74	1.00
496	1.07	5.46	1.74	1.00
497	1.09	5.43	1.73	1.00
498	1.10	5.39	1.73	1.00
499	1.11	5.35	1.73	3.00
500	1.13	5.31	1.73	3.00
501	1.15	5.28	1.72	3.00
Target 14 (frames from 391 to 519)
Bounding Boxes (frame, x, y, width, height)
391	439	130	82	165
392	437	128	83	167
393	436	127	84	169
394	434	126	85	170
395	432	125	85	171
396	430	124	86	172
397	428	123	86	173
398	426	123	87	174
399	424	122	87	175
400	421	122	87	175
401	418	123	87	174
402	416	124	86	173
403	413	125	86	173
404	410	126	86	173
405	407	126	86	172
406	403	127	86	172
407	400	127	86	172
408	397	127	86	172
409	393	127	86	173
410	389	127	86	173
411	386	127	87	174
412	382	127	87	174
413	378	127	87	175
414	375	127	87	175
415	371	127	87	175
416	368	127	88	176
417	365	128	88	176
418	362	128	88	176
419	359	128	88	176
420	356	128	88	177
421	352	127	88	177
422	349	126	89	178
423	345	126	89	179
424	341	125	90	180
425	337	124	90	181
426	333	123	91	182
427	329	123	91	183
428	325	122	92	184
429	321	122	92	184
430	318	122	92	185
431	315	122	92	185
432	312	122	93	186
433	310	122	93	186
434	307	122	93	187
435	305	123	94	188
436	303	123	94	189
437	300	122	95	190
438	297	122	95	191
439	295	122	96	193
440	292	122	97	194
441	290	121	98	196
442	287	121	99	198
443	284	120	100	200
444	282	120	101	202
445	279	120	101	203
446	276	120	102	205
447	274	119	103	206
448	271	119	103	207
449	269	119	104	209
450	266	118	105	210
451	263	118	105	211
452	260	118	106	212
453	257	118	107	214
454	253	117	107	215
455	250	117	108	216
456	247	117	109	218
457	244	117	110	220
458	241	116	111	222
459	238	116	112	224
460	235	116	113	226
461	231	115	114	229
462	229	115	115	231
463	226	115	117	234
464	223	114	118	236
465	220	114	119	238
466	218	114	119	239
467	214	114	120	241
468	211	114	121	242
469	208	115	121	243
470	205	115	122	244
471	203	116	122	244
472	200	117	122	244
473	197	118	122	245
474	194	118	122	245
475	191	119	122	245
476	187	121	122	245
477	184	122	122	245
478	180	122	122	245
479	176	123	123	246
480	172	123	123	247
481	167	123	124	249
482	162	123	125	251
483	157	122	127	254
484	152	121	128	256
485	146	121	129	259
486	141	120	131	262
487	136	119	132	265
488	131	118	134	268
489	126	117	135	271
490	121	116	137	274
491	117	116	138	277
492	113	115	139	279
493	109	115	141	282
494	105	115	142	284
495	101	115	143	286
496	97	115	144	289
497	93	115	146	292
498	89	115	147	294
499	85	115	148	297
500	80	115	149	299
501	76	115	150	300
502	72	115	151	302
503	67	115	151	303
504	61	115	152	305
505	56	115	153	307
506	50	114	154	309
507	44	114	156	312
508	38	113	157	315
509	32	113	159	318
510	26	113	160	321
511	21	113	161	323
512	17	114	162	324
513	12	114	163	326
514	8	115	163	327
515	4	116	163	327
516	0	117	164	328
517	-4	118	164	329
518	-7	120	164	329
519	-10	121	164	329
3D Trajetory (frame, x, z, height, pose)
391	1.26	5.59	1.79	3.00
392	1.25	5.50	1.83	3.00
393	1.23	5.42	1.87	3.00
394	1.22	5.43	1.87	3.00
395	1.22	5.45	1.87	3.00
396	1.19	5.43	1.87	3.00
397	1.16	5.41	1.87	3.00
398	1.12	5.37	1.87	3.00
399	1.09	5.34	1.88	3.00
400	1.06	5.33	1.88	3.00
401	1.03	5.31	1.88	3.00
402	1.00	5.32	1.86	3.00
403	0.96	5.34	1.84	3.00
404	0.93	5.33	1.83	3.00
405	0.89	5.33	1.82	3.00
406	0.86	5.32	1.81	3.00
407	0.83	5.30	1.81	3.00
408	0.79	5.29	1.81	3.00
409	0.75	5.27	1.82	3.00
410	0.71	5.26	1.83	3.00
411	0.67	5.24	1.84	2.00
412	0.63	5.23	1.84	2.00
413	0.60	5.22	1.84	2.00
414	0.56	5.20	1.84	2.00
415	0.53	5.19	1.84	2.00
416	0.50	5.19	1.83	2.00
417	0.47	5.18	1.82	2.00
418	0.44	5.18	1.82	2.00
419	0.40	5.17	1.81	2.00
420	0.37	5.15	1.81	2.00
421	0.34	5.14	1.82	3.00
422	0.31	5.13	1.82	3.00
423	0.28	5.12	1.83	3.00
424	0.23	5.11	1.84	3.00
425	0.18	5.10	1.86	3.00
426	0.14	5.08	1.86	3.00
427	0.10	5.06	1.87	2.00
428	0.06	5.04	1.86	2.00
429	0.02	5.01	1.85	2.00
430	0.00	5.01	1.85	2.00
431	-0.02	5.00	1.85	2.00
432	-0.05	4.98	1.86	2.00
433	-0.07	4.97	1.86	2.00
434	-0.09	4.95	1.85	2.00
435	-0.11	4.94	1.85	2.00
436	-0.13	4.91	1.85	2.00
437	-0.14	4.87	1.85	2.00
438	-0.16	4.83	1.86	2.00
439	-0.19	4.78	1.86	2.00
440	-0.20	4.76	1.86	2.00
441	-0.22	4.74	1.86	2.00
442	-0.24	4.70	1.86	2.00
443	-0.27	4.66	1.87	2.00
444	-0.29	4.64	1.87	2.00
445	-0.31	4.61	1.87	2.00
446	-0.32	4.58	1.88	2.00
447	-0.34	4.55	1.89	2.00
448	-0.36	4.53	1.89	2.00
449	-0.38	4.50	1.88	2.00
450	-0.40	4.47	1.88	2.00
451	-0.42	4.45	1.88	2.00
452	-0.43	4.43	1.87	2.00
453	-0.45	4.41	1.87	2.00
454	-0.47	4.36	1.87	2.00
455	-0.50	4.32	1.87	2.00
456	-0.52	4.28	1.87	2.00
457	-0.54	4.25	1.87	2.00
458	-0.55	4.20	1.86	2.00
459	-0.57	4.16	1.86	2.00
460	-0.58	4.12	1.86	2.00
461	-0.59	4.08	1.85	2.00
462	-0.60	4.03	1.86	2.00
463	-0.61	3.97	1.86	2.00
464	-0.63	3.92	1.85	2.00
465	-0.64	3.87	1.84	2.00
466	-0.65	3.84	1.84	2.00
467	-0.66	3.80	1.84	2.00
468	-0.67	3.77	1.83	2.00
469	-0.69	3.74	1.83	2.00
470	-0.71	3.72	1.81	2.00
471	-0.73	3.70	1.80	2.00
472	-0.75	3.68	1.79	2.00
473	-0.77	3.65	1.78	2.00
474	-0.79	3.63	1.78	2.00
475	-0.80	3.62	1.77	2.00
476	-0.81	3.60	1.76	2.00
477	-0.82	3.58	1.75	1.00
478	-0.84	3.55	1.75	1.00
479	-0.87	3.52	1.74	1.00
480	-0.90	3.50	1.73	1.00
481	-0.93	3.48	1.72	3.00
482	-0.96	3.45	1.72	3.00
483	-0.99	3.42	1.71	3.00
484	-1.01	3.38	1.72	3.00
485	-1.03	3.34	1.73	2.00
486	-1.05	3.30	1.74	2.00
487	-1.06	3.27	1.75	2.00
488	-1.08	3.24	1.75	2.00
489	-1.09	3.22	1.75	2.00
490	-1.11	3.20	1.75	2.00
491	-1.12	3.17	1.74	2.00
492	-1.14	3.13	1.74	2.00
493	-1.15	3.10	1.74	2.00
494	-1.16	3.07	1.75	2.00
495	-1.16	3.05	1.75	2.00
496	-1.17	3.02	1.75	2.00
497	-1.17	2.98	1.74	2.00
498	-1.18	2.96	1.74	2.00
499	-1.19	2.93	1.74	2.00
500	-1.20	2.91	1.74	2.00
501	-1.22	2.89	1.74	2.00
502	-1.24	2.86	1.74	2.00
503	-1.25	2.83	1.73	2.00
504	-1.27	2.83	1.73	2.00
505	-1.28	2.82	1.73	1.00
506	-1.30	2.81	1.72	1.00
507	-1.32	2.80	1.72	4.00
508	-1.34	2.77	1.72	4.00
509	-1.35	2.73	1.71	4.00
510	-1.36	2.69	1.72	4.00
511	-1.38	2.66	1.72	3.00
512	-1.39	2.63	1.73	3.00
513	-1.41	2.61	1.74	3.00
514	-1.42	2.59	1.73	3.00
515	-1.43	2.57	1.72	3.00
516	-1.45	2.57	1.70	3.00
517	-1.46	2.57	1.69	3.00
518	-1.48	2.58	1.68	3.00
519	-1.49	2.59	1.67	3.00
Target 15 (frames from 409 to 447)
Bounding Boxes (frame, x, y, width, height)
409	280	148	47	94
410	281	148	47	94
411	281	148	47	94
412	281	148	46	93
413	281	148	46	93
414	280	148	46	93
415	280	148	46	93
416	280	148	47	94
417	279	148	47	94
418	279	148	47	94
419	278	147	47	95
420	277	147	48	96
421	277	146	48	96
422	276	145	48	97
423	275	145	49	98
424	274	144	49	98
425	273	144	49	99
426	273	144	49	99
427	272	143	50	100
428	271	143	50	100
429	270	143	50	100
430	269	143	50	101
431	269	143	50	101
432	268	143	50	101
433	268	143	50	101
434	268	143	50	101
435	267	144	50	101
436	267	144	50	101
437	266	144	51	102
438	265	144	51	102
439	265	144	51	102
440	264	144	51	102
441	263	144	51	103
442	263	144	51	103
443	262	144	52	104
444	262	144	52	104
445	261	144	52	104
446	260	144	52	105
447	260	143	52	105
3D Trajetory (frame, x, z, height, pose)
409	-1.07	8.73	1.71	2.00
410	-1.09	8.99	1.71	2.00
411	-1.11	9.26	1.70	2.00
412	-1.11	9.23	1.71	2.00
413	-1.11	9.20	1.72	2.00
414	-1.11	9.17	1.72	2.00
415	-1.11	9.14	1.72	2.00
416	-1.12	9.13	1.72	2.00
417	-1.13	9.12	1.73	2.00
418	-1.14	9.11	1.73	2.00
419	-1.15	9.11	1.74	2.00
420	-1.15	9.10	1.75	2.00
421	-1.15	9.09	1.76	2.00
422	-1.15	9.06	1.77	2.00
423	-1.14	9.03	1.77	2.00
424	-1.18	8.96	1.77	2.00
425	-1.21	8.89	1.78	2.00
426	-1.20	8.87	1.78	2.00
427	-1.20	8.85	1.79	2.00
428	-1.20	8.83	1.78	2.00
429	-1.21	8.80	1.78	2.00
430	-1.21	8.80	1.78	2.00
431	-1.22	8.79	1.78	2.00
432	-1.22	8.77	1.79	2.00
433	-1.22	8.74	1.79	2.00
434	-1.23	8.74	1.78	2.00
435	-1.23	8.73	1.78	2.00
436	-1.25	8.72	1.78	2.00
437	-1.26	8.71	1.78	2.00
438	-1.26	8.70	1.78	2.00
439	-1.26	8.69	1.78	2.00
440	-1.27	8.68	1.78	2.00
441	-1.27	8.66	1.78	2.00
442	-1.28	8.64	1.79	2.00
443	-1.29	8.63	1.79	2.00
444	-1.29	8.61	1.80	2.00
445	-1.30	8.58	1.81	2.00
446	-1.31	8.56	1.81	2.00
447	-1.32	8.54	1.81	2.00
Target 16 (frames from 479 to 689)
Bounding Boxes (frame, x, y, width, height)
479	256	144	56	113
480	257	144	57	114
481	257	143	57	114
482	257	143	57	114
483	257	143	57	114
484	257	143	57	115
485	257	142	57	115
486	257	142	58	116
487	257	142	58	116
488	256	142	58	117
489	256	141	58	117
490	256	141	59	118
491	255	141	59	118
492	254	141	59	119
493	253	140	60	120
494	253	140	60	121
495	252	139	61	122
496	251	139	61	123
497	251	138	62	124
498	250	138	62	124
499	250	138	62	125
500	249	137	62	125
501	249	137	62	125
502	248	137	62	125
503	247	137	62	125
504	247	138	62	125
505	247	138	62	124
506	246	138	62	124
507	246	138	62	124
508	246	138	62	124
509	245	138	62	124
510	245	138	62	124
511	245	138	62	125
512	245	138	62	125
513	246	137	63	127
514	246	137	64	128
515	246	136	64	129
516	246	135	65	130
517	246	135	65	131
518	246	134	66	133
519	245	134	67	134
520	245	133	67	135
521	245	133	68	136
522	244	132	68	137
523	244	132	69	138
524	243	131	69	139
525	242	131	70	140
526	241	131	70	141
527	240	130	71	142
528	240	130	71	143
529	239	130	71	143
530	238	129	72	144
531	238	129	72	145
532	238	129	73	146
533	238	129	73	147
534	238	128	74	148
535	238	128	74	149
536	238	128	75	150
537	238	128	75	150
538	238	128	75	151
539	239	129	75	151
540	239	129	75	151
541	240	130	75	151
542	241	131	75	151
543	241	132	75	151
544	241	133	75	151
545	242	133	75	151
546	242	134	75	151
547	242	134	75	151
548	242	135	76	152
549	243	135	77	154
550	243	135	77	155
551	242	135	78	157
552	242	134	79	159
553	242	134	81	162
554	242	133	82	165
555	241	133	83	167
556	241	133	84	169
557	241	133	86	172
558	241	133	87	174
559	241	133	88	176
560	241	133	89	179
561	241	133	90	181
562	241	133	91	183
563	241	134	92	184
564	241	134	93	186
565	241	134	94	188
566	241	134	95	190
567	242	134	96	192
568	242	135	96	193
569	242	136	97	194
570	243	137	97	194
571	243	138	97	195
572	244	139	97	195
573	245	140	97	195
574	246	141	98	196
575	246	141	99	198
576	247	141	100	200
577	248	141	101	202
578	249	141	102	204
579	250	142	103	206
580	252	141	103	207
581	253	141	104	209
582	255	141	105	211
583	256	141	106	212
584	258	140	107	214
585	259	141	107	214
586	261	141	107	214
587	262	141	107	214
588	264	142	107	214
589	265	142	107	214
590	266	142	107	215
591	267	142	107	215
592	268	142	108	217
593	268	142	109	219
594	269	142	110	221
595	270	141	111	223
596	271	141	112	225
597	272	140	113	227
598	273	139	115	230
599	274	138	116	233
600	276	137	117	235
601	277	137	118	237
602	279	136	119	239
603	281	135	120	241
604	284	134	121	243
605	286	134	121	243
606	289	134	122	244
607	291	134	122	244
608	294	135	122	244
609	297	135	122	244
610	300	136	121	243
611	302	137	121	243
612	305	138	121	242
613	307	138	121	242
614	310	139	121	243
615	312	140	122	244
616	313	141	123	246
617	315	142	124	248
618	317	143	125	250
619	319	143	126	252
620	321	143	127	255
621	323	143	128	257
622	326	144	129	259
623	328	144	131	262
624	331	143	132	264
625	334	143	134	268
626	337	142	135	271
627	340	142	137	274
628	343	142	138	277
629	347	141	140	280
630	350	141	141	282
631	353	141	142	284
632	356	141	143	286
633	359	142	144	288
634	362	142	144	289
635	365	143	145	290
636	368	143	145	291
637	372	144	146	292
638	375	144	146	293
639	378	145	147	294
640	381	145	147	295
641	384	145	148	297
642	388	145	150	300
643	391	145	152	304
644	395	144	154	309
645	398	144	156	312
646	402	144	158	316
647	406	143	160	320
648	409	143	162	324
649	413	143	163	327
650	418	143	165	330
651	422	143	166	332
652	426	144	167	334
653	431	144	167	335
654	435	144	168	336
655	440	145	168	337
656	444	145	168	337
657	447	145	168	337
658	451	145	168	337
659	454	145	168	337
660	457	145	168	337
661	461	145	168	336
662	464	145	168	336
663	467	146	167	335
664	470	146	167	334
665	473	147	166	333
666	476	148	166	332
667	479	148	165	331
668	482	149	165	331
669	485	150	164	329
670	487	151	164	328
671	490	152	163	326
672	493	153	162	325
673	495	154	162	325
674	497	154	162	324
675	500	154	162	324
676	502	153	161	323
677	504	153	161	323
678	506	152	161	323
679	509	152	161	323
680	510	152	161	323
681	512	151	161	322
682	514	151	161	322
683	515	151	160	321
684	516	151	160	321
685	517	152	160	320
686	518	152	160	320
687	518	152	159	319
688	519	152	159	318
689	519	152	159	318
3D Trajetory (frame, x, z, height, pose)
479	-1.18	7.56	1.71	2.00
480	-1.18	7.55	1.72	2.00
481	-1.18	7.54	1.73	2.00
482	-1.17	7.53	1.73	2.00
483	-1.16	7.52	1.74	2.00
484	-1.17	7.53	1.74	2.00
485	-1.17	7.53	1.74	2.00
486	-1.17	7.52	1.74	2.00
487	-1.17	7.52	1.75	2.00
488	-1.17	7.50	1.75	2.00
489	-1.17	7.49	1.76	2.00
490	-1.17	7.44	1.76	2.00
491	-1.17	7.40	1.76	2.00
492	-1.17	7.37	1.77	2.00
493	-1.18	7.34	1.77	2.00
494	-1.18	7.31	1.78	2.00
495	-1.18	7.28	1.79	2.00
496	-1.18	7.26	1.78	2.00
497	-1.18	7.24	1.78	2.00
498	-1.19	7.22	1.79	2.00
499	-1.19	7.20	1.79	2.00
500	-1.19	7.17	1.81	2.00
501	-1.18	7.14	1.82	2.00
502	-1.18	7.12	1.82	2.00
503	-1.17	7.10	1.82	2.00
504	-1.19	7.14	1.80	2.00
505	-1.20	7.18	1.78	2.00
506	-1.21	7.18	1.77	2.00
507	-1.22	7.18	1.75	2.00
508	-1.21	7.17	1.76	2.00
509	-1.20	7.15	1.76	2.00
510	-1.20	7.13	1.77	2.00
511	-1.19	7.11	1.79	2.00
512	-1.19	7.10	1.80	2.00
513	-1.19	7.09	1.81	2.00
514	-1.19	7.07	1.82	2.00
515	-1.19	7.05	1.84	2.00
516	-1.18	7.02	1.84	2.00
517	-1.16	6.99	1.85	2.00
518	-1.16	6.96	1.86	2.00
519	-1.15	6.94	1.87	2.00
520	-1.15	6.91	1.87	2.00
521	-1.14	6.89	1.88	2.00
522	-1.14	6.86	1.88	2.00
523	-1.13	6.83	1.88	2.00
524	-1.12	6.79	1.89	2.00
525	-1.11	6.75	1.90	2.00
526	-1.11	6.72	1.90	2.00
527	-1.12	6.68	1.90	2.00
528	-1.12	6.65	1.91	2.00
529	-1.11	6.62	1.91	2.00
530	-1.11	6.59	1.91	2.00
531	-1.11	6.56	1.91	2.00
532	-1.10	6.52	1.91	2.00
533	-1.10	6.47	1.90	2.00
534	-1.09	6.43	1.90	2.00
535	-1.08	6.39	1.90	2.00
536	-1.06	6.35	1.90	2.00
537	-1.04	6.32	1.90	2.00
538	-1.03	6.28	1.90	2.00
539	-1.03	6.25	1.90	2.00
540	-1.02	6.21	1.89	2.00
541	-1.02	6.16	1.88	2.00
542	-1.00	6.08	1.86	2.00
543	-0.98	6.01	1.84	2.00
544	-0.98	6.00	1.81	2.00
545	-0.97	5.98	1.78	2.00
546	-0.96	5.94	1.78	2.00
547	-0.95	5.90	1.78	2.00
548	-0.94	5.85	1.79	2.00
549	-0.93	5.80	1.80	2.00
550	-0.92	5.75	1.80	2.00
551	-0.91	5.69	1.80	2.00
552	-0.89	5.61	1.79	2.00
553	-0.88	5.52	1.79	2.00
554	-0.86	5.43	1.79	2.00
555	-0.85	5.33	1.79	2.00
556	-0.83	5.25	1.79	2.00
557	-0.82	5.18	1.79	2.00
558	-0.80	5.10	1.79	2.00
559	-0.78	5.02	1.78	2.00
560	-0.77	4.95	1.77	2.00
561	-0.75	4.88	1.76	2.00
562	-0.73	4.80	1.75	2.00
563	-0.71	4.73	1.74	2.00
564	-0.70	4.67	1.74	2.00
565	-0.69	4.61	1.74	2.00
566	-0.67	4.55	1.73	2.00
567	-0.66	4.49	1.73	2.00
568	-0.65	4.43	1.71	2.00
569	-0.64	4.37	1.69	2.00
570	-0.63	4.32	1.69	2.00
571	-0.61	4.28	1.69	2.00
572	-0.60	4.23	1.69	2.00
573	-0.60	4.17	1.68	2.00
574	-0.59	4.19	1.65	2.00
575	-0.58	4.20	1.61	2.00
576	-0.57	4.15	1.62	2.00
577	-0.55	4.10	1.62	2.00
578	-0.53	4.03	1.63	2.00
579	-0.50	3.97	1.64	2.00
580	-0.48	3.91	1.64	2.00
581	-0.46	3.85	1.64	2.00
582	-0.44	3.78	1.65	2.00
583	-0.42	3.72	1.65	2.00
584	-0.41	3.80	1.64	2.00
585	-0.41	3.88	1.63	2.00
586	-0.40	3.85	1.63	2.00
587	-0.39	3.83	1.62	2.00
588	-0.37	3.80	1.62	2.00
589	-0.35	3.77	1.62	2.00
590	-0.34	3.74	1.62	2.00
591	-0.33	3.72	1.61	2.00
592	-0.32	3.69	1.61	2.00
593	-0.31	3.66	1.62	2.00
594	-0.31	3.64	1.61	2.00
595	-0.30	3.62	1.61	2.00
596	-0.28	3.60	1.62	2.00
597	-0.26	3.57	1.62	2.00
598	-0.25	3.54	1.63	2.00
599	-0.23	3.52	1.64	2.00
600	-0.22	3.49	1.64	2.00
601	-0.21	3.47	1.65	2.00
602	-0.19	3.45	1.65	2.00
603	-0.17	3.42	1.66	2.00
604	-0.16	3.40	1.67	2.00
605	-0.15	3.38	1.68	2.00
606	-0.13	3.40	1.67	2.00
607	-0.11	3.42	1.67	2.00
608	-0.09	3.42	1.67	2.00
609	-0.07	3.41	1.66	2.00
610	-0.05	3.41	1.65	2.00
611	-0.04	3.40	1.64	2.00
612	-0.02	3.38	1.63	2.00
613	-0.01	3.36	1.62	2.00
614	-0.00	3.33	1.62	2.00
615	0.01	3.30	1.62	2.00
616	0.03	3.28	1.61	2.00
617	0.05	3.27	1.60	2.00
618	0.07	3.23	1.60	2.00
619	0.09	3.19	1.61	2.00
620	0.10	3.14	1.60	2.00
621	0.12	3.10	1.60	2.00
622	0.13	3.05	1.60	2.00
623	0.14	3.01	1.60	4.00
624	0.16	3.02	1.60	4.00
625	0.19	3.02	1.60	4.00
626	0.21	2.99	1.60	4.00
627	0.23	2.96	1.61	4.00
628	0.25	2.93	1.60	4.00
629	0.26	2.91	1.60	4.00
630	0.28	2.86	1.60	4.00
631	0.29	2.81	1.60	1.00
632	0.31	2.77	1.61	1.00
633	0.33	2.73	1.61	1.00
634	0.34	2.76	1.60	1.00
635	0.36	2.79	1.59	2.00
636	0.37	2.76	1.58	2.00
637	0.39	2.74	1.58	2.00
638	0.40	2.71	1.57	2.00
639	0.41	2.69	1.56	2.00
640	0.44	2.67	1.56	2.00
641	0.46	2.66	1.56	2.00
642	0.48	2.62	1.56	2.00
643	0.49	2.59	1.57	2.00
644	0.51	2.56	1.57	2.00
645	0.52	2.54	1.57	1.00
646	0.53	2.51	1.57	1.00
647	0.54	2.48	1.58	1.00
648	0.56	2.45	1.58	1.00
649	0.58	2.42	1.57	1.00
650	0.60	2.40	1.57	1.00
651	0.61	2.37	1.56	1.00
652	0.62	2.37	1.56	1.00
653	0.64	2.36	1.57	1.00
654	0.66	2.35	1.56	1.00
655	0.69	2.35	1.56	1.00
656	0.71	2.34	1.56	1.00
657	0.73	2.34	1.55	1.00
658	0.74	2.34	1.55	1.00
659	0.75	2.34	1.54	1.00
660	0.76	2.34	1.54	1.00
661	0.78	2.34	1.54	1.00
662	0.79	2.34	1.55	1.00
663	0.80	2.34	1.55	1.00
664	0.82	2.34	1.55	1.00
665	0.84	2.34	1.54	1.00
666	0.86	2.35	1.54	1.00
667	0.87	2.35	1.53	1.00
668	0.89	2.35	1.53	1.00
669	0.91	2.36	1.52	1.00
670	0.92	2.36	1.52	1.00
671	0.93	2.35	1.51	1.00
672	0.93	2.36	1.52	1.00
673	0.94	2.37	1.52	1.00
674	0.96	2.37	1.52	1.00
675	0.98	2.37	1.52	1.00
676	0.99	2.38	1.51	1.00
677	1.01	2.39	1.51	1.00
678	1.02	2.40	1.52	1.00
679	1.03	2.40	1.53	1.00
680	1.04	2.40	1.53	1.00
681	1.04	2.41	1.53	1.00
682	1.05	2.42	1.53	1.00
683	1.06	2.43	1.54	1.00
684	1.07	2.43	1.54	1.00
685	1.08	2.44	1.54	1.00
686	1.08	2.44	1.54	1.00
687	1.09	2.45	1.54	1.00
688	1.10	2.45	1.54	4.00
689	1.11	2.46	1.53	1.00
Target 17 (frames from 639 to 689)
Bounding Boxes (frame, x, y, width, height)
639	242	150	51	102
640	241	149	52	104
641	239	148	53	106
642	238	147	53	107
643	237	146	54	109
644	237	145	55	110
645	236	144	55	111
646	235	143	56	112
647	234	143	56	113
648	234	142	57	114
649	234	142	57	114
650	234	142	57	115
651	234	141	57	115
652	234	141	58	116
653	234	141	58	116
654	233	141	58	116
655	233	142	57	115
656	233	142	57	115
657	232	142	57	115
658	231	142	58	116
659	230	142	58	116
660	229	142	58	116
661	227	141	58	117
662	226	141	58	117
663	225	140	59	118
664	223	140	59	119
665	222	139	60	120
666	221	139	60	120
667	220	139	60	121
668	218	138	61	122
669	217	138	61	123
670	216	138	61	123
671	215	138	62	124
672	213	138	62	125
673	212	138	62	125
674	211	138	63	126
675	210	137	63	127
676	209	137	64	128
677	209	137	64	129
678	208	137	64	129
679	207	136	65	130
680	206	136	65	130
681	206	136	65	131
682	205	136	65	131
683	204	137	66	132
684	203	137	66	132
685	202	137	66	132
686	201	138	66	132
687	200	139	66	132
688	199	139	66	132
689	198	140	66	132
3D Trajetory (frame, x, z, height, pose)
639	-1.67	7.87	1.65	4.00
640	-1.67	7.86	1.66	4.00
641	-1.67	7.84	1.67	2.00
642	-1.68	7.84	1.69	2.00
643	-1.69	7.84	1.71	2.00
644	-1.70	7.82	1.72	2.00
645	-1.72	7.80	1.74	2.00
646	-1.73	7.75	1.75	2.00
647	-1.74	7.70	1.77	2.00
648	-1.74	7.68	1.77	2.00
649	-1.74	7.66	1.78	2.00
650	-1.73	7.65	1.78	2.00
651	-1.73	7.64	1.79	2.00
652	-1.72	7.63	1.79	2.00
653	-1.72	7.62	1.79	2.00
654	-1.72	7.61	1.78	2.00
655	-1.71	7.60	1.78	2.00
656	-1.73	7.58	1.77	2.00
657	-1.74	7.56	1.76	2.00
658	-1.75	7.55	1.76	2.00
659	-1.77	7.53	1.75	2.00
660	-1.78	7.51	1.76	2.00
661	-1.78	7.49	1.76	2.00
662	-1.79	7.47	1.77	2.00
663	-1.80	7.45	1.78	2.00
664	-1.81	7.43	1.79	2.00
665	-1.81	7.41	1.80	2.00
666	-1.82	7.38	1.80	2.00
667	-1.83	7.36	1.81	2.00
668	-1.83	7.32	1.81	2.00
669	-1.83	7.29	1.81	2.00
670	-1.83	7.27	1.81	2.00
671	-1.84	7.25	1.80	2.00
672	-1.83	7.19	1.81	2.00
673	-1.83	7.13	1.81	2.00
674	-1.83	7.09	1.81	2.00
675	-1.83	7.06	1.81	2.00
676	-1.83	7.02	1.81	2.00
677	-1.84	6.97	1.81	2.00
678	-1.84	6.94	1.81	2.00
679	-1.84	6.91	1.81	2.00
680	-1.84	6.88	1.82	2.00
681	-1.84	6.85	1.82	2.00
682	-1.84	6.83	1.82	2.00
683	-1.84	6.81	1.81	2.00
684	-1.85	6.79	1.80	2.00
685	-1.85	6.77	1.80	2.00
686	-1.86	6.74	1.79	2.00
687	-1.86	6.71	1.79	2.00
688	-1.86	6.68	1.78	2.00
689	-1.87	6.65	1.78	2.00
