Total frames 151
Number of Targets 15
Target 1 (frames from 1 to 68)
Bounding Boxes (frame, x, y, width, height)
1	496	116	126	252
2	496	114	127	254
3	495	113	127	255
4	495	112	128	257
5	495	111	128	257
6	495	110	129	258
7	494	110	129	258
8	494	110	128	257
9	494	110	128	257
10	494	110	127	255
11	495	112	126	252
12	495	112	124	249
13	494	114	123	247
14	494	115	123	246
15	494	117	122	245
16	494	119	122	244
17	494	120	122	244
18	494	122	122	245
19	495	123	123	247
20	495	123	124	248
21	496	124	124	248
22	497	124	124	248
23	497	124	123	247
24	498	123	122	244
25	499	122	120	240
26	499	122	117	234
27	501	121	114	229
28	501	121	113	226
29	501	120	112	225
30	501	121	112	225
31	501	121	112	224
32	500	122	111	223
33	500	122	111	222
34	500	123	111	222
35	499	123	112	224
36	498	124	113	227
37	497	124	115	231
38	495	124	117	235
39	493	124	118	237
40	491	125	119	238
41	489	125	118	237
42	487	126	119	238
43	485	126	120	240
44	483	125	121	243
45	482	125	123	246
46	481	125	125	250
47	480	125	125	251
48	479	124	126	252
49	479	123	125	251
50	479	122	125	251
51	479	121	125	251
52	480	121	125	250
53	480	120	126	252
54	480	120	126	253
55	481	120	127	255
56	482	121	127	254
57	484	122	125	250
58	486	124	122	245
59	488	126	119	238
60	490	127	117	234
61	492	127	114	229
62	494	128	111	223
63	496	129	108	217
64	498	129	104	209
65	501	130	101	202
66	503	130	97	194
67	506	130	92	185
68	508	130	87	175
3D Trajetory (frame, x, z, height, pose)
1	1.99	3.28	2.09	2.00
2	1.97	3.30	2.12	2.00
3	2.00	3.37	2.14	2.00
4	1.99	3.35	2.13	2.00
5	2.01	3.31	2.10	2.00
6	1.98	3.29	2.10	2.00
7	1.97	3.29	2.10	2.00
8	1.97	3.31	2.10	2.00
9	1.95	3.26	2.10	2.00
10	1.93	3.23	2.10	2.00
11	1.92	3.21	2.10	2.00
12	1.90	3.18	2.10	2.00
13	1.90	3.18	2.10	2.00
14	1.91	3.20	2.10	2.00
15	2.02	3.41	2.11	2.00
16	2.05	3.49	2.11	2.00
17	2.08	3.55	2.11	2.00
18	2.07	3.52	2.10	2.00
19	2.05	3.49	2.10	2.00
20	2.02	3.44	2.10	2.00
21	2.00	3.39	2.09	2.00
22	2.00	3.38	2.09	2.00
23	2.01	3.36	2.09	2.00
24	2.00	3.35	2.09	2.00
25	2.01	3.34	2.09	2.00
26	2.02	3.34	2.09	2.00
27	2.07	3.46	2.09	2.00
28	2.11	3.54	2.10	2.00
29	2.14	3.62	2.10	2.00
30	2.17	3.69	2.10	2.00
31	2.20	3.76	2.10	2.00
32	2.20	3.73	2.10	2.00
33	2.19	3.70	2.10	2.00
34	2.19	3.67	2.10	2.00
35	2.18	3.64	2.10	2.00
36	2.16	3.63	2.09	2.00
37	2.18	3.69	2.10	2.00
38	2.21	3.76	2.10	2.00
39	2.23	3.82	2.10	2.00
40	2.21	3.79	2.10	4.00
41	2.19	3.77	2.10	2.00
42	2.16	3.74	2.10	2.00
43	2.12	3.68	2.10	2.00
44	2.07	3.62	2.09	2.00
45	2.04	3.57	2.09	2.00
46	2.01	3.55	2.09	2.00
47	1.99	3.54	2.09	2.00
48	1.98	3.52	2.09	2.00
49	1.96	3.50	2.09	2.00
50	1.94	3.48	2.09	2.00
51	1.92	3.45	2.08	2.00
52	1.91	3.43	2.08	2.00
53	1.89	3.41	2.08	2.00
54	1.88	3.39	2.08	2.00
55	1.86	3.34	2.08	2.00
56	1.84	3.29	2.08	2.00
57	1.85	3.29	2.08	2.00
58	1.85	3.30	2.08	2.00
59	1.86	3.30	2.08	2.00
60	1.88	3.32	2.08	2.00
61	1.88	3.32	2.08	2.00
62	1.94	3.41	2.08	2.00
63	1.98	3.48	2.08	2.00
64	2.03	3.55	2.08	2.00
65	2.07	3.62	2.08	2.00
66	2.11	3.68	2.08	2.00
67	2.15	3.74	2.08	2.00
68	2.18	3.79	2.08	2.00
Target 2 (frames from 1 to 118)
Bounding Boxes (frame, x, y, width, height)
1	399	132	116	232
2	398	131	116	232
3	398	131	116	232
4	397	131	116	232
5	397	131	116	232
6	396	132	115	231
7	396	132	115	231
8	395	132	115	231
9	395	133	115	230
10	395	133	115	230
11	394	135	114	229
12	395	136	114	229
13	395	137	114	228
14	396	139	113	227
15	396	141	113	226
16	396	141	113	226
17	396	142	112	224
18	396	142	111	223
19	396	141	111	223
20	395	141	112	224
21	394	139	113	227
22	392	137	116	233
23	390	135	119	239
24	387	133	122	245
25	386	131	125	250
26	384	131	126	253
27	383	130	128	256
28	383	131	128	256
29	384	132	127	255
30	385	133	126	252
31	386	135	124	249
32	388	137	122	245
33	390	139	120	241
34	392	141	118	236
35	395	143	115	230
36	396	144	113	227
37	396	145	112	225
38	396	145	112	225
39	394	144	113	227
40	392	143	115	230
41	390	142	115	231
42	388	141	116	233
43	387	140	116	233
44	386	140	116	233
45	385	140	116	232
46	384	140	115	230
47	384	140	114	228
48	384	141	113	226
49	384	141	112	224
50	384	141	112	224
51	384	141	112	225
52	385	141	112	224
53	384	141	113	226
54	384	140	114	228
55	385	141	113	227
56	386	142	112	225
57	387	143	111	222
58	388	143	110	220
59	389	143	109	219
60	389	142	109	218
61	390	142	108	217
62	391	143	108	216
63	392	144	106	213
64	392	145	105	211
65	392	146	105	210
66	391	145	105	210
67	388	144	106	213
68	386	143	108	217
69	383	141	110	221
70	381	138	113	226
71	378	136	116	232
72	377	134	117	235
73	376	133	117	235
74	376	132	118	236
75	376	131	119	238
76	376	129	119	239
77	376	128	120	240
78	378	129	119	239
79	380	130	117	235
80	382	133	115	230
81	384	136	112	225
82	386	139	110	220
83	388	142	108	216
84	389	145	106	212
85	390	148	105	210
86	390	150	103	207
87	391	151	103	206
88	392	153	102	205
89	392	154	103	206
90	392	154	103	207
91	391	154	104	209
92	391	154	106	212
93	390	153	107	215
94	389	153	109	218
95	388	152	110	221
96	388	150	111	223
97	388	148	112	225
98	389	146	113	227
99	390	145	114	229
100	392	143	114	229
101	394	142	114	229
102	396	142	113	227
103	398	142	112	225
104	400	141	112	224
105	401	141	111	223
106	402	141	111	222
107	402	141	111	222
108	401	141	111	222
109	400	143	110	220
110	401	143	109	219
111	401	142	109	218
112	401	142	108	216
113	402	142	107	215
114	402	142	107	214
115	402	142	106	213
116	402	141	106	212
117	402	141	105	210
118	402	140	104	209
3D Trajetory (frame, x, z, height, pose)
1	1.15	3.43	1.97	2.00
2	1.16	3.27	1.93	2.00
3	1.18	3.33	1.96	2.00
4	1.13	3.35	1.96	2.00
5	1.13	3.41	1.95	2.00
6	1.11	3.37	1.95	2.00
7	1.10	3.35	1.95	2.00
8	1.11	3.39	1.94	2.00
9	1.13	3.36	1.94	2.00
10	1.13	3.37	1.94	2.00
11	1.12	3.37	1.93	2.00
12	1.11	3.36	1.93	2.00
13	1.11	3.36	1.93	2.00
14	1.11	3.36	1.93	2.00
15	1.10	3.35	1.93	2.00
16	1.10	3.36	1.92	2.00
17	1.10	3.36	1.92	2.00
18	1.11	3.37	1.92	2.00
19	1.11	3.40	1.92	2.00
20	1.12	3.41	1.92	2.00
21	1.12	3.43	1.92	2.00
22	1.12	3.42	1.93	2.00
23	1.11	3.41	1.93	2.00
24	1.10	3.38	1.93	2.00
25	1.10	3.39	1.93	2.00
26	1.06	3.29	1.93	2.00
27	1.02	3.19	1.92	2.00
28	0.99	3.10	1.92	2.00
29	0.96	3.02	1.92	2.00
30	0.94	2.97	1.92	2.00
31	0.96	3.02	1.92	2.00
32	0.97	3.03	1.92	2.00
33	0.99	3.07	1.92	2.00
34	1.00	3.10	1.92	2.00
35	1.02	3.12	1.92	2.00
36	1.03	3.15	1.91	2.00
37	1.04	3.17	1.91	2.00
38	1.04	3.17	1.91	2.00
39	1.04	3.17	1.91	2.00
40	1.04	3.17	1.91	2.00
41	1.05	3.18	1.91	2.00
42	1.04	3.22	1.91	2.00
43	1.03	3.21	1.91	2.00
44	1.02	3.23	1.91	2.00
45	1.02	3.24	1.91	2.00
46	1.01	3.26	1.91	2.00
47	1.01	3.28	1.91	2.00
48	1.01	3.29	1.91	2.00
49	1.01	3.31	1.91	2.00
50	1.01	3.32	1.91	2.00
51	1.01	3.33	1.91	2.00
52	1.01	3.34	1.91	2.00
53	1.01	3.36	1.91	2.00
54	1.02	3.38	1.91	2.00
55	1.02	3.39	1.91	2.00
56	1.03	3.39	1.91	2.00
57	1.01	3.37	1.91	2.00
58	1.02	3.38	1.91	2.00
59	1.02	3.39	1.91	2.00
60	1.04	3.40	1.91	2.00
61	1.04	3.41	1.91	2.00
62	1.07	3.49	1.91	2.00
63	1.10	3.56	1.91	2.00
64	1.10	3.56	1.91	2.00
65	1.10	3.55	1.91	2.00
66	1.10	3.55	1.91	2.00
67	1.10	3.54	1.91	2.00
68	1.10	3.55	1.91	2.00
69	1.10	3.56	1.91	2.00
70	1.08	3.57	1.91	2.00
71	1.07	3.57	1.91	2.00
72	1.04	3.53	1.91	2.00
73	1.02	3.49	1.91	2.00
74	1.01	3.46	1.91	2.00
75	1.01	3.44	1.91	2.00
76	1.01	3.44	1.91	2.00
77	1.01	3.45	1.91	2.00
78	1.01	3.45	1.91	2.00
79	1.01	3.46	1.91	2.00
80	1.01	3.47	1.91	2.00
81	1.01	3.47	1.91	2.00
82	1.01	3.48	1.91	2.00
83	1.02	3.49	1.91	2.00
84	1.03	3.51	1.91	2.00
85	1.04	3.52	1.91	2.00
86	1.05	3.54	1.91	2.00
87	1.05	3.53	1.91	2.00
88	1.06	3.53	1.91	2.00
89	1.06	3.53	1.91	2.00
90	1.06	3.53	1.91	2.00
91	1.06	3.53	1.91	2.00
92	1.06	3.52	1.91	2.00
93	1.06	3.52	1.91	2.00
94	1.06	3.52	1.91	2.00
95	1.07	3.52	1.91	2.00
96	1.07	3.52	1.91	2.00
97	1.07	3.51	1.91	2.00
98	1.07	3.51	1.91	2.00
99	1.07	3.51	1.92	2.00
100	1.09	3.50	1.92	2.00
101	1.11	3.48	1.92	2.00
102	1.13	3.47	1.92	2.00
103	1.15	3.45	1.92	4.00
104	1.17	3.45	1.92	2.00
105	1.19	3.44	1.92	4.00
106	1.21	3.49	1.92	4.00
107	1.22	3.52	1.92	2.00
108	1.22	3.54	1.92	2.00
109	1.24	3.56	1.92	2.00
110	1.22	3.56	1.92	2.00
111	1.22	3.54	1.92	2.00
112	1.20	3.55	1.92	2.00
113	1.20	3.55	1.93	2.00
114	1.19	3.55	1.93	2.00
115	1.21	3.58	1.93	2.00
116	1.23	3.62	1.93	2.00
117	1.27	3.68	1.93	1.00
118	1.27	3.63	1.93	4.00
Target 3 (frames from 1 to 27)
Bounding Boxes (frame, x, y, width, height)
1	283	139	107	215
2	283	138	106	213
3	283	138	106	212
4	282	138	105	211
5	282	138	105	211
6	282	138	105	210
7	281	139	105	210
8	281	139	105	210
9	281	139	105	211
10	280	139	105	211
11	280	139	107	214
12	279	139	108	217
13	278	140	109	219
14	278	142	108	217
15	278	143	109	219
16	278	143	110	220
17	279	145	110	221
18	278	145	111	222
19	277	144	112	224
20	276	144	112	225
21	275	143	113	226
22	273	142	114	228
23	271	141	114	229
24	269	140	115	230
25	267	138	115	231
26	265	136	116	232
27	262	134	117	234
3D Trajetory (frame, x, z, height, pose)
1	0.14	3.47	1.95	2.00
2	0.14	3.38	1.90	2.00
3	0.15	3.48	1.92	2.00
4	0.17	4.11	1.93	2.00
5	0.15	3.93	1.94	2.00
6	0.15	3.62	1.92	2.00
7	0.14	3.52	1.90	2.00
8	0.13	3.70	1.92	2.00
9	0.11	3.92	1.94	2.00
10	0.11	3.81	1.93	2.00
11	0.12	3.71	1.92	2.00
12	0.11	3.61	1.92	2.00
13	0.12	3.55	1.91	2.00
14	0.12	3.50	1.91	2.00
15	0.12	3.40	1.90	2.00
16	0.12	3.38	1.90	2.00
17	0.11	3.36	1.90	2.00
18	0.11	3.41	1.90	2.00
19	0.11	3.44	1.90	2.00
20	0.10	3.46	1.90	2.00
21	0.10	3.48	1.90	2.00
22	0.10	3.41	1.90	2.00
23	0.11	3.34	1.90	2.00
24	0.10	3.39	1.90	2.00
25	0.08	3.35	1.91	2.00
26	0.05	3.30	1.91	2.00
27	0.03	3.29	1.91	2.00
Target 4 (frames from 1 to 151)
Bounding Boxes (frame, x, y, width, height)
1	99	127	107	214
2	100	125	108	217
3	100	123	110	220
4	101	121	111	222
5	101	120	112	225
6	101	119	113	227
7	101	118	114	228
8	100	117	115	230
9	100	117	115	231
10	99	117	116	232
11	97	117	117	234
12	94	118	117	234
13	92	120	117	235
14	90	121	118	236
15	89	123	117	234
16	89	125	116	232
17	88	126	115	230
18	88	127	113	227
19	89	128	113	226
20	89	129	112	224
21	90	129	111	223
22	91	131	111	222
23	92	132	110	220
24	92	132	110	220
25	93	133	110	220
26	93	133	110	220
27	92	132	111	222
28	92	131	112	224
29	91	131	113	226
30	90	130	114	228
31	89	129	115	230
32	89	127	116	232
33	88	126	115	231
34	88	125	115	231
35	88	124	115	231
36	88	124	115	231
37	87	123	115	231
38	87	124	115	231
39	86	124	115	231
40	85	125	115	230
41	84	126	115	230
42	83	127	115	230
43	81	128	115	230
44	80	128	115	231
45	79	129	115	231
46	79	128	115	231
47	78	128	115	231
48	78	128	114	229
49	79	127	113	227
50	80	127	113	226
51	81	127	113	227
52	83	126	114	228
53	85	126	114	229
54	86	126	115	231
55	87	126	116	233
56	89	126	117	234
57	90	126	118	236
58	90	127	118	237
59	90	127	119	238
60	90	128	119	238
61	90	129	119	239
62	90	129	119	238
63	90	131	118	236
64	89	132	117	234
65	89	133	115	231
66	89	135	113	227
67	88	137	112	224
68	88	138	111	223
69	87	139	111	223
70	86	139	111	222
71	85	140	110	221
72	83	140	110	220
73	82	140	110	220
74	80	140	109	219
75	79	139	109	219
76	77	138	109	219
77	75	138	109	219
78	74	137	109	219
79	72	136	109	219
80	71	134	110	220
81	71	133	110	221
82	70	132	111	222
83	71	131	112	224
84	71	131	112	225
85	72	130	113	227
86	73	129	115	230
87	74	128	116	233
88	75	127	118	236
89	76	127	119	238
90	78	127	120	240
91	79	127	120	241
92	80	128	121	242
93	82	129	121	243
94	83	130	122	244
95	84	131	122	244
96	84	132	122	245
97	84	133	122	245
98	84	134	122	245
99	84	134	122	245
100	83	135	122	244
101	82	136	121	242
102	81	137	120	240
103	81	138	119	238
104	81	139	118	236
105	81	141	116	233
106	82	144	115	230
107	83	147	113	226
108	84	150	111	222
109	86	153	109	219
110	88	156	108	217
111	89	158	108	216
112	91	160	107	214
113	92	162	106	213
114	92	162	107	214
115	91	160	107	215
116	89	157	108	217
117	87	153	110	220
118	83	149	111	222
119	80	144	112	224
120	77	138	113	226
121	74	132	114	228
122	72	127	115	230
123	69	123	115	231
124	67	120	115	231
125	66	119	115	230
126	66	118	115	230
127	67	119	115	230
128	68	121	115	230
129	70	125	114	229
130	73	130	113	227
131	75	135	113	226
132	78	140	113	226
133	80	144	113	226
134	82	147	113	226
135	84	150	113	226
136	86	152	113	226
137	88	152	113	226
138	89	152	113	226
139	90	151	113	227
140	90	150	114	228
141	89	148	113	227
142	88	148	113	226
143	88	147	112	225
144	87	147	112	224
145	85	146	111	223
146	84	145	110	221
147	82	144	109	219
148	79	144	108	217
149	77	143	107	215
150	74	142	106	212
151	71	141	105	210
3D Trajetory (frame, x, z, height, pose)
1	-1.58	3.87	2.11	2.00
2	-1.59	3.50	1.96	2.00
3	-1.56	3.74	2.04	2.00
4	-1.55	3.79	2.06	4.00
5	-1.54	3.84	2.08	4.00
6	-1.51	3.76	2.09	4.00
7	-1.48	3.68	2.09	4.00
8	-1.46	3.60	2.09	4.00
9	-1.43	3.55	2.09	4.00
10	-1.42	3.53	2.09	2.00
11	-1.41	3.52	2.08	2.00
12	-1.40	3.50	2.08	2.00
13	-1.46	3.57	2.09	2.00
14	-1.47	3.55	2.08	2.00
15	-1.48	3.52	2.08	2.00
16	-1.49	3.51	2.08	2.00
17	-1.50	3.50	2.08	2.00
18	-1.51	3.52	2.08	2.00
19	-1.53	3.55	2.08	2.00
20	-1.54	3.57	2.07	2.00
21	-1.53	3.55	2.08	2.00
22	-1.57	3.64	2.08	2.00
23	-1.60	3.71	2.08	2.00
24	-1.60	3.69	2.08	2.00
25	-1.60	3.69	2.07	2.00
26	-1.60	3.70	2.07	2.00
27	-1.59	3.68	2.07	2.00
28	-1.59	3.67	2.06	2.00
29	-1.58	3.66	2.06	2.00
30	-1.58	3.65	2.05	2.00
31	-1.56	3.61	2.05	2.00
32	-1.57	3.62	2.05	2.00
33	-1.57	3.63	2.05	4.00
34	-1.57	3.61	2.05	4.00
35	-1.56	3.59	2.06	4.00
36	-1.56	3.58	2.06	4.00
37	-1.58	3.61	2.06	2.00
38	-1.58	3.61	2.06	2.00
39	-1.57	3.60	2.06	2.00
40	-1.57	3.60	2.06	2.00
41	-1.57	3.61	2.06	2.00
42	-1.58	3.60	2.06	2.00
43	-1.60	3.59	2.06	2.00
44	-1.60	3.58	2.06	2.00
45	-1.61	3.58	2.06	2.00
46	-1.62	3.57	2.06	2.00
47	-1.63	3.57	2.06	2.00
48	-1.64	3.57	2.06	2.00
49	-1.65	3.58	2.06	2.00
50	-1.65	3.57	2.06	2.00
51	-1.63	3.56	2.06	2.00
52	-1.64	3.59	2.06	2.00
53	-1.65	3.62	2.06	2.00
54	-1.63	3.62	2.06	2.00
55	-1.62	3.62	2.06	2.00
56	-1.62	3.62	2.06	2.00
57	-1.58	3.58	2.06	2.00
58	-1.54	3.53	2.06	3.00
59	-1.50	3.49	2.06	3.00
60	-1.52	3.55	2.06	3.00
61	-1.51	3.52	2.06	3.00
62	-1.51	3.52	2.06	3.00
63	-1.52	3.52	2.06	3.00
64	-1.53	3.52	2.06	3.00
65	-1.53	3.52	2.06	3.00
66	-1.54	3.52	2.06	3.00
67	-1.54	3.52	2.06	3.00
68	-1.55	3.52	2.06	3.00
69	-1.56	3.52	2.06	3.00
70	-1.56	3.52	2.06	3.00
71	-1.57	3.52	2.06	3.00
72	-1.58	3.52	2.06	3.00
73	-1.58	3.52	2.06	3.00
74	-1.59	3.52	2.06	3.00
75	-1.61	3.52	2.06	3.00
76	-1.63	3.52	2.06	3.00
77	-1.65	3.53	2.06	3.00
78	-1.68	3.56	2.06	3.00
79	-1.71	3.60	2.06	3.00
80	-1.73	3.62	2.06	4.00
81	-1.74	3.63	2.06	4.00
82	-1.75	3.64	2.06	4.00
83	-1.76	3.65	2.06	3.00
84	-1.77	3.66	2.06	3.00
85	-1.78	3.67	2.06	3.00
86	-1.76	3.66	2.06	3.00
87	-1.75	3.66	2.06	3.00
88	-1.74	3.66	2.06	3.00
89	-1.73	3.65	2.06	3.00
90	-1.72	3.65	2.06	3.00
91	-1.71	3.65	2.06	3.00
92	-1.70	3.64	2.06	3.00
93	-1.69	3.64	2.06	3.00
94	-1.66	3.61	2.06	3.00
95	-1.64	3.59	2.06	3.00
96	-1.61	3.57	2.06	3.00
97	-1.57	3.53	2.05	3.00
98	-1.55	3.50	2.05	3.00
99	-1.53	3.48	2.05	3.00
100	-1.51	3.43	2.05	3.00
101	-1.49	3.40	2.05	3.00
102	-1.47	3.37	2.05	3.00
103	-1.48	3.37	2.05	3.00
104	-1.50	3.38	2.05	3.00
105	-1.50	3.39	2.05	3.00
106	-1.49	3.40	2.05	3.00
107	-1.49	3.40	2.05	3.00
108	-1.49	3.41	2.05	3.00
109	-1.50	3.44	2.04	3.00
110	-1.50	3.45	2.04	3.00
111	-1.50	3.46	2.04	3.00
112	-1.50	3.47	2.04	3.00
113	-1.51	3.50	2.04	3.00
114	-1.55	3.54	2.04	3.00
115	-1.54	3.54	2.03	3.00
116	-1.54	3.54	2.03	3.00
117	-1.54	3.54	2.03	3.00
118	-1.53	3.54	2.03	3.00
119	-1.57	3.55	2.02	3.00
120	-1.61	3.56	2.02	3.00
121	-1.61	3.52	2.02	2.00
122	-1.64	3.53	2.03	4.00
123	-1.66	3.54	2.03	4.00
124	-1.68	3.55	2.03	4.00
125	-1.71	3.56	2.03	4.00
126	-1.73	3.58	2.03	4.00
127	-1.74	3.58	2.03	4.00
128	-1.73	3.58	2.03	4.00
129	-1.74	3.57	2.03	4.00
130	-1.75	3.59	2.03	4.00
131	-1.76	3.60	2.03	4.00
132	-1.73	3.60	2.03	2.00
133	-1.70	3.60	2.03	3.00
134	-1.68	3.58	2.03	2.00
135	-1.67	3.56	2.03	3.00
136	-1.64	3.56	2.03	1.00
137	-1.62	3.57	2.02	1.00
138	-1.61	3.57	2.02	1.00
139	-1.58	3.54	2.02	1.00
140	-1.56	3.53	2.02	3.00
141	-1.55	3.52	2.02	3.00
142	-1.54	3.52	2.02	3.00
143	-1.54	3.54	2.02	3.00
144	-1.53	3.52	2.02	3.00
145	-1.55	3.54	2.02	3.00
146	-1.56	3.53	2.01	2.00
147	-1.54	3.51	2.01	2.00
148	-1.58	3.55	2.01	2.00
149	-1.62	3.58	2.01	2.00
150	-1.65	3.59	2.01	2.00
151	-1.67	3.60	2.01	2.00
Target 5 (frames from 1 to 75)
Bounding Boxes (frame, x, y, width, height)
1	138	120	134	268
2	142	119	134	268
3	145	117	134	269
4	148	116	135	270
5	151	116	135	270
6	154	115	135	270
7	157	115	135	271
8	160	115	135	271
9	163	115	135	271
10	165	116	135	271
11	167	118	135	271
12	168	119	135	271
13	170	122	136	272
14	172	123	136	272
15	174	124	136	272
16	178	125	135	271
17	182	125	134	269
18	186	125	133	266
19	189	125	131	262
20	193	125	129	259
21	196	124	128	257
22	199	123	128	256
23	201	121	128	257
24	204	120	129	258
25	206	121	129	258
26	207	121	129	258
27	208	122	130	260
28	209	121	132	264
29	210	120	134	269
30	211	119	137	275
31	213	118	141	282
32	215	118	143	286
33	219	118	144	289
34	223	117	144	289
35	226	117	144	289
36	229	118	143	287
37	231	119	143	287
38	233	119	144	288
39	235	120	145	290
40	237	120	146	292
41	239	121	147	295
42	241	122	148	296
43	244	124	148	296
44	247	124	148	297
45	250	124	148	297
46	252	123	150	300
47	254	122	151	302
48	256	121	151	303
49	259	121	150	300
50	261	121	148	296
51	263	121	146	292
52	266	121	143	286
53	269	122	139	278
54	272	123	137	274
55	275	124	135	271
56	277	124	135	270
57	280	124	135	271
58	282	124	136	272
59	284	123	137	275
60	286	122	139	278
61	288	120	141	282
62	289	119	143	286
63	289	117	145	291
64	289	115	149	298
65	288	113	151	303
66	286	111	153	307
67	286	111	154	309
68	286	111	155	310
69	286	111	155	310
70	286	111	155	310
71	285	112	154	309
72	285	113	153	307
73	285	114	152	304
74	284	115	150	300
75	284	117	148	296
3D Trajetory (frame, x, z, height, pose)
1	-0.85	2.99	2.01	2.00
2	-0.85	2.92	2.00	2.00
3	-0.79	3.01	1.98	2.00
4	-0.78	3.06	2.01	2.00
5	-0.77	3.07	2.02	2.00
6	-0.71	2.91	2.02	2.00
7	-0.72	3.02	2.02	2.00
8	-0.66	2.95	2.02	2.00
9	-0.63	2.95	2.01	2.00
10	-0.59	2.87	2.01	1.00
11	-0.58	2.89	2.01	2.00
12	-0.58	2.91	2.00	1.00
13	-0.58	2.92	2.00	4.00
14	-0.58	2.92	1.99	4.00
15	-0.56	2.92	1.99	4.00
16	-0.55	2.92	1.98	1.00
17	-0.54	2.91	1.97	1.00
18	-0.50	2.90	1.98	1.00
19	-0.48	2.92	1.98	1.00
20	-0.45	2.92	1.99	1.00
21	-0.42	2.92	1.99	1.00
22	-0.41	3.00	2.00	2.00
23	-0.39	3.06	2.00	2.00
24	-0.38	3.12	2.00	2.00
25	-0.38	3.10	2.00	2.00
26	-0.39	3.15	2.00	4.00
27	-0.38	3.13	2.00	4.00
28	-0.34	3.09	2.00	4.00
29	-0.31	3.05	2.00	4.00
30	-0.28	3.02	1.99	4.00
31	-0.27	2.98	1.99	1.00
32	-0.24	2.97	1.99	2.00
33	-0.23	2.95	1.99	2.00
34	-0.20	2.89	1.99	2.00
35	-0.17	2.84	1.99	2.00
36	-0.14	2.81	1.99	2.00
37	-0.11	2.78	1.99	2.00
38	-0.09	2.78	1.99	2.00
39	-0.07	2.78	1.99	2.00
40	-0.05	2.77	1.99	2.00
41	-0.04	2.76	1.99	2.00
42	-0.04	2.75	1.99	4.00
43	-0.02	2.74	1.98	4.00
44	0.00	2.66	1.98	1.00
45	0.03	2.61	1.98	1.00
46	0.05	2.60	1.98	1.00
47	0.08	2.59	1.98	1.00
48	0.09	2.58	1.97	1.00
49	0.11	2.57	1.97	1.00
50	0.13	2.59	1.97	2.00
51	0.14	2.62	1.97	2.00
52	0.15	2.61	1.97	2.00
53	0.15	2.61	1.97	2.00
54	0.15	2.59	1.97	2.00
55	0.16	2.65	1.97	2.00
56	0.16	2.71	1.97	3.00
57	0.17	2.76	1.97	3.00
58	0.21	2.78	1.97	3.00
59	0.23	2.79	1.97	2.00
60	0.26	2.84	1.97	2.00
61	0.28	2.83	1.97	2.00
62	0.29	2.80	1.97	2.00
63	0.30	2.78	1.97	2.00
64	0.31	2.75	1.97	2.00
65	0.31	2.73	1.97	2.00
66	0.31	2.71	1.97	2.00
67	0.31	2.71	1.97	2.00
68	0.32	2.71	1.97	2.00
69	0.32	2.70	1.97	2.00
70	0.32	2.70	1.97	2.00
71	0.33	2.70	1.97	2.00
72	0.33	2.69	1.97	2.00
73	0.34	2.69	1.97	2.00
74	0.34	2.69	1.97	2.00
75	0.34	2.69	1.97	2.00
Target 6 (frames from 32 to 89)
Bounding Boxes (frame, x, y, width, height)
32	108	128	121	243
33	107	128	121	243
34	107	128	121	242
35	107	128	121	242
36	107	128	121	242
37	106	129	120	241
38	106	129	120	241
39	106	129	120	240
40	106	129	120	240
41	106	129	120	240
42	105	129	119	239
43	105	129	119	239
44	105	129	119	239
45	105	129	119	238
46	104	129	119	238
47	104	129	119	238
48	104	129	118	237
49	104	129	118	237
50	103	129	118	237
51	103	129	118	236
52	103	129	118	236
53	103	129	118	236
54	102	129	117	235
55	102	129	117	235
56	102	130	117	234
57	102	130	117	234
58	101	130	116	233
59	101	130	116	232
60	101	130	116	232
61	101	129	116	232
62	101	129	116	233
63	101	128	117	235
64	100	128	118	236
65	100	127	119	238
66	99	127	120	240
67	98	127	121	242
68	97	126	122	244
69	96	126	122	245
70	96	127	123	247
71	95	127	124	248
72	94	127	124	249
73	93	128	124	249
74	92	129	124	249
75	91	129	124	249
76	90	130	124	248
77	90	130	123	247
78	90	131	123	247
79	88	131	124	248
80	87	132	124	248
81	87	132	124	248
82	87	132	123	247
83	87	132	123	246
84	88	132	122	245
85	88	132	122	244
86	89	132	121	243
87	89	132	120	241
88	90	132	120	240
89	91	132	119	238
3D Trajetory (frame, x, z, height, pose)
32	-1.26	3.33	2.03	3.00
33	-1.26	3.34	2.03	3.00
34	-1.27	3.34	2.03	3.00
35	-1.27	3.34	2.03	3.00
36	-1.27	3.35	2.02	3.00
37	-1.28	3.35	2.02	3.00
38	-1.28	3.35	2.02	3.00
39	-1.29	3.36	2.02	3.00
40	-1.29	3.36	2.02	3.00
41	-1.30	3.36	2.02	3.00
42	-1.30	3.37	2.02	3.00
43	-1.30	3.37	2.02	3.00
44	-1.31	3.38	2.02	3.00
45	-1.31	3.38	2.02	3.00
46	-1.32	3.38	2.02	3.00
47	-1.32	3.39	2.02	3.00
48	-1.32	3.39	2.01	3.00
49	-1.33	3.39	2.01	3.00
50	-1.33	3.40	2.01	3.00
51	-1.34	3.40	2.01	3.00
52	-1.34	3.40	2.01	3.00
53	-1.34	3.41	2.01	3.00
54	-1.35	3.41	2.01	3.00
55	-1.35	3.41	2.01	3.00
56	-1.36	3.42	2.01	3.00
57	-1.36	3.42	2.01	3.00
58	-1.36	3.42	2.01	3.00
59	-1.37	3.43	2.00	3.00
60	-1.37	3.43	2.00	3.00
61	-1.38	3.43	2.00	3.00
62	-1.38	3.44	2.00	3.00
63	-1.39	3.44	2.00	3.00
64	-1.39	3.47	2.01	3.00
65	-1.40	3.46	2.03	3.00
66	-1.41	3.47	2.04	3.00
67	-1.25	3.26	2.01	3.00
68	-1.27	3.20	2.01	3.00
69	-1.28	3.19	2.02	3.00
70	-1.29	3.18	2.01	3.00
71	-1.31	3.19	2.01	3.00
72	-1.31	3.18	2.01	3.00
73	-1.31	3.17	2.01	3.00
74	-1.31	3.17	2.01	3.00
75	-1.32	3.17	2.01	3.00
76	-1.32	3.17	2.01	3.00
77	-1.33	3.17	2.01	3.00
78	-1.33	3.17	2.01	3.00
79	-1.34	3.17	2.01	3.00
80	-1.34	3.17	2.01	3.00
81	-1.35	3.17	2.01	3.00
82	-1.35	3.17	2.01	3.00
83	-1.36	3.17	2.01	3.00
84	-1.36	3.17	2.01	3.00
85	-1.37	3.16	2.01	3.00
86	-1.37	3.16	2.01	3.00
87	-1.38	3.16	2.01	3.00
88	-1.38	3.26	2.01	3.00
89	-1.39	3.30	2.01	3.00
Target 7 (frames from 36 to 57)
Bounding Boxes (frame, x, y, width, height)
36	185	146	105	211
37	184	146	105	211
38	184	146	105	211
39	184	146	105	211
40	184	147	106	212
41	183	147	106	212
42	183	147	106	212
43	182	147	106	212
44	182	147	106	213
45	182	146	106	213
46	181	146	107	214
47	180	145	107	215
48	179	145	108	217
49	178	144	108	217
50	178	144	109	218
51	178	144	109	218
52	179	144	108	217
53	179	144	108	217
54	179	144	108	216
55	180	145	108	216
56	181	145	107	215
57	182	146	106	213
3D Trajetory (frame, x, z, height, pose)
36	-0.75	3.55	1.92	2.00
37	-0.72	3.45	1.86	2.00
38	-0.71	3.47	1.87	2.00
39	-0.73	3.61	1.85	2.00
40	-0.75	3.70	1.85	2.00
41	-0.75	3.67	1.88	2.00
42	-0.75	3.62	1.88	2.00
43	-0.76	3.60	1.90	2.00
44	-0.76	3.57	1.90	2.00
45	-0.77	3.59	1.90	2.00
46	-0.76	3.59	1.90	2.00
47	-0.76	3.58	1.90	2.00
48	-0.76	3.58	1.90	2.00
49	-0.76	3.57	1.90	2.00
50	-0.76	3.57	1.90	2.00
51	-0.76	3.56	1.90	2.00
52	-0.76	3.55	1.90	2.00
53	-0.76	3.55	1.90	2.00
54	-0.76	3.54	1.90	2.00
55	-0.75	3.54	1.90	2.00
56	-0.75	3.54	1.90	2.00
57	-0.74	3.54	1.91	2.00
Target 8 (frames from 39 to 86)
Bounding Boxes (frame, x, y, width, height)
39	126	116	133	266
40	129	118	132	265
41	132	120	131	263
42	134	121	130	261
43	136	122	130	260
44	137	123	129	259
45	138	123	129	258
46	139	124	129	258
47	140	124	129	258
48	140	124	129	258
49	141	124	128	257
50	142	124	128	257
51	141	123	128	257
52	139	122	129	258
53	137	121	130	260
54	133	119	131	263
55	130	118	132	265
56	127	117	133	266
57	125	117	133	267
58	123	117	133	267
59	123	118	132	265
60	122	119	132	264
61	121	121	131	263
62	121	122	130	261
63	121	124	129	259
64	121	126	128	257
65	122	127	127	255
66	123	130	125	251
67	124	132	123	247
68	124	133	122	245
69	123	134	122	245
70	121	134	123	246
71	119	133	124	248
72	118	133	125	250
73	115	130	127	255
74	113	128	130	261
75	112	127	132	265
76	112	126	134	268
77	113	126	134	268
78	116	127	133	266
79	120	130	130	261
80	125	133	127	255
81	130	137	124	248
82	137	142	119	239
83	144	147	114	229
84	153	154	108	217
85	162	161	101	203
86	173	168	94	188
3D Trajetory (frame, x, z, height, pose)
39	-0.91	3.16	2.04	4.00
40	-0.94	3.12	2.04	4.00
41	-0.96	3.09	2.04	4.00
42	-0.99	3.05	2.05	4.00
43	-0.99	3.10	2.08	4.00
44	-0.98	3.06	2.07	4.00
45	-0.93	3.11	2.05	3.00
46	-0.89	3.16	2.04	3.00
47	-0.87	3.20	2.03	3.00
48	-0.86	3.22	2.03	3.00
49	-0.85	3.24	2.02	3.00
50	-0.90	3.18	2.02	3.00
51	-0.89	3.17	2.02	3.00
52	-0.89	3.17	2.02	4.00
53	-0.89	3.17	2.02	4.00
54	-0.91	3.12	2.02	4.00
55	-0.92	3.12	2.02	4.00
56	-0.93	3.12	2.02	4.00
57	-0.94	3.12	2.02	4.00
58	-0.95	3.13	2.02	4.00
59	-0.96	3.13	2.02	4.00
60	-0.97	3.13	2.02	4.00
61	-0.98	3.12	2.01	4.00
62	-0.99	3.11	2.01	4.00
63	-1.00	3.12	2.01	4.00
64	-1.01	3.12	2.01	4.00
65	-1.01	3.12	2.01	4.00
66	-1.02	3.13	2.01	4.00
67	-1.03	3.13	2.01	4.00
68	-1.04	3.14	2.01	4.00
69	-1.05	3.14	2.01	4.00
70	-1.06	3.14	2.01	4.00
71	-1.07	3.15	2.01	4.00
72	-1.07	3.15	2.01	4.00
73	-1.08	3.15	2.01	4.00
74	-1.09	3.16	2.01	4.00
75	-1.11	3.06	2.01	4.00
76	-1.12	3.01	2.00	4.00
77	-1.08	2.99	2.00	4.00
78	-1.05	2.97	2.00	4.00
79	-1.03	2.95	2.00	4.00
80	-1.01	2.94	2.00	4.00
81	-0.99	2.93	1.99	4.00
82	-0.97	3.02	1.98	1.00
83	-0.95	3.09	1.97	2.00
84	-0.93	3.15	1.97	2.00
85	-0.93	3.20	1.96	2.00
86	-0.93	3.25	1.96	2.00
Target 9 (frames from 67 to 114)
Bounding Boxes (frame, x, y, width, height)
67	300	121	125	251
68	299	121	126	253
69	299	120	128	256
70	298	120	129	258
71	298	120	130	260
72	297	119	131	263
73	297	119	132	264
74	297	118	133	266
75	296	118	134	268
76	296	117	134	269
77	296	116	135	270
78	296	115	135	270
79	296	114	136	272
80	296	113	136	273
81	296	113	136	273
82	296	113	137	274
83	296	113	137	274
84	296	112	137	275
85	296	112	138	276
86	296	112	138	277
87	296	111	138	277
88	296	111	139	278
89	296	110	139	279
90	297	110	140	280
91	297	110	140	280
92	297	109	140	281
93	297	109	141	282
94	297	109	141	283
95	297	108	141	283
96	297	108	142	284
97	297	107	142	285
98	297	107	143	286
99	297	107	143	286
100	297	106	143	287
101	297	106	144	288
102	296	104	145	291
103	295	103	146	293
104	295	102	147	294
105	296	103	146	293
106	298	104	145	291
107	300	106	144	288
108	303	108	142	284
109	306	111	140	280
110	310	114	137	274
111	314	118	134	268
112	319	122	130	261
113	325	126	127	254
114	330	131	122	245
3D Trajetory (frame, x, z, height, pose)
67	0.35	3.29	2.04	2.00
68	0.35	3.28	2.04	2.00
69	0.34	3.08	2.05	2.00
70	0.35	3.11	2.04	2.00
71	0.35	3.14	2.04	2.00
72	0.35	3.10	2.04	2.00
73	0.34	3.08	2.04	2.00
74	0.33	3.06	2.05	2.00
75	0.34	3.07	2.05	2.00
76	0.35	3.08	2.05	2.00
77	0.35	3.08	2.05	2.00
78	0.36	3.09	2.05	2.00
79	0.37	3.10	2.05	2.00
80	0.37	3.11	2.06	2.00
81	0.38	3.11	2.06	2.00
82	0.39	3.12	2.06	2.00
83	0.39	3.13	2.06	2.00
84	0.40	3.13	2.06	2.00
85	0.41	3.14	2.07	2.00
86	0.41	3.15	2.07	2.00
87	0.42	3.16	2.07	2.00
88	0.43	3.16	2.07	2.00
89	0.43	3.17	2.07	2.00
90	0.44	3.18	2.07	2.00
91	0.45	3.18	2.08	2.00
92	0.45	3.19	2.08	2.00
93	0.46	3.20	2.08	2.00
94	0.47	3.21	2.08	2.00
95	0.47	3.21	2.08	2.00
96	0.48	3.22	2.08	2.00
97	0.49	3.23	2.09	2.00
98	0.50	3.24	2.09	2.00
99	0.50	3.24	2.09	2.00
100	0.51	3.25	2.09	2.00
101	0.52	3.26	2.09	2.00
102	0.52	3.26	2.10	2.00
103	0.53	3.27	2.10	2.00
104	0.54	3.28	2.10	2.00
105	0.54	3.29	2.10	2.00
106	0.55	3.29	2.10	2.00
107	0.56	3.30	2.10	2.00
108	0.56	3.31	2.11	2.00
109	0.57	3.31	2.11	2.00
110	0.58	3.32	2.11	2.00
111	0.55	3.28	2.10	2.00
112	0.57	3.31	2.11	2.00
113	0.57	3.32	2.11	2.00
114	0.56	3.29	2.11	2.00
Target 10 (frames from 69 to 151)
Bounding Boxes (frame, x, y, width, height)
69	492	133	116	233
70	491	133	117	235
71	489	132	118	237
72	488	132	119	239
73	486	131	120	241
74	485	131	121	242
75	484	130	122	244
76	483	130	122	245
77	482	129	123	246
78	481	128	123	247
79	480	127	124	248
80	479	126	125	250
81	479	125	125	251
82	478	125	125	251
83	477	125	124	249
84	477	125	123	247
85	476	125	122	245
86	476	126	122	244
87	475	126	122	244
88	474	126	122	245
89	472	126	123	247
90	471	127	123	247
91	470	128	123	246
92	470	129	122	245
93	469	130	122	244
94	469	131	121	243
95	469	131	121	243
96	469	132	120	241
97	470	133	120	240
98	471	133	119	238
99	472	134	118	236
100	472	134	117	234
101	471	134	116	232
102	470	133	115	231
103	469	132	116	232
104	467	130	117	234
105	465	128	118	237
106	464	127	119	238
107	463	125	119	239
108	462	125	119	239
109	461	124	120	240
110	460	124	120	240
111	459	123	120	241
112	459	123	120	241
113	460	122	120	241
114	461	123	119	239
115	463	124	118	237
116	464	124	118	237
117	466	124	118	236
118	467	124	118	236
119	468	125	118	236
120	469	125	118	237
121	469	125	119	238
122	469	125	120	240
123	470	125	120	240
124	470	125	119	239
125	470	125	119	239
126	469	125	119	239
127	469	124	120	240
128	470	124	120	241
129	471	124	120	241
130	472	123	121	242
131	474	123	121	243
132	476	124	121	243
133	478	125	121	243
134	481	126	120	241
135	484	128	118	237
136	487	129	117	234
137	489	129	116	232
138	491	130	115	231
139	491	130	115	231
140	492	130	115	231
141	493	130	114	229
142	494	130	114	229
143	495	129	114	229
144	496	129	115	231
145	496	128	116	233
146	497	128	118	236
147	498	127	119	239
148	498	126	122	244
149	498	125	124	249
150	498	123	127	254
151	498	122	130	261
3D Trajetory (frame, x, z, height, pose)
69	1.88	3.29	1.97	2.00
70	1.91	3.35	1.98	2.00
71	1.94	3.40	2.01	2.00
72	1.93	3.37	2.00	2.00
73	1.90	3.33	1.99	2.00
74	1.90	3.31	1.99	2.00
75	1.90	3.33	1.99	2.00
76	1.89	3.31	1.98	2.00
77	1.89	3.31	1.98	2.00
78	1.78	3.20	1.98	2.00
79	1.71	3.11	1.98	2.00
80	1.73	3.15	1.99	2.00
81	1.73	3.16	2.00	2.00
82	1.74	3.18	2.00	2.00
83	1.75	3.20	2.01	2.00
84	1.76	3.21	2.01	2.00
85	1.77	3.22	2.02	2.00
86	1.78	3.24	2.02	2.00
87	1.78	3.25	2.03	2.00
88	1.77	3.27	2.03	2.00
89	1.76	3.29	2.02	2.00
90	1.76	3.31	2.02	2.00
91	1.76	3.33	2.02	2.00
92	1.73	3.28	2.02	2.00
93	1.71	3.24	2.02	2.00
94	1.69	3.22	2.02	2.00
95	1.68	3.19	2.02	2.00
96	1.70	3.24	2.02	2.00
97	1.72	3.28	2.02	2.00
98	1.74	3.32	2.02	2.00
99	1.74	3.34	2.02	2.00
100	1.74	3.35	2.02	2.00
101	1.75	3.36	2.02	2.00
102	1.75	3.37	2.02	2.00
103	1.76	3.39	2.02	2.00
104	1.77	3.42	2.02	2.00
105	1.77	3.43	2.02	2.00
106	1.76	3.44	2.03	2.00
107	1.75	3.45	2.03	2.00
108	1.75	3.46	2.04	2.00
109	1.75	3.48	2.04	2.00
110	1.75	3.49	2.04	2.00
111	1.75	3.49	2.04	2.00
112	1.75	3.50	2.05	2.00
113	1.76	3.51	2.05	2.00
114	1.76	3.51	2.05	2.00
115	1.76	3.52	2.05	2.00
116	1.76	3.52	2.06	2.00
117	1.76	3.52	2.06	2.00
118	1.78	3.53	2.06	2.00
119	1.80	3.53	2.06	2.00
120	1.81	3.54	2.06	2.00
121	1.82	3.53	2.06	2.00
122	1.83	3.53	2.06	2.00
123	1.83	3.52	2.06	2.00
124	1.83	3.50	2.06	2.00
125	1.83	3.49	2.06	2.00
126	1.82	3.47	2.06	2.00
127	1.81	3.45	2.06	2.00
128	1.81	3.44	2.06	2.00
129	1.81	3.43	2.06	2.00
130	1.83	3.45	2.06	2.00
131	1.87	3.52	2.06	2.00
132	1.86	3.50	2.07	2.00
133	1.86	3.46	2.07	2.00
134	1.89	3.45	2.07	2.00
135	1.90	3.44	2.07	2.00
136	1.92	3.43	2.07	2.00
137	1.93	3.42	2.07	2.00
138	1.94	3.42	2.07	2.00
139	1.96	3.42	2.06	2.00
140	2.00	3.48	2.07	4.00
141	2.04	3.53	2.07	4.00
142	2.07	3.59	2.07	4.00
143	2.09	3.60	2.07	2.00
144	2.06	3.56	2.07	2.00
145	2.06	3.55	2.07	2.00
146	2.07	3.52	2.07	2.00
147	2.09	3.50	2.07	2.00
148	2.10	3.49	2.07	2.00
149	2.10	3.48	2.07	2.00
150	2.11	3.46	2.07	2.00
151	2.08	3.42	2.07	2.00
Target 11 (frames from 74 to 131)
Bounding Boxes (frame, x, y, width, height)
74	260	142	107	215
75	260	140	110	220
76	260	139	112	224
77	260	138	114	228
78	259	137	115	230
79	259	137	116	232
80	259	136	117	234
81	259	136	117	235
82	259	136	117	235
83	259	136	117	234
84	260	136	116	233
85	260	136	115	230
86	261	137	113	227
87	261	139	111	222
88	261	139	109	219
89	260	140	107	215
90	259	141	105	211
91	257	143	103	207
92	254	144	102	204
93	252	146	100	201
94	250	149	99	198
95	248	151	97	195
96	248	152	97	194
97	247	152	98	196
98	247	153	97	195
99	248	155	95	191
100	249	155	95	190
101	252	156	93	187
102	254	155	93	186
103	255	154	92	185
104	257	153	92	185
105	258	153	92	185
106	259	152	92	185
107	259	151	93	187
108	258	150	94	189
109	258	150	95	190
110	257	149	96	192
111	257	149	97	195
112	257	149	98	197
113	258	149	99	198
114	258	149	99	199
115	259	149	100	200
116	260	150	99	199
117	261	151	99	198
118	262	152	98	196
119	264	154	96	193
120	265	154	96	193
121	266	154	96	192
122	268	155	95	190
123	269	156	94	189
124	271	157	94	188
125	273	158	93	187
126	275	160	93	186
127	277	162	92	184
128	280	163	91	183
129	282	165	91	182
130	285	167	90	180
131	288	169	89	179
3D Trajetory (frame, x, z, height, pose)
74	-0.03	3.42	1.91	1.00
75	-0.03	3.47	1.92	1.00
76	-0.03	3.46	1.93	1.00
77	-0.05	3.48	1.92	1.00
78	-0.01	3.35	1.97	1.00
79	-0.03	3.41	1.96	1.00
80	-0.04	3.45	1.96	4.00
81	-0.06	3.51	1.95	4.00
82	-0.03	3.43	1.95	2.00
83	-0.01	3.37	1.96	2.00
84	-0.00	3.34	1.96	2.00
85	0.01	3.31	1.96	2.00
86	0.01	3.29	1.97	2.00
87	0.00	3.25	1.98	2.00
88	-0.02	3.45	1.98	2.00
89	-0.04	3.59	1.97	4.00
90	-0.03	3.54	1.98	4.00
91	-0.05	3.66	1.98	4.00
92	-0.07	3.68	1.98	4.00
93	-0.09	3.70	1.97	4.00
94	-0.11	3.73	1.97	4.00
95	-0.14	3.74	1.96	2.00
96	-0.18	3.76	1.96	2.00
97	-0.20	3.78	1.96	2.00
98	-0.22	3.79	1.95	2.00
99	-0.24	3.84	1.95	4.00
100	-0.24	3.93	1.95	4.00
101	-0.23	3.99	1.95	4.00
102	-0.23	4.06	1.95	4.00
103	-0.22	4.09	1.95	3.00
104	-0.21	4.13	1.95	3.00
105	-0.21	4.18	1.95	4.00
106	-0.21	4.23	1.95	4.00
107	-0.21	4.27	1.95	4.00
108	-0.20	4.29	1.96	4.00
109	-0.19	4.30	1.96	4.00
110	-0.20	4.26	1.96	4.00
111	-0.19	4.27	1.96	4.00
112	-0.18	4.29	1.96	4.00
113	-0.17	4.31	1.96	2.00
114	-0.16	4.31	1.96	2.00
115	-0.14	4.30	1.96	4.00
116	-0.13	4.28	1.96	4.00
117	-0.12	4.26	1.96	4.00
118	-0.10	4.16	1.96	1.00
119	-0.10	4.17	1.96	1.00
120	-0.10	4.17	1.96	1.00
121	-0.09	4.18	1.96	2.00
122	-0.06	4.18	1.95	2.00
123	-0.06	4.19	1.95	2.00
124	-0.04	4.20	1.95	2.00
125	-0.03	4.20	1.95	2.00
126	-0.02	4.20	1.95	2.00
127	0.01	4.18	1.94	1.00
128	0.03	4.18	1.94	3.00
129	0.05	4.18	1.94	3.00
130	0.06	4.18	1.93	3.00
131	0.08	4.15	1.93	3.00
Target 12 (frames from 76 to 151)
Bounding Boxes (frame, x, y, width, height)
76	311	106	157	315
77	313	110	153	306
78	314	114	149	299
79	316	117	146	292
80	317	120	143	287
81	318	123	141	283
82	318	124	140	280
83	319	125	139	278
84	319	126	138	277
85	319	126	138	277
86	319	125	140	280
87	318	123	142	284
88	318	122	144	289
89	317	119	147	295
90	316	117	150	301
91	315	114	153	307
92	314	112	155	310
93	314	110	156	312
94	314	108	157	314
95	314	106	158	316
96	314	104	159	318
97	314	103	159	319
98	314	102	160	320
99	313	101	160	320
100	314	102	159	319
101	314	103	159	318
102	314	105	158	316
103	314	107	156	313
104	315	109	155	310
105	315	112	153	307
106	316	114	151	303
107	316	118	150	300
108	317	120	148	297
109	317	122	147	295
110	317	124	147	295
111	317	124	147	295
112	316	123	148	297
113	315	121	150	300
114	314	118	151	303
115	313	116	153	306
116	312	114	154	308
117	312	112	154	309
118	311	110	155	310
119	311	109	155	310
120	312	109	153	306
121	312	109	152	305
122	312	109	151	303
123	313	110	149	299
124	314	112	147	294
125	316	114	145	290
126	316	116	143	287
127	317	117	142	285
128	318	119	142	284
129	318	120	141	282
130	319	121	140	280
131	320	123	139	278
132	321	124	138	276
133	321	125	136	273
134	322	126	134	269
135	324	127	132	264
136	325	128	130	261
137	325	128	129	258
138	325	127	128	257
139	324	125	130	261
140	323	124	132	264
141	322	122	133	267
142	320	120	136	272
143	319	118	138	276
144	318	117	140	281
145	317	115	143	286
146	315	113	146	292
147	313	111	149	299
148	311	108	153	307
149	309	106	157	315
150	307	103	162	325
151	305	101	167	335
3D Trajetory (frame, x, z, height, pose)
76	0.46	2.60	2.05	4.00
77	0.44	2.61	2.04	4.00
78	0.47	2.64	2.00	4.00
79	0.46	2.62	1.99	4.00
80	0.47	2.64	1.99	2.00
81	0.50	2.83	2.00	2.00
82	0.52	3.06	1.99	2.00
83	0.53	3.08	2.00	2.00
84	0.53	3.08	1.99	2.00
85	0.52	2.99	1.99	2.00
86	0.51	3.00	1.99	2.00
87	0.50	2.90	1.98	2.00
88	0.49	2.81	1.98	2.00
89	0.49	2.75	1.97	2.00
90	0.48	2.71	1.97	2.00
91	0.48	2.68	1.97	2.00
92	0.48	2.67	1.97	2.00
93	0.48	2.67	1.98	2.00
94	0.48	2.66	1.98	2.00
95	0.48	2.66	1.98	2.00
96	0.48	2.65	1.98	2.00
97	0.47	2.65	1.98	2.00
98	0.47	2.64	1.98	2.00
99	0.47	2.64	1.98	2.00
100	0.47	2.63	1.98	2.00
101	0.47	2.63	1.98	2.00
102	0.47	2.63	1.98	2.00
103	0.47	2.62	1.98	4.00
104	0.47	2.62	1.99	4.00
105	0.46	2.63	1.99	4.00
106	0.47	2.64	1.99	4.00
107	0.48	2.65	2.00	2.00
108	0.48	2.66	2.00	2.00
109	0.48	2.67	2.00	2.00
110	0.48	2.67	2.00	2.00
111	0.48	2.66	2.00	2.00
112	0.48	2.66	2.00	2.00
113	0.48	2.66	2.00	2.00
114	0.47	2.65	2.00	2.00
115	0.47	2.65	2.00	2.00
116	0.47	2.64	2.01	2.00
117	0.46	2.63	2.01	2.00
118	0.46	2.61	2.01	2.00
119	0.45	2.60	2.01	2.00
120	0.45	2.60	2.01	2.00
121	0.45	2.60	2.01	4.00
122	0.45	2.62	2.01	4.00
123	0.45	2.64	2.01	4.00
124	0.46	2.66	2.01	4.00
125	0.46	2.68	2.01	4.00
126	0.46	2.69	2.01	4.00
127	0.46	2.71	2.01	4.00
128	0.47	2.73	2.01	4.00
129	0.45	2.66	2.01	4.00
130	0.47	2.76	2.01	2.00
131	0.48	2.84	2.01	2.00
132	0.49	2.82	2.01	2.00
133	0.49	2.80	2.01	2.00
134	0.49	2.84	2.01	2.00
135	0.50	2.88	2.01	2.00
136	0.51	2.94	2.01	2.00
137	0.52	2.99	2.01	2.00
138	0.53	3.03	2.01	2.00
139	0.53	3.06	2.01	2.00
140	0.53	3.09	2.01	2.00
141	0.54	3.12	2.01	2.00
142	0.54	3.15	2.01	2.00
143	0.54	3.11	2.01	2.00
144	0.53	3.05	2.02	4.00
145	0.52	2.99	2.02	4.00
146	0.51	2.93	2.02	4.00
147	0.50	2.88	2.02	2.00
148	0.49	2.83	2.02	2.00
149	0.49	2.79	2.02	2.00
150	0.48	2.75	2.02	2.00
151	0.47	2.72	2.02	2.00
Target 13 (frames from 85 to 111)
Bounding Boxes (frame, x, y, width, height)
85	122	126	118	237
86	120	127	118	237
87	118	128	118	236
88	116	129	118	236
89	114	129	118	236
90	112	130	118	236
91	111	131	118	236
92	109	131	118	237
93	108	132	118	237
94	107	132	119	238
95	106	132	121	242
96	105	132	121	243
97	105	132	122	245
98	105	134	122	245
99	106	135	122	244
100	107	137	121	243
101	108	140	120	241
102	109	142	118	237
103	111	144	117	235
104	112	147	116	232
105	113	149	114	228
106	115	151	112	225
107	117	154	110	220
108	119	157	108	216
109	121	160	105	211
110	123	163	102	205
111	126	166	99	199
3D Trajetory (frame, x, z, height, pose)
85	-1.19	3.53	2.10	4.00
86	-1.21	3.50	2.08	4.00
87	-1.23	3.47	2.06	4.00
88	-1.25	3.44	2.04	4.00
89	-1.26	3.41	2.02	4.00
90	-1.28	3.38	2.01	4.00
91	-1.32	3.46	2.05	4.00
92	-1.33	3.52	2.03	4.00
93	-1.29	3.40	2.02	4.00
94	-1.24	3.28	2.01	4.00
95	-1.23	3.26	2.00	4.00
96	-1.23	3.26	2.00	2.00
97	-1.24	3.26	2.00	2.00
98	-1.24	3.26	2.00	2.00
99	-1.24	3.25	2.00	2.00
100	-1.23	3.24	2.00	2.00
101	-1.23	3.22	2.00	2.00
102	-1.23	3.21	2.00	2.00
103	-1.23	3.20	2.00	2.00
104	-1.33	3.51	1.80	2.00
105	-1.09	3.17	1.86	2.00
106	-1.22	3.39	1.87	2.00
107	-1.18	3.36	1.89	2.00
108	-1.21	3.41	1.88	2.00
109	-1.25	3.46	1.87	2.00
110	-1.29	3.51	1.87	2.00
111	-1.30	3.46	1.86	2.00
Target 14 (frames from 104 to 150)
Bounding Boxes (frame, x, y, width, height)
104	425	126	127	255
105	423	125	127	255
106	421	125	128	256
107	419	124	128	257
108	417	124	128	257
109	415	123	129	258
110	414	123	129	258
111	412	122	129	259
112	410	122	129	259
113	409	121	130	260
114	407	121	130	260
115	406	120	130	261
116	405	120	130	261
117	403	120	130	261
118	403	119	130	261
119	402	119	130	261
120	402	119	130	261
121	403	119	130	261
122	403	120	130	261
123	404	120	130	260
124	406	120	130	260
125	407	121	129	259
126	408	121	129	259
127	410	121	129	258
128	412	122	128	257
129	414	123	127	255
130	416	124	127	254
131	418	124	126	253
132	420	125	126	252
133	422	125	125	251
134	425	127	124	249
135	427	128	124	248
136	430	129	123	247
137	432	130	123	246
138	433	130	122	245
139	435	131	122	245
140	436	131	122	245
141	437	132	122	245
142	438	132	122	245
143	439	133	122	245
144	440	133	122	245
145	440	134	122	245
146	440	134	122	245
147	440	134	122	245
148	440	135	122	245
149	439	135	123	246
150	439	135	123	246
3D Trajetory (frame, x, z, height, pose)
104	1.37	3.26	2.08	4.00
105	1.35	3.25	2.08	4.00
106	1.34	3.24	2.08	4.00
107	1.32	3.23	2.08	4.00
108	1.31	3.22	2.08	4.00
109	1.29	3.22	2.07	4.00
110	1.28	3.21	2.07	4.00
111	1.26	3.20	2.07	4.00
112	1.25	3.19	2.07	4.00
113	1.24	3.18	2.07	4.00
114	1.22	3.17	2.07	4.00
115	1.21	3.17	2.06	4.00
116	1.19	3.16	2.06	4.00
117	1.18	3.15	2.06	4.00
118	1.16	3.14	2.06	4.00
119	1.15	3.13	2.06	4.00
120	1.15	3.13	2.06	4.00
121	1.17	3.14	2.06	4.00
122	1.18	3.16	2.06	4.00
123	1.20	3.17	2.06	4.00
124	1.22	3.18	2.06	4.00
125	1.24	3.20	2.06	4.00
126	1.26	3.21	2.07	4.00
127	1.28	3.22	2.07	4.00
128	1.30	3.23	2.07	4.00
129	1.31	3.25	2.07	4.00
130	1.33	3.26	2.07	4.00
131	1.35	3.27	2.07	4.00
132	1.37	3.29	2.08	4.00
133	1.39	3.30	2.08	4.00
134	1.41	3.31	2.08	4.00
135	1.49	3.49	2.05	4.00
136	1.38	3.24	2.06	4.00
137	1.38	3.25	2.08	4.00
138	1.38	3.24	2.08	4.00
139	1.40	3.28	2.04	4.00
140	1.44	3.26	2.03	4.00
141	1.47	3.26	2.03	4.00
142	1.50	3.28	2.03	4.00
143	1.48	3.31	2.04	4.00
144	1.49	3.29	2.03	4.00
145	1.49	3.27	2.03	4.00
146	1.49	3.26	2.03	4.00
147	1.50	3.26	2.03	4.00
148	1.51	3.28	2.03	4.00
149	1.51	3.28	2.02	4.00
150	1.50	3.27	2.02	4.00
Target 15 (frames from 114 to 150)
Bounding Boxes (frame, x, y, width, height)
114	135	161	108	216
115	135	162	106	213
116	134	162	105	211
117	133	163	104	209
118	133	163	104	208
119	133	163	103	206
120	133	163	102	205
121	133	163	102	204
122	133	163	102	204
123	133	163	102	204
124	133	162	102	205
125	134	161	103	206
126	135	160	103	207
127	136	160	104	209
128	136	159	105	210
129	137	159	106	212
130	138	159	106	213
131	139	159	107	214
132	140	160	107	215
133	141	161	107	215
134	142	162	107	214
135	143	163	107	214
136	144	164	107	214
137	144	165	106	213
138	145	165	106	212
139	145	165	105	211
140	145	165	105	210
141	146	165	104	208
142	147	164	103	207
143	147	164	103	206
144	148	163	102	204
145	149	162	101	202
146	150	162	100	200
147	151	161	99	199
148	152	159	98	197
149	153	158	97	195
150	154	157	96	192
3D Trajetory (frame, x, z, height, pose)
114	-1.09	3.38	1.83	1.00
115	-1.10	3.37	1.81	1.00
116	-1.11	3.36	1.78	1.00
117	-1.12	3.35	1.76	1.00
118	-1.13	3.34	1.73	1.00
119	-1.14	3.33	1.71	1.00
120	-1.14	3.33	1.71	1.00
121	-1.15	3.39	1.72	1.00
122	-1.17	3.46	1.74	1.00
123	-1.16	3.44	1.75	1.00
124	-1.15	3.42	1.76	1.00
125	-1.13	3.40	1.77	1.00
126	-1.12	3.39	1.78	1.00
127	-1.11	3.37	1.79	1.00
128	-1.09	3.35	1.80	1.00
129	-1.08	3.33	1.81	1.00
130	-1.07	3.31	1.82	1.00
131	-1.04	3.34	1.80	2.00
132	-1.06	3.41	1.82	2.00
133	-1.04	3.38	1.81	2.00
134	-1.05	3.32	1.81	2.00
135	-1.03	3.30	1.76	2.00
136	-1.01	3.28	1.72	2.00
137	-0.99	3.25	1.68	2.00
138	-0.97	3.23	1.63	2.00
139	-0.95	3.21	1.59	2.00
140	-1.03	3.35	1.75	3.00
141	-1.04	3.40	1.77	3.00
142	-1.05	3.44	1.79	3.00
143	-1.06	3.46	1.80	3.00
144	-1.07	3.56	1.81	3.00
145	-1.09	3.66	1.82	3.00
146	-1.10	3.76	1.84	3.00
147	-1.11	3.86	1.85	3.00
148	-1.13	3.96	1.87	3.00
149	-1.14	4.06	1.88	3.00
150	-1.16	4.16	1.89	1.00
