Total frames 355
Number of Targets 14
Target 1 (frames from 1 to 145)
Bounding Boxes (frame, x, y, width, height)
1	305	117	59	119
2	305	118	59	119
3	306	119	59	118
4	306	119	59	118
5	306	120	59	118
6	306	120	59	118
7	306	121	59	118
8	306	121	59	118
9	306	121	59	119
10	306	121	59	119
11	306	121	59	119
12	306	121	60	120
13	306	120	60	120
14	305	120	60	121
15	305	119	61	122
16	304	119	61	123
17	304	118	62	125
18	303	117	63	126
19	303	116	64	128
20	302	115	64	129
21	302	115	65	130
22	303	114	65	131
23	303	113	66	132
24	303	113	67	134
25	303	112	67	135
26	303	111	68	136
27	303	111	68	137
28	304	110	69	138
29	305	110	70	140
30	305	109	70	141
31	306	109	71	142
32	307	109	71	143
33	307	109	71	143
34	308	110	72	144
35	308	110	72	144
36	308	111	72	144
37	308	112	72	144
38	308	112	72	144
39	307	113	72	144
40	307	114	72	144
41	307	114	72	144
42	306	115	72	145
43	306	115	72	145
44	306	115	73	146
45	306	115	73	147
46	307	114	74	148
47	307	114	74	149
48	308	114	75	150
49	308	114	75	151
50	308	114	76	152
51	309	114	76	153
52	309	114	77	154
53	309	114	77	155
54	309	115	78	156
55	309	115	78	156
56	308	116	78	157
57	308	116	78	157
58	307	116	79	158
59	306	117	79	159
60	305	117	80	160
61	304	117	80	160
62	303	116	80	161
63	302	116	81	162
64	301	116	81	163
65	300	116	82	164
66	299	116	82	165
67	298	116	83	166
68	297	116	83	167
69	296	117	84	168
70	295	117	84	169
71	293	118	85	170
72	292	118	85	171
73	290	119	85	171
74	288	120	86	172
75	286	120	86	173
76	284	121	87	174
77	281	120	87	175
78	278	120	88	177
79	275	119	89	178
80	272	119	90	180
81	269	118	91	182
82	266	117	92	184
83	263	116	93	186
84	260	116	94	188
85	257	116	94	189
86	254	115	95	191
87	251	116	96	192
88	248	117	96	192
89	246	118	96	192
90	244	119	95	191
91	242	121	95	190
92	240	123	94	189
93	238	125	94	188
94	236	126	94	188
95	234	127	93	187
96	232	129	93	187
97	229	130	93	186
98	226	130	93	186
99	223	131	93	186
100	219	131	93	187
101	214	131	94	188
102	210	131	94	189
103	205	131	95	191
104	200	130	96	192
105	194	130	97	194
106	189	129	97	195
107	184	128	98	197
108	180	128	99	198
109	176	127	100	200
110	172	127	100	201
111	168	127	101	202
112	165	127	101	203
113	163	127	102	204
114	160	127	102	205
115	158	128	102	205
116	156	128	103	206
117	154	129	103	206
118	152	129	103	206
119	150	129	103	207
120	148	129	103	207
121	145	129	103	207
122	142	129	104	208
123	139	129	104	208
124	136	129	104	209
125	132	129	104	209
126	127	129	105	210
127	123	128	105	211
128	118	128	106	212
129	114	127	106	213
130	109	126	107	215
131	105	125	108	216
132	100	124	108	217
133	96	123	109	219
134	92	122	110	220
135	89	121	110	221
136	85	121	111	222
137	81	120	112	224
138	76	119	112	225
139	72	118	113	226
140	67	117	114	228
141	63	116	114	229
142	58	115	115	230
143	53	114	116	232
144	48	113	116	233
145	43	112	117	234
3D Trajetory (frame, x, z, height, pose)
1	-0.21	7.00	1.66	2.00
2	-0.23	7.02	1.67	2.00
3	-0.24	7.05	1.67	4.00
4	-0.23	6.98	1.67	4.00
5	-0.21	6.91	1.66	4.00
6	-0.21	6.91	1.65	4.00
7	-0.21	6.91	1.64	4.00
8	-0.20	6.91	1.64	4.00
9	-0.20	6.90	1.63	4.00
10	-0.19	6.89	1.63	4.00
11	-0.19	6.88	1.63	4.00
12	-0.20	6.83	1.64	4.00
13	-0.21	6.78	1.64	4.00
14	-0.21	6.75	1.65	4.00
15	-0.21	6.73	1.65	2.00
16	-0.20	6.72	1.66	2.00
17	-0.20	6.71	1.66	2.00
18	-0.20	6.67	1.68	2.00
19	-0.20	6.63	1.69	4.00
20	-0.20	6.58	1.70	4.00
21	-0.20	6.54	1.72	4.00
22	-0.18	6.51	1.73	4.00
23	-0.17	6.47	1.73	4.00
24	-0.16	6.44	1.73	4.00
25	-0.15	6.41	1.73	4.00
26	-0.15	6.38	1.73	4.00
27	-0.14	6.34	1.73	4.00
28	-0.14	6.29	1.73	4.00
29	-0.13	6.25	1.74	4.00
30	-0.13	6.20	1.74	4.00
31	-0.12	6.15	1.75	2.00
32	-0.11	6.10	1.75	2.00
33	-0.10	6.06	1.76	4.00
34	-0.08	6.01	1.76	4.00
35	-0.07	5.96	1.76	4.00
36	-0.07	5.95	1.73	4.00
37	-0.08	5.93	1.71	4.00
38	-0.07	5.90	1.69	4.00
39	-0.07	5.87	1.68	4.00
40	-0.08	5.85	1.68	4.00
41	-0.08	5.82	1.68	4.00
42	-0.09	5.79	1.68	4.00
43	-0.09	5.76	1.68	4.00
44	-0.08	5.72	1.68	4.00
45	-0.07	5.68	1.68	4.00
46	-0.07	5.64	1.68	4.00
47	-0.07	5.61	1.68	4.00
48	-0.06	5.58	1.68	4.00
49	-0.05	5.55	1.68	4.00
50	-0.05	5.52	1.68	4.00
51	-0.04	5.48	1.68	4.00
52	-0.03	5.45	1.69	4.00
53	-0.02	5.42	1.69	4.00
54	-0.02	5.38	1.69	4.00
55	-0.02	5.35	1.68	4.00
56	-0.03	5.32	1.68	4.00
57	-0.03	5.29	1.67	4.00
58	-0.03	5.26	1.66	4.00
59	-0.02	5.23	1.66	4.00
60	-0.03	5.19	1.66	4.00
61	-0.04	5.16	1.66	4.00
62	-0.04	5.13	1.65	4.00
63	-0.05	5.10	1.65	4.00
64	-0.06	5.06	1.66	4.00
65	-0.07	5.03	1.66	4.00
66	-0.07	5.00	1.66	4.00
67	-0.07	4.97	1.66	4.00
68	-0.08	4.93	1.66	4.00
69	-0.09	4.90	1.65	4.00
70	-0.10	4.86	1.64	4.00
71	-0.10	4.83	1.64	4.00
72	-0.12	4.80	1.64	4.00
73	-0.14	4.76	1.64	3.00
74	-0.15	4.72	1.64	3.00
75	-0.17	4.69	1.64	3.00
76	-0.19	4.65	1.63	3.00
77	-0.21	4.62	1.62	3.00
78	-0.23	4.59	1.61	3.00
79	-0.26	4.55	1.60	3.00
80	-0.27	4.53	1.62	3.00
81	-0.29	4.50	1.64	3.00
82	-0.31	4.46	1.64	3.00
83	-0.32	4.43	1.65	3.00
84	-0.34	4.39	1.66	3.00
85	-0.36	4.35	1.66	3.00
86	-0.39	4.31	1.65	3.00
87	-0.42	4.28	1.65	3.00
88	-0.43	4.25	1.63	3.00
89	-0.45	4.22	1.62	3.00
90	-0.47	4.20	1.60	3.00
91	-0.49	4.18	1.59	3.00
92	-0.51	4.16	1.57	3.00
93	-0.53	4.15	1.56	2.00
94	-0.55	4.14	1.55	2.00
95	-0.56	4.14	1.53	2.00
96	-0.58	4.12	1.53	2.00
97	-0.59	4.11	1.52	3.00
98	-0.61	4.09	1.52	3.00
99	-0.64	4.07	1.52	3.00
100	-0.66	4.05	1.52	3.00
101	-0.69	4.03	1.52	3.00
102	-0.72	4.01	1.51	3.00
103	-0.76	4.00	1.51	3.00
104	-0.81	3.98	1.51	3.00
105	-0.85	3.95	1.52	3.00
106	-0.87	3.93	1.53	3.00
107	-0.89	3.90	1.54	3.00
108	-0.92	3.88	1.54	3.00
109	-0.94	3.85	1.54	3.00
110	-0.97	3.84	1.55	3.00
111	-0.99	3.82	1.55	3.00
112	-1.01	3.81	1.55	3.00
113	-1.04	3.80	1.54	3.00
114	-1.05	3.79	1.54	3.00
115	-1.07	3.77	1.54	3.00
116	-1.07	3.76	1.54	3.00
117	-1.08	3.74	1.54	3.00
118	-1.09	3.74	1.54	3.00
119	-1.10	3.73	1.54	3.00
120	-1.11	3.72	1.54	3.00
121	-1.13	3.72	1.54	3.00
122	-1.14	3.70	1.54	3.00
123	-1.16	3.69	1.53	3.00
124	-1.18	3.68	1.53	3.00
125	-1.21	3.67	1.53	3.00
126	-1.24	3.67	1.53	3.00
127	-1.27	3.67	1.53	3.00
128	-1.29	3.66	1.53	3.00
129	-1.30	3.64	1.54	3.00
130	-1.33	3.62	1.55	3.00
131	-1.36	3.60	1.56	3.00
132	-1.39	3.58	1.56	3.00
133	-1.41	3.57	1.57	3.00
134	-1.43	3.57	1.56	3.00
135	-1.45	3.57	1.56	3.00
136	-1.47	3.56	1.57	3.00
137	-1.49	3.55	1.58	3.00
138	-1.51	3.55	1.58	3.00
139	-1.54	3.54	1.59	3.00
140	-1.56	3.53	1.59	3.00
141	-1.58	3.52	1.60	3.00
142	-1.60	3.51	1.60	3.00
143	-1.62	3.50	1.60	1.00
144	-1.68	3.48	1.61	1.00
145	-1.73	3.46	1.62	1.00
Target 2 (frames from 1 to 119)
Bounding Boxes (frame, x, y, width, height)
1	384	132	65	131
2	384	132	66	132
3	384	132	66	132
4	384	132	66	132
5	384	132	66	133
6	384	132	66	133
7	384	132	66	133
8	384	132	66	133
9	384	132	66	133
10	384	132	66	133
11	383	132	66	133
12	383	132	66	133
13	382	132	66	133
14	382	132	66	133
15	381	132	66	133
16	380	132	66	133
17	380	132	66	133
18	379	133	66	132
19	378	133	66	132
20	378	133	65	131
21	377	133	65	131
22	377	133	65	130
23	377	132	64	129
24	377	132	64	129
25	377	131	64	128
26	377	131	63	127
27	377	131	63	126
28	377	130	62	125
29	378	130	62	124
30	378	130	61	123
31	379	130	60	121
32	379	129	60	121
33	379	129	60	120
34	379	129	59	119
35	378	129	59	118
36	378	129	58	117
37	378	130	58	117
38	377	130	58	116
39	376	130	57	115
40	376	130	57	115
41	375	130	57	114
42	375	130	57	114
43	375	130	56	113
44	374	129	56	113
45	374	129	56	113
46	374	129	56	112
47	374	129	56	112
48	374	129	56	112
49	374	129	56	112
50	374	129	55	111
51	373	129	55	111
52	373	129	55	111
53	373	129	55	111
54	372	130	55	110
55	372	130	55	110
56	371	130	55	110
57	371	130	54	109
58	370	130	54	109
59	369	130	54	109
60	369	130	54	109
61	368	129	54	109
62	368	129	54	109
63	367	128	54	109
64	367	128	54	108
65	367	128	54	108
66	367	127	54	108
67	366	127	54	108
68	366	128	54	108
69	366	127	54	108
70	366	127	54	108
71	366	127	54	108
72	366	127	54	108
73	366	127	54	108
74	366	126	54	108
75	366	126	54	108
76	366	126	54	108
77	365	125	54	108
78	365	125	54	108
79	364	124	54	108
80	364	124	54	108
81	363	124	54	108
82	363	123	54	108
83	362	123	54	108
84	361	123	54	108
85	361	123	53	107
86	360	123	53	107
87	360	123	53	106
88	359	123	53	106
89	359	123	53	106
90	359	123	52	105
91	359	124	52	105
92	359	124	52	105
93	359	124	52	105
94	359	124	52	104
95	358	124	52	104
96	358	124	52	104
97	358	125	52	104
98	358	125	51	103
99	357	125	51	103
100	357	125	51	103
101	357	125	51	103
102	357	125	51	103
103	357	124	51	103
104	357	124	51	103
105	357	124	51	103
106	357	124	51	103
107	357	123	51	102
108	357	123	51	102
109	357	123	51	103
110	358	122	51	103
111	358	122	51	103
112	358	122	51	103
113	358	122	51	103
114	357	122	51	102
115	357	122	51	102
116	357	122	51	102
117	356	122	51	102
118	356	122	51	102
119	356	122	51	102
3D Trajetory (frame, x, z, height, pose)
1	0.73	5.61	1.48	2.00
2	0.73	5.58	1.48	2.00
3	0.74	5.55	1.48	2.00
4	0.74	5.57	1.48	2.00
5	0.75	5.58	1.48	2.00
6	0.74	5.58	1.49	2.00
7	0.74	5.57	1.49	2.00
8	0.74	5.57	1.49	2.00
9	0.74	5.57	1.49	2.00
10	0.74	5.57	1.50	2.00
11	0.74	5.56	1.50	2.00
12	0.73	5.56	1.50	2.00
13	0.72	5.56	1.49	2.00
14	0.71	5.57	1.49	2.00
15	0.71	5.59	1.49	2.00
16	0.70	5.58	1.49	2.00
17	0.70	5.58	1.49	2.00
18	0.70	5.57	1.48	2.00
19	0.69	5.57	1.48	2.00
20	0.69	5.59	1.48	2.00
21	0.68	5.61	1.47	2.00
22	0.68	5.64	1.48	2.00
23	0.68	5.68	1.49	2.00
24	0.68	5.71	1.48	2.00
25	0.69	5.75	1.46	2.00
26	0.69	5.82	1.48	2.00
27	0.70	5.90	1.50	2.00
28	0.70	5.96	1.50	2.00
29	0.70	6.02	1.51	2.00
30	0.71	6.08	1.51	2.00
31	0.73	6.14	1.51	2.00
32	0.72	6.20	1.51	2.00
33	0.72	6.26	1.50	2.00
34	0.73	6.29	1.50	2.00
35	0.73	6.33	1.49	2.00
36	0.72	6.35	1.49	2.00
37	0.71	6.38	1.50	2.00
38	0.71	6.41	1.51	2.00
39	0.71	6.44	1.52	2.00
40	0.71	6.48	1.51	2.00
41	0.71	6.53	1.50	2.00
42	0.71	6.57	1.50	2.00
43	0.71	6.61	1.50	2.00
44	0.71	6.64	1.50	2.00
45	0.71	6.66	1.50	2.00
46	0.70	6.69	1.51	2.00
47	0.70	6.71	1.51	2.00
48	0.69	6.73	1.52	2.00
49	0.69	6.75	1.53	2.00
50	0.69	6.78	1.53	2.00
51	0.69	6.80	1.53	2.00
52	0.69	6.83	1.52	2.00
53	0.69	6.85	1.52	2.00
54	0.68	6.86	1.52	2.00
55	0.68	6.87	1.52	2.00
56	0.68	6.91	1.51	2.00
57	0.67	6.94	1.51	2.00
58	0.67	6.95	1.53	2.00
59	0.66	6.95	1.54	2.00
60	0.66	6.98	1.54	2.00
61	0.66	7.01	1.54	2.00
62	0.66	7.02	1.53	2.00
63	0.66	7.04	1.53	2.00
64	0.66	7.06	1.54	2.00
65	0.66	7.08	1.55	2.00
66	0.66	7.10	1.55	2.00
67	0.66	7.11	1.55	2.00
68	0.67	7.13	1.55	2.00
69	0.67	7.15	1.55	2.00
70	0.67	7.18	1.57	2.00
71	0.67	7.20	1.58	4.00
72	0.67	7.22	1.58	4.00
73	0.66	7.25	1.58	4.00
74	0.66	7.27	1.58	4.00
75	0.66	7.29	1.58	4.00
76	0.66	7.31	1.58	4.00
77	0.65	7.34	1.59	4.00
78	0.66	7.36	1.61	4.00
79	0.66	7.39	1.63	4.00
80	0.65	7.40	1.62	4.00
81	0.64	7.42	1.62	1.00
82	0.64	7.44	1.62	1.00
83	0.63	7.46	1.62	4.00
84	0.63	7.47	1.62	4.00
85	0.62	7.49	1.61	4.00
86	0.61	7.51	1.61	4.00
87	0.60	7.54	1.62	4.00
88	0.59	7.55	1.61	4.00
89	0.58	7.57	1.60	4.00
90	0.57	7.59	1.60	4.00
91	0.57	7.61	1.59	2.00
92	0.56	7.62	1.60	2.00
93	0.56	7.62	1.60	4.00
94	0.55	7.64	1.61	4.00
95	0.55	7.66	1.61	4.00
96	0.55	7.68	1.61	4.00
97	0.54	7.70	1.61	4.00
98	0.53	7.72	1.61	4.00
99	0.52	7.75	1.60	4.00
100	0.52	7.77	1.60	4.00
101	0.52	7.79	1.60	2.00
102	0.53	7.80	1.61	2.00
103	0.54	7.81	1.61	4.00
104	0.54	7.83	1.62	4.00
105	0.54	7.85	1.62	1.00
106	0.54	7.87	1.63	1.00
107	0.54	7.89	1.64	1.00
108	0.54	7.91	1.64	1.00
109	0.54	7.92	1.63	1.00
110	0.54	7.94	1.63	1.00
111	0.53	7.95	1.63	1.00
112	0.53	7.98	1.64	1.00
113	0.53	8.01	1.64	1.00
114	0.53	8.03	1.66	1.00
115	0.54	8.06	1.67	1.00
116	0.53	8.07	1.68	1.00
117	0.53	8.08	1.68	1.00
118	0.49	8.08	1.66	1.00
119	0.45	8.09	1.63	1.00
Target 3 (frames from 1 to 135)
Bounding Boxes (frame, x, y, width, height)
1	426	126	64	129
2	426	126	65	130
3	425	125	65	131
4	425	125	66	132
5	425	124	66	133
6	425	124	67	134
7	424	123	67	135
8	424	123	67	135
9	423	122	68	136
10	423	122	68	137
11	422	121	69	138
12	422	120	69	139
13	421	120	69	139
14	420	119	70	140
15	419	119	70	140
16	418	119	70	140
17	417	119	70	141
18	416	118	70	141
19	415	118	70	141
20	414	118	70	141
21	413	118	70	141
22	412	117	70	141
23	412	117	70	141
24	411	116	71	142
25	410	116	71	142
26	410	115	71	143
27	409	114	71	143
28	409	114	71	143
29	409	113	72	144
30	409	113	72	144
31	409	113	71	143
32	409	113	71	143
33	409	114	71	142
34	409	114	70	141
35	409	115	70	140
36	408	116	69	139
37	408	116	69	138
38	407	117	68	136
39	407	118	67	135
40	406	119	67	134
41	406	120	66	133
42	406	120	66	132
43	405	121	65	131
44	405	121	65	130
45	405	121	64	129
46	405	121	64	129
47	406	121	64	128
48	406	121	63	127
49	406	122	63	127
50	407	122	63	126
51	407	122	63	126
52	407	122	62	125
53	407	122	62	125
54	407	122	62	124
55	407	123	62	124
56	406	123	61	123
57	406	123	61	123
58	406	123	61	122
59	405	124	60	121
60	405	124	60	120
61	404	124	59	119
62	404	125	59	118
63	403	125	58	117
64	403	125	58	116
65	403	126	57	115
66	402	126	57	114
67	402	127	56	113
68	402	128	56	113
69	402	128	56	112
70	402	129	55	111
71	402	129	55	111
72	402	129	55	110
73	402	129	55	110
74	402	129	55	110
75	402	128	55	110
76	401	128	55	110
77	401	127	55	111
78	400	126	55	111
79	399	125	55	111
80	399	125	55	111
81	398	124	56	112
82	397	123	56	112
83	396	123	55	111
84	396	123	55	111
85	395	123	55	111
86	395	123	55	110
87	395	123	55	110
88	394	123	54	109
89	394	123	54	108
90	394	123	54	108
91	395	124	53	107
92	395	124	53	107
93	395	124	53	107
94	395	124	53	106
95	395	124	53	106
96	395	124	53	106
97	395	124	52	105
98	395	125	52	105
99	395	125	52	104
100	395	125	52	104
101	395	125	52	104
102	395	125	51	103
103	395	125	51	103
104	396	125	51	103
105	396	125	51	103
106	396	125	51	102
107	396	124	51	102
108	396	124	51	102
109	397	124	51	102
110	397	124	51	102
111	397	124	51	102
112	397	123	51	102
113	398	123	51	102
114	398	123	51	102
115	398	124	51	102
116	398	124	51	102
117	398	124	50	101
118	398	124	50	101
119	398	124	50	101
120	398	124	50	100
121	397	124	50	100
122	397	124	50	100
123	397	124	49	99
124	396	123	49	99
125	396	123	49	99
126	396	123	49	98
127	396	123	49	98
128	396	123	49	98
129	396	123	49	98
130	396	123	48	97
131	396	123	48	97
132	396	122	48	97
133	396	122	48	97
134	396	122	48	97
135	397	122	48	96
3D Trajetory (frame, x, z, height, pose)
1	1.26	5.86	1.55	4.00
2	1.27	5.90	1.56	4.00
3	1.28	5.94	1.57	4.00
4	1.28	5.94	1.57	4.00
5	1.27	5.95	1.57	4.00
6	1.26	5.93	1.58	4.00
7	1.26	5.91	1.58	4.00
8	1.26	5.88	1.59	4.00
9	1.26	5.85	1.60	4.00
10	1.25	5.85	1.61	4.00
11	1.24	5.84	1.62	2.00
12	1.23	5.82	1.63	2.00
13	1.22	5.81	1.64	2.00
14	1.21	5.80	1.64	2.00
15	1.21	5.80	1.64	2.00
16	1.20	5.80	1.64	2.00
17	1.19	5.81	1.65	2.00
18	1.18	5.82	1.65	2.00
19	1.18	5.84	1.64	2.00
20	1.17	5.84	1.65	2.00
21	1.16	5.83	1.65	2.00
22	1.15	5.82	1.65	2.00
23	1.14	5.80	1.65	2.00
24	1.14	5.82	1.66	2.00
25	1.13	5.84	1.67	2.00
26	1.13	5.83	1.67	2.00
27	1.12	5.83	1.68	2.00
28	1.12	5.83	1.69	2.00
29	1.11	5.83	1.70	2.00
30	1.11	5.85	1.70	2.00
31	1.11	5.87	1.69	2.00
32	1.11	5.88	1.69	2.00
33	1.11	5.89	1.69	2.00
34	1.11	5.91	1.69	2.00
35	1.12	5.94	1.68	2.00
36	1.11	5.97	1.67	2.00
37	1.10	6.00	1.66	2.00
38	1.10	6.03	1.65	2.00
39	1.10	6.06	1.64	2.00
40	1.09	6.08	1.63	2.00
41	1.09	6.10	1.62	2.00
42	1.09	6.12	1.62	2.00
43	1.10	6.14	1.62	2.00
44	1.10	6.16	1.61	2.00
45	1.10	6.18	1.61	2.00
46	1.09	6.21	1.61	2.00
47	1.09	6.24	1.61	2.00
48	1.10	6.26	1.61	2.00
49	1.10	6.29	1.60	2.00
50	1.10	6.32	1.61	2.00
51	1.11	6.36	1.61	2.00
52	1.12	6.39	1.61	2.00
53	1.13	6.43	1.61	2.00
54	1.14	6.46	1.61	2.00
55	1.14	6.49	1.60	2.00
56	1.15	6.51	1.61	2.00
57	1.15	6.52	1.62	2.00
58	1.15	6.56	1.62	2.00
59	1.14	6.59	1.62	2.00
60	1.14	6.61	1.61	2.00
61	1.14	6.63	1.60	2.00
62	1.14	6.66	1.59	2.00
63	1.15	6.69	1.57	2.00
64	1.15	6.72	1.56	2.00
65	1.14	6.74	1.55	2.00
66	1.15	6.77	1.56	2.00
67	1.15	6.80	1.56	2.00
68	1.15	6.83	1.56	2.00
69	1.15	6.86	1.55	2.00
70	1.14	6.88	1.55	2.00
71	1.14	6.91	1.55	2.00
72	1.15	6.94	1.54	2.00
73	1.15	6.97	1.53	2.00
74	1.15	7.00	1.54	2.00
75	1.16	7.02	1.55	2.00
76	1.15	7.05	1.56	2.00
77	1.14	7.07	1.57	2.00
78	1.14	7.09	1.58	2.00
79	1.14	7.10	1.59	2.00
80	1.14	7.13	1.61	2.00
81	1.14	7.15	1.62	2.00
82	1.13	7.17	1.63	2.00
83	1.12	7.19	1.63	2.00
84	1.12	7.22	1.62	2.00
85	1.11	7.25	1.61	2.00
86	1.11	7.27	1.61	2.00
87	1.10	7.30	1.61	2.00
88	1.10	7.33	1.61	2.00
89	1.10	7.36	1.61	2.00
90	1.09	7.39	1.60	2.00
91	1.09	7.41	1.60	2.00
92	1.09	7.44	1.60	2.00
93	1.09	7.47	1.60	2.00
94	1.09	7.50	1.60	2.00
95	1.09	7.53	1.61	2.00
96	1.09	7.55	1.61	2.00
97	1.09	7.58	1.61	2.00
98	1.10	7.61	1.61	2.00
99	1.10	7.63	1.61	2.00
100	1.11	7.66	1.61	2.00
101	1.12	7.68	1.60	2.00
102	1.13	7.71	1.60	2.00
103	1.14	7.74	1.60	2.00
104	1.14	7.76	1.60	2.00
105	1.14	7.79	1.60	2.00
106	1.14	7.80	1.61	2.00
107	1.14	7.81	1.61	2.00
108	1.15	7.83	1.61	2.00
109	1.15	7.85	1.61	2.00
110	1.15	7.86	1.62	2.00
111	1.15	7.86	1.62	2.00
112	1.16	7.88	1.62	2.00
113	1.16	7.90	1.62	2.00
114	1.16	7.92	1.63	2.00
115	1.16	7.94	1.63	2.00
116	1.16	7.96	1.64	2.00
117	1.16	7.99	1.64	2.00
118	1.16	8.01	1.64	2.00
119	1.17	8.03	1.63	2.00
120	1.17	8.05	1.63	2.00
121	1.17	8.08	1.62	2.00
122	1.16	8.10	1.62	2.00
123	1.16	8.13	1.62	2.00
124	1.16	8.15	1.62	2.00
125	1.17	8.18	1.62	2.00
126	1.17	8.19	1.62	2.00
127	1.17	8.21	1.62	2.00
128	1.17	8.23	1.62	2.00
129	1.18	8.25	1.63	4.00
130	1.18	8.26	1.63	4.00
131	1.19	8.28	1.63	4.00
132	1.19	8.30	1.63	4.00
133	1.19	8.31	1.62	4.00
134	1.19	8.33	1.62	4.00
135	1.20	8.34	1.61	4.00
Target 4 (frames from 1 to 85)
Bounding Boxes (frame, x, y, width, height)
1	170	102	122	244
2	172	103	119	239
3	173	104	117	235
4	174	106	115	231
5	176	107	113	227
6	177	107	112	224
7	178	108	110	221
8	179	109	109	218
9	181	109	107	215
10	182	109	106	213
11	183	110	105	211
12	184	110	105	210
13	184	110	104	209
14	185	110	104	208
15	186	109	104	208
16	187	109	104	208
17	188	108	103	207
18	189	107	104	208
19	190	107	104	208
20	191	106	104	209
21	191	105	105	210
22	192	104	105	211
23	193	103	106	212
24	194	102	107	214
25	194	101	107	214
26	195	101	107	215
27	196	100	107	215
28	197	100	107	215
29	198	100	107	214
30	199	100	106	213
31	200	101	106	212
32	201	101	105	211
33	201	102	105	210
34	202	103	104	208
35	203	104	103	207
36	204	104	103	206
37	204	105	102	204
38	204	106	101	203
39	205	106	101	202
40	205	107	100	201
41	205	107	100	201
42	206	107	100	200
43	206	107	99	199
44	207	107	99	198
45	207	107	99	198
46	207	107	98	197
47	208	108	98	196
48	209	108	97	195
49	209	108	97	194
50	209	109	97	194
51	210	109	96	193
52	210	110	96	192
53	210	110	96	192
54	210	111	95	191
55	210	111	95	190
56	210	112	94	189
57	210	113	94	188
58	210	113	93	187
59	210	114	93	186
60	210	114	92	185
61	210	115	91	183
62	211	115	91	182
63	211	115	90	181
64	212	116	89	179
65	213	116	89	178
66	213	117	88	177
67	214	117	88	176
68	215	117	87	175
69	215	117	87	174
70	216	117	87	174
71	216	118	86	173
72	217	118	86	172
73	217	118	85	171
74	218	118	85	170
75	218	118	85	170
76	218	118	84	169
77	218	119	84	168
78	218	119	83	167
79	218	119	83	166
80	218	119	82	165
81	218	119	82	164
82	218	119	81	163
83	218	119	80	161
84	217	119	80	160
85	217	119	79	159
3D Trajetory (frame, x, z, height, pose)
1	-0.83	3.46	1.69	4.00
2	-0.84	3.54	1.69	4.00
3	-0.86	3.61	1.69	4.00
4	-0.87	3.68	1.70	4.00
5	-0.89	3.75	1.70	4.00
6	-0.89	3.79	1.68	4.00
7	-0.89	3.83	1.67	4.00
8	-0.89	3.86	1.67	4.00
9	-0.90	3.89	1.67	4.00
10	-0.90	3.92	1.67	4.00
11	-0.91	3.94	1.67	4.00
12	-0.91	3.98	1.68	4.00
13	-0.91	4.01	1.68	4.00
14	-0.92	4.04	1.68	4.00
15	-0.92	4.07	1.68	4.00
16	-0.91	4.08	1.68	4.00
17	-0.90	4.09	1.68	4.00
18	-0.89	4.10	1.69	4.00
19	-0.88	4.10	1.71	4.00
20	-0.87	4.09	1.71	4.00
21	-0.85	4.08	1.71	4.00
22	-0.84	4.07	1.72	4.00
23	-0.83	4.07	1.73	4.00
24	-0.82	4.06	1.73	4.00
25	-0.81	4.05	1.74	4.00
26	-0.81	4.05	1.74	4.00
27	-0.81	4.05	1.74	4.00
28	-0.80	4.06	1.75	4.00
29	-0.80	4.08	1.75	4.00
30	-0.80	4.09	1.75	4.00
31	-0.80	4.11	1.75	4.00
32	-0.80	4.12	1.74	4.00
33	-0.80	4.13	1.73	4.00
34	-0.80	4.15	1.72	4.00
35	-0.80	4.16	1.72	4.00
36	-0.80	4.17	1.71	4.00
37	-0.80	4.19	1.70	4.00
38	-0.80	4.20	1.70	4.00
39	-0.80	4.21	1.70	4.00
40	-0.79	4.22	1.70	4.00
41	-0.79	4.24	1.70	4.00
42	-0.79	4.25	1.70	4.00
43	-0.80	4.27	1.71	4.00
44	-0.80	4.30	1.70	4.00
45	-0.80	4.32	1.70	4.00
46	-0.80	4.34	1.70	4.00
47	-0.80	4.35	1.70	4.00
48	-0.81	4.37	1.70	4.00
49	-0.81	4.38	1.70	4.00
50	-0.81	4.39	1.70	4.00
51	-0.82	4.40	1.70	4.00
52	-0.82	4.41	1.69	4.00
53	-0.82	4.42	1.69	4.00
54	-0.82	4.43	1.69	4.00
55	-0.82	4.44	1.69	4.00
56	-0.82	4.45	1.68	4.00
57	-0.82	4.47	1.68	4.00
58	-0.82	4.48	1.68	4.00
59	-0.82	4.50	1.67	4.00
60	-0.83	4.52	1.66	4.00
61	-0.84	4.54	1.65	4.00
62	-0.83	4.55	1.65	4.00
63	-0.83	4.57	1.65	4.00
64	-0.83	4.60	1.65	4.00
65	-0.82	4.62	1.65	4.00
66	-0.83	4.64	1.65	4.00
67	-0.83	4.66	1.64	4.00
68	-0.83	4.69	1.64	4.00
69	-0.82	4.72	1.63	4.00
70	-0.82	4.75	1.64	4.00
71	-0.83	4.77	1.64	4.00
72	-0.83	4.79	1.64	4.00
73	-0.84	4.82	1.65	4.00
74	-0.85	4.83	1.65	4.00
75	-0.85	4.85	1.66	4.00
76	-0.85	4.87	1.65	4.00
77	-0.84	4.89	1.64	4.00
78	-0.85	4.92	1.64	4.00
79	-0.86	4.96	1.63	4.00
80	-0.88	4.99	1.63	4.00
81	-0.89	5.03	1.64	4.00
82	-0.89	5.05	1.64	4.00
83	-0.90	5.07	1.63	4.00
84	-0.90	5.10	1.63	4.00
85	-0.90	5.12	1.63	4.00
Target 5 (frames from 1 to 103)
Bounding Boxes (frame, x, y, width, height)
1	90	108	113	226
2	91	111	111	223
3	92	113	110	221
4	93	115	109	218
5	94	117	108	216
6	95	119	107	214
7	96	120	105	211
8	97	121	104	209
9	98	122	103	207
10	99	123	103	206
11	100	123	102	204
12	101	123	101	203
13	102	123	100	201
14	103	123	100	200
15	104	123	99	198
16	105	123	98	197
17	106	124	97	195
18	107	124	96	193
19	108	124	96	192
20	109	124	95	191
21	110	124	95	190
22	111	123	94	189
23	112	123	94	188
24	113	123	94	188
25	114	123	93	187
26	115	123	93	186
27	116	123	93	186
28	117	123	92	185
29	118	122	92	184
30	120	122	92	184
31	121	122	91	183
32	122	123	91	182
33	123	123	90	181
34	124	124	89	179
35	125	124	89	178
36	126	124	88	177
37	127	125	88	177
38	128	125	88	176
39	129	125	88	176
40	129	125	87	175
41	130	125	87	175
42	130	125	87	175
43	131	124	87	175
44	132	124	87	175
45	133	123	87	175
46	133	123	87	174
47	134	123	87	174
48	135	123	86	173
49	136	124	86	172
50	136	125	85	171
51	137	126	84	169
52	138	127	83	167
53	138	128	83	166
54	139	129	82	164
55	139	131	81	163
56	140	132	80	161
57	140	133	80	160
58	140	133	79	159
59	140	134	79	158
60	140	134	79	158
61	140	133	78	157
62	140	133	78	157
63	140	133	78	157
64	140	132	78	156
65	140	132	78	156
66	140	131	78	156
67	141	131	78	156
68	141	131	78	156
69	141	130	78	157
70	141	130	78	157
71	142	129	78	157
72	142	128	79	158
73	143	128	79	158
74	143	127	78	157
75	144	127	78	157
76	144	127	78	157
77	144	126	78	157
78	144	126	78	156
79	144	126	78	156
80	144	126	77	155
81	145	126	77	154
82	145	126	76	152
83	146	126	75	151
84	147	126	75	150
85	147	126	74	149
86	149	127	73	147
87	150	127	73	146
88	151	127	72	145
89	153	128	72	144
90	154	128	71	143
91	156	129	71	142
92	158	129	70	141
93	159	130	70	140
94	161	131	69	139
95	162	131	69	138
96	163	131	69	138
97	164	131	68	137
98	165	131	68	137
99	166	131	68	136
100	167	131	68	136
101	168	131	68	136
102	168	131	68	136
103	169	130	68	136
3D Trajetory (frame, x, z, height, pose)
1	-1.51	3.70	1.69	4.00
2	-1.51	3.71	1.66	4.00
3	-1.51	3.73	1.62	4.00
4	-1.51	3.74	1.61	4.00
5	-1.51	3.75	1.59	4.00
6	-1.51	3.75	1.59	4.00
7	-1.51	3.76	1.58	2.00
8	-1.52	3.78	1.57	2.00
9	-1.52	3.80	1.57	2.00
10	-1.52	3.82	1.57	2.00
11	-1.52	3.83	1.57	2.00
12	-1.53	3.88	1.57	2.00
13	-1.55	3.92	1.57	2.00
14	-1.55	3.95	1.57	2.00
15	-1.56	3.98	1.57	2.00
16	-1.56	4.01	1.57	2.00
17	-1.57	4.03	1.57	2.00
18	-1.57	4.06	1.57	2.00
19	-1.57	4.09	1.56	2.00
20	-1.57	4.10	1.56	2.00
21	-1.57	4.12	1.56	2.00
22	-1.57	4.15	1.56	2.00
23	-1.57	4.18	1.56	2.00
24	-1.56	4.19	1.56	2.00
25	-1.56	4.21	1.56	2.00
26	-1.56	4.22	1.57	2.00
27	-1.57	4.23	1.58	2.00
28	-1.58	4.25	1.57	2.00
29	-1.59	4.26	1.56	2.00
30	-1.58	4.28	1.56	2.00
31	-1.58	4.30	1.56	2.00
32	-1.57	4.31	1.56	2.00
33	-1.57	4.33	1.56	2.00
34	-1.57	4.34	1.56	2.00
35	-1.57	4.36	1.56	2.00
36	-1.57	4.38	1.55	2.00
37	-1.57	4.39	1.55	2.00
38	-1.57	4.41	1.55	2.00
39	-1.57	4.43	1.54	2.00
40	-1.56	4.45	1.54	2.00
41	-1.56	4.46	1.53	2.00
42	-1.55	4.46	1.55	2.00
43	-1.54	4.46	1.56	2.00
44	-1.54	4.47	1.57	2.00
45	-1.54	4.49	1.57	2.00
46	-1.55	4.50	1.57	2.00
47	-1.55	4.52	1.57	2.00
48	-1.55	4.54	1.57	2.00
49	-1.56	4.56	1.57	2.00
50	-1.56	4.59	1.56	2.00
51	-1.57	4.62	1.55	2.00
52	-1.57	4.63	1.54	2.00
53	-1.58	4.64	1.53	2.00
54	-1.58	4.65	1.52	2.00
55	-1.58	4.66	1.51	2.00
56	-1.58	4.68	1.51	2.00
57	-1.58	4.70	1.50	2.00
58	-1.58	4.72	1.50	2.00
59	-1.59	4.73	1.49	2.00
60	-1.59	4.75	1.49	2.00
61	-1.59	4.76	1.49	2.00
62	-1.59	4.77	1.49	2.00
63	-1.59	4.78	1.48	2.00
64	-1.60	4.80	1.49	2.00
65	-1.60	4.82	1.50	2.00
66	-1.61	4.83	1.51	2.00
67	-1.61	4.85	1.51	2.00
68	-1.61	4.87	1.51	2.00
69	-1.61	4.89	1.52	2.00
70	-1.62	4.91	1.52	2.00
71	-1.62	4.92	1.53	4.00
72	-1.62	4.94	1.54	4.00
73	-1.62	4.96	1.56	4.00
74	-1.63	4.97	1.56	4.00
75	-1.64	4.99	1.57	2.00
76	-1.63	5.01	1.57	2.00
77	-1.63	5.03	1.58	2.00
78	-1.64	5.06	1.58	2.00
79	-1.65	5.08	1.57	2.00
80	-1.66	5.11	1.57	2.00
81	-1.67	5.14	1.56	2.00
82	-1.67	5.16	1.56	2.00
83	-1.68	5.19	1.57	2.00
84	-1.69	5.23	1.56	2.00
85	-1.70	5.28	1.56	2.00
86	-1.70	5.30	1.55	2.00
87	-1.69	5.33	1.55	2.00
88	-1.68	5.35	1.54	2.00
89	-1.67	5.37	1.54	2.00
90	-1.67	5.39	1.53	2.00
91	-1.67	5.41	1.53	2.00
92	-1.67	5.43	1.52	2.00
93	-1.67	5.45	1.52	2.00
94	-1.67	5.47	1.51	2.00
95	-1.67	5.49	1.51	2.00
96	-1.66	5.51	1.51	2.00
97	-1.66	5.53	1.51	2.00
98	-1.65	5.54	1.50	2.00
99	-1.64	5.55	1.50	2.00
100	-1.63	5.57	1.50	2.00
101	-1.62	5.59	1.50	2.00
102	-1.63	5.60	1.53	2.00
103	-1.64	5.62	1.55	2.00
Target 6 (frames from 1 to 37)
Bounding Boxes (frame, x, y, width, height)
1	277	123	44	88
2	277	123	44	89
3	278	122	45	90
4	278	122	46	92
5	279	122	46	93
6	279	121	47	94
7	280	121	47	94
8	280	121	47	95
9	281	120	48	96
10	281	120	48	96
11	282	120	48	97
12	282	120	48	97
13	282	120	48	97
14	282	119	48	97
15	283	119	48	97
16	283	119	48	97
17	283	119	48	97
18	283	119	49	98
19	283	119	49	98
20	283	118	49	98
21	283	118	49	99
22	283	118	49	99
23	283	117	49	99
24	283	117	50	100
25	283	117	50	100
26	283	116	49	99
27	283	116	49	99
28	283	116	49	99
29	283	116	49	99
30	283	116	49	99
31	283	116	49	99
32	284	116	49	99
33	284	117	49	98
34	284	117	49	98
35	285	117	49	98
36	285	118	48	97
37	285	119	48	97
3D Trajetory (frame, x, z, height, pose)
1	-0.95	9.21	1.64	2.00
2	-0.94	9.14	1.64	2.00
3	-0.92	9.08	1.63	2.00
4	-0.90	9.01	1.65	2.00
5	-0.87	8.95	1.66	2.00
6	-0.86	8.90	1.67	2.00
7	-0.85	8.86	1.68	2.00
8	-0.83	8.78	1.68	2.00
9	-0.81	8.70	1.69	2.00
10	-0.79	8.69	1.69	2.00
11	-0.78	8.69	1.70	2.00
12	-0.77	8.66	1.69	2.00
13	-0.75	8.63	1.69	4.00
14	-0.76	8.69	1.68	4.00
15	-0.76	8.76	1.68	4.00
16	-0.76	8.72	1.68	4.00
17	-0.75	8.68	1.69	4.00
18	-0.75	8.68	1.70	4.00
19	-0.75	8.68	1.70	4.00
20	-0.73	8.67	1.71	4.00
21	-0.72	8.65	1.71	4.00
22	-0.70	8.60	1.71	4.00
23	-0.67	8.55	1.72	4.00
24	-0.69	8.61	1.73	4.00
25	-0.70	8.66	1.73	4.00
26	-0.71	8.68	1.73	4.00
27	-0.72	8.69	1.74	2.00
28	-0.74	8.71	1.73	2.00
29	-0.75	8.72	1.73	2.00
30	-0.75	8.72	1.72	2.00
31	-0.74	8.71	1.72	2.00
32	-0.74	8.70	1.72	2.00
33	-0.75	8.70	1.71	2.00
34	-0.74	8.69	1.71	2.00
35	-0.73	8.68	1.70	2.00
36	-0.72	8.67	1.70	2.00
37	-0.72	8.66	1.70	2.00
Target 7 (frames from 35 to 119)
Bounding Boxes (frame, x, y, width, height)
35	28	145	80	160
36	30	144	81	162
37	32	143	81	163
38	34	143	82	165
39	36	142	82	165
40	39	142	83	166
41	41	142	83	166
42	43	142	83	166
43	45	142	82	165
44	47	142	82	164
45	50	142	80	161
46	52	142	79	159
47	55	143	78	156
48	57	143	76	153
49	59	143	75	151
50	61	144	74	148
51	63	145	73	146
52	64	146	72	144
53	66	146	71	142
54	67	147	70	141
55	69	147	69	139
56	70	147	69	138
57	71	147	68	137
58	72	147	68	136
59	73	147	68	136
60	74	147	67	135
61	75	147	67	134
62	76	146	66	133
63	77	146	66	132
64	78	146	66	132
65	79	145	65	131
66	80	145	65	130
67	82	145	65	130
68	83	145	64	129
69	85	145	64	129
70	86	145	64	128
71	88	145	64	128
72	89	144	63	127
73	91	144	63	126
74	92	144	63	126
75	93	144	62	125
76	94	144	62	125
77	94	144	62	124
78	95	144	62	124
79	95	144	61	123
80	96	144	61	122
81	96	144	60	121
82	97	144	60	120
83	97	144	60	120
84	98	143	59	119
85	99	143	59	118
86	100	142	59	118
87	101	142	59	118
88	102	141	58	117
89	104	141	58	117
90	105	140	58	117
91	107	140	58	117
92	108	139	58	117
93	109	139	58	117
94	110	139	58	117
95	111	138	58	117
96	113	138	58	116
97	114	138	58	116
98	115	138	57	115
99	116	138	57	115
100	117	138	57	114
101	118	139	57	114
102	119	139	56	113
103	120	138	56	113
104	121	138	56	112
105	122	138	55	111
106	123	138	55	111
107	124	138	55	110
108	125	138	54	109
109	126	138	54	108
110	128	138	54	108
111	129	138	53	107
112	130	138	53	107
113	131	137	53	107
114	132	137	53	107
115	133	137	53	107
116	134	136	54	108
117	135	136	54	108
118	136	135	54	108
119	137	134	54	109
3D Trajetory (frame, x, z, height, pose)
35	-2.46	4.42	1.36	2.00
36	-2.41	4.35	1.38	2.00
37	-2.36	4.28	1.39	2.00
38	-2.31	4.23	1.41	2.00
39	-2.26	4.17	1.42	2.00
40	-2.25	4.21	1.41	2.00
41	-2.24	4.24	1.39	2.00
42	-2.23	4.25	1.40	2.00
43	-2.21	4.26	1.41	2.00
44	-2.23	4.31	1.41	2.00
45	-2.24	4.37	1.41	2.00
46	-2.27	4.46	1.40	2.00
47	-2.31	4.55	1.40	2.00
48	-2.32	4.59	1.39	2.00
49	-2.33	4.63	1.39	2.00
50	-2.35	4.69	1.37	2.00
51	-2.37	4.75	1.36	2.00
52	-2.38	4.79	1.36	2.00
53	-2.38	4.82	1.36	4.00
54	-2.38	4.86	1.36	4.00
55	-2.39	4.89	1.35	4.00
56	-2.39	4.92	1.36	4.00
57	-2.40	4.96	1.36	2.00
58	-2.40	4.99	1.36	2.00
59	-2.40	5.02	1.36	4.00
60	-2.41	5.06	1.36	4.00
61	-2.42	5.10	1.36	4.00
62	-2.42	5.13	1.35	4.00
63	-2.42	5.16	1.35	4.00
64	-2.43	5.19	1.36	4.00
65	-2.43	5.22	1.36	4.00
66	-2.43	5.25	1.36	4.00
67	-2.43	5.29	1.36	4.00
68	-2.43	5.32	1.36	4.00
69	-2.43	5.35	1.36	4.00
70	-2.43	5.38	1.37	4.00
71	-2.43	5.41	1.37	4.00
72	-2.44	5.44	1.37	4.00
73	-2.44	5.48	1.38	4.00
74	-2.44	5.51	1.38	4.00
75	-2.45	5.54	1.38	4.00
76	-2.45	5.56	1.38	4.00
77	-2.45	5.59	1.38	2.00
78	-2.45	5.61	1.38	2.00
79	-2.46	5.64	1.37	4.00
80	-2.47	5.66	1.37	4.00
81	-2.49	5.68	1.37	4.00
82	-2.49	5.72	1.38	4.00
83	-2.49	5.75	1.38	4.00
84	-2.50	5.78	1.36	4.00
85	-2.51	5.82	1.35	4.00
86	-2.51	5.86	1.36	4.00
87	-2.52	5.89	1.36	4.00
88	-2.51	5.93	1.37	4.00
89	-2.51	5.96	1.39	4.00
90	-2.51	5.99	1.39	4.00
91	-2.51	6.01	1.40	4.00
92	-2.52	6.04	1.41	4.00
93	-2.53	6.07	1.42	4.00
94	-2.53	6.09	1.42	4.00
95	-2.53	6.11	1.41	4.00
96	-2.53	6.14	1.41	4.00
97	-2.52	6.17	1.41	4.00
98	-2.52	6.20	1.42	4.00
99	-2.52	6.23	1.42	4.00
100	-2.52	6.25	1.43	4.00
101	-2.52	6.28	1.43	2.00
102	-2.52	6.32	1.42	2.00
103	-2.52	6.35	1.42	2.00
104	-2.53	6.38	1.42	2.00
105	-2.53	6.41	1.42	2.00
106	-2.53	6.44	1.42	2.00
107	-2.53	6.48	1.42	2.00
108	-2.53	6.52	1.42	2.00
109	-2.53	6.55	1.41	2.00
110	-2.54	6.59	1.41	2.00
111	-2.54	6.62	1.42	2.00
112	-2.55	6.66	1.42	2.00
113	-2.55	6.70	1.42	4.00
114	-2.56	6.72	1.42	4.00
115	-2.56	6.74	1.42	4.00
116	-2.55	6.75	1.44	4.00
117	-2.54	6.75	1.45	4.00
118	-2.51	6.74	1.47	4.00
119	-2.49	6.74	1.49	2.00
Target 8 (frames from 87 to 307)
Bounding Boxes (frame, x, y, width, height)
87	294	118	64	128
88	298	119	63	126
89	301	119	62	125
90	304	119	62	124
91	307	120	61	123
92	309	120	60	121
93	312	121	60	120
94	314	121	59	119
95	316	122	59	119
96	318	122	59	118
97	319	123	58	117
98	321	123	58	116
99	322	124	57	115
100	322	124	57	115
101	323	125	57	115
102	323	125	58	116
103	324	124	58	116
104	325	124	58	116
105	325	124	58	117
106	326	123	59	118
107	327	122	59	119
108	328	121	60	120
109	329	120	60	121
110	330	119	61	122
111	331	118	62	124
112	331	117	62	125
113	332	116	63	126
114	333	115	64	128
115	334	115	64	129
116	334	114	65	130
117	335	113	65	130
118	336	113	65	131
119	336	113	65	131
120	337	112	66	132
121	338	112	66	132
122	339	112	66	133
123	339	111	66	133
124	340	111	66	133
125	340	111	66	133
126	341	111	67	134
127	341	110	67	134
128	342	110	67	134
129	342	109	67	135
130	343	109	67	135
131	344	108	68	136
132	344	108	68	136
133	345	107	68	137
134	346	107	68	137
135	347	106	69	138
136	348	105	69	139
137	349	104	70	140
138	350	104	70	141
139	352	103	70	141
140	353	103	71	142
141	354	102	71	143
142	355	102	71	143
143	356	101	72	144
144	357	101	72	144
145	358	101	72	145
146	359	101	73	146
147	359	100	73	147
148	360	100	74	148
149	361	100	74	149
150	361	99	75	151
151	362	99	76	152
152	362	98	77	154
153	362	97	78	156
154	362	97	78	157
155	363	96	79	159
156	363	96	80	160
157	364	96	80	161
158	365	96	81	162
159	366	96	81	162
160	367	97	81	162
161	368	97	81	163
162	370	98	81	163
163	371	98	81	163
164	372	99	81	163
165	374	99	82	164
166	375	100	82	164
167	377	100	82	164
168	379	100	82	165
169	381	100	83	166
170	382	100	83	167
171	384	100	84	168
172	385	100	85	170
173	387	100	85	171
174	388	100	86	172
175	390	100	86	173
176	391	101	87	174
177	393	101	87	175
178	394	101	88	177
179	395	102	88	177
180	397	102	89	178
181	398	103	89	179
182	399	104	89	179
183	400	105	90	180
184	401	105	90	180
185	402	105	90	181
186	402	106	91	182
187	403	106	91	183
188	403	106	92	184
189	404	107	92	185
190	405	107	93	186
191	406	107	93	187
192	407	108	94	188
193	409	108	94	189
194	410	108	95	190
195	412	109	95	191
196	414	109	96	192
197	417	110	96	192
198	419	111	95	191
199	421	111	95	191
200	424	112	95	191
201	426	112	95	190
202	428	113	95	190
203	431	113	95	190
204	433	113	95	190
205	435	113	95	191
206	437	113	95	191
207	440	113	96	192
208	442	112	97	194
209	444	111	97	195
210	446	111	98	197
211	449	110	99	199
212	451	110	100	200
213	453	110	100	201
214	456	110	101	202
215	458	110	101	202
216	460	111	101	203
217	462	111	101	203
218	464	112	102	204
219	465	112	102	204
220	467	113	102	204
221	469	114	102	204
222	472	114	102	205
223	474	115	102	204
224	476	116	102	204
225	479	116	102	204
226	482	116	102	204
227	485	116	102	205
228	488	116	102	205
229	491	116	103	206
230	494	116	103	207
231	497	115	104	209
232	501	115	105	210
233	504	114	106	212
234	507	113	107	214
235	510	113	108	216
236	514	112	109	218
237	517	111	110	220
238	520	110	111	222
239	524	110	112	224
240	528	110	112	225
241	531	110	113	226
242	535	109	113	227
243	539	110	113	227
244	542	110	114	228
245	545	110	114	229
246	548	110	115	230
247	550	110	116	233
248	551	109	117	235
249	551	108	119	239
250	550	107	121	242
251	549	106	123	246
252	546	105	125	250
253	543	104	127	254
254	539	102	129	258
255	535	101	131	262
256	530	100	132	265
257	525	99	134	268
258	521	98	135	270
259	516	98	136	272
260	512	98	137	274
261	507	99	137	275
262	503	99	137	275
263	499	100	138	276
264	495	101	138	276
265	492	102	138	276
266	488	102	137	275
267	485	103	137	275
268	482	103	137	275
269	479	103	138	276
270	476	103	138	276
271	473	103	138	276
272	470	102	138	277
273	468	102	138	277
274	465	102	138	277
275	463	101	139	278
276	461	101	138	277
277	459	101	138	277
278	457	101	138	277
279	455	101	138	277
280	454	101	138	276
281	452	101	137	275
282	451	101	137	274
283	449	101	137	274
284	448	100	137	274
285	446	100	137	274
286	444	99	137	275
287	443	98	138	276
288	441	96	139	278
289	439	95	140	280
290	438	93	141	282
291	436	91	142	285
292	433	89	144	288
293	431	86	145	291
294	428	83	147	295
295	425	80	149	299
296	421	77	151	303
297	418	74	153	307
298	414	71	155	311
299	410	68	157	315
300	407	65	159	318
301	403	62	161	322
302	400	58	163	326
303	396	55	165	330
304	392	52	166	333
305	389	48	168	337
306	385	45	170	341
307	381	42	172	345
3D Trajetory (frame, x, z, height, pose)
87	-0.24	6.58	1.64	1.00
88	-0.23	6.55	1.65	1.00
89	-0.21	6.52	1.66	1.00
90	-0.19	6.58	1.66	1.00
91	-0.17	6.64	1.65	1.00
92	-0.13	6.74	1.65	1.00
93	-0.09	6.85	1.65	2.00
94	-0.06	6.88	1.64	2.00
95	-0.04	6.90	1.64	2.00
96	-0.02	6.91	1.63	2.00
97	0.00	6.93	1.63	2.00
98	0.01	6.93	1.62	2.00
99	0.02	6.94	1.61	1.00
100	0.03	6.94	1.61	1.00
101	0.04	6.95	1.60	2.00
102	0.05	6.94	1.60	2.00
103	0.06	6.92	1.60	2.00
104	0.07	6.88	1.60	2.00
105	0.08	6.84	1.61	2.00
106	0.09	6.82	1.62	2.00
107	0.11	6.80	1.63	2.00
108	0.12	6.79	1.64	2.00
109	0.14	6.78	1.65	2.00
110	0.16	6.77	1.66	2.00
111	0.17	6.76	1.67	2.00
112	0.18	6.75	1.68	2.00
113	0.19	6.74	1.70	2.00
114	0.20	6.73	1.72	2.00
115	0.20	6.71	1.74	2.00
116	0.21	6.70	1.75	2.00
117	0.21	6.70	1.77	2.00
118	0.23	6.69	1.77	2.00
119	0.25	6.68	1.77	4.00
120	0.26	6.67	1.77	4.00
121	0.27	6.66	1.76	4.00
122	0.29	6.65	1.76	4.00
123	0.30	6.64	1.76	4.00
124	0.31	6.63	1.76	4.00
125	0.33	6.63	1.77	2.00
126	0.34	6.61	1.78	2.00
127	0.35	6.60	1.79	2.00
128	0.35	6.59	1.79	2.00
129	0.36	6.58	1.79	2.00
130	0.36	6.58	1.79	2.00
131	0.37	6.57	1.78	2.00
132	0.38	6.56	1.79	2.00
133	0.39	6.55	1.79	4.00
134	0.41	6.54	1.80	4.00
135	0.43	6.52	1.80	4.00
136	0.44	6.50	1.82	4.00
137	0.46	6.48	1.84	4.00
138	0.47	6.47	1.83	4.00
139	0.49	6.45	1.83	4.00
140	0.51	6.45	1.84	4.00
141	0.53	6.44	1.86	4.00
142	0.54	6.42	1.86	4.00
143	0.55	6.40	1.85	2.00
144	0.56	6.38	1.85	2.00
145	0.58	6.35	1.84	4.00
146	0.59	6.33	1.84	4.00
147	0.61	6.30	1.84	4.00
148	0.60	6.22	1.84	4.00
149	0.59	6.14	1.84	4.00
150	0.60	6.08	1.84	4.00
151	0.62	6.02	1.84	4.00
152	0.62	5.98	1.86	4.00
153	0.63	5.93	1.88	4.00
154	0.63	5.89	1.88	4.00
155	0.63	5.85	1.88	4.00
156	0.64	5.82	1.87	4.00
157	0.64	5.78	1.86	4.00
158	0.65	5.73	1.87	4.00
159	0.66	5.69	1.87	4.00
160	0.67	5.66	1.86	4.00
161	0.68	5.63	1.84	2.00
162	0.70	5.60	1.83	2.00
163	0.73	5.57	1.82	4.00
164	0.74	5.53	1.81	4.00
165	0.75	5.49	1.81	4.00
166	0.76	5.46	1.80	4.00
167	0.77	5.43	1.80	4.00
168	0.78	5.39	1.79	4.00
169	0.80	5.34	1.79	4.00
170	0.81	5.30	1.78	4.00
171	0.83	5.25	1.77	2.00
172	0.84	5.20	1.77	2.00
173	0.85	5.15	1.77	2.00
174	0.85	5.11	1.77	2.00
175	0.86	5.07	1.77	2.00
176	0.86	5.01	1.77	2.00
177	0.86	4.96	1.77	2.00
178	0.87	4.91	1.75	2.00
179	0.88	4.87	1.74	2.00
180	0.89	4.82	1.73	2.00
181	0.91	4.77	1.72	2.00
182	0.91	4.74	1.71	2.00
183	0.91	4.70	1.71	2.00
184	0.92	4.66	1.70	2.00
185	0.93	4.62	1.69	2.00
186	0.93	4.59	1.68	2.00
187	0.92	4.56	1.67	2.00
188	0.93	4.53	1.67	2.00
189	0.93	4.50	1.68	2.00
190	0.93	4.46	1.67	2.00
191	0.93	4.43	1.67	2.00
192	0.94	4.39	1.67	2.00
193	0.95	4.35	1.66	2.00
194	0.96	4.32	1.66	2.00
195	0.98	4.29	1.65	2.00
196	0.98	4.26	1.65	2.00
197	0.99	4.23	1.64	2.00
198	1.00	4.21	1.64	2.00
199	1.02	4.20	1.63	2.00
200	1.03	4.18	1.62	2.00
201	1.05	4.17	1.61	2.00
202	1.07	4.19	1.60	2.00
203	1.09	4.21	1.59	1.00
204	1.10	4.19	1.59	1.00
205	1.11	4.17	1.59	1.00
206	1.13	4.15	1.60	1.00
207	1.15	4.12	1.60	2.00
208	1.16	4.10	1.61	2.00
209	1.18	4.08	1.62	2.00
210	1.19	4.06	1.62	2.00
211	1.21	4.04	1.62	2.00
212	1.22	4.02	1.62	2.00
213	1.24	4.00	1.62	1.00
214	1.25	3.98	1.63	1.00
215	1.27	3.96	1.63	1.00
216	1.28	3.94	1.62	1.00
217	1.28	3.92	1.62	1.00
218	1.29	3.90	1.61	1.00
219	1.30	3.88	1.60	1.00
220	1.31	3.87	1.59	1.00
221	1.32	3.85	1.58	1.00
222	1.33	3.84	1.58	1.00
223	1.35	3.82	1.59	1.00
224	1.36	3.81	1.58	1.00
225	1.38	3.79	1.58	1.00
226	1.40	3.78	1.57	1.00
227	1.42	3.77	1.57	1.00
228	1.44	3.77	1.56	1.00
229	1.47	3.76	1.56	1.00
230	1.48	3.75	1.56	1.00
231	1.50	3.74	1.56	1.00
232	1.52	3.72	1.57	1.00
233	1.54	3.69	1.58	1.00
234	1.55	3.67	1.59	1.00
235	1.56	3.65	1.60	1.00
236	1.58	3.62	1.61	1.00
237	1.60	3.59	1.62	1.00
238	1.61	3.57	1.62	1.00
239	1.63	3.55	1.61	1.00
240	1.65	3.52	1.60	1.00
241	1.66	3.50	1.60	1.00
242	1.68	3.49	1.60	1.00
243	1.70	3.47	1.59	1.00
244	1.72	3.45	1.59	1.00
245	1.74	3.43	1.60	4.00
246	1.76	3.41	1.59	4.00
247	1.77	3.39	1.59	4.00
248	1.76	3.36	1.60	4.00
249	1.76	3.33	1.60	4.00
250	1.73	3.30	1.60	4.00
251	1.71	3.27	1.61	4.00
252	1.67	3.23	1.63	4.00
253	1.63	3.20	1.65	4.00
254	1.60	3.16	1.66	4.00
255	1.56	3.13	1.67	1.00
256	1.53	3.10	1.67	1.00
257	1.49	3.07	1.68	1.00
258	1.46	3.05	1.67	1.00
259	1.43	3.03	1.67	1.00
260	1.40	3.01	1.66	1.00
261	1.36	2.99	1.65	1.00
262	1.33	2.96	1.65	1.00
263	1.30	2.94	1.65	1.00
264	1.28	2.93	1.64	1.00
265	1.25	2.92	1.63	1.00
266	1.22	2.91	1.63	1.00
267	1.19	2.90	1.62	3.00
268	1.17	2.90	1.62	3.00
269	1.15	2.90	1.62	3.00
270	1.13	2.91	1.61	3.00
271	1.11	2.91	1.61	3.00
272	1.10	2.91	1.61	3.00
273	1.08	2.91	1.62	3.00
274	1.06	2.90	1.62	3.00
275	1.05	2.89	1.63	4.00
276	1.03	2.88	1.63	4.00
277	1.02	2.87	1.63	4.00
278	1.02	2.89	1.63	4.00
279	1.02	2.90	1.62	1.00
280	1.01	2.92	1.62	1.00
281	1.00	2.93	1.61	4.00
282	1.00	2.93	1.62	4.00
283	0.99	2.94	1.62	4.00
284	0.98	2.93	1.62	4.00
285	0.97	2.93	1.62	4.00
286	0.96	2.93	1.62	4.00
287	0.95	2.93	1.62	4.00
288	0.94	2.92	1.64	4.00
289	0.93	2.92	1.65	1.00
290	0.92	2.91	1.66	1.00
291	0.91	2.91	1.67	1.00
292	0.90	2.90	1.69	1.00
293	0.88	2.90	1.70	4.00
294	0.87	2.89	1.71	4.00
295	0.86	2.89	1.73	4.00
296	0.84	2.87	1.75	4.00
297	0.82	2.86	1.77	2.00
298	0.80	2.85	1.79	2.00
299	0.77	2.83	1.80	2.00
300	0.75	2.83	1.82	2.00
301	0.73	2.82	1.84	2.00
302	0.71	2.81	1.85	2.00
303	0.69	2.80	1.87	2.00
304	0.68	2.79	1.88	2.00
305	0.66	2.78	1.89	2.00
306	0.66	2.77	1.90	2.00
307	0.65	2.76	1.90	3.00
Target 9 (frames from 109 to 293)
Bounding Boxes (frame, x, y, width, height)
109	238	118	70	140
110	239	118	70	141
111	240	118	71	142
112	242	118	71	142
113	243	118	71	142
114	244	118	71	143
115	244	118	71	143
116	245	118	71	143
117	246	119	71	143
118	246	119	71	142
119	246	119	71	142
120	247	119	71	142
121	247	120	70	141
122	246	120	70	140
123	246	121	70	140
124	246	121	69	139
125	246	122	69	138
126	246	122	69	138
127	246	122	69	138
128	246	122	68	137
129	246	121	68	137
130	246	121	68	137
131	246	121	68	137
132	247	121	68	137
133	247	120	68	137
134	247	120	68	137
135	247	120	68	136
136	248	121	67	135
137	248	121	67	134
138	248	121	66	133
139	248	122	66	132
140	248	123	65	130
141	248	123	64	129
142	248	123	64	128
143	249	123	63	127
144	249	123	63	126
145	249	123	63	126
146	249	123	62	125
147	250	123	62	125
148	250	123	62	124
149	250	122	62	124
150	251	122	62	124
151	251	122	61	123
152	252	122	61	123
153	252	122	61	122
154	252	121	61	122
155	252	121	61	122
156	252	121	61	122
157	253	120	60	121
158	253	120	60	121
159	253	120	60	121
160	253	119	60	121
161	253	119	60	121
162	253	119	60	120
163	253	119	60	120
164	253	119	60	120
165	253	118	60	120
166	253	118	60	120
167	253	118	59	119
168	253	117	59	119
169	254	117	59	119
170	254	117	59	118
171	254	117	59	118
172	255	117	59	118
173	255	116	59	118
174	255	116	58	117
175	256	116	58	117
176	256	116	58	117
177	256	115	58	117
178	256	115	58	117
179	256	114	59	118
180	256	114	59	118
181	255	113	59	119
182	255	112	59	119
183	254	111	60	120
184	254	110	60	121
185	253	109	60	121
186	253	108	60	121
187	252	108	61	122
188	252	108	60	121
189	252	108	60	121
190	252	109	60	120
191	252	109	59	119
192	252	110	59	118
193	253	111	58	117
194	254	112	58	116
195	255	112	57	115
196	256	112	57	114
197	257	112	57	114
198	258	112	56	113
199	259	112	56	113
200	260	112	56	113
201	261	111	56	113
202	262	110	56	113
203	262	109	57	114
204	263	109	57	114
205	264	108	57	114
206	264	108	57	115
207	264	108	57	114
208	264	107	57	114
209	265	107	57	114
210	265	107	57	114
211	265	107	57	114
212	265	107	56	113
213	265	108	56	113
214	265	108	56	113
215	265	108	56	113
216	265	108	56	113
217	265	108	56	112
218	265	108	56	112
219	265	108	55	111
220	265	109	55	111
221	265	109	55	110
222	266	109	54	109
223	266	110	54	109
224	266	110	54	108
225	266	111	53	107
226	267	111	53	106
227	267	111	53	106
228	268	110	53	106
229	268	110	52	105
230	269	110	53	106
231	269	109	53	106
232	270	109	53	107
233	271	108	53	107
234	271	107	54	108
235	272	107	54	108
236	273	106	54	108
237	274	106	54	108
238	274	106	54	108
239	275	106	54	108
240	276	105	54	108
241	276	105	54	108
242	276	105	53	107
243	277	105	53	107
244	277	105	53	106
245	278	105	53	106
246	278	105	53	106
247	279	106	52	105
248	279	106	52	104
249	280	107	52	104
250	281	108	51	103
251	282	108	51	102
252	283	109	50	101
253	284	110	50	101
254	284	110	50	100
255	285	111	49	99
256	285	111	49	99
257	285	111	49	98
258	286	111	49	98
259	286	111	48	97
260	287	111	48	97
261	287	111	48	96
262	288	111	48	96
263	289	111	47	95
264	289	111	47	95
265	291	111	47	95
266	292	111	47	94
267	293	110	47	94
268	294	110	47	94
269	296	110	46	93
270	297	110	46	93
271	298	110	46	93
272	299	110	46	92
273	300	110	46	92
274	301	111	46	92
275	301	111	45	91
276	302	111	45	91
277	302	111	45	91
278	303	111	45	90
279	303	111	45	90
280	303	111	45	90
281	304	111	45	90
282	304	111	45	90
283	304	111	44	89
284	304	110	44	89
285	305	110	44	89
286	305	110	44	89
287	306	110	44	89
288	306	110	44	89
289	306	109	44	89
290	307	109	44	89
291	307	109	44	89
292	308	109	44	89
293	308	108	44	89
3D Trajetory (frame, x, z, height, pose)
109	-0.89	5.90	1.67	4.00
110	-0.88	5.89	1.66	4.00
111	-0.87	5.87	1.66	4.00
112	-0.85	5.85	1.65	4.00
113	-0.84	5.84	1.65	4.00
114	-0.83	5.84	1.66	4.00
115	-0.81	5.83	1.66	4.00
116	-0.81	5.83	1.67	4.00
117	-0.80	5.83	1.67	4.00
118	-0.80	5.83	1.67	4.00
119	-0.80	5.83	1.67	4.00
120	-0.80	5.84	1.66	4.00
121	-0.81	5.84	1.65	4.00
122	-0.81	5.84	1.65	4.00
123	-0.80	5.85	1.65	4.00
124	-0.80	5.85	1.63	4.00
125	-0.80	5.85	1.61	4.00
126	-0.80	5.85	1.60	4.00
127	-0.80	5.84	1.60	2.00
128	-0.80	5.85	1.60	2.00
129	-0.80	5.86	1.60	2.00
130	-0.80	5.87	1.61	2.00
131	-0.80	5.89	1.61	2.00
132	-0.80	5.89	1.62	2.00
133	-0.80	5.89	1.63	2.00
134	-0.79	5.89	1.62	2.00
135	-0.79	5.90	1.62	2.00
136	-0.80	5.92	1.61	2.00
137	-0.80	5.95	1.60	2.00
138	-0.81	5.98	1.60	2.00
139	-0.81	6.02	1.59	2.00
140	-0.83	6.06	1.57	2.00
141	-0.84	6.11	1.56	2.00
142	-0.84	6.13	1.56	2.00
143	-0.84	6.15	1.56	4.00
144	-0.85	6.19	1.56	4.00
145	-0.85	6.22	1.56	4.00
146	-0.85	6.24	1.56	4.00
147	-0.85	6.26	1.56	2.00
148	-0.85	6.28	1.57	2.00
149	-0.84	6.31	1.57	4.00
150	-0.85	6.34	1.57	4.00
151	-0.85	6.37	1.57	4.00
152	-0.85	6.40	1.57	4.00
153	-0.85	6.42	1.58	2.00
154	-0.85	6.46	1.58	2.00
155	-0.86	6.49	1.58	2.00
156	-0.86	6.52	1.59	2.00
157	-0.86	6.56	1.59	2.00
158	-0.86	6.58	1.60	2.00
159	-0.86	6.60	1.60	2.00
160	-0.86	6.63	1.61	2.00
161	-0.86	6.65	1.61	2.00
162	-0.86	6.68	1.62	2.00
163	-0.86	6.70	1.62	2.00
164	-0.87	6.73	1.62	2.00
165	-0.87	6.75	1.62	2.00
166	-0.87	6.77	1.62	2.00
167	-0.87	6.80	1.62	2.00
168	-0.87	6.82	1.62	2.00
169	-0.87	6.84	1.63	2.00
170	-0.88	6.87	1.64	2.00
171	-0.89	6.90	1.64	2.00
172	-0.89	6.92	1.64	2.00
173	-0.88	6.94	1.64	4.00
174	-0.89	6.97	1.64	4.00
175	-0.90	7.00	1.64	4.00
176	-0.89	7.02	1.64	4.00
177	-0.89	7.03	1.64	4.00
178	-0.89	7.04	1.65	4.00
179	-0.89	7.05	1.66	4.00
180	-0.90	7.06	1.67	4.00
181	-0.91	7.07	1.68	4.00
182	-0.91	7.09	1.70	4.00
183	-0.92	7.12	1.72	4.00
184	-0.92	7.13	1.73	4.00
185	-0.92	7.15	1.75	4.00
186	-0.92	7.17	1.75	4.00
187	-0.93	7.18	1.75	4.00
188	-0.93	7.20	1.75	4.00
189	-0.93	7.22	1.75	4.00
190	-0.95	7.24	1.75	4.00
191	-0.96	7.26	1.75	4.00
192	-0.95	7.29	1.74	4.00
193	-0.95	7.32	1.73	4.00
194	-0.95	7.36	1.71	4.00
195	-0.95	7.41	1.69	4.00
196	-0.94	7.43	1.68	4.00
197	-0.94	7.46	1.66	4.00
198	-0.93	7.50	1.68	4.00
199	-0.92	7.54	1.70	4.00
200	-0.91	7.56	1.72	4.00
201	-0.90	7.58	1.74	4.00
202	-0.89	7.61	1.74	4.00
203	-0.89	7.63	1.75	4.00
204	-0.89	7.65	1.75	4.00
205	-0.88	7.67	1.76	2.00
206	-0.88	7.70	1.76	2.00
207	-0.88	7.72	1.77	4.00
208	-0.87	7.74	1.78	4.00
209	-0.87	7.77	1.79	4.00
210	-0.87	7.79	1.79	4.00
211	-0.87	7.82	1.79	4.00
212	-0.89	7.84	1.79	4.00
213	-0.91	7.86	1.78	4.00
214	-0.91	7.89	1.78	4.00
215	-0.91	7.91	1.79	4.00
216	-0.90	7.94	1.79	4.00
217	-0.90	7.96	1.79	4.00
218	-0.91	7.98	1.79	4.00
219	-0.91	8.00	1.79	4.00
220	-0.92	8.03	1.80	4.00
221	-0.93	8.05	1.80	4.00
222	-0.93	8.09	1.80	4.00
223	-0.93	8.12	1.79	4.00
224	-0.93	8.16	1.77	4.00
225	-0.94	8.20	1.75	4.00
226	-0.93	8.23	1.75	4.00
227	-0.93	8.26	1.75	4.00
228	-0.93	8.29	1.74	4.00
229	-0.93	8.32	1.74	4.00
230	-0.93	8.35	1.76	4.00
231	-0.92	8.38	1.78	4.00
232	-0.92	8.41	1.81	4.00
233	-0.91	8.45	1.83	4.00
234	-0.91	8.48	1.85	4.00
235	-0.90	8.51	1.87	4.00
236	-0.89	8.54	1.87	4.00
237	-0.87	8.57	1.87	4.00
238	-0.86	8.59	1.88	4.00
239	-0.85	8.62	1.89	4.00
240	-0.85	8.67	1.88	4.00
241	-0.85	8.71	1.87	4.00
242	-0.85	8.75	1.87	4.00
243	-0.84	8.78	1.88	4.00
244	-0.84	8.82	1.88	4.00
245	-0.84	8.85	1.89	4.00
246	-0.83	8.88	1.90	4.00
247	-0.83	8.91	1.91	2.00
248	-0.83	8.94	1.89	2.00
249	-0.82	8.97	1.86	4.00
250	-0.81	9.00	1.85	4.00
251	-0.81	9.02	1.84	4.00
252	-0.80	9.05	1.85	4.00
253	-0.79	9.08	1.85	4.00
254	-0.79	9.11	1.83	4.00
255	-0.78	9.15	1.81	4.00
256	-0.77	9.18	1.81	4.00
257	-0.76	9.21	1.81	4.00
258	-0.75	9.24	1.81	4.00
259	-0.73	9.26	1.82	4.00
260	-0.73	9.29	1.81	4.00
261	-0.72	9.32	1.80	4.00
262	-0.70	9.35	1.80	4.00
263	-0.68	9.38	1.80	4.00
264	-0.67	9.41	1.80	4.00
265	-0.66	9.45	1.80	4.00
266	-0.65	9.48	1.80	4.00
267	-0.64	9.50	1.81	4.00
268	-0.63	9.53	1.80	4.00
269	-0.62	9.56	1.79	4.00
270	-0.61	9.58	1.79	4.00
271	-0.59	9.61	1.80	4.00
272	-0.58	9.65	1.80	4.00
273	-0.56	9.69	1.79	4.00
274	-0.56	9.72	1.79	4.00
275	-0.55	9.75	1.79	4.00
276	-0.53	9.77	1.79	4.00
277	-0.52	9.80	1.78	4.00
278	-0.52	9.83	1.78	4.00
279	-0.51	9.86	1.79	4.00
280	-0.50	9.89	1.78	4.00
281	-0.50	9.92	1.78	4.00
282	-0.49	9.94	1.79	4.00
283	-0.48	9.96	1.79	4.00
284	-0.47	9.98	1.80	4.00
285	-0.46	10.00	1.80	4.00
286	-0.45	10.03	1.80	4.00
287	-0.45	10.05	1.81	4.00
288	-0.44	10.08	1.82	4.00
289	-0.44	10.10	1.83	4.00
290	-0.44	10.13	1.82	4.00
291	-0.45	10.17	1.81	4.00
292	-0.45	10.19	1.82	4.00
293	-0.44	10.22	1.83	4.00
Target 10 (frames from 125 to 347)
Bounding Boxes (frame, x, y, width, height)
125	189	130	61	122
126	189	129	60	121
127	189	129	60	120
128	190	129	59	119
129	190	129	59	118
130	190	129	58	117
131	191	129	58	116
132	191	129	58	116
133	192	128	57	115
134	192	128	57	114
135	193	128	57	114
136	194	128	57	114
137	194	128	56	113
138	195	128	56	113
139	195	128	56	113
140	196	128	56	112
141	196	128	56	112
142	197	128	56	112
143	197	127	56	112
144	198	127	56	112
145	198	126	56	113
146	199	126	56	113
147	200	125	56	113
148	200	124	57	114
149	201	124	57	114
150	201	123	57	114
151	202	123	57	114
152	203	122	57	114
153	203	122	57	115
154	204	121	57	115
155	204	121	57	115
156	204	120	58	116
157	205	120	58	116
158	205	119	58	116
159	205	119	58	116
160	204	118	58	117
161	204	118	58	117
162	203	117	58	117
163	203	117	58	117
164	203	117	59	118
165	202	117	59	118
166	202	117	58	117
167	203	116	58	117
168	203	116	58	117
169	204	116	58	117
170	204	116	58	116
171	205	116	58	116
172	206	116	57	115
173	206	116	57	115
174	207	117	57	114
175	208	117	56	113
176	208	117	56	112
177	209	118	56	112
178	209	118	55	111
179	210	118	55	111
180	210	118	55	110
181	210	118	55	110
182	210	118	54	109
183	211	118	54	109
184	211	118	54	109
185	211	118	54	108
186	211	118	54	108
187	211	118	54	108
188	211	118	54	108
189	211	118	54	108
190	212	118	53	107
191	212	118	53	107
192	212	119	53	106
193	213	119	53	106
194	213	119	52	105
195	214	119	52	105
196	214	119	52	105
197	215	119	52	104
198	215	119	52	104
199	216	119	52	104
200	217	119	51	103
201	218	119	51	103
202	218	119	51	102
203	219	119	50	101
204	220	120	50	101
205	221	120	50	100
206	222	121	49	99
207	222	121	49	98
208	223	122	48	97
209	224	122	48	96
210	225	123	47	95
211	226	123	47	95
212	227	123	47	94
213	228	124	47	94
214	230	124	46	93
215	231	124	46	93
216	232	124	46	92
217	233	124	46	92
218	234	124	46	92
219	235	123	46	92
220	236	123	46	92
221	237	123	46	92
222	238	123	46	92
223	239	122	46	92
224	240	122	45	91
225	240	122	45	91
226	241	121	45	91
227	242	121	45	91
228	243	120	45	91
229	244	120	45	91
230	244	120	45	91
231	245	120	45	91
232	246	120	45	91
233	247	119	45	91
234	248	119	45	91
235	248	119	45	91
236	249	119	45	91
237	250	119	45	91
238	250	119	45	91
239	251	120	45	90
240	251	120	45	90
241	251	120	45	90
242	251	120	44	89
243	251	120	44	89
244	252	119	44	89
245	252	119	44	89
246	253	119	44	89
247	253	119	44	89
248	254	118	44	89
249	255	118	45	90
250	256	118	45	90
251	256	118	45	90
252	257	117	45	91
253	258	117	45	91
254	258	117	45	91
255	258	117	45	91
256	258	117	45	91
257	258	116	45	91
258	258	116	45	90
259	258	116	45	90
260	258	115	45	90
261	258	115	45	90
262	258	115	45	90
263	259	114	45	90
264	259	114	45	90
265	260	113	45	90
266	260	112	45	91
267	261	111	45	91
268	262	111	46	92
269	262	110	46	92
270	263	109	46	93
271	263	109	46	93
272	264	108	46	93
273	264	108	46	93
274	264	108	46	93
275	265	108	46	93
276	265	108	46	93
277	265	108	46	92
278	265	108	46	92
279	265	109	46	92
280	265	109	45	91
281	265	109	45	91
282	265	109	45	91
283	265	109	45	90
284	265	109	45	90
285	265	109	44	89
286	266	109	44	89
287	266	110	44	88
288	267	110	44	88
289	267	110	43	87
290	268	110	43	87
291	269	110	43	87
292	270	110	43	87
293	270	111	43	86
294	271	111	43	86
295	272	111	43	86
296	272	111	43	86
297	273	111	43	86
298	274	111	42	85
299	275	111	42	85
300	275	111	42	85
301	276	111	42	85
302	276	111	42	84
303	276	111	42	84
304	277	110	42	84
305	277	110	42	84
306	278	109	42	84
307	278	109	42	84
308	279	108	42	85
309	279	107	42	85
310	280	107	42	85
311	280	106	42	85
312	281	106	42	85
313	281	105	42	85
314	282	105	43	86
315	282	104	43	86
316	283	104	43	86
317	283	104	43	86
318	283	104	43	86
319	283	104	43	87
320	283	104	43	87
321	283	104	43	87
322	283	104	43	87
323	283	104	44	88
324	283	103	44	88
325	284	103	44	88
326	284	103	44	88
327	284	103	44	88
328	285	104	44	88
329	286	104	44	88
330	286	105	43	87
331	287	105	43	87
332	287	106	43	87
333	288	106	43	86
334	288	107	43	86
335	289	108	43	86
336	289	108	42	85
337	289	108	42	85
338	290	109	42	84
339	290	109	42	84
340	291	109	42	84
341	291	109	41	83
342	291	108	41	83
343	291	108	41	83
344	292	108	41	83
345	292	107	41	82
346	292	106	41	82
347	292	106	41	82
3D Trajetory (frame, x, z, height, pose)
125	-1.57	6.21	1.52	2.00
126	-1.62	6.29	1.53	2.00
127	-1.67	6.36	1.53	2.00
128	-1.67	6.43	1.52	2.00
129	-1.68	6.49	1.51	2.00
130	-1.68	6.52	1.51	2.00
131	-1.67	6.56	1.51	2.00
132	-1.68	6.57	1.52	2.00
133	-1.68	6.58	1.53	2.00
134	-1.69	6.63	1.53	2.00
135	-1.70	6.68	1.53	2.00
136	-1.69	6.69	1.53	2.00
137	-1.69	6.70	1.52	2.00
138	-1.69	6.71	1.51	2.00
139	-1.68	6.72	1.50	2.00
140	-1.68	6.73	1.50	2.00
141	-1.68	6.74	1.50	2.00
142	-1.67	6.75	1.51	2.00
143	-1.65	6.76	1.52	2.00
144	-1.65	6.77	1.53	2.00
145	-1.65	6.79	1.54	2.00
146	-1.64	6.80	1.53	2.00
147	-1.64	6.81	1.53	2.00
148	-1.63	6.81	1.54	2.00
149	-1.63	6.81	1.55	2.00
150	-1.62	6.83	1.56	2.00
151	-1.62	6.84	1.57	2.00
152	-1.61	6.86	1.58	2.00
153	-1.60	6.87	1.58	2.00
154	-1.59	6.88	1.58	2.00
155	-1.58	6.89	1.59	2.00
156	-1.59	6.91	1.59	2.00
157	-1.59	6.93	1.59	2.00
158	-1.59	6.95	1.61	2.00
159	-1.59	6.96	1.63	2.00
160	-1.59	6.98	1.63	2.00
161	-1.59	6.99	1.63	2.00
162	-1.59	6.99	1.64	2.00
163	-1.60	6.99	1.65	2.00
164	-1.61	7.00	1.65	2.00
165	-1.62	7.01	1.64	2.00
166	-1.62	7.02	1.65	2.00
167	-1.62	7.03	1.65	2.00
168	-1.61	7.05	1.65	2.00
169	-1.61	7.07	1.64	2.00
170	-1.61	7.10	1.65	2.00
171	-1.61	7.12	1.65	2.00
172	-1.61	7.14	1.65	2.00
173	-1.61	7.16	1.64	2.00
174	-1.61	7.17	1.64	2.00
175	-1.62	7.18	1.64	2.00
176	-1.62	7.21	1.64	2.00
177	-1.62	7.24	1.63	2.00
178	-1.62	7.27	1.62	2.00
179	-1.62	7.30	1.60	2.00
180	-1.63	7.33	1.60	2.00
181	-1.63	7.35	1.59	2.00
182	-1.63	7.37	1.61	2.00
183	-1.63	7.39	1.62	2.00
184	-1.63	7.40	1.62	2.00
185	-1.63	7.42	1.63	2.00
186	-1.63	7.44	1.62	2.00
187	-1.63	7.46	1.61	2.00
188	-1.63	7.48	1.61	2.00
189	-1.63	7.51	1.61	2.00
190	-1.63	7.53	1.61	2.00
191	-1.62	7.55	1.61	2.00
192	-1.62	7.57	1.61	2.00
193	-1.62	7.59	1.61	2.00
194	-1.63	7.60	1.60	2.00
195	-1.63	7.62	1.60	2.00
196	-1.64	7.64	1.60	2.00
197	-1.64	7.66	1.60	2.00
198	-1.64	7.68	1.60	2.00
199	-1.65	7.70	1.60	2.00
200	-1.64	7.73	1.61	2.00
201	-1.64	7.75	1.62	2.00
202	-1.64	7.79	1.60	2.00
203	-1.63	7.83	1.58	2.00
204	-1.63	7.86	1.58	2.00
205	-1.62	7.90	1.57	2.00
206	-1.63	7.93	1.57	2.00
207	-1.63	7.97	1.57	2.00
208	-1.62	7.99	1.56	2.00
209	-1.62	8.02	1.56	2.00
210	-1.62	8.06	1.55	2.00
211	-1.62	8.10	1.54	2.00
212	-1.61	8.13	1.54	2.00
213	-1.60	8.16	1.54	2.00
214	-1.60	8.22	1.52	2.00
215	-1.59	8.28	1.51	2.00
216	-1.58	8.31	1.53	2.00
217	-1.57	8.34	1.55	2.00
218	-1.56	8.38	1.55	2.00
219	-1.55	8.41	1.56	2.00
220	-1.54	8.46	1.57	2.00
221	-1.53	8.50	1.58	2.00
222	-1.52	8.54	1.59	2.00
223	-1.52	8.58	1.59	2.00
224	-1.51	8.62	1.59	2.00
225	-1.51	8.65	1.59	4.00
226	-1.50	8.69	1.58	4.00
227	-1.50	8.73	1.57	4.00
228	-1.49	8.76	1.58	4.00
229	-1.48	8.79	1.59	4.00
230	-1.47	8.82	1.61	4.00
231	-1.47	8.86	1.63	4.00
232	-1.46	8.88	1.64	4.00
233	-1.45	8.91	1.65	4.00
234	-1.45	8.94	1.65	4.00
235	-1.44	8.96	1.65	4.00
236	-1.44	8.98	1.65	4.00
237	-1.43	8.99	1.65	4.00
238	-1.44	9.03	1.65	4.00
239	-1.44	9.06	1.65	2.00
240	-1.43	9.09	1.65	2.00
241	-1.42	9.13	1.65	2.00
242	-1.42	9.15	1.65	2.00
243	-1.42	9.18	1.64	2.00
244	-1.42	9.20	1.64	2.00
245	-1.43	9.22	1.63	2.00
246	-1.42	9.23	1.65	2.00
247	-1.42	9.24	1.66	4.00
248	-1.40	9.26	1.67	4.00
249	-1.38	9.28	1.68	4.00
250	-1.37	9.30	1.69	4.00
251	-1.36	9.33	1.70	2.00
252	-1.35	9.35	1.71	2.00
253	-1.34	9.36	1.72	1.00
254	-1.33	9.39	1.72	1.00
255	-1.33	9.42	1.72	4.00
256	-1.34	9.44	1.73	4.00
257	-1.34	9.47	1.74	4.00
258	-1.33	9.50	1.73	4.00
259	-1.33	9.54	1.72	2.00
260	-1.32	9.57	1.73	2.00
261	-1.32	9.59	1.73	4.00
262	-1.31	9.62	1.73	4.00
263	-1.30	9.65	1.72	4.00
264	-1.30	9.67	1.74	4.00
265	-1.30	9.69	1.75	4.00
266	-1.29	9.70	1.77	4.00
267	-1.28	9.72	1.79	4.00
268	-1.29	9.73	1.80	4.00
269	-1.29	9.75	1.81	4.00
270	-1.28	9.77	1.83	4.00
271	-1.27	9.79	1.84	1.00
272	-1.27	9.82	1.84	1.00
273	-1.28	9.85	1.84	4.00
274	-1.28	9.87	1.84	4.00
275	-1.28	9.90	1.84	4.00
276	-1.27	9.93	1.85	4.00
277	-1.26	9.96	1.85	4.00
278	-1.27	9.99	1.85	4.00
279	-1.27	10.02	1.85	4.00
280	-1.27	10.04	1.84	4.00
281	-1.27	10.07	1.84	4.00
282	-1.27	10.09	1.84	4.00
283	-1.27	10.12	1.83	4.00
284	-1.27	10.15	1.83	4.00
285	-1.27	10.17	1.83	4.00
286	-1.27	10.20	1.82	4.00
287	-1.27	10.22	1.82	4.00
288	-1.26	10.24	1.81	4.00
289	-1.26	10.27	1.80	2.00
290	-1.27	10.29	1.79	2.00
291	-1.27	10.31	1.79	2.00
292	-1.26	10.34	1.80	2.00
293	-1.24	10.37	1.80	2.00
294	-1.23	10.40	1.81	2.00
295	-1.22	10.43	1.81	4.00
296	-1.22	10.45	1.82	4.00
297	-1.22	10.48	1.82	4.00
298	-1.22	10.51	1.81	4.00
299	-1.21	10.54	1.80	4.00
300	-1.21	10.56	1.80	4.00
301	-1.20	10.58	1.80	2.00
302	-1.19	10.60	1.80	2.00
303	-1.19	10.63	1.81	2.00
304	-1.17	10.65	1.81	2.00
305	-1.16	10.67	1.80	1.00
306	-1.16	10.70	1.81	1.00
307	-1.17	10.73	1.81	1.00
308	-1.15	10.74	1.83	1.00
309	-1.13	10.76	1.84	1.00
310	-1.13	10.77	1.85	1.00
311	-1.12	10.79	1.86	2.00
312	-1.11	10.81	1.86	2.00
313	-1.10	10.82	1.87	2.00
314	-1.10	10.85	1.87	2.00
315	-1.10	10.88	1.86	2.00
316	-1.09	10.88	1.87	2.00
317	-1.07	10.88	1.88	2.00
318	-1.08	10.89	1.89	2.00
319	-1.08	10.91	1.91	4.00
320	-1.09	10.92	1.91	4.00
321	-1.09	10.94	1.92	1.00
322	-1.09	10.92	1.93	1.00
323	-1.09	10.91	1.93	1.00
324	-1.07	10.92	1.93	1.00
325	-1.06	10.94	1.92	2.00
326	-1.05	10.95	1.93	2.00
327	-1.04	10.96	1.93	4.00
328	-1.03	10.97	1.94	4.00
329	-1.02	10.99	1.95	1.00
330	-1.02	11.01	1.95	1.00
331	-1.01	11.02	1.95	1.00
332	-1.00	11.05	1.93	1.00
333	-0.99	11.07	1.91	1.00
334	-0.99	11.08	1.90	1.00
335	-0.99	11.09	1.90	1.00
336	-0.98	11.10	1.90	1.00
337	-0.98	11.11	1.90	1.00
338	-0.97	11.12	1.89	1.00
339	-0.97	11.14	1.89	1.00
340	-0.97	11.15	1.89	1.00
341	-0.96	11.17	1.89	1.00
342	-0.95	11.18	1.88	1.00
343	-0.95	11.20	1.87	2.00
344	-0.95	11.22	1.86	2.00
345	-0.95	11.23	1.86	2.00
346	-0.95	11.25	1.86	2.00
347	-0.95	11.27	1.85	2.00
Target 11 (frames from 137 to 171)
Bounding Boxes (frame, x, y, width, height)
137	153	131	46	93
138	154	130	47	94
139	155	129	47	95
140	156	128	48	96
141	157	127	48	97
142	158	126	48	97
143	159	126	49	98
144	161	125	49	98
145	162	125	49	99
146	163	124	49	99
147	164	124	50	100
148	165	123	50	100
149	166	123	50	100
150	167	123	50	100
151	169	123	50	100
152	170	123	49	99
153	171	124	49	98
154	172	124	49	98
155	173	125	49	98
156	174	125	48	97
157	175	125	48	97
158	176	125	48	97
159	176	124	48	97
160	177	124	48	97
161	177	124	48	97
162	178	124	48	97
163	179	124	48	97
164	180	124	48	97
165	180	124	48	96
166	181	124	48	96
167	182	124	48	96
168	183	124	48	96
169	184	124	48	96
170	185	124	48	96
171	186	124	47	95
3D Trajetory (frame, x, z, height, pose)
137	-2.73	7.93	1.51	2.00
138	-2.71	7.93	1.50	2.00
139	-2.69	7.94	1.48	4.00
140	-2.66	7.91	1.49	4.00
141	-2.63	7.88	1.50	4.00
142	-2.60	7.87	1.52	4.00
143	-2.57	7.86	1.53	4.00
144	-2.55	7.86	1.55	4.00
145	-2.53	7.86	1.57	4.00
146	-2.52	7.87	1.58	4.00
147	-2.51	7.88	1.58	2.00
148	-2.49	7.87	1.57	2.00
149	-2.47	7.86	1.57	2.00
150	-2.45	7.87	1.56	2.00
151	-2.44	7.88	1.55	2.00
152	-2.42	7.89	1.56	2.00
153	-2.41	7.90	1.57	4.00
154	-2.39	7.91	1.56	4.00
155	-2.37	7.91	1.55	4.00
156	-2.37	7.93	1.54	4.00
157	-2.36	7.95	1.54	4.00
158	-2.36	7.97	1.53	4.00
159	-2.35	7.98	1.52	4.00
160	-2.34	7.99	1.54	4.00
161	-2.34	8.01	1.55	4.00
162	-2.32	8.02	1.55	4.00
163	-2.31	8.03	1.55	4.00
164	-2.30	8.04	1.56	4.00
165	-2.29	8.05	1.57	4.00
166	-2.28	8.06	1.56	4.00
167	-2.26	8.07	1.56	4.00
168	-2.25	8.09	1.55	4.00
169	-2.24	8.10	1.55	2.00
170	-2.23	8.12	1.54	2.00
171	-2.23	8.13	1.53	4.00
Target 12 (frames from 149 to 197)
Bounding Boxes (frame, x, y, width, height)
149	323	125	41	82
150	323	124	41	83
151	322	124	41	83
152	322	124	42	84
153	322	123	42	84
154	321	123	42	85
155	321	123	42	85
156	320	123	42	85
157	320	122	43	86
158	319	122	43	86
159	319	121	43	87
160	318	120	43	87
161	317	120	44	88
162	317	120	44	88
163	316	120	44	88
164	315	119	44	88
165	315	119	44	88
166	315	119	44	88
167	315	120	44	88
168	315	120	44	88
169	316	120	43	87
170	316	120	43	87
171	317	120	43	87
172	318	120	43	87
173	319	120	43	87
174	319	120	43	87
175	320	120	43	87
176	320	120	43	87
177	321	119	44	88
178	321	119	44	88
179	321	119	44	88
180	321	119	44	88
181	321	118	44	89
182	321	118	44	89
183	321	118	44	89
184	321	118	44	89
185	321	117	44	89
186	321	117	45	90
187	320	117	45	90
188	321	117	45	90
189	321	117	45	90
190	321	117	45	90
191	322	116	45	91
192	322	116	45	91
193	323	116	45	91
194	324	116	46	92
195	325	116	46	92
196	325	116	46	92
197	326	115	46	93
3D Trajetory (frame, x, z, height, pose)
149	-0.10	9.41	1.57	2.00
150	-0.11	9.34	1.56	2.00
151	-0.12	9.26	1.56	2.00
152	-0.12	9.26	1.56	2.00
153	-0.12	9.25	1.56	2.00
154	-0.13	9.26	1.56	2.00
155	-0.14	9.26	1.56	2.00
156	-0.14	9.25	1.57	2.00
157	-0.13	9.23	1.58	2.00
158	-0.13	9.23	1.60	2.00
159	-0.13	9.22	1.61	2.00
160	-0.14	9.22	1.62	2.00
161	-0.16	9.21	1.63	2.00
162	-0.17	9.22	1.64	2.00
163	-0.18	9.23	1.65	2.00
164	-0.19	9.24	1.65	2.00
165	-0.19	9.24	1.65	2.00
166	-0.20	9.25	1.64	2.00
167	-0.20	9.25	1.64	2.00
168	-0.19	9.24	1.63	2.00
169	-0.18	9.24	1.61	2.00
170	-0.17	9.23	1.61	2.00
171	-0.17	9.22	1.61	2.00
172	-0.15	9.20	1.61	2.00
173	-0.14	9.19	1.61	2.00
174	-0.14	9.19	1.61	2.00
175	-0.13	9.20	1.62	2.00
176	-0.13	9.19	1.62	2.00
177	-0.12	9.19	1.62	2.00
178	-0.11	9.19	1.62	2.00
179	-0.11	9.18	1.63	2.00
180	-0.11	9.17	1.63	2.00
181	-0.11	9.16	1.64	2.00
182	-0.11	9.17	1.64	2.00
183	-0.10	9.17	1.65	2.00
184	-0.10	9.16	1.65	2.00
185	-0.09	9.16	1.65	2.00
186	-0.08	9.16	1.65	2.00
187	-0.08	9.15	1.65	2.00
188	-0.07	9.14	1.65	2.00
189	-0.07	9.12	1.65	2.00
190	-0.06	9.12	1.65	2.00
191	-0.06	9.12	1.66	2.00
192	-0.05	9.11	1.67	2.00
193	-0.04	9.09	1.68	2.00
194	-0.01	9.08	1.68	2.00
195	0.01	9.07	1.68	2.00
196	0.02	9.06	1.69	2.00
197	0.03	9.05	1.70	2.00
Target 13 (frames from 151 to 273)
Bounding Boxes (frame, x, y, width, height)
151	347	126	42	84
152	347	126	42	85
153	348	125	42	85
154	348	125	43	86
155	348	125	43	86
156	349	125	43	86
157	349	124	43	87
158	349	124	43	87
159	349	124	43	87
160	349	124	43	87
161	349	124	44	88
162	350	123	44	88
163	350	123	44	88
164	350	123	44	88
165	350	123	44	88
166	350	123	44	88
167	350	124	43	87
168	350	124	43	87
169	351	124	43	86
170	351	124	43	86
171	351	124	43	86
172	352	124	42	85
173	352	124	42	85
174	353	125	42	85
175	353	125	42	84
176	354	125	42	84
177	354	125	42	84
178	354	125	42	84
179	354	125	42	84
180	354	125	42	84
181	354	125	42	84
182	353	125	42	84
183	353	125	42	84
184	352	124	42	84
185	352	124	42	84
186	351	124	42	84
187	350	124	42	84
188	350	124	42	84
189	349	124	42	84
190	349	124	42	84
191	349	124	42	84
192	348	124	42	85
193	348	124	42	85
194	348	124	42	85
195	348	123	42	85
196	348	123	42	85
197	347	123	42	85
198	347	122	43	86
199	346	122	43	86
200	346	121	43	87
201	345	120	43	87
202	344	119	44	88
203	344	119	44	89
204	343	118	45	90
205	343	117	45	90
206	342	117	45	91
207	342	116	46	92
208	342	116	46	92
209	342	115	46	92
210	343	115	46	93
211	343	115	46	93
212	344	115	46	93
213	344	115	47	94
214	345	115	47	94
215	346	114	47	95
216	346	114	48	96
217	347	113	48	96
218	347	112	48	97
219	348	112	49	98
220	348	111	49	99
221	349	110	50	100
222	349	110	50	100
223	349	110	50	100
224	350	109	50	101
225	350	109	50	101
226	350	108	51	102
227	351	108	51	102
228	351	107	51	103
229	352	107	52	104
230	352	106	52	105
231	353	106	53	106
232	354	105	54	108
233	355	104	54	109
234	356	103	55	111
235	356	103	56	112
236	357	102	56	113
237	359	102	57	114
238	360	102	57	115
239	361	102	57	115
240	362	102	58	116
241	363	103	58	116
242	365	103	58	116
243	366	103	58	116
244	367	104	58	116
245	368	104	58	116
246	369	104	58	116
247	370	104	58	116
248	371	105	58	116
249	372	105	58	117
250	373	105	58	117
251	374	105	59	118
252	375	105	59	118
253	375	106	59	118
254	375	106	59	118
255	375	106	59	119
256	375	106	59	119
257	375	106	59	119
258	374	106	59	119
259	374	106	59	119
260	374	106	60	120
261	374	105	60	120
262	374	105	60	121
263	374	104	61	122
264	375	104	61	123
265	375	103	62	124
266	376	102	62	125
267	376	102	63	127
268	377	101	64	128
269	378	100	65	130
270	379	99	65	131
271	381	97	66	133
272	382	96	67	135
273	384	95	68	137
3D Trajetory (frame, x, z, height, pose)
151	0.36	9.04	1.54	3.00
152	0.36	8.97	1.54	3.00
153	0.36	8.90	1.54	3.00
154	0.36	8.92	1.54	3.00
155	0.37	8.94	1.54	4.00
156	0.38	8.95	1.53	4.00
157	0.38	8.96	1.53	2.00
158	0.39	8.92	1.54	2.00
159	0.39	8.88	1.56	2.00
160	0.40	8.84	1.57	2.00
161	0.42	8.80	1.58	2.00
162	0.42	8.82	1.57	2.00
163	0.43	8.84	1.56	2.00
164	0.44	8.85	1.57	2.00
165	0.45	8.85	1.58	4.00
166	0.44	8.84	1.57	4.00
167	0.44	8.84	1.57	4.00
168	0.43	8.85	1.55	4.00
169	0.43	8.86	1.54	2.00
170	0.43	8.88	1.54	2.00
171	0.44	8.89	1.53	2.00
172	0.45	8.92	1.52	2.00
173	0.46	8.95	1.51	2.00
174	0.45	8.93	1.52	2.00
175	0.45	8.92	1.53	2.00
176	0.46	8.94	1.53	2.00
177	0.47	8.96	1.52	2.00
178	0.47	8.97	1.52	2.00
179	0.47	8.98	1.52	2.00
180	0.47	8.99	1.52	2.00
181	0.47	8.99	1.51	2.00
182	0.47	8.98	1.52	2.00
183	0.47	8.97	1.54	4.00
184	0.45	8.98	1.53	4.00
185	0.44	8.99	1.52	4.00
186	0.43	8.99	1.52	4.00
187	0.43	8.99	1.52	2.00
188	0.42	9.00	1.52	2.00
189	0.42	9.00	1.53	2.00
190	0.41	9.01	1.53	2.00
191	0.40	9.01	1.53	2.00
192	0.40	9.02	1.54	2.00
193	0.40	9.03	1.54	2.00
194	0.40	9.03	1.54	2.00
195	0.40	9.03	1.55	2.00
196	0.39	9.03	1.55	2.00
197	0.39	9.03	1.56	2.00
198	0.39	9.03	1.56	2.00
199	0.39	9.03	1.57	2.00
200	0.34	9.03	1.56	2.00
201	0.29	9.02	1.55	2.00
202	0.28	9.02	1.59	2.00
203	0.28	9.02	1.64	2.00
204	0.28	9.02	1.64	2.00
205	0.28	9.02	1.65	2.00
206	0.29	9.03	1.66	2.00
207	0.30	9.04	1.68	2.00
208	0.30	9.04	1.68	2.00
209	0.30	9.04	1.69	2.00
210	0.30	9.02	1.69	2.00
211	0.30	9.01	1.69	2.00
212	0.30	9.01	1.69	2.00
213	0.30	9.01	1.69	2.00
214	0.32	8.99	1.70	2.00
215	0.33	8.98	1.71	2.00
216	0.36	8.97	1.73	2.00
217	0.38	8.97	1.74	4.00
218	0.39	8.96	1.76	4.00
219	0.40	8.96	1.77	4.00
220	0.41	8.96	1.79	4.00
221	0.42	8.95	1.80	4.00
222	0.43	8.94	1.81	4.00
223	0.44	8.93	1.82	4.00
224	0.44	8.91	1.82	4.00
225	0.45	8.90	1.83	2.00
226	0.45	8.88	1.83	2.00
227	0.46	8.85	1.83	2.00
228	0.48	8.84	1.82	2.00
229	0.49	8.83	1.82	2.00
230	0.50	8.78	1.83	2.00
231	0.51	8.73	1.85	2.00
232	0.52	8.66	1.87	2.00
233	0.53	8.58	1.89	2.00
234	0.54	8.52	1.91	2.00
235	0.55	8.47	1.93	2.00
236	0.57	8.39	1.94	2.00
237	0.58	8.31	1.95	2.00
238	0.61	8.26	1.95	2.00
239	0.64	8.20	1.95	2.00
240	0.65	8.18	1.92	2.00
241	0.67	8.16	1.89	2.00
242	0.68	8.14	1.87	2.00
243	0.70	8.11	1.85	2.00
244	0.72	8.07	1.86	2.00
245	0.74	8.03	1.87	2.00
246	0.75	7.99	1.87	2.00
247	0.77	7.96	1.87	2.00
248	0.78	7.92	1.87	2.00
249	0.79	7.88	1.87	2.00
250	0.80	7.85	1.86	2.00
251	0.80	7.81	1.86	2.00
252	0.81	7.79	1.85	2.00
253	0.82	7.76	1.85	2.00
254	0.82	7.75	1.85	2.00
255	0.83	7.74	1.85	2.00
256	0.83	7.71	1.84	2.00
257	0.83	7.67	1.83	2.00
258	0.82	7.62	1.83	2.00
259	0.81	7.58	1.83	2.00
260	0.81	7.54	1.82	2.00
261	0.81	7.50	1.82	2.00
262	0.82	7.47	1.82	2.00
263	0.83	7.43	1.82	2.00
264	0.84	7.41	1.83	2.00
265	0.84	7.38	1.84	2.00
266	0.85	7.32	1.85	2.00
267	0.85	7.26	1.86	2.00
268	0.86	7.21	1.87	2.00
269	0.87	7.15	1.89	2.00
270	0.87	7.10	1.88	2.00
271	0.87	7.05	1.88	2.00
272	0.89	7.00	1.90	2.00
273	0.90	6.95	1.91	2.00
Target 14 (frames from 183 to 211)
Bounding Boxes (frame, x, y, width, height)
183	382	115	43	87
184	382	115	44	88
185	381	114	44	88
186	381	114	44	89
187	380	114	45	90
188	380	113	45	91
189	380	113	45	91
190	379	113	46	92
191	379	113	46	92
192	379	113	46	92
193	379	113	46	92
194	379	113	46	92
195	380	113	46	92
196	380	113	46	92
197	380	113	46	92
198	380	113	46	92
199	380	113	46	92
200	380	113	46	92
201	380	113	45	91
202	380	114	45	91
203	380	114	45	91
204	380	114	45	91
205	380	114	45	91
206	380	114	45	90
207	380	115	45	90
208	380	115	45	90
209	379	115	45	90
210	379	115	45	90
211	379	116	45	90
3D Trajetory (frame, x, z, height, pose)
183	1.07	9.75	1.69	4.00
184	1.07	9.68	1.70	4.00
185	1.06	9.61	1.71	4.00
186	1.05	9.51	1.72	4.00
187	1.04	9.40	1.73	4.00
188	1.05	9.40	1.73	4.00
189	1.05	9.39	1.73	4.00
190	1.04	9.38	1.73	4.00
191	1.04	9.37	1.73	4.00
192	1.04	9.38	1.74	4.00
193	1.03	9.38	1.74	4.00
194	1.03	9.38	1.74	4.00
195	1.03	9.37	1.75	4.00
196	1.03	9.36	1.75	4.00
197	1.03	9.36	1.75	4.00
198	1.03	9.36	1.74	4.00
199	1.03	9.36	1.73	4.00
200	1.03	9.36	1.73	4.00
201	1.03	9.36	1.72	4.00
202	1.02	9.36	1.72	4.00
203	1.00	9.35	1.71	4.00
204	1.00	9.35	1.71	4.00
205	0.99	9.35	1.70	4.00
206	0.99	9.35	1.69	4.00
207	0.98	9.35	1.69	4.00
208	0.99	9.34	1.69	4.00
209	0.99	9.34	1.70	4.00
210	0.98	9.34	1.70	4.00
211	0.98	9.34	1.70	4.00
